0.000000
0.000000
0.000000
0.000000
0.000000
0.000000
0.000000
0.000000
0.000000
0.000000
0.000000
0.000000
0.000000
0.000000
0.000000
0.000000
0.000000
0.000000
0.000000
0.000000
0.000000
0.000000
0.000000
0.000000
0.000000
0.000000
0.000000
0.000000
1483575.000000
58273.000000
47337.000000
54187.000000
115480.000000
231609.000000
249408.000000
320587.000000
69170.000000
177996.000000
92948.000000
73416.000000
121844.000000
89408.000000
144481.000000
27542.000000
82161.000000
101008.000000
123032.000000
215478.000000
105972.000000
50800.000000
242266.000000
98009.000000
98105.000000
227313.000000
109583.000000
303925.000000
68159.000000
160113.000000
41227.000000
70377.000000
27831.000000
190304.000000
45488.000000
118255.000000
216278.000000
285080.000000
239855.000000
101439.000000
20053.000000
248236.000000
181660.000000
246741.000000
28669.000000
27167.000000
238964.000000
33667.000000
54435.000000
167359.000000
29141.000000
268906.000000
50019.000000
133769.000000
327684.000000
246041.000000
101249.000000
60081.000000
295933.000000
280808.000000
233304.000000
99696.000000
162905.000000
127323.000000
244239.000000
297004.000000
33164.000000
216609.000000
40328.000000
141125.000000
114784.000000
49911.000000
11865.000000
16257.000000
74942.000000
90748.000000
76077.000000
244956.000000
36862.000000
83513.000000
112539.000000
297234.000000
272025.000000
23825.000000
36689.000000
129954.000000
33462.000000
129964.000000
13504.000000
