0.000000
0.000000
0.000000
0.000000
0.000000
0.000000
0.000000
0.000000
0.000000
0.000000
0.000000
0.000000
0.000000
0.000000
0.000000
0.000000
0.000000
0.000000
0.000000
0.000000
0.000000
0.000000
0.000000
0.000000
0.000000
0.000000
0.000000
0.000000
0.000000
0.000000
0.000000
0.000000
0.000000
0.000000
0.000000
0.000000
0.000000
0.000000
0.000000
0.000000
0.000000
0.000000
0.000000
0.000000
418685.000000
68926.000000
77266.000000
85251.000000
74786.000000
56263.000000
93699.000000
68462.000000
86325.000000
95978.000000
82897.000000
89972.000000
66163.000000
87732.000000
34286.000000
60240.000000
28951.000000
79193.000000
39278.000000
83047.000000
79857.000000
85202.000000
98304.000000
69983.000000
22462.000000
82316.000000
78687.000000
90272.000000
31465.000000
27024.000000
97192.000000
28747.000000
46396.000000
77405.000000
25173.000000
94480.000000
42273.000000
90330.000000
93042.000000
94799.000000
60540.000000
29522.000000
95400.000000
85528.000000
90681.000000
75456.000000
89157.000000
83229.000000
77136.000000
88521.000000
29382.000000
87838.000000
49228.000000
80054.000000
59116.000000
35385.000000
9768.000000
24845.000000
55693.000000
32052.000000
54687.000000
87541.000000
37517.000000
52827.000000
84198.000000
79984.000000
69703.000000
19588.000000
39086.000000
81210.000000
44322.000000
31192.000000
10159.000000
