0.000000
0.000000
0.000000
0.000000
0.000000
0.000000
0.000000
0.000000
0.000000
0.000000
0.000000
0.000000
0.000000
0.000000
0.000000
0.000000
0.000000
0.000000
0.000000
0.000000
0.000000
0.000000
0.000000
0.000000
0.000000
0.000000
0.000000
0.000000
0.000000
0.000000
0.000000
0.000000
0.000000
0.000000
0.000000
0.000000
0.000000
0.000000
0.000000
0.000000
0.000000
0.000000
0.000000
0.000000
0.000000
0.000000
0.000000
0.000000
0.000000
0.000000
0.000000
0.000000
0.000000
0.000000
0.000000
0.000000
413610.000000
78613.000000
45375.000000
61275.000000
25932.000000
66405.000000
39865.000000
82577.000000
69576.000000
84028.000000
91431.000000
67136.000000
23444.000000
75021.000000
82172.000000
86256.000000
26508.000000
28024.000000
87034.000000
29211.000000
52616.000000
86831.000000
26922.000000
75032.000000
55894.000000
95166.000000
96079.000000
97200.000000
57057.000000
26254.000000
75629.000000
79276.000000
89472.000000
68273.000000
77238.000000
76372.000000
80366.000000
88702.000000
32582.000000
73443.000000
38068.000000
78242.000000
49881.000000
37858.000000
12710.000000
21938.000000
48642.000000
36405.000000
59918.000000
79039.000000
30872.000000
53643.000000
73682.000000
88664.000000
78106.000000
22840.000000
36667.000000
90854.000000
35820.000000
61178.000000
9609.000000
