0.000000
0.000000
0.000000
0.000000
0.000000
0.000000
0.000000
0.000000
0.000000
0.000000
0.000000
0.000000
0.000000
0.000000
0.000000
0.000000
0.000000
0.000000
0.000000
0.000000
0.000000
0.000000
0.000000
0.000000
0.000000
0.000000
0.000000
0.000000
0.000000
0.000000
0.000000
0.000000
0.000000
0.000000
0.000000
0.000000
0.000000
0.000000
0.000000
0.000000
0.000000
0.000000
0.000000
0.000000
0.000000
0.000000
0.000000
0.000000
0.000000
0.000000
0.000000
0.000000
0.000000
0.000000
0.000000
0.000000
0.000000
996873.000000
46638.000000
76174.000000
40718.000000
156627.000000
45256.000000
155753.000000
162551.000000
224029.000000
207844.000000
101879.000000
25405.000000
150015.000000
837820.000000
175479.000000
35207.000000
19128.000000
214082.000000
31958.000000
50234.000000
169090.000000
27034.000000
205778.000000
45355.000000
141314.000000
215828.000000
191381.000000
94600.000000
64447.000000
198883.000000
186679.000000
198001.000000
92883.000000
159770.000000
112348.000000
206130.000000
186296.000000
33267.000000
209752.000000
47249.000000
153782.000000
127334.000000
33523.000000
9224.000000
20646.000000
75057.000000
62899.000000
96673.000000
197649.000000
31859.000000
66726.000000
106451.000000
189712.000000
154839.000000
36633.000000
33970.000000
127631.000000
36979.000000
111176.000000
13968.000000
