0.000000
0.000000
0.000000
0.000000
0.000000
0.000000
0.000000
0.000000
0.000000
0.000000
0.000000
0.000000
0.000000
0.000000
0.000000
0.000000
0.000000
0.000000
0.000000
0.000000
0.000000
0.000000
0.000000
0.000000
0.000000
0.000000
0.000000
0.000000
0.000000
0.000000
0.000000
0.000000
0.000000
0.000000
0.000000
0.000000
0.000000
0.000000
0.000000
0.000000
0.000000
0.000000
0.000000
0.000000
0.000000
0.000000
0.000000
0.000000
0.000000
0.000000
0.000000
0.000000
0.000000
0.000000
0.000000
0.000000
0.000000
0.000000
0.000000
0.000000
172869.000000
19726.000000
20068.000000
36017.000000
41884.000000
35110.000000
31542.000000
34428.000000
14136.000000
35703.000000
40346.000000
23957.000000
22558.000000
27907.000000
44931.000000
21340.000000
28774.000000
44155.000000
23119.000000
34968.000000
22212.000000
38599.000000
33562.000000
31822.000000
23498.000000
33731.000000
37224.000000
35186.000000
26495.000000
29562.000000
57797.000000
28196.000000
29909.000000
30218.000000
31281.000000
46638.000000
32683.000000
41070.000000
36139.000000
18213.000000
12165.000000
21936.000000
30826.000000
57907.000000
34869.000000
29984.000000
22741.000000
29604.000000
25543.000000
36462.000000
44160.000000
28643.000000
25033.000000
37724.000000
15579.000000
22686.000000
10053.000000
