0.000000
0.000000
0.000000
0.000000
0.000000
0.000000
0.000000
0.000000
0.000000
0.000000
0.000000
0.000000
0.000000
0.000000
0.000000
0.000000
0.000000
0.000000
0.000000
0.000000
0.000000
0.000000
0.000000
0.000000
0.000000
0.000000
0.000000
0.000000
0.000000
0.000000
0.000000
0.000000
0.000000
0.000000
0.000000
0.000000
0.000000
0.000000
0.000000
0.000000
0.000000
0.000000
0.000000
0.000000
0.000000
0.000000
0.000000
0.000000
0.000000
0.000000
0.000000
0.000000
0.000000
0.000000
0.000000
0.000000
0.000000
0.000000
0.000000
0.000000
0.000000
0.000000
0.000000
0.000000
0.000000
0.000000
0.000000
0.000000
0.000000
0.000000
0.000000
0.000000
0.000000
0.000000
0.000000
167065.000000
27509.000000
33820.000000
19752.000000
39989.000000
30291.000000
32582.000000
39306.000000
33560.000000
30725.000000
24134.000000
40735.000000
31100.000000
34032.000000
36462.000000
31932.000000
31399.000000
38281.000000
36941.000000
26835.000000
39577.000000
32499.000000
34547.000000
36419.000000
31068.000000
9916.000000
18162.000000
29386.000000
25230.000000
33429.000000
31516.000000
24056.000000
31555.000000
34326.000000
41438.000000
36744.000000
22283.000000
25531.000000
37543.000000
26921.000000
21456.000000
10650.000000
