0.000000
0.000000
0.000000
0.000000
0.000000
0.000000
0.000000
0.000000
0.000000
0.000000
0.000000
0.000000
0.000000
0.000000
0.000000
0.000000
0.000000
0.000000
0.000000
0.000000
0.000000
0.000000
0.000000
0.000000
19658.000000
4389.000000
2944.000000
5025.000000
5545.000000
3891.000000
3956.000000
4898.000000
6062.000000
5778.000000
5478.000000
4734.000000
4718.000000
4445.000000
5631.000000
3709.000000
4904.000000
2846.000000
4006.000000
4332.000000
4434.000000
5543.000000
6431.000000
3646.000000
4810.000000
6219.000000
3836.000000
4707.000000
4389.000000
5508.000000
5710.000000
7119.000000
4032.000000
5432.000000
5159.000000
4186.000000
2656.000000
3601.000000
3009.000000
4052.000000
4069.000000
5716.000000
5838.000000
4829.000000
3471.000000
3679.000000
3771.000000
4825.000000
3112.000000
5022.000000
