0.000000
0.000000
0.000000
0.000000
0.000000
0.000000
0.000000
0.000000
0.000000
0.000000
0.000000
0.000000
0.000000
0.000000
0.000000
0.000000
0.000000
0.000000
0.000000
0.000000
0.000000
0.000000
0.000000
0.000000
0.000000
0.000000
0.000000
0.000000
0.000000
0.000000
0.000000
0.000000
1003754.000000
141606.000000
206581.000000
111341.000000
174190.000000
85858.000000
58050.000000
45638.000000
90726.000000
127352.000000
15394.000000
169707.000000
24074.000000
190084.000000
58957.000000
57825.000000
92305.000000
65712.000000
180741.000000
204176.000000
53884.000000
115293.000000
58541.000000
191616.000000
70688.000000
207648.000000
96844.000000
48273.000000
19932.000000
15657.000000
44062.000000
158202.000000
9337.000000
181636.000000
164017.000000
85290.000000
95358.000000
179625.000000
10607.000000
158047.000000
56826.000000
163520.000000
