0.000000
0.000000
0.000000
0.000000
0.000000
0.000000
0.000000
0.000000
0.000000
0.000000
0.000000
0.000000
0.000000
0.000000
0.000000
0.000000
0.000000
0.000000
0.000000
0.000000
0.000000
0.000000
0.000000
0.000000
0.000000
0.000000
0.000000
0.000000
0.000000
0.000000
0.000000
0.000000
0.000000
0.000000
0.000000
0.000000
0.000000
0.000000
0.000000
0.000000
438576.000000
81224.000000
15399.000000
70095.000000
26342.000000
78775.000000
68865.000000
52799.000000
49509.000000
56972.000000
71324.000000
78333.000000
46239.000000
72296.000000
55219.000000
88332.000000
49305.000000
83737.000000
80972.000000
43976.000000
18608.000000
14908.000000
50255.000000
62038.000000
13803.000000
86123.000000
77587.000000
75764.000000
64265.000000
58533.000000
8372.000000
66521.000000
39125.000000
66173.000000
