0.000000
0.000000
0.000000
0.000000
0.000000
0.000000
0.000000
0.000000
0.000000
0.000000
0.000000
0.000000
0.000000
0.000000
0.000000
0.000000
0.000000
0.000000
0.000000
0.000000
0.000000
0.000000
0.000000
0.000000
0.000000
0.000000
0.000000
0.000000
0.000000
0.000000
10088688.000000
61354.000000
53726.000000
100636.000000
45364.000000
21805.000000
189467.000000
111314.000000
73915.000000
163801.000000
299076.000000
148012.000000
8165.000000
158871.000000
48651.000000
233874.000000
42245.000000
131979.000000
192641.000000
87661.000000
1258662.000000
1123955.000000
163392.000000
61351.000000
1909396.000000
74484.000000
101902.000000
15117.000000
13337.000000
44934.000000
36169.000000
175758.000000
1189025.000000
6862.000000
10227.000000
50293.000000
73756.000000
