0.000000
0.000000
0.000000
0.000000
0.000000
0.000000
0.000000
0.000000
0.000000
0.000000
0.000000
0.000000
0.000000
0.000000
0.000000
0.000000
0.000000
0.000000
0.000000
0.000000
0.000000
0.000000
0.000000
0.000000
0.000000
0.000000
0.000000
0.000000
0.000000
0.000000
0.000000
0.000000
0.000000
0.000000
0.000000
0.000000
0.000000
0.000000
0.000000
0.000000
0.000000
657077.000000
8994.000000
315140.000000
14648.000000
133188.000000
15887.000000
69042.000000
129884.000000
76136.000000
161516.000000
133446.000000
124558.000000
62710.000000
133140.000000
50973.000000
61887.000000
9790.000000
10666.000000
30456.000000
28865.000000
100640.000000
127999.000000
4297.000000
8072.000000
50322.000000
68251.000000
