0.000000
0.000000
0.000000
0.000000
0.000000
0.000000
0.000000
0.000000
0.000000
5779800.000000
2983779.000000
3272746.000000
2905016.000000
3208290.000000
479445.000000
3009740.000000
3519456.000000
2964283.000000
968314.000000
217122.000000
3721679.000000
3106148.000000
1047999.000000
2314125.000000
1484378.000000
2928026.000000
3697179.000000
2813787.000000
2242367.000000
1173337.000000
2883035.000000
3744603.000000
3199723.000000
2210122.000000
148552.000000
3325564.000000
103141.000000
1944161.000000
3695836.000000
3047892.000000
1568996.000000
3280026.000000
3613871.000000
3463783.000000
2660033.000000
3725461.000000
353465.000000
565145.000000
2388317.000000
250020.000000
3395141.000000
3577152.000000
3215555.000000
3539284.000000
2654324.000000
1146446.000000
467108.000000
3432818.000000
2124834.000000
3070130.000000
551920.000000
2568054.000000
805659.000000
1509156.000000
2019172.000000
2763651.000000
2237371.000000
3117638.000000
706006.000000
2302253.000000
143204.000000
3647086.000000
2546024.000000
3826599.000000
1083344.000000
2510345.000000
2030930.000000
101001.000000
1671387.000000
3261046.000000
393425.000000
1423440.000000
2524064.000000
3147876.000000
3115697.000000
1131303.000000
2251253.000000
102547.000000
3575729.000000
2159684.000000
3221966.000000
3537156.000000
3654489.000000
2949009.000000
3632486.000000
3581455.000000
2686798.000000
1345992.000000
215705.000000
3908733.000000
392325.000000
3175504.000000
3395726.000000
2661790.000000
3393199.000000
1579174.000000
2855524.000000
3191824.000000
3611112.000000
2882044.000000
2494121.000000
1756746.000000
3688880.000000
2702014.000000
2449957.000000
3247786.000000
2896632.000000
1139106.000000
1427324.000000
2147081.000000
3207236.000000
2283325.000000
1967476.000000
3252131.000000
694890.000000
1639506.000000
1428000.000000
3182183.000000
3782803.000000
942395.000000
3276816.000000
1870229.000000
2106179.000000
3595718.000000
1443658.000000
1850216.000000
1633167.000000
27376.000000
1613487.000000
377653.000000
2933804.000000
3675387.000000
3619094.000000
2861904.000000
1187997.000000
3720728.000000
475320.000000
799493.000000
3928683.000000
168456.000000
3884883.000000
1628899.000000
533532.000000
669174.000000
3342839.000000
504865.000000
2499909.000000
1043320.000000
2082376.000000
3258405.000000
180510.000000
3666618.000000
3159921.000000
115956.000000
36426.000000
3575406.000000
2854086.000000
1148303.000000
3755221.000000
476861.000000
3327981.000000
1845397.000000
3160939.000000
3204657.000000
2797437.000000
2324060.000000
3437257.000000
559955.000000
2216069.000000
2160246.000000
3132204.000000
3419076.000000
91492.000000
3683907.000000
3448902.000000
2840497.000000
3589793.000000
201114.000000
3952233.000000
887830.000000
3160651.000000
295540.000000
3612124.000000
1072983.000000
1815511.000000
793770.000000
374291.000000
389382.000000
2797849.000000
3478023.000000
677592.000000
724220.000000
3541603.000000
74492.000000
3119377.000000
2397920.000000
1919603.000000
3572067.000000
3470898.000000
3522494.000000
3431914.000000
3127234.000000
89736.000000
3367017.000000
3625107.000000
2518633.000000
134024.000000
1704843.000000
3416506.000000
3811477.000000
3194021.000000
2984721.000000
2712969.000000
1475038.000000
1524104.000000
3651162.000000
1585533.000000
1724077.000000
1573168.000000
3340924.000000
2019683.000000
2474727.000000
2639949.000000
2122513.000000
3619589.000000
1284728.000000
1803213.000000
2468563.000000
86810.000000
1178265.000000
3308544.000000
2683418.000000
3527724.000000
3372108.000000
2512607.000000
2904241.000000
1907808.000000
3749303.000000
1981882.000000
2577380.000000
3390255.000000
1296780.000000
330492.000000
268689.000000
1660746.000000
247236.000000
3162014.000000
3924527.000000
3555927.000000
3644020.000000
1353580.000000
2146303.000000
2919675.000000
2295084.000000
872845.000000
118260.000000
423815.000000
1025763.000000
1890846.000000
1854534.000000
2477430.000000
3184224.000000
327081.000000
2741050.000000
3649359.000000
548851.000000
3387365.000000
1153732.000000
2092700.000000
2154483.000000
2708998.000000
3228121.000000
665078.000000
408706.000000
1204194.000000
2190059.000000
152085.000000
2143312.000000
3425829.000000
2548655.000000
2271447.000000
844449.000000
2824452.000000
95155.000000
2912685.000000
9573.000000
3188319.000000
3062657.000000
3645555.000000
3311362.000000
646639.000000
2382580.000000
4166114.000000
2980708.000000
3648399.000000
3395835.000000
2085684.000000
617824.000000
2693882.000000
3055018.000000
3601026.000000
3673319.000000
3120728.000000
2975977.000000
295893.000000
3240306.000000
2347372.000000
284564.000000
3318374.000000
1558490.000000
3181875.000000
3637301.000000
1156215.000000
116769.000000
3423826.000000
3047133.000000
3214600.000000
3091549.000000
2995146.000000
1668711.000000
1149299.000000
3909995.000000
1210101.000000
2197293.000000
3228821.000000
2568437.000000
663586.000000
869965.000000
3444267.000000
2458621.000000
3454612.000000
1555365.000000
944691.000000
3469993.000000
3186765.000000
4002429.000000
2663838.000000
2754356.000000
3595851.000000
2795711.000000
3672628.000000
3110977.000000
3365981.000000
3171541.000000
3497225.000000
2925113.000000
3615632.000000
3622492.000000
592283.000000
2175568.000000
1291915.000000
2637617.000000
1722522.000000
3400273.000000
3375633.000000
4072905.000000
1086377.000000
2274364.000000
3892283.000000
649346.000000
2069585.000000
3759460.000000
2689824.000000
1024496.000000
2339912.000000
1045551.000000
2203357.000000
1192155.000000
589941.000000
2771038.000000
3363506.000000
3276690.000000
2705842.000000
2778100.000000
1637821.000000
2426543.000000
1398072.000000
3218863.000000
1536980.000000
2320310.000000
2524133.000000
2537988.000000
1229966.000000
559408.000000
3107885.000000
545728.000000
3630603.000000
856905.000000
1769242.000000
2299011.000000
3537120.000000
3581228.000000
938326.000000
3000383.000000
765451.000000
2476542.000000
1040973.000000
2069549.000000
1388258.000000
3248336.000000
2693654.000000
3211556.000000
2328118.000000
3510939.000000
269306.000000
2960486.000000
3548153.000000
3205271.000000
1865017.000000
3654578.000000
2716282.000000
3462029.000000
4689932.000000
1740536.000000
3616353.000000
3552453.000000
3719522.000000
3712931.000000
1015899.000000
2747468.000000
3429992.000000
3314732.000000
3212113.000000
2467095.000000
3239397.000000
279666.000000
236075.000000
1240275.000000
3265812.000000
2927815.000000
1726266.000000
3111229.000000
3675415.000000
3275167.000000
2653371.000000
2269158.000000
3546841.000000
2862209.000000
3484825.000000
2529868.000000
3384067.000000
3370074.000000
3193038.000000
518149.000000
265821.000000
3756088.000000
3198730.000000
1894525.000000
3401077.000000
2348112.000000
2726096.000000
244653.000000
3267395.000000
1068802.000000
3496620.000000
1807761.000000
655178.000000
871881.000000
3438286.000000
2017884.000000
3341834.000000
2868200.000000
3009002.000000
2936615.000000
339076.000000
2618297.000000
2413218.000000
2993315.000000
87782.000000
2884592.000000
3601037.000000
150931.000000
3522519.000000
3542594.000000
3182034.000000
118100.000000
1986505.000000
1785547.000000
3665923.000000
3896784.000000
2855970.000000
124486.000000
2130412.000000
3621495.000000
839438.000000
1443926.000000
3470151.000000
1854235.000000
79245.000000
3154475.000000
3601584.000000
1802753.000000
2359643.000000
2946850.000000
428507.000000
403900.000000
2535799.000000
2928145.000000
890447.000000
4000515.000000
1382139.000000
3539281.000000
91441.000000
440149.000000
3292618.000000
1150234.000000
1647329.000000
2224382.000000
2842090.000000
3451351.000000
3166641.000000
2763063.000000
424499.000000
387889.000000
2717018.000000
3106604.000000
3288599.000000
2735445.000000
3392777.000000
2997596.000000
3004078.000000
3185279.000000
3055575.000000
1244525.000000
3397429.000000
3981380.000000
2107162.000000
521032.000000
632970.000000
2337242.000000
2472064.000000
296998.000000
3295003.000000
3596856.000000
2705507.000000
2813639.000000
3127395.000000
242945.000000
2639736.000000
3506911.000000
3404454.000000
3294157.000000
3086411.000000
3070761.000000
3279596.000000
3390223.000000
391201.000000
2389544.000000
3321214.000000
481891.000000
393140.000000
2867588.000000
2072689.000000
3626396.000000
1414206.000000
3518300.000000
333014.000000
3396883.000000
3239212.000000
1068718.000000
244963.000000
106211.000000
3263500.000000
3181866.000000
1245003.000000
1920962.000000
3262920.000000
3720396.000000
3555325.000000
3178750.000000
2722061.000000
1889946.000000
3837078.000000
685858.000000
1699479.000000
3163961.000000
3348645.000000
3251626.000000
4015630.000000
3185928.000000
2641966.000000
2909252.000000
727920.000000
1235819.000000
2518938.000000
1164575.000000
3886496.000000
1568806.000000
1771194.000000
2941668.000000
2253363.000000
377724.000000
1383742.000000
2543879.000000
3872300.000000
3780242.000000
3360024.000000
2151956.000000
3011383.000000
2976856.000000
327385.000000
1876392.000000
2288650.000000
2253101.000000
2976796.000000
727755.000000
3030296.000000
3067399.000000
1143155.000000
3174511.000000
3361454.000000
1373745.000000
1050701.000000
552117.000000
1591988.000000
3147453.000000
3557852.000000
2698592.000000
1618699.000000
1756690.000000
2329676.000000
1677659.000000
2761783.000000
3537764.000000
750109.000000
1398016.000000
3397708.000000
2425388.000000
2452076.000000
2866866.000000
3171224.000000
1576032.000000
1122754.000000
116331.000000
2752215.000000
1380478.000000
2248573.000000
644648.000000
3207459.000000
2767100.000000
3150719.000000
3697193.000000
1281671.000000
3386035.000000
2824185.000000
99850.000000
2242389.000000
2797361.000000
1381638.000000
2768003.000000
2897217.000000
1520881.000000
3490270.000000
82911.000000
2760033.000000
1972832.000000
1932995.000000
3730560.000000
481619.000000
2803495.000000
3093999.000000
3819591.000000
1848568.000000
3535149.000000
2870324.000000
3626993.000000
1515758.000000
1639932.000000
2702965.000000
3156317.000000
3090506.000000
3974488.000000
1078299.000000
2123560.000000
3692520.000000
988027.000000
2866372.000000
120191.000000
2205299.000000
3280954.000000
326235.000000
2641006.000000
2200465.000000
3036523.000000
2888424.000000
3789789.000000
3038802.000000
2286801.000000
934822.000000
3291386.000000
374160.000000
133165.000000
3295552.000000
1915188.000000
974192.000000
2608134.000000
3070600.000000
2577236.000000
3906218.000000
2151907.000000
3814319.000000
666089.000000
2545043.000000
3858852.000000
573646.000000
3632580.000000
3840726.000000
167009.000000
3242204.000000
1997256.000000
2228470.000000
3625657.000000
2120090.000000
1656445.000000
274568.000000
3612267.000000
103856.000000
4162393.000000
15092.000000
581502.000000
3587186.000000
2968259.000000
2787935.000000
632901.000000
3554715.000000
3724226.000000
3608785.000000
1549818.000000
393330.000000
388895.000000
981187.000000
3522059.000000
3577852.000000
1480380.000000
2893455.000000
3357836.000000
3223373.000000
1771839.000000
2970989.000000
976507.000000
393644.000000
548280.000000
2865126.000000
3608336.000000
687003.000000
3383384.000000
1025037.000000
3667994.000000
3462074.000000
2868166.000000
3752995.000000
244432.000000
3447805.000000
1509133.000000
3247192.000000
1140074.000000
231532.000000
1463044.000000
2643876.000000
1234717.000000
2438205.000000
1430021.000000
3115142.000000
2375141.000000
1666666.000000
2495694.000000
170130.000000
3637116.000000
3256144.000000
1027622.000000
2128371.000000
3235597.000000
3131302.000000
3101540.000000
551723.000000
3223846.000000
2678593.000000
1437258.000000
2288506.000000
3611857.000000
3766707.000000
2455925.000000
3307918.000000
456534.000000
2341524.000000
3744321.000000
3020231.000000
2889579.000000
2771483.000000
3694555.000000
1905237.000000
22807.000000
3223169.000000
71774.000000
1228483.000000
3863821.000000
3514018.000000
288950.000000
357707.000000
2839736.000000
3305047.000000
7415.000000
2961021.000000
2677186.000000
1278754.000000
101851.000000
2253670.000000
3631526.000000
535655.000000
131123.000000
3618470.000000
3274176.000000
1190840.000000
1731821.000000
2785339.000000
3163312.000000
1923410.000000
2811267.000000
2957875.000000
3437469.000000
175220.000000
163322.000000
2411322.000000
2475195.000000
3814263.000000
3034464.000000
65250.000000
2555949.000000
3405347.000000
222182.000000
2973214.000000
1744826.000000
3206001.000000
2659494.000000
3736314.000000
1992417.000000
2674496.000000
1320920.000000
250078.000000
2895472.000000
3440671.000000
1640811.000000
3079230.000000
179422.000000
2630998.000000
1917629.000000
2915922.000000
395873.000000
213777.000000
2707839.000000
549624.000000
3003349.000000
1764365.000000
2948646.000000
2511256.000000
2263607.000000
1800389.000000
938688.000000
3713569.000000
3255163.000000
799998.000000
1467780.000000
3076348.000000
3305014.000000
214779.000000
728893.000000
1921136.000000
580787.000000
2481462.000000
166502.000000
52349.000000
1290249.000000
2553829.000000
2927706.000000
2651671.000000
180478.000000
2283967.000000
3340199.000000
3565421.000000
2921961.000000
2813600.000000
2596840.000000
3167780.000000
337599.000000
3790927.000000
148923.000000
3058159.000000
2732520.000000
2457080.000000
142031.000000
1919647.000000
3562805.000000
3678918.000000
3191439.000000
2499857.000000
370154.000000
2683827.000000
1326886.000000
2578857.000000
235144.000000
375241.000000
2800721.000000
3238095.000000
2980917.000000
1990524.000000
3354642.000000
3247431.000000
1249856.000000
3824789.000000
2578482.000000
174351.000000
2030477.000000
2252318.000000
1182025.000000
2458925.000000
2969278.000000
3003354.000000
2574765.000000
2820115.000000
323193.000000
79490.000000
3393018.000000
1926466.000000
3289673.000000
249302.000000
1682301.000000
197812.000000
3835080.000000
326002.000000
2179913.000000
2385601.000000
3433347.000000
1485513.000000
2438217.000000
3684614.000000
3527393.000000
2532616.000000
1593719.000000
2740954.000000
3596937.000000
2625621.000000
811185.000000
38709.000000
1812494.000000
3462319.000000
3321250.000000
1496302.000000
2565803.000000
3531159.000000
2061896.000000
3574458.000000
3423972.000000
3569265.000000
2641067.000000
3797683.000000
3175810.000000
3458365.000000
1620800.000000
2434633.000000
148977.000000
3037680.000000
1276522.000000
3395669.000000
1438153.000000
1647580.000000
3397456.000000
74483.000000
3076376.000000
3330071.000000
1260533.000000
2392111.000000
3654766.000000
1577526.000000
3426607.000000
1075090.000000
1137472.000000
2918800.000000
2073875.000000
3300755.000000
129473.000000
3215523.000000
2857236.000000
2404448.000000
1463136.000000
898066.000000
2312270.000000
3074195.000000
1957246.000000
1002267.000000
3298724.000000
2231562.000000
3431437.000000
2308035.000000
3758428.000000
2673957.000000
3051393.000000
1159931.000000
3485871.000000
3314226.000000
302386.000000
3561149.000000
2398753.000000
1879722.000000
1890933.000000
2761892.000000
2199412.000000
2050073.000000
3718726.000000
3177952.000000
3011187.000000
2979088.000000
1012776.000000
1885069.000000
3286951.000000
3342421.000000
3180069.000000
2615229.000000
3249685.000000
2376866.000000
904779.000000
3549159.000000
2416955.000000
3744278.000000
3505201.000000
2484067.000000
2968447.000000
3190295.000000
507660.000000
2103509.000000
3113109.000000
3485221.000000
100668.000000
3948364.000000
1020530.000000
242947.000000
131304.000000
1113129.000000
2879621.000000
2259331.000000
3277643.000000
2792961.000000
2156678.000000
2381348.000000
4044105.000000
860217.000000
1154426.000000
3527307.000000
292474.000000
3598730.000000
3126690.000000
1965716.000000
187692.000000
2152191.000000
3442549.000000
3527349.000000
2454000.000000
3762531.000000
3128098.000000
3438992.000000
3180099.000000
680546.000000
1781799.000000
1254721.000000
794675.000000
2903735.000000
237992.000000
309670.000000
3137097.000000
871943.000000
1419520.000000
1317749.000000
3256473.000000
549798.000000
3634644.000000
2532665.000000
2996024.000000
2403285.000000
2976060.000000
169402.000000
3183278.000000
3924171.000000
1057093.000000
2887371.000000
182316.000000
2822363.000000
1945891.000000
2138039.000000
2908777.000000
1441273.000000
1409913.000000
373006.000000
2046095.000000
188043.000000
2848518.000000
3750973.000000
210437.000000
3397654.000000
3165513.000000
3222663.000000
3363581.000000
2819625.000000
233238.000000
2974550.000000
486320.000000
3293045.000000
3463684.000000
3423654.000000
3318188.000000
3553755.000000
590868.000000
1021108.000000
2017551.000000
3018920.000000
2894122.000000
1582372.000000
3475488.000000
2038692.000000
2500714.000000
3272439.000000
2941323.000000
2634871.000000
3012386.000000
2289011.000000
166264.000000
787908.000000
2207252.000000
103290.000000
963753.000000
186731.000000
3018001.000000
3717633.000000
3201072.000000
1644928.000000
39198.000000
3577960.000000
3315697.000000
3174451.000000
1998125.000000
3496926.000000
3365052.000000
3022034.000000
2170767.000000
2407965.000000
310516.000000
346496.000000
3152045.000000
1005063.000000
3098581.000000
252957.000000
3333457.000000
25173.000000
53257.000000
2916908.000000
115252.000000
2416441.000000
745523.000000
220883.000000
519791.000000
1392441.000000
2981358.000000
221204.000000
3241080.000000
2724004.000000
2248632.000000
3583786.000000
187198.000000
1981005.000000
3438933.000000
3368191.000000
3007311.000000
2987602.000000
3497033.000000
1060984.000000
2863831.000000
2408687.000000
2635996.000000
2594028.000000
1533581.000000
3110248.000000
73119.000000
2945974.000000
3661225.000000
27691.000000
1784387.000000
2521313.000000
3493614.000000
3339777.000000
3288655.000000
683225.000000
1965616.000000
3682863.000000
100071.000000
1183792.000000
1844714.000000
786048.000000
2205099.000000
2699559.000000
3725247.000000
808866.000000
3549218.000000
3738423.000000
1598939.000000
760819.000000
1129553.000000
2881103.000000
336385.000000
183744.000000
1829032.000000
2040991.000000
3632975.000000
3673295.000000
3604144.000000
506602.000000
3448011.000000
3435557.000000
771696.000000
3701610.000000
1573827.000000
1884906.000000
3203736.000000
2633931.000000
3430439.000000
2424340.000000
3438748.000000
102620.000000
2720729.000000
3600869.000000
3370332.000000
269265.000000
2642353.000000
3557727.000000
119470.000000
105011.000000
3602352.000000
3615262.000000
3200446.000000
3398265.000000
3689405.000000
2434925.000000
2862513.000000
1014767.000000
2787606.000000
2120744.000000
3440328.000000
1173211.000000
3222914.000000
359702.000000
3251076.000000
3429935.000000
3337797.000000
2039770.000000
3700701.000000
3337948.000000
258433.000000
3559546.000000
669690.000000
3580179.000000
190778.000000
659765.000000
1032359.000000
2287686.000000
1076144.000000
3485202.000000
3483044.000000
3505070.000000
3632462.000000
3195951.000000
148914.000000
608919.000000
3219020.000000
1174683.000000
777426.000000
3129523.000000
2562253.000000
3470658.000000
4001248.000000
2037264.000000
3772845.000000
3546401.000000
3006693.000000
3482342.000000
22938.000000
2314574.000000
115149.000000
193395.000000
2452931.000000
1153457.000000
3437329.000000
3717627.000000
3395457.000000
3513544.000000
124851.000000
2171923.000000
2760032.000000
1888970.000000
1450349.000000
3323209.000000
2789432.000000
967403.000000
3287887.000000
2846647.000000
3820239.000000
2975360.000000
3582632.000000
754152.000000
947598.000000
490751.000000
1271283.000000
2448458.000000
3473118.000000
3937324.000000
3910277.000000
3468739.000000
2485490.000000
2161410.000000
2981473.000000
121888.000000
3280091.000000
2535049.000000
3031331.000000
435670.000000
3340682.000000
3379710.000000
1446633.000000
2926035.000000
859354.000000
3152812.000000
3412607.000000
2326222.000000
2675708.000000
2391995.000000
3624290.000000
3538179.000000
10261.000000
3566967.000000
1728315.000000
24850.000000
3524499.000000
2050320.000000
2893072.000000
2620744.000000
2845123.000000
3643410.000000
1571300.000000
3558005.000000
104710.000000
3524596.000000
2260598.000000
2138562.000000
853953.000000
1646719.000000
2575563.000000
3109531.000000
2243976.000000
90150.000000
3935888.000000
756496.000000
3643270.000000
317396.000000
3535566.000000
1361090.000000
3771726.000000
3436710.000000
3276186.000000
589374.000000
3230414.000000
418625.000000
3654009.000000
2972755.000000
217583.000000
3375443.000000
3137268.000000
3144633.000000
145679.000000
3751778.000000
3321214.000000
508339.000000
479606.000000
3502105.000000
2806357.000000
326627.000000
564276.000000
2790512.000000
3267449.000000
1225571.000000
3191181.000000
1373177.000000
744499.000000
975924.000000
3564759.000000
497588.000000
3321301.000000
65679.000000
2612915.000000
577596.000000
3457129.000000
3705111.000000
283020.000000
3153430.000000
3081991.000000
744532.000000
3281784.000000
2890694.000000
2871069.000000
2960840.000000
110354.000000
837269.000000
336631.000000
2897166.000000
97139.000000
805632.000000
3463594.000000
517059.000000
3321930.000000
3621177.000000
2854588.000000
3090733.000000
949055.000000
3618785.000000
815551.000000
3196291.000000
2469655.000000
2321582.000000
609974.000000
3318085.000000
2278448.000000
27280.000000
24401.000000
3448757.000000
1896412.000000
8495.000000
3478720.000000
2757053.000000
2018944.000000
273689.000000
1856983.000000
3324774.000000
2492973.000000
3791334.000000
714053.000000
455513.000000
3438902.000000
2505846.000000
2656388.000000
3713886.000000
2747012.000000
2196047.000000
3740147.000000
3567902.000000
2710506.000000
2411926.000000
3500719.000000
3150117.000000
1241417.000000
3529553.000000
576968.000000
3303305.000000
3081376.000000
2810829.000000
802700.000000
1918423.000000
2076140.000000
22766.000000
1846502.000000
2411264.000000
2534759.000000
2720485.000000
3201936.000000
3282849.000000
3084995.000000
1331746.000000
877403.000000
3719475.000000
2846230.000000
2467640.000000
3645077.000000
207386.000000
2429588.000000
2328880.000000
3434674.000000
2719604.000000
1717414.000000
394943.000000
2936780.000000
614869.000000
2803333.000000
1213799.000000
3397531.000000
556506.000000
1402397.000000
3538160.000000
2409701.000000
764168.000000
2685599.000000
1162454.000000
2880262.000000
1611218.000000
170218.000000
2461500.000000
2891780.000000
3336042.000000
3438238.000000
3086907.000000
3381581.000000
3748059.000000
200857.000000
1967024.000000
3304544.000000
3647017.000000
467952.000000
1241896.000000
3321265.000000
2889455.000000
2144182.000000
2272471.000000
1926758.000000
3548944.000000
236363.000000
3440362.000000
3370363.000000
3445669.000000
2693621.000000
1884235.000000
2847991.000000
3328275.000000
1757782.000000
1890219.000000
3779574.000000
3311472.000000
3520134.000000
2830347.000000
82308.000000
4050787.000000
2822843.000000
1943305.000000
3447957.000000
3645243.000000
3287673.000000
3519721.000000
2271810.000000
95603.000000
2987176.000000
3600397.000000
3383301.000000
711929.000000
2543261.000000
3401671.000000
3515058.000000
3545054.000000
2112465.000000
1510168.000000
432193.000000
2864668.000000
1212251.000000
85345.000000
3402306.000000
2990609.000000
3752977.000000
2101116.000000
3156687.000000
1317215.000000
3395512.000000
3011954.000000
2836060.000000
3568665.000000
21714.000000
2736511.000000
466497.000000
1605610.000000
696265.000000
263721.000000
2389870.000000
637357.000000
3633506.000000
2835806.000000
735042.000000
166782.000000
1032184.000000
3888362.000000
3042533.000000
3175718.000000
2506356.000000
150099.000000
3088248.000000
1929715.000000
481486.000000
3353855.000000
223539.000000
2875381.000000
2532413.000000
3923611.000000
2831591.000000
3024067.000000
929233.000000
2667217.000000
3133098.000000
3542579.000000
1769811.000000
1165743.000000
3535871.000000
1550488.000000
1328654.000000
22749.000000
3201320.000000
3196342.000000
2282193.000000
3946485.000000
1286861.000000
398032.000000
3348706.000000
3642617.000000
2398502.000000
2753525.000000
2975593.000000
1920920.000000
913276.000000
3574242.000000
3519888.000000
502629.000000
2856075.000000
3181345.000000
3687857.000000
3528592.000000
260717.000000
15717.000000
465330.000000
2982283.000000
3521533.000000
685155.000000
253790.000000
1922901.000000
453720.000000
1204398.000000
3422567.000000
216984.000000
436846.000000
2996459.000000
146988.000000
3465623.000000
3532365.000000
2924589.000000
1853208.000000
221305.000000
3274311.000000
2376493.000000
3772845.000000
490066.000000
3495096.000000
3145887.000000
3355104.000000
520520.000000
2766279.000000
3404665.000000
148684.000000
3423528.000000
2764001.000000
2080570.000000
385928.000000
3025155.000000
3180732.000000
3463920.000000
1005107.000000
2243499.000000
3562961.000000
316773.000000
2750310.000000
759362.000000
3293381.000000
2268497.000000
2940845.000000
2937244.000000
2017815.000000
1868239.000000
1793067.000000
2131549.000000
2892684.000000
3192052.000000
1605006.000000
1393508.000000
3278141.000000
4162622.000000
3233573.000000
3157371.000000
807070.000000
1126012.000000
143679.000000
3224812.000000
260418.000000
2039484.000000
3501930.000000
3533708.000000
719808.000000
1676033.000000
1857102.000000
716450.000000
2188664.000000
2889003.000000
928751.000000
2065570.000000
2798539.000000
3232149.000000
2671801.000000
2792268.000000
3493633.000000
2476000.000000
3445057.000000
97415.000000
2481237.000000
4056350.000000
2792815.000000
2283123.000000
3234992.000000
3992463.000000
153585.000000
3315128.000000
3068473.000000
3386665.000000
72726.000000
3146013.000000
1000051.000000
610930.000000
2031682.000000
2086170.000000
687605.000000
291818.000000
3553558.000000
2845619.000000
2542295.000000
3447578.000000
3089541.000000
2194982.000000
32300.000000
140130.000000
3447159.000000
381683.000000
2738367.000000
3631102.000000
2509719.000000
763895.000000
3674391.000000
3393021.000000
1104965.000000
3500847.000000
420693.000000
1535208.000000
735148.000000
3499969.000000
2581229.000000
2363317.000000
2823607.000000
78405.000000
594004.000000
93988.000000
502123.000000
3048836.000000
1888294.000000
2670104.000000
2345936.000000
1309754.000000
2856515.000000
3229909.000000
3405886.000000
1006273.000000
3537361.000000
2575563.000000
3336295.000000
2110591.000000
1901640.000000
1885423.000000
3595698.000000
2954527.000000
491884.000000
2562195.000000
1924939.000000
3804654.000000
875019.000000
3484159.000000
2477979.000000
3490298.000000
545968.000000
3063768.000000
3474354.000000
3403973.000000
2576638.000000
1504190.000000
27611.000000
3466185.000000
672016.000000
2299461.000000
638721.000000
1329307.000000
136686.000000
2942834.000000
1777172.000000
3050726.000000
1394655.000000
334926.000000
3000767.000000
331913.000000
4313126.000000
3347685.000000
515153.000000
3991898.000000
2564231.000000
3031588.000000
313544.000000
4001321.000000
438620.000000
4033613.000000
873309.000000
1091433.000000
2163136.000000
1871443.000000
3488343.000000
2758403.000000
2788340.000000
3787237.000000
3179556.000000
3235752.000000
815272.000000
1984405.000000
1657856.000000
3572515.000000
3828040.000000
57735.000000
2537962.000000
725800.000000
3169004.000000
2237384.000000
3196592.000000
3242246.000000
1019720.000000
4076119.000000
210693.000000
3577795.000000
3697444.000000
3716700.000000
87645.000000
3415398.000000
884985.000000
3648175.000000
757621.000000
214617.000000
2333598.000000
1109415.000000
2437571.000000
3173331.000000
2801295.000000
383758.000000
26166.000000
1168325.000000
1328135.000000
2534839.000000
928853.000000
44693.000000
2158982.000000
3756143.000000
1612076.000000
3166909.000000
3440031.000000
440021.000000
3159305.000000
616729.000000
3737381.000000
3611800.000000
3422337.000000
3424205.000000
491780.000000
224241.000000
3422338.000000
1836511.000000
1267857.000000
1580948.000000
3046528.000000
1132233.000000
3107659.000000
3259246.000000
3003494.000000
3395722.000000
467451.000000
599729.000000
3140715.000000
1216240.000000
3607355.000000
2793576.000000
2109707.000000
1951896.000000
3249592.000000
2523671.000000
2358204.000000
3521657.000000
3466182.000000
196580.000000
22585.000000
830453.000000
68919.000000
3539185.000000
2168390.000000
2615894.000000
3670604.000000
242330.000000
3509200.000000
527994.000000
233657.000000
2925836.000000
2169062.000000
3482856.000000
2079145.000000
3584700.000000
1797804.000000
475021.000000
902519.000000
127005.000000
3132413.000000
267193.000000
1724878.000000
3341710.000000
3367102.000000
2419120.000000
3547534.000000
2524952.000000
2630766.000000
3412927.000000
3262767.000000
2628673.000000
1209474.000000
2039372.000000
1092563.000000
790123.000000
184691.000000
3027775.000000
516520.000000
3319377.000000
2289718.000000
24344.000000
512980.000000
2666448.000000
2741136.000000
3403888.000000
2188132.000000
737235.000000
3768391.000000
3357808.000000
2280521.000000
651659.000000
3297060.000000
2849353.000000
284689.000000
3769422.000000
3127541.000000
2652058.000000
56849.000000
3770451.000000
1517491.000000
2435822.000000
2080480.000000
2808591.000000
939896.000000
3326653.000000
3799182.000000
3155377.000000
2772557.000000
2982053.000000
3380121.000000
3300723.000000
2409036.000000
3860197.000000
1946621.000000
3307736.000000
1188441.000000
3722718.000000
2059085.000000
3312790.000000
943041.000000
813664.000000
3164756.000000
1049495.000000
3656929.000000
1910300.000000
360626.000000
3641944.000000
3060492.000000
2587227.000000
118145.000000
2371810.000000
2362186.000000
2094834.000000
1303500.000000
2977026.000000
3104691.000000
3091706.000000
3374561.000000
875536.000000
3622665.000000
2264079.000000
3205371.000000
2839986.000000
918027.000000
731713.000000
3322262.000000
222781.000000
3571036.000000
3156030.000000
3435287.000000
3130655.000000
182039.000000
1497992.000000
1989589.000000
410066.000000
3193516.000000
2777524.000000
422634.000000
3020127.000000
3068434.000000
3027292.000000
3432427.000000
3259188.000000
2107474.000000
3555678.000000
3285751.000000
921700.000000
3451617.000000
680423.000000
3043702.000000
3721398.000000
3347219.000000
2695411.000000
682736.000000
913692.000000
3628979.000000
3019674.000000
982694.000000
3782769.000000
3944600.000000
3626653.000000
424298.000000
1766359.000000
3400078.000000
2458458.000000
2011993.000000
1612390.000000
1825266.000000
2525363.000000
580642.000000
801096.000000
1664622.000000
183897.000000
730134.000000
3502937.000000
256469.000000
118448.000000
176113.000000
3385713.000000
2937163.000000
2806477.000000
2628656.000000
2832781.000000
373105.000000
430170.000000
3683792.000000
3233185.000000
2957179.000000
3288871.000000
2545644.000000
2081927.000000
3771271.000000
2860219.000000
2671304.000000
230437.000000
410533.000000
1551724.000000
147912.000000
3335319.000000
1888296.000000
936451.000000
1477634.000000
3383571.000000
3024210.000000
2657151.000000
1353302.000000
1741098.000000
669304.000000
2375365.000000
2796678.000000
1221747.000000
215895.000000
2864272.000000
755150.000000
2840136.000000
740380.000000
3295973.000000
3385310.000000
2680045.000000
3677738.000000
2529147.000000
1584371.000000
710888.000000
2196334.000000
349229.000000
1561137.000000
717383.000000
3494344.000000
3572602.000000
1167153.000000
1986580.000000
606417.000000
3327172.000000
3254546.000000
2816241.000000
351365.000000
3514028.000000
2889564.000000
2589185.000000
155947.000000
3189814.000000
3436595.000000
3533257.000000
1510447.000000
1971253.000000
2680940.000000
1742065.000000
1883271.000000
514728.000000
3460492.000000
1113697.000000
3142992.000000
14838.000000
1943521.000000
3375339.000000
3234328.000000
3578957.000000
3866151.000000
113805.000000
3617728.000000
1851832.000000
2294334.000000
3396403.000000
3913131.000000
2801033.000000
3080676.000000
1234778.000000
944923.000000
1061427.000000
3368021.000000
3497666.000000
3887670.000000
556779.000000
3438404.000000
3018559.000000
324375.000000
3620317.000000
1171469.000000
1733308.000000
722569.000000
3467960.000000
3155241.000000
440625.000000
2168932.000000
3073378.000000
3561853.000000
2425952.000000
1126600.000000
2977962.000000
3182241.000000
3224149.000000
629926.000000
3430624.000000
2685486.000000
1323819.000000
3680598.000000
2119387.000000
3211110.000000
1520413.000000
2954260.000000
2759208.000000
2329748.000000
1085842.000000
2588504.000000
2123079.000000
3374913.000000
2221035.000000
958881.000000
3606731.000000
3796527.000000
3374473.000000
759781.000000
2668607.000000
2772486.000000
134446.000000
2772948.000000
3371131.000000
3309661.000000
3509202.000000
3374882.000000
3407091.000000
3326713.000000
2830691.000000
1604512.000000
3776749.000000
3607685.000000
2489144.000000
713452.000000
1558198.000000
2889067.000000
2359134.000000
3405441.000000
3736399.000000
3079318.000000
2519658.000000
3597273.000000
436194.000000
3819662.000000
1860414.000000
100253.000000
3654124.000000
2245325.000000
3398586.000000
2659568.000000
1776081.000000
193673.000000
724804.000000
3172818.000000
2319499.000000
3775365.000000
3276084.000000
3278351.000000
2609202.000000
2295316.000000
2381215.000000
951742.000000
3755827.000000
2084405.000000
2931497.000000
2156885.000000
1465279.000000
2841420.000000
1359891.000000
689041.000000
2749435.000000
2643501.000000
3195521.000000
3702410.000000
3195660.000000
3498911.000000
3683093.000000
1585353.000000
1235167.000000
3458803.000000
1764804.000000
3278976.000000
705836.000000
740035.000000
3325164.000000
3482970.000000
787855.000000
2239149.000000
1702169.000000
1159778.000000
2844699.000000
168610.000000
1098991.000000
3453218.000000
3105012.000000
2540853.000000
214101.000000
1806803.000000
3471067.000000
72309.000000
2509950.000000
783866.000000
1818143.000000
1692767.000000
3308210.000000
1856626.000000
595162.000000
1731294.000000
1018992.000000
3734079.000000
3534253.000000
386886.000000
333328.000000
2606921.000000
99391.000000
3295649.000000
1107801.000000
257303.000000
2347847.000000
3756146.000000
2357620.000000
3245099.000000
3709063.000000
2547255.000000
2827560.000000
1200061.000000
2913989.000000
1127445.000000
3497040.000000
328191.000000
2689739.000000
1850319.000000
3287542.000000
2984734.000000
3317296.000000
3105410.000000
2978201.000000
581569.000000
3492675.000000
1126925.000000
2768374.000000
1125877.000000
2779803.000000
2592327.000000
96215.000000
3276321.000000
2026295.000000
1237361.000000
3174108.000000
3514761.000000
3234209.000000
2835816.000000
3264102.000000
3303067.000000
819377.000000
3946350.000000
3791990.000000
371295.000000
3598940.000000
1321002.000000
3554934.000000
3283325.000000
2403905.000000
106931.000000
3415546.000000
1927510.000000
3432390.000000
1687951.000000
3599212.000000
2882791.000000
101823.000000
3416872.000000
628944.000000
3388107.000000
3363170.000000
2356314.000000
2706572.000000
3446001.000000
3204751.000000
3166484.000000
1882043.000000
675706.000000
523744.000000
3252284.000000
2430767.000000
80946.000000
448125.000000
2076024.000000
3136565.000000
2850035.000000
450205.000000
2095907.000000
119753.000000
1177642.000000
2285201.000000
1712115.000000
2509680.000000
2761486.000000
3635999.000000
2606661.000000
583890.000000
3722099.000000
912385.000000
2972059.000000
3179470.000000
3422129.000000
2267963.000000
3570543.000000
3477734.000000
3228673.000000
3119335.000000
2607267.000000
195493.000000
98728.000000
2761755.000000
716518.000000
3239968.000000
3492086.000000
3169154.000000
22766.000000
2823294.000000
2152863.000000
309521.000000
2487215.000000
3402095.000000
3508467.000000
3193505.000000
349097.000000
3417362.000000
3151478.000000
2889485.000000
2875268.000000
3354760.000000
167863.000000
2505847.000000
1275209.000000
3664794.000000
3589168.000000
602689.000000
3493400.000000
92577.000000
169804.000000
2622021.000000
192684.000000
325118.000000
3436285.000000
3696766.000000
3366030.000000
1902011.000000
3676113.000000
1255156.000000
667709.000000
387969.000000
3753662.000000
1983827.000000
1568983.000000
2463530.000000
3036934.000000
503767.000000
2207716.000000
3376727.000000
73967.000000
2769148.000000
2799094.000000
1270293.000000
3245751.000000
701204.000000
3116392.000000
930596.000000
364488.000000
811596.000000
3685787.000000
2614239.000000
1368229.000000
364338.000000
1066948.000000
552792.000000
3040156.000000
2742469.000000
3340372.000000
2976560.000000
2249660.000000
393732.000000
2310286.000000
2959336.000000
2286847.000000
3655237.000000
1848068.000000
1319559.000000
2022927.000000
784826.000000
336687.000000
2415132.000000
1492914.000000
3109910.000000
3775615.000000
1806981.000000
3804387.000000
3659519.000000
127093.000000
332551.000000
500471.000000
2516481.000000
1273037.000000
3399803.000000
2070849.000000
3557745.000000
2398527.000000
3095741.000000
3477169.000000
2741537.000000
2059992.000000
2610967.000000
3283231.000000
3626807.000000
851601.000000
2216885.000000
1006067.000000
202464.000000
304475.000000
465282.000000
223936.000000
2312788.000000
1770470.000000
2856427.000000
2571955.000000
2937410.000000
1603147.000000
2754501.000000
3395683.000000
3661621.000000
1262422.000000
224814.000000
3687247.000000
2216154.000000
3098100.000000
3446662.000000
3904805.000000
3339500.000000
384417.000000
3412755.000000
2796145.000000
3323573.000000
3474400.000000
2694985.000000
2618558.000000
416607.000000
3229108.000000
1535576.000000
663279.000000
3523704.000000
159742.000000
460052.000000
3658650.000000
1915100.000000
3494480.000000
1691636.000000
3175002.000000
3101401.000000
3129080.000000
2498551.000000
2818081.000000
675427.000000
1934998.000000
3295556.000000
393494.000000
1211422.000000
2730279.000000
1148048.000000
2797190.000000
313569.000000
247759.000000
445997.000000
1106945.000000
3095994.000000
2850671.000000
3351796.000000
