0.000000
0.000000
0.000000
0.000000
0.000000
0.000000
0.000000
0.000000
0.000000
0.000000
10988280.000000
5936029.000000
6978913.000000
4851124.000000
477699.000000
4207742.000000
4661419.000000
3934915.000000
982956.000000
256772.000000
5951898.000000
5275625.000000
1902563.000000
4539592.000000
2397783.000000
6031726.000000
5188479.000000
3686438.000000
2963054.000000
1830551.000000
3587312.000000
5946610.000000
4654203.000000
5928530.000000
437941.000000
5019723.000000
120200.000000
2486885.000000
6829043.000000
4408731.000000
2238383.000000
5669562.000000
4617254.000000
5321839.000000
5791180.000000
6912681.000000
479887.000000
737210.000000
4391561.000000
382102.000000
4980571.000000
5787781.000000
6103191.000000
4660659.000000
3155540.000000
1335826.000000
616511.000000
6530982.000000
2708607.000000
4761647.000000
541781.000000
4799535.000000
971427.000000
2152798.000000
3194464.000000
5103253.000000
3363640.000000
4377778.000000
633577.000000
2727087.000000
137496.000000
5068187.000000
3072088.000000
6215724.000000
1357990.000000
3646710.000000
3564183.000000
96273.000000
2722580.000000
5721009.000000
336454.000000
1982888.000000
3138916.000000
7213553.000000
6707163.000000
1308768.000000
3456713.000000
109140.000000
5229354.000000
2418956.000000
4677217.000000
5072469.000000
5766921.000000
3480643.000000
6359375.000000
5790305.000000
3706342.000000
1329158.000000
218853.000000
5439766.000000
537057.000000
4276054.000000
5971153.000000
6146010.000000
4440423.000000
2251696.000000
4125284.000000
6021786.000000
5316100.000000
5871594.000000
4023237.000000
2297414.000000
5151187.000000
3538376.000000
3557247.000000
4641379.000000
5114071.000000
1299556.000000
1174447.000000
2749941.000000
5459944.000000
3364196.000000
3088739.000000
4801477.000000
715395.000000
1637063.000000
2501384.000000
4028079.000000
7428456.000000
1077097.000000
4813472.000000
2628551.000000
5381944.000000
4767497.000000
2292114.000000
1904925.000000
1931256.000000
22781.000000
1984354.000000
502554.000000
5797039.000000
6100705.000000
5862641.000000
3617065.000000
1088005.000000
5850693.000000
649419.000000
1079556.000000
6392923.000000
160973.000000
6941992.000000
1933567.000000
462612.000000
644764.000000
4373677.000000
601717.000000
3433988.000000
1362820.000000
2558136.000000
4985820.000000
209391.000000
4981336.000000
4711219.000000
92001.000000
48906.000000
4600373.000000
5526264.000000
1553446.000000
5963038.000000
432272.000000
4646149.000000
2004980.000000
5594999.000000
4693735.000000
4124883.000000
3138803.000000
5631197.000000
657687.000000
2841497.000000
3202933.000000
4599449.000000
4669985.000000
94586.000000
6287825.000000
5151565.000000
5166326.000000
5959495.000000
281071.000000
4804181.000000
872867.000000
6350366.000000
311920.000000
4391171.000000
2153026.000000
2115996.000000
881378.000000
355412.000000
438247.000000
4841259.000000
4804960.000000
749155.000000
807777.000000
5525055.000000
89069.000000
6102220.000000
4139452.000000
3267778.000000
5871535.000000
4940285.000000
4845515.000000
4172105.000000
3862951.000000
65408.000000
4765829.000000
4473753.000000
2645420.000000
95713.000000
2748831.000000
4662245.000000
6745980.000000
3702791.000000
4848764.000000
5935774.000000
2307655.000000
1381568.000000
4679651.000000
1800568.000000
2159605.000000
1632447.000000
4089395.000000
2424735.000000
3518729.000000
4349721.000000
3515460.000000
5183257.000000
2227695.000000
2221774.000000
3878616.000000
162767.000000
1025231.000000
5464111.000000
3018733.000000
4447694.000000
4567977.000000
5042475.000000
5650960.000000
2608189.000000
5729096.000000
3539084.000000
3836361.000000
3911813.000000
2850982.000000
453941.000000
323044.000000
2521088.000000
321152.000000
4139557.000000
5619715.000000
5097154.000000
5740530.000000
1745204.000000
3046747.000000
3750645.000000
3265753.000000
953931.000000
132375.000000
634940.000000
1368778.000000
2529585.000000
1966250.000000
3338681.000000
4822220.000000
345877.000000
4069608.000000
4886615.000000
609345.000000
6396643.000000
1244017.000000
2933713.000000
2761679.000000
3620598.000000
6159616.000000
810281.000000
501255.000000
1291632.000000
2629802.000000
116627.000000
2533857.000000
5653926.000000
4224955.000000
2474420.000000
1016812.000000
5119412.000000
114408.000000
4280488.000000
7431.000000
5123983.000000
5134871.000000
5070995.000000
5265419.000000
721943.000000
4785363.000000
5915997.000000
5131128.000000
5230608.000000
4105899.000000
2946646.000000
624571.000000
3684310.000000
5024356.000000
4701510.000000
5393114.000000
3981288.000000
4019855.000000
336191.000000
4251059.000000
3991314.000000
466551.000000
6014603.000000
1798241.000000
4223275.000000
4896309.000000
1400872.000000
157034.000000
5154799.000000
5992971.000000
4626503.000000
4925699.000000
4216275.000000
2745430.000000
1548572.000000
6785310.000000
1172236.000000
3280379.000000
5182130.000000
5798564.000000
841734.000000
922612.000000
6140445.000000
3033274.000000
6674872.000000
2483264.000000
1203105.000000
4788447.000000
5065297.000000
7027703.000000
3734462.000000
4356093.000000
4905205.000000
4805390.000000
5938454.000000
3812924.000000
4723973.000000
6100218.000000
6364793.000000
5263708.000000
6965866.000000
4931878.000000
686230.000000
3637428.000000
1458734.000000
3070693.000000
1868177.000000
6087597.000000
6299098.000000
6588893.000000
1270531.000000
3148392.000000
5845976.000000
770794.000000
3157973.000000
5834152.000000
3171624.000000
989646.000000
3432318.000000
1929323.000000
5451402.000000
1134688.000000
667566.000000
3910904.000000
4829008.000000
5330237.000000
3784417.000000
3296963.000000
2139652.000000
3833914.000000
1521907.000000
4005778.000000
1908089.000000
3588878.000000
2832514.000000
6327835.000000
1958761.000000
524839.000000
5401767.000000
849974.000000
5423299.000000
1077574.000000
1654052.000000
4271679.000000
5952435.000000
5878620.000000
1008557.000000
4044070.000000
1255508.000000
5067773.000000
1147378.000000
2817857.000000
1344426.000000
4434414.000000
4542337.000000
3882536.000000
3550106.000000
5082405.000000
226738.000000
6910096.000000
4751375.000000
4702159.000000
2164318.000000
5488850.000000
3950779.000000
6240141.000000
6844557.000000
2859347.000000
6370385.000000
5250498.000000
6161998.000000
4884217.000000
1148820.000000
4612074.000000
6107976.000000
3899512.000000
4777558.000000
3268497.000000
4270887.000000
327179.000000
310475.000000
1019711.000000
6324289.000000
6692356.000000
1541515.000000
4671319.000000
5689891.000000
6059093.000000
2965810.000000
2831326.000000
7276101.000000
4475097.000000
5328847.000000
3947206.000000
3839953.000000
4823767.000000
6938717.000000
614774.000000
419216.000000
4879648.000000
4501028.000000
1434562.000000
4665597.000000
3556659.000000
4130429.000000
282878.000000
5257234.000000
1371458.000000
5276548.000000
2218413.000000
729228.000000
763102.000000
6698421.000000
2686677.000000
5928715.000000
3824736.000000
4143084.000000
5086803.000000
413365.000000
4613612.000000
4996251.000000
4345667.000000
81696.000000
4233118.000000
5549680.000000
154676.000000
4735520.000000
5386115.000000
4795162.000000
122577.000000
2809162.000000
2647822.000000
4724953.000000
6730521.000000
3840712.000000
137672.000000
2923943.000000
4963111.000000
1008332.000000
1774307.000000
5577886.000000
2610799.000000
111156.000000
5253970.000000
6590912.000000
2242370.000000
3248776.000000
4290313.000000
453264.000000
495933.000000
4909911.000000
5547059.000000
1172024.000000
6156558.000000
1269768.000000
6768616.000000
101215.000000
735686.000000
6614480.000000
1139170.000000
2197080.000000
2592858.000000
5190308.000000
4508129.000000
4394804.000000
3464423.000000
431147.000000
444061.000000
3027497.000000
6107819.000000
5156440.000000
3926238.000000
5207432.000000
4501753.000000
4346366.000000
5607461.000000
3755527.000000
1763905.000000
4849836.000000
5549108.000000
3563619.000000
675836.000000
778192.000000
3507889.000000
3947556.000000
282380.000000
4441532.000000
5760058.000000
5610446.000000
3641276.000000
3996336.000000
283445.000000
5114308.000000
6453370.000000
4271736.000000
5410428.000000
5331342.000000
3994268.000000
5828948.000000
5717373.000000
402673.000000
4572059.000000
6307488.000000
509399.000000
501058.000000
5440364.000000
1744662.000000
4461805.000000
1837017.000000
6161710.000000
310600.000000
5731068.000000
3774683.000000
1544609.000000
266759.000000
138395.000000
4840252.000000
5032339.000000
952977.000000
2570831.000000
4428742.000000
7007726.000000
6334880.000000
4169082.000000
5240913.000000
2479953.000000
5973377.000000
736929.000000
1906891.000000
4180627.000000
6424907.000000
6143905.000000
6060515.000000
7003969.000000
3799748.000000
4805148.000000
732550.000000
1492289.000000
3248061.000000
1796954.000000
6333998.000000
2240773.000000
2781606.000000
3358200.000000
3412304.000000
322184.000000
1204115.000000
3809082.000000
4685658.000000
5310043.000000
5800214.000000
3056046.000000
3835606.000000
5039524.000000
280790.000000
4128050.000000
2419356.000000
3477014.000000
6198980.000000
928046.000000
4985434.000000
3941823.000000
1087900.000000
5276637.000000
5728344.000000
1552358.000000
2048732.000000
671172.000000
1822308.000000
4685167.000000
5696899.000000
3322343.000000
2693782.000000
2621272.000000
3590984.000000
2238605.000000
3563609.000000
4866909.000000
685077.000000
1428402.000000
4192429.000000
3367859.000000
3319103.000000
4353062.000000
6342713.000000
2176503.000000
1250904.000000
133746.000000
3900647.000000
2503223.000000
3201114.000000
823480.000000
5214849.000000
3607632.000000
5573119.000000
6591144.000000
1737317.000000
5588769.000000
4239545.000000
102884.000000
2310261.000000
4324678.000000
1648504.000000
3106915.000000
4086825.000000
1789079.000000
4777055.000000
69795.000000
3477720.000000
2528125.000000
2593106.000000
5672499.000000
627809.000000
4317293.000000
3674123.000000
6942310.000000
2936419.000000
5832293.000000
5461587.000000
6556091.000000
1855571.000000
2029333.000000
3282342.000000
5623173.000000
4348174.000000
6488013.000000
1212428.000000
2748040.000000
5754698.000000
1466877.000000
4267171.000000
140472.000000
3582364.000000
5372443.000000
360324.000000
3276181.000000
2930817.000000
3409425.000000
4906888.000000
6068719.000000
5611795.000000
4292978.000000
1036254.000000
3933119.000000
505958.000000
108273.000000
5814914.000000
2465566.000000
1558098.000000
4043032.000000
3731846.000000
4529462.000000
5781314.000000
2700643.000000
6013651.000000
601680.000000
4102102.000000
6132725.000000
695698.000000
5367361.000000
5758054.000000
276728.000000
5746220.000000
2639489.000000
7021621.000000
5803009.000000
3923046.000000
2166720.000000
330259.000000
5120248.000000
130757.000000
5789722.000000
13472.000000
568472.000000
5425137.000000
5072674.000000
3252704.000000
605602.000000
5462502.000000
6239998.000000
6109070.000000
2452098.000000
374262.000000
521369.000000
938516.000000
6523633.000000
6561782.000000
1702670.000000
5125857.000000
5338222.000000
4662064.000000
4137093.000000
3893040.000000
1098290.000000
430051.000000
520444.000000
5305028.000000
5278586.000000
790962.000000
5875856.000000
878789.000000
5446356.000000
3564525.000000
3951405.000000
5896967.000000
306956.000000
4917279.000000
1358354.000000
6582258.000000
1499084.000000
277258.000000
2147317.000000
3306068.000000
1310607.000000
4793618.000000
2168949.000000
5718174.000000
2917946.000000
2280794.000000
2951273.000000
129295.000000
4427608.000000
4567535.000000
1452147.000000
4752559.000000
3695997.000000
5574770.000000
4849649.000000
499116.000000
4491381.000000
5074080.000000
1493944.000000
2372025.000000
6088471.000000
5211725.000000
3198802.000000
5613534.000000
440832.000000
3696979.000000
5401660.000000
5064702.000000
4405952.000000
5177227.000000
5193744.000000
3422219.000000
29629.000000
3988213.000000
93609.000000
1440377.000000
5653224.000000
5487672.000000
366413.000000
335394.000000
6100774.000000
6574623.000000
9038.000000
5233188.000000
3492009.000000
1671589.000000
99976.000000
3001205.000000
5423573.000000
582695.000000
165544.000000
6422262.000000
4366871.000000
1595757.000000
1759323.000000
3000597.000000
4563055.000000
2310666.000000
5662606.000000
5111530.000000
6142105.000000
159224.000000
174585.000000
2725777.000000
3713110.000000
7183822.000000
4951573.000000
68182.000000
4048053.000000
4382713.000000
253882.000000
6139364.000000
2488544.000000
6085054.000000
3996073.000000
7447629.000000
2636681.000000
3033599.000000
1819929.000000
275717.000000
6335810.000000
5517258.000000
2381344.000000
6828894.000000
242063.000000
3832051.000000
3857530.000000
6743665.000000
506760.000000
241201.000000
4546865.000000
801451.000000
5202717.000000
2382087.000000
3991538.000000
4111961.000000
3860978.000000
1886949.000000
1510518.000000
5377177.000000
4679869.000000
758030.000000
1408522.000000
3953052.000000
5213862.000000
208879.000000
786448.000000
3022988.000000
531420.000000
3385445.000000
183002.000000
55096.000000
1321719.000000
4877135.000000
6388746.000000
5005941.000000
167333.000000
3453693.000000
4587433.000000
6421327.000000
3298245.000000
4082235.000000
3078782.000000
4052644.000000
276271.000000
5933856.000000
188029.000000
4781875.000000
3934529.000000
4268409.000000
115321.000000
2378776.000000
5299674.000000
4491093.000000
4379249.000000
3274176.000000
496015.000000
4835020.000000
1785553.000000
3359368.000000
295820.000000
411669.000000
6239587.000000
4712440.000000
4488643.000000
2346526.000000
5896673.000000
6171349.000000
1490895.000000
6489841.000000
3043841.000000
159140.000000
2891354.000000
2963373.000000
1742630.000000
2752010.000000
3374010.000000
4935651.000000
3128958.000000
6490727.000000
298739.000000
83013.000000
4349177.000000
2742019.000000
5860202.000000
272166.000000
1518966.000000
207857.000000
5473770.000000
362033.000000
2601630.000000
3338994.000000
6354800.000000
1662202.000000
3447167.000000
6595398.000000
5030592.000000
2945931.000000
1859644.000000
3210349.000000
4836712.000000
3775758.000000
985225.000000
67571.000000
3014182.000000
5334335.000000
5747463.000000
1111165.000000
4024964.000000
5351841.000000
2822916.000000
5249640.000000
5123977.000000
4205464.000000
3341440.000000
5741326.000000
6432152.000000
6135822.000000
3020429.000000
3290528.000000
165981.000000
4826455.000000
1945487.000000
5601293.000000
1787171.000000
1523872.000000
3763779.000000
77498.000000
6383757.000000
4796644.000000
1184877.000000
3344625.000000
4963005.000000
1791279.000000
6330176.000000
1242159.000000
1344355.000000
5503151.000000
2363078.000000
4879006.000000
179764.000000
5745883.000000
6552005.000000
4356573.000000
1508934.000000
1076105.000000
2509452.000000
4712896.000000
3122579.000000
1311346.000000
5412904.000000
3056509.000000
4304874.000000
2708357.000000
5982462.000000
3741697.000000
5188410.000000
1433556.000000
6287377.000000
5439466.000000
254546.000000
5235992.000000
3087061.000000
1765183.000000
2540598.000000
5461653.000000
2106579.000000
2978457.000000
6341470.000000
5807322.000000
4231013.000000
3719580.000000
1267158.000000
1857084.000000
5920496.000000
3863552.000000
6241311.000000
3372744.000000
5794538.000000
4417069.000000
1768265.000000
4710844.000000
3419362.000000
6443676.000000
4225463.000000
4332790.000000
5999754.000000
3920546.000000
538309.000000
2208508.000000
6391866.000000
5267576.000000
90342.000000
5137637.000000
831652.000000
441535.000000
133593.000000
1075218.000000
4508583.000000
2571512.000000
5428167.000000
4687328.000000
2609559.000000
4093011.000000
5955790.000000
958142.000000
1880457.000000
5514437.000000
269862.000000
5778763.000000
6488067.000000
2426753.000000
153832.000000
2139413.000000
4722895.000000
5458412.000000
4587902.000000
5497585.000000
4090706.000000
7595364.000000
3828511.000000
828463.000000
1737568.000000
1720735.000000
893857.000000
4841236.000000
339664.000000
272733.000000
5040684.000000
885406.000000
1987242.000000
2205705.000000
4503916.000000
569379.000000
5903960.000000
4810917.000000
3660845.000000
2992833.000000
5427292.000000
196782.000000
5437718.000000
6231466.000000
1563996.000000
5091533.000000
217064.000000
6499008.000000
1869299.000000
3320308.000000
4735817.000000
1612084.000000
1512976.000000
514930.000000
2984432.000000
232286.000000
3637136.000000
5981176.000000
246501.000000
5164238.000000
5917705.000000
4228704.000000
5657136.000000
4811602.000000
213814.000000
5487375.000000
495762.000000
6106928.000000
5807945.000000
5576112.000000
5071597.000000
5949140.000000
467481.000000
1071735.000000
2681682.000000
4186786.000000
4013664.000000
2070184.000000
5867291.000000
2257219.000000
3403528.000000
5491738.000000
3800361.000000
3663365.000000
4523525.000000
3134090.000000
283153.000000
962010.000000
2525126.000000
119166.000000
968013.000000
221910.000000
5226795.000000
5119843.000000
4463539.000000
1744652.000000
32735.000000
5723259.000000
5205442.000000
4477736.000000
2596881.000000
5724696.000000
5076747.000000
4537993.000000
3476443.000000
3688449.000000
403806.000000
322629.000000
5318049.000000
1440456.000000
4680387.000000
259827.000000
4670079.000000
26478.000000
83608.000000
5444994.000000
112075.000000
3252393.000000
783355.000000
198612.000000
655967.000000
1697025.000000
5306323.000000
366825.000000
6245603.000000
4491079.000000
3489216.000000
5694793.000000
191421.000000
3018510.000000
4423900.000000
5413791.000000
3969359.000000
5005428.000000
5081399.000000
1165788.000000
3852160.000000
3714163.000000
3479650.000000
4646271.000000
1543274.000000
3759328.000000
78018.000000
3755292.000000
6740817.000000
32124.000000
2280545.000000
3422560.000000
5967243.000000
4173257.000000
5858997.000000
654762.000000
2594420.000000
6296521.000000
135216.000000
1131606.000000
3035144.000000
838567.000000
3641926.000000
5842972.000000
5952043.000000
887763.000000
5070607.000000
5534217.000000
3228791.000000
654734.000000
897986.000000
4730269.000000
365835.000000
162839.000000
2784706.000000
2483768.000000
4130057.000000
5424405.000000
5513337.000000
592818.000000
4597460.000000
5093829.000000
797326.000000
6032079.000000
2255539.000000
3407727.000000
5533808.000000
5800058.000000
5089346.000000
3639292.000000
5734794.000000
82942.000000
4300693.000000
5286737.000000
5355456.000000
398934.000000
3063642.000000
4837644.000000
143803.000000
99334.000000
5237839.000000
5482788.000000
4708344.000000
6040146.000000
5379732.000000
3018099.000000
5560513.000000
1579094.000000
4749353.000000
2421963.000000
4871495.000000
1542714.000000
6421145.000000
581331.000000
6142211.000000
7042693.000000
5388426.000000
2859523.000000
4856380.000000
6464949.000000
293926.000000
6630431.000000
624645.000000
6356628.000000
251599.000000
745174.000000
955451.000000
3810178.000000
1244884.000000
4606829.000000
6011643.000000
5636017.000000
4763188.000000
5343829.000000
187256.000000
684531.000000
6764609.000000
1607496.000000
605627.000000
4606803.000000
5716168.000000
5523365.000000
6467994.000000
3139233.000000
5589515.000000
5418143.000000
6238431.000000
5126573.000000
26406.000000
3097351.000000
128411.000000
369064.000000
3472550.000000
1533217.000000
5413412.000000
7051026.000000
6573095.000000
6526242.000000
125889.000000
3353564.000000
3923519.000000
2785855.000000
1516215.000000
5346474.000000
4093679.000000
1314081.000000
5228355.000000
6171612.000000
5282269.000000
4890487.000000
4087551.000000
816335.000000
993996.000000
490480.000000
1471172.000000
3762962.000000
5171121.000000
5265468.000000
6315407.000000
5369333.000000
3932778.000000
4593354.000000
4700055.000000
153678.000000
5139854.000000
3290772.000000
5932180.000000
527905.000000
4762303.000000
5382799.000000
1998556.000000
4311779.000000
1291683.000000
4757961.000000
5910536.000000
3512579.000000
4530805.000000
2825169.000000
6493531.000000
6591184.000000
12415.000000
3830987.000000
1628786.000000
24997.000000
5156292.000000
3613904.000000
4399128.000000
4420525.000000
3915856.000000
5587369.000000
2443955.000000
6486355.000000
99142.000000
5252071.000000
3285319.000000
2834423.000000
751886.000000
1857261.000000
4807694.000000
3934497.000000
3640879.000000
89414.000000
5678795.000000
764246.000000
4379285.000000
246575.000000
5008622.000000
1438547.000000
5683034.000000
5027715.000000
5325010.000000
701663.000000
4675241.000000
375911.000000
5034016.000000
6692132.000000
223749.000000
5407630.000000
5292624.000000
4172862.000000
160497.000000
6103024.000000
5925290.000000
745538.000000
708254.000000
6093241.000000
4485531.000000
419520.000000
535648.000000
4169605.000000
5384709.000000
1603828.000000
6145205.000000
1361784.000000
638296.000000
1197668.000000
5168315.000000
536102.000000
5004754.000000
79050.000000
5543054.000000
578961.000000
4761178.000000
5993436.000000
323455.000000
5766311.000000
4598233.000000
902514.000000
5365848.000000
4752053.000000
4101808.000000
3939704.000000
108836.000000
955678.000000
403706.000000
4956248.000000
130949.000000
759624.000000
6272722.000000
664868.000000
4143540.000000
6572737.000000
5597059.000000
4387306.000000
1449408.000000
5791392.000000
1043557.000000
5092706.000000
3178498.000000
3263766.000000
923923.000000
5353629.000000
4793016.000000
27843.000000
30066.000000
5738173.000000
1969720.000000
9417.000000
5560194.000000
4201660.000000
3653380.000000
341460.000000
1920709.000000
4378544.000000
3820043.000000
4374568.000000
842822.000000
535008.000000
5879860.000000
4238400.000000
4012227.000000
4580555.000000
4718610.000000
3816061.000000
5778020.000000
5858275.000000
3119640.000000
2924341.000000
5131881.000000
4383535.000000
1272682.000000
5630811.000000
711248.000000
5685716.000000
5597747.000000
3560895.000000
775751.000000
3645662.000000
3801745.000000
26090.000000
2829797.000000
3306961.000000
3404548.000000
2815116.000000
4972251.000000
6306627.000000
4500160.000000
1158128.000000
756781.000000
5194171.000000
4417225.000000
4651099.000000
5120990.000000
274506.000000
3796138.000000
2671077.000000
5278552.000000
4242378.000000
2931675.000000
421422.000000
5549254.000000
626173.000000
4595106.000000
1160024.000000
5939234.000000
471053.000000
1557823.000000
6074470.000000
2795472.000000
714844.000000
3843720.000000
1437971.000000
4102175.000000
2380729.000000
173056.000000
4462857.000000
4579418.000000
3725332.000000
5971283.000000
4418203.000000
4717780.000000
5748226.000000
241341.000000
2857493.000000
4277401.000000
6054777.000000
554512.000000
1111865.000000
4804127.000000
5283745.000000
3167815.000000
2675326.000000
2281369.000000
5977921.000000
317542.000000
5209049.000000
5516343.000000
5275388.000000
4354420.000000
2307328.000000
3659420.000000
5045081.000000
2637831.000000
2080235.000000
6380252.000000
6260801.000000
5991057.000000
4019661.000000
99404.000000
5562197.000000
5948909.000000
3055133.000000
5389446.000000
6134888.000000
6698454.000000
5418036.000000
3751285.000000
111000.000000
4753752.000000
6049803.000000
5000283.000000
1016833.000000
3983330.000000
4942143.000000
4523171.000000
6940434.000000
2638255.000000
2054165.000000
507815.000000
5985150.000000
1050864.000000
67962.000000
5295984.000000
3436609.000000
5929011.000000
2807173.000000
5991598.000000
1692256.000000
5810202.000000
4521665.000000
5912795.000000
5723096.000000
26579.000000
5097203.000000
479776.000000
2335793.000000
865369.000000
253334.000000
5004428.000000
735923.000000
5111251.000000
4440083.000000
684598.000000
233418.000000
1345573.000000
5638002.000000
4938447.000000
3598138.000000
4044153.000000
176315.000000
4530220.000000
3694176.000000
513878.000000
4960872.000000
253393.000000
6306694.000000
3777484.000000
5613228.000000
3627616.000000
5797449.000000
1295357.000000
3337364.000000
4544341.000000
5953186.000000
1883094.000000
1272878.000000
5352991.000000
1886821.000000
1867669.000000
31341.000000
6165689.000000
5707786.000000
3987718.000000
5642775.000000
1439495.000000
416145.000000
6192582.000000
5418994.000000
3025406.000000
4495112.000000
3317658.000000
2980437.000000
1022537.000000
5954283.000000
6211614.000000
747442.000000
3893580.000000
6457995.000000
5552033.000000
6011749.000000
286832.000000
19605.000000
444156.000000
3868339.000000
5856459.000000
641835.000000
314111.000000
3145724.000000
486609.000000
1378394.000000
6377679.000000
266870.000000
559219.000000
5565419.000000
124933.000000
4252625.000000
4841083.000000
4656396.000000
2390747.000000
256562.000000
4698298.000000
7086061.000000
5394872.000000
462397.000000
6009223.000000
4978609.000000
4472477.000000
559464.000000
5659745.000000
7854353.000000
170830.000000
6085437.000000
3478512.000000
2687737.000000
374427.000000
5581699.000000
5281782.000000
6450692.000000
664884.000000
2929478.000000
5454865.000000
405396.000000
4930270.000000
729456.000000
3851656.000000
3859696.000000
4485285.000000
4253222.000000
2110636.000000
2392062.000000
2471812.000000
2288802.000000
4360571.000000
4708391.000000
2021575.000000
2230072.000000
4207571.000000
6166871.000000
5105873.000000
3593531.000000
776342.000000
1389306.000000
137225.000000
6298372.000000
333871.000000
2102739.000000
4383134.000000
6016984.000000
689352.000000
2059542.000000
2094102.000000
721964.000000
4483650.000000
4514129.000000
1567435.000000
2670587.000000
4554318.000000
5822639.000000
5103081.000000
5053638.000000
4248090.000000
3933547.000000
5581686.000000
100237.000000
3500177.000000
6340425.000000
4307981.000000
3363071.000000
4081955.000000
5821821.000000
353566.000000
4226023.000000
3616881.000000
3829890.000000
71772.000000
3754062.000000
1076627.000000
597564.000000
3928857.000000
4110887.000000
811137.000000
376973.000000
6260288.000000
4318810.000000
4463049.000000
6493925.000000
5171917.000000
3103649.000000
33052.000000
133530.000000
4206032.000000
437426.000000
5126034.000000
5799194.000000
3279886.000000
1053684.000000
5825560.000000
5186291.000000
1157918.000000
6207312.000000
586687.000000
2043390.000000
1095749.000000
5070329.000000
6255147.000000
3241340.000000
4505618.000000
85099.000000
640176.000000
89917.000000
585658.000000
5013639.000000
4051696.000000
4851060.000000
4037422.000000
1150741.000000
4249287.000000
5637268.000000
5419292.000000
1140899.000000
5103051.000000
4118693.000000
6822855.000000
3823713.000000
1868095.000000
4234186.000000
5312115.000000
6702273.000000
535054.000000
4846801.000000
2929537.000000
5676707.000000
1033688.000000
5161778.000000
3706582.000000
5455154.000000
548259.000000
4636636.000000
6868054.000000
4051222.000000
3737811.000000
1622925.000000
21273.000000
4980664.000000
797617.000000
2537088.000000
776477.000000
1679814.000000
184353.000000
4427398.000000
2682954.000000
5145011.000000
1419183.000000
716553.000000
3950145.000000
417868.000000
6540069.000000
4155493.000000
719647.000000
4288768.000000
3737382.000000
4012807.000000
376487.000000
5828272.000000
512272.000000
6574535.000000
1008257.000000
1053762.000000
3055702.000000
2020931.000000
5067443.000000
3933926.000000
3909568.000000
5551633.000000
5396466.000000
5022234.000000
1303773.000000
2326347.000000
1702207.000000
5307078.000000
6175164.000000
67103.000000
3253993.000000
945398.000000
5261815.000000
3944291.000000
5025359.000000
5316500.000000
1247430.000000
5771795.000000
262508.000000
6356159.000000
5241702.000000
6506098.000000
84480.000000
6503836.000000
1173773.000000
5978072.000000
876140.000000
292446.000000
3442010.000000
1608120.000000
3670118.000000
5797543.000000
3534444.000000
417217.000000
31999.000000
1374860.000000
1477602.000000
3576429.000000
881236.000000
70211.000000
4131723.000000
7000060.000000
2112612.000000
4705422.000000
5915792.000000
542218.000000
4728185.000000
598456.000000
5325377.000000
5843166.000000
5427301.000000
4949090.000000
598539.000000
425819.000000
6878528.000000
2263428.000000
1555106.000000
2204915.000000
3951523.000000
1095331.000000
5007618.000000
4630169.000000
5191746.000000
5718455.000000
567170.000000
600503.000000
4324027.000000
1296529.000000
5716699.000000
3855743.000000
3269691.000000
2651816.000000
7001398.000000
5120838.000000
3750524.000000
5522885.000000
4282384.000000
215223.000000
25949.000000
1319147.000000
116210.000000
6403772.000000
2821292.000000
3941918.000000
4049343.000000
309405.000000
6395397.000000
524282.000000
237709.000000
4107677.000000
4589184.000000
4652795.000000
3482994.000000
5445994.000000
2232781.000000
412813.000000
1059958.000000
154151.000000
5167497.000000
286219.000000
2657240.000000
4498525.000000
4174660.000000
4310257.000000
6266815.000000
4851455.000000
5291874.000000
6133253.000000
4468974.000000
4360726.000000
2762136.000000
3124764.000000
2218608.000000
1154635.000000
162011.000000
4632455.000000
602063.000000
4908581.000000
3562434.000000
27126.000000
401379.000000
4325657.000000
4080630.000000
4075361.000000
3242384.000000
1506642.000000
6641472.000000
4964201.000000
5647453.000000
653482.000000
5058126.000000
4249492.000000
474354.000000
6683521.000000
4775349.000000
3297518.000000
70168.000000
4836980.000000
2412728.000000
3671587.000000
2614079.000000
4395913.000000
1098368.000000
5069208.000000
4772804.000000
4392146.000000
4653352.000000
5827039.000000
6194892.000000
4817200.000000
3368153.000000
4973730.000000
2207186.000000
5023020.000000
1129938.000000
4926732.000000
2575016.000000
5056226.000000
1088588.000000
1006836.000000
5976590.000000
1448838.000000
5247261.000000
3371348.000000
415068.000000
5530752.000000
5235278.000000
4358321.000000
135659.000000
4261647.000000
2911384.000000
2612758.000000
1941375.000000
4087697.000000
3676258.000000
7298429.000000
4116764.000000
793960.000000
6479192.000000
3584894.000000
4605264.000000
4377514.000000
848286.000000
656753.000000
5031678.000000
197804.000000
4372437.000000
4284337.000000
4685745.000000
4343791.000000
282789.000000
1266646.000000
4100822.000000
511833.000000
3674831.000000
5563711.000000
464276.000000
5219938.000000
4412879.000000
4002445.000000
4614777.000000
5581707.000000
2576677.000000
5342790.000000
5964682.000000
880837.000000
4873111.000000
689284.000000
5749396.000000
6047308.000000
4813045.000000
3083213.000000
627188.000000
881148.000000
5835825.000000
4063096.000000
1488149.000000
3998882.000000
5526795.000000
6808633.000000
489031.000000
2138155.000000
5475588.000000
3281541.000000
2835731.000000
2306805.000000
3164700.000000
2883351.000000
825766.000000
1010701.000000
1976769.000000
343165.000000
716683.000000
7242476.000000
321804.000000
151088.000000
236040.000000
5935465.000000
5004234.000000
4108643.000000
3231361.000000
3886634.000000
368605.000000
377762.000000
5688550.000000
5338861.000000
3515083.000000
4229513.000000
3862261.000000
2949454.000000
6209170.000000
6062042.000000
5736649.000000
346178.000000
526315.000000
2311133.000000
184677.000000
3966511.000000
2524868.000000
1062814.000000
1779742.000000
6681444.000000
4822643.000000
3373439.000000
1367143.000000
2353097.000000
595200.000000
3359943.000000
4622778.000000
1314884.000000
264900.000000
4598702.000000
1012866.000000
4372893.000000
679574.000000
6034911.000000
6745562.000000
4131498.000000
5635524.000000
4002969.000000
2085173.000000
675402.000000
3702099.000000
494609.000000
1411553.000000
856280.000000
5929501.000000
4405612.000000
1429644.000000
2235992.000000
821858.000000
4751494.000000
5118576.000000
5677441.000000
427706.000000
4796501.000000
3407880.000000
4270050.000000
174809.000000
3638448.000000
5873152.000000
5361647.000000
2840012.000000
2221230.000000
3072407.000000
2726643.000000
2554529.000000
357978.000000
4627665.000000
1346504.000000
4616790.000000
18389.000000
3265168.000000
4772942.000000
4885787.000000
5435566.000000
6852106.000000
148319.000000
5273035.000000
2346806.000000
3115162.000000
5093561.000000
6188655.000000
4022654.000000
4281574.000000
1639856.000000
1020160.000000
2078874.000000
6205365.000000
6061704.000000
6763974.000000
640800.000000
6111800.000000
4320210.000000
450746.000000
5949027.000000
1851452.000000
1963106.000000
974757.000000
5604300.000000
3768429.000000
444075.000000
3426796.000000
6249003.000000
6325117.000000
4172666.000000
1268535.000000
5997746.000000
5583039.000000
4178331.000000
553692.000000
5130159.000000
4941845.000000
1249087.000000
6584237.000000
2810497.000000
5332595.000000
1615077.000000
4218270.000000
3581048.000000
2765695.000000
1288544.000000
3742850.000000
2942264.000000
5780731.000000
2724175.000000
923302.000000
5926109.000000
5155164.000000
6045136.000000
655890.000000
4462681.000000
3494199.000000
195649.000000
4796309.000000
4750157.000000
4921491.000000
5404850.000000
7653944.000000
6125987.000000
5642069.000000
3347900.000000
1525501.000000
6029303.000000
5792562.000000
3479465.000000
642003.000000
1925157.000000
3474709.000000
4997522.000000
5244174.000000
5730789.000000
4482469.000000
6604766.000000
5391560.000000
423103.000000
5932435.000000
3265274.000000
106568.000000
5583708.000000
3985368.000000
6720609.000000
3310380.000000
1775289.000000
225656.000000
897423.000000
4441862.000000
3660537.000000
6559614.000000
5036988.000000
4934072.000000
3238311.000000
6224442.000000
3625933.000000
1398813.000000
6208555.000000
3068401.000000
5917748.000000
2326347.000000
2149579.000000
4557476.000000
2335982.000000
754761.000000
3890039.000000
3108146.000000
5953426.000000
6881816.000000
5708362.000000
6003023.000000
5896551.000000
1518473.000000
1491040.000000
7058673.000000
2355975.000000
7277398.000000
885166.000000
823048.000000
4450458.000000
4991596.000000
925058.000000
3255510.000000
2197132.000000
1711292.000000
6848867.000000
165258.000000
1322734.000000
4578267.000000
5696220.000000
4503751.000000
179693.000000
2180217.000000
5006058.000000
93697.000000
2606422.000000
1014017.000000
2931349.000000
1945956.000000
4625430.000000
3032595.000000
736239.000000
1516308.000000
878996.000000
5919165.000000
4756335.000000
429276.000000
328993.000000
3690449.000000
86548.000000
5062714.000000
894744.000000
421161.000000
5706096.000000
5704821.000000
2966774.000000
6380456.000000
5948667.000000
3093054.000000
3364340.000000
2102038.000000
4503072.000000
1297243.000000
5792836.000000
375798.000000
3224952.000000
2436909.000000
5435931.000000
3718301.000000
4958132.000000
4139770.000000
6197826.000000
567671.000000
4646963.000000
1339919.000000
4931966.000000
1814356.000000
3487475.000000
4794363.000000
85895.000000
5995324.000000
3951761.000000
1622737.000000
4333568.000000
6039266.000000
5419733.000000
3576656.000000
5148953.000000
4146336.000000
1083945.000000
7017150.000000
5306276.000000
384579.000000
5701757.000000
2174353.000000
4622429.000000
4513389.000000
3923864.000000
111409.000000
4040064.000000
2448100.000000
5010324.000000
1955269.000000
6191642.000000
4319730.000000
108751.000000
5007293.000000
670363.000000
6716450.000000
7188845.000000
3673773.000000
4345041.000000
5615977.000000
4505658.000000
4742441.000000
2350173.000000
880643.000000
572085.000000
5012044.000000
5850064.000000
120844.000000
573188.000000
3399668.000000
5759121.000000
3928506.000000
431035.000000
5422558.000000
219716.000000
1364797.000000
2846633.000000
1954572.000000
3682733.000000
3770693.000000
6838459.000000
4132813.000000
694661.000000
6698136.000000
1000278.000000
6107297.000000
5321581.000000
4417133.000000
2635800.000000
4202891.000000
5285214.000000
4334463.000000
5733908.000000
2939628.000000
188879.000000
97846.000000
4158860.000000
761648.000000
4295835.000000
4474076.000000
6173223.000000
25215.000000
3722828.000000
2733764.000000
150691.000000
3397496.000000
6115100.000000
5836806.000000
5103863.000000
379883.000000
4487578.000000
5195224.000000
4288104.000000
4155145.000000
6304322.000000
140963.000000
4383382.000000
1388552.000000
5562932.000000
5656358.000000
735441.000000
6274682.000000
71045.000000
264870.000000
3940378.000000
180479.000000
416723.000000
6742436.000000
5189181.000000
5047642.000000
2341180.000000
4831055.000000
1727560.000000
615486.000000
531277.000000
5321813.000000
2106343.000000
2667595.000000
4205562.000000
6612549.000000
448466.000000
4676433.000000
5086085.000000
89739.000000
4508260.000000
3800690.000000
1682312.000000
5454474.000000
716531.000000
4867508.000000
900530.000000
767947.000000
1174090.000000
6391173.000000
6059353.000000
1267459.000000
450432.000000
1594445.000000
615821.000000
3674114.000000
3927712.000000
7024880.000000
5595296.000000
3830695.000000
456369.000000
3363406.000000
4136948.000000
3189798.000000
5362949.000000
2736927.000000
1445115.000000
2896901.000000
776525.000000
352026.000000
4537154.000000
1734583.000000
4882445.000000
5477481.000000
2359705.000000
5076262.000000
5837333.000000
129413.000000
397175.000000
592567.000000
3847046.000000
1987135.000000
5230346.000000
3319273.000000
4559084.000000
2892243.000000
6718810.000000
6753725.000000
3911916.000000
3684749.000000
5951307.000000
5420314.000000
5885908.000000
963936.000000
3086093.000000
990525.000000
241300.000000
327161.000000
576721.000000
164275.000000
4100003.000000
2086708.000000
3599751.000000
3685141.000000
5348034.000000
2095626.000000
4118226.000000
5308805.000000
4128903.000000
1391719.000000
317787.000000
4731075.000000
4962081.000000
5449266.000000
5940725.000000
5522102.000000
5506584.000000
488108.000000
5693482.000000
3192579.000000
6487045.000000
5469161.000000
3989132.000000
3160300.000000
487169.000000
4842655.000000
1274495.000000
672400.000000
6099015.000000
189312.000000
554496.000000
5422368.000000
2696238.000000
5941938.000000
1493949.000000
5015308.000000
3692777.000000
5954302.000000
4480987.000000
4393906.000000
869208.000000
3569807.000000
5599829.000000
408960.000000
1288410.000000
3124342.000000
1588965.000000
3504336.000000
502460.000000
255060.000000
622660.000000
1325151.000000
6530861.000000
4344166.000000
4206921.000000
