0.000000
0.000000
0.000000
0.000000
0.000000
0.000000
0.000000
0.000000
0.000000
0.000000
0.000000
0.000000
0.000000
0.000000
0.000000
0.000000
0.000000
0.000000
0.000000
0.000000
0.000000
0.000000
0.000000
0.000000
0.000000
0.000000
0.000000
0.000000
0.000000
0.000000
0.000000
0.000000
0.000000
0.000000
0.000000
0.000000
0.000000
0.000000
0.000000
0.000000
0.000000
0.000000
0.000000
0.000000
0.000000
0.000000
0.000000
0.000000
0.000000
0.000000
0.000000
0.000000
0.000000
0.000000
0.000000
0.000000
0.000000
0.000000
0.000000
0.000000
0.000000
0.000000
0.000000
0.000000
0.000000
0.000000
0.000000
0.000000
0.000000
0.000000
0.000000
0.000000
0.000000
0.000000
0.000000
0.000000
0.000000
0.000000
0.000000
0.000000
0.000000
0.000000
0.000000
0.000000
0.000000
0.000000
0.000000
0.000000
0.000000
0.000000
0.000000
0.000000
0.000000
0.000000
0.000000
0.000000
0.000000
0.000000
0.000000
0.000000
0.000000
0.000000
0.000000
0.000000
0.000000
0.000000
0.000000
0.000000
0.000000
0.000000
0.000000
0.000000
0.000000
0.000000
0.000000
0.000000
0.000000
0.000000
0.000000
0.000000
0.000000
0.000000
0.000000
0.000000
0.000000
2701400.000000
1252195.000000
1608149.000000
1811033.000000
906228.000000
1515414.000000
1124333.000000
1463818.000000
1569552.000000
1394794.000000
1209310.000000
1262698.000000
19937.000000
1319216.000000
431745.000000
1772215.000000
1753568.000000
1472384.000000
1805555.000000
955609.000000
1620571.000000
506697.000000
741260.000000
1759595.000000
164694.000000
1584988.000000
1292746.000000
487260.000000
485615.000000
1569719.000000
459425.000000
1672904.000000
937592.000000
1481360.000000
1870224.000000
208563.000000
1725263.000000
1635484.000000
92310.000000
34716.000000
1836063.000000
1226013.000000
1030002.000000
1702111.000000
465007.000000
1602214.000000
1365628.000000
1495313.000000
1581961.000000
1533311.000000
1539297.000000
1699462.000000
610229.000000
1508327.000000
1455587.000000
1749170.000000
1712899.000000
86360.000000
1755343.000000
1768515.000000
1716972.000000
1752256.000000
194753.000000
1822911.000000
830842.000000
1610524.000000
312784.000000
1870963.000000
910199.000000
1306528.000000
635722.000000
332665.000000
413020.000000
1490053.000000
1683447.000000
604985.000000
691348.000000
1508388.000000
85091.000000
1595134.000000
1650447.000000
1276629.000000
1557195.000000
1749699.000000
1567730.000000
1747998.000000
1689316.000000
81415.000000
1595027.000000
1729632.000000
1514887.000000
101920.000000
1288069.000000
1633701.000000
1663706.000000
1743800.000000
1660989.000000
1339082.000000
1154484.000000
1149253.000000
1632230.000000
1153981.000000
1284346.000000
1082911.000000
1600710.000000
1469789.000000
1569971.000000
1522175.000000
1560584.000000
1878958.000000
1023219.000000
1320649.000000
1699760.000000
124493.000000
902831.000000
1895130.000000
1716741.000000
1685092.000000
1562367.000000
1345821.000000
1793742.000000
1359253.000000
1829984.000000
1322024.000000
1654977.000000
1643226.000000
803550.000000
368904.000000
274538.000000
1155546.000000
205231.000000
1431195.000000
1510915.000000
1426924.000000
1624940.000000
1091922.000000
1537219.000000
1708326.000000
1552232.000000
841601.000000
99220.000000
442820.000000
846949.000000
1438375.000000
1245892.000000
1346559.000000
1688608.000000
374803.000000
1241490.000000
1893978.000000
525554.000000
1570948.000000
944486.000000
1272920.000000
1585228.000000
1468603.000000
1680901.000000
777668.000000
423298.000000
1046896.000000
1489144.000000
172617.000000
1400637.000000
1580624.000000
1568567.000000
1434736.000000
838780.000000
1558744.000000
101970.000000
1631356.000000
6798.000000
1713847.000000
1696287.000000
1725760.000000
1784500.000000
657172.000000
1371272.000000
1868129.000000
1370928.000000
1621029.000000
1617040.000000
1493702.000000
539498.000000
1732110.000000
1608536.000000
1546815.000000
1551759.000000
1686022.000000
1627841.000000
375945.000000
1604042.000000
1481362.000000
367421.000000
1657146.000000
1166141.000000
1697494.000000
1727903.000000
978259.000000
121234.000000
1456092.000000
1721598.000000
1852373.000000
1459054.000000
1414079.000000
1292701.000000
1013808.000000
1781930.000000
952946.000000
1415128.000000
1660635.000000
1518756.000000
624340.000000
843009.000000
1729071.000000
1492291.000000
1725706.000000
1215004.000000
931044.000000
1855933.000000
1431287.000000
1867512.000000
1789737.000000
1674310.000000
1487166.000000
1564138.000000
1753642.000000
1572739.000000
1579023.000000
1512012.000000
1546952.000000
1752396.000000
1865291.000000
1697792.000000
626804.000000
1320980.000000
1014861.000000
1452894.000000
1263670.000000
1653515.000000
1530890.000000
1772420.000000
986877.000000
1461385.000000
1587362.000000
680148.000000
1375643.000000
1675436.000000
1661312.000000
868362.000000
1372224.000000
1006780.000000
1523583.000000
1226095.000000
556856.000000
1579482.000000
1641096.000000
1570603.000000
1382253.000000
1660526.000000
1245660.000000
1543918.000000
1135829.000000
1435810.000000
1219131.000000
1538665.000000
1584665.000000
1597191.000000
1042714.000000
551133.000000
1838092.000000
578590.000000
1530561.000000
779501.000000
1257828.000000
1306947.000000
1795080.000000
1577951.000000
841978.000000
1577938.000000
792152.000000
1632438.000000
826481.000000
1467122.000000
1073159.000000
1810787.000000
1647420.000000
1497458.000000
1470436.000000
1614074.000000
228559.000000
1623759.000000
1487611.000000
1577537.000000
1283725.000000
1826178.000000
1537281.000000
1656386.000000
1747425.000000
1286297.000000
1653218.000000
1737037.000000
1630746.000000
1597874.000000
911387.000000
1625023.000000
1759246.000000
1484971.000000
1341755.000000
1484256.000000
1734999.000000
300359.000000
232899.000000
939487.000000
1541977.000000
1424769.000000
1193441.000000
1669321.000000
1818637.000000
1696665.000000
1631072.000000
1617920.000000
1648055.000000
1715273.000000
1421035.000000
1513879.000000
1659045.000000
1567483.000000
1649170.000000
472616.000000
367103.000000
1648328.000000
1607342.000000
1247852.000000
1561933.000000
1693553.000000
1865864.000000
261689.000000
1660333.000000
904137.000000
1484969.000000
1314205.000000
640113.000000
723397.000000
1677997.000000
1386139.000000
1730011.000000
1717003.000000
1732487.000000
1516953.000000
392051.000000
1451697.000000
1518232.000000
1612609.000000
84035.000000
1560778.000000
1571479.000000
97664.000000
1766118.000000
1807546.000000
1693122.000000
120715.000000
1373940.000000
1300517.000000
1595240.000000
1500718.000000
1618701.000000
123664.000000
1410843.000000
1617474.000000
743228.000000
1175012.000000
1712084.000000
1368366.000000
88029.000000
1447744.000000
1753098.000000
1235712.000000
1457690.000000
1493101.000000
498084.000000
463970.000000
1470379.000000
1596848.000000
780264.000000
1863213.000000
1062530.000000
1716987.000000
74652.000000
494032.000000
1486131.000000
1099469.000000
1279255.000000
1410445.000000
1200412.000000
1792033.000000
1565664.000000
1573879.000000
545886.000000
410435.000000
1719917.000000
1653580.000000
1518986.000000
1405960.000000
1792893.000000
1683842.000000
1740967.000000
1622374.000000
1832873.000000
1040423.000000
1830562.000000
1670405.000000
1062324.000000
498670.000000
719632.000000
1750277.000000
1500771.000000
309731.000000
1738442.000000
1720336.000000
1299961.000000
1478798.000000
1518025.000000
264728.000000
1650316.000000
1758164.000000
1613415.000000
1620655.000000
1467721.000000
1684869.000000
1795251.000000
1877055.000000
388076.000000
1585890.000000
1654031.000000
436971.000000
448541.000000
1632152.000000
1471945.000000
1710408.000000
1173522.000000
1790049.000000
348346.000000
1612039.000000
1659302.000000
940431.000000
244286.000000
125530.000000
1712397.000000
1686762.000000
991719.000000
1372834.000000
1640564.000000
1771291.000000
1738767.000000
1525336.000000
1443043.000000
1346530.000000
1793631.000000
689089.000000
1231334.000000
1608807.000000
1640296.000000
1489609.000000
1759787.000000
1423922.000000
1498760.000000
1486345.000000
634979.000000
1052461.000000
1553857.000000
1052713.000000
1632740.000000
1242989.000000
1310219.000000
1710033.000000
1300560.000000
417736.000000
1074752.000000
1735642.000000
1571436.000000
1812473.000000
1688917.000000
1675234.000000
1658912.000000
1605913.000000
334344.000000
1216468.000000
1468411.000000
1547138.000000
1591211.000000
695562.000000
1716524.000000
1714516.000000
898490.000000
1794537.000000
1609526.000000
1041782.000000
928798.000000
616964.000000
1272879.000000
1546370.000000
1595130.000000
1663185.000000
1249665.000000
1360022.000000
1690071.000000
1273861.000000
1588228.000000
1557349.000000
659888.000000
1126899.000000
1704084.000000
1732465.000000
1234953.000000
1479662.000000
1658847.000000
1264718.000000
998088.000000
133282.000000
1541491.000000
1275835.000000
1347411.000000
628723.000000
1422104.000000
1596998.000000
1683065.000000
1759246.000000
1098554.000000
1621477.000000
1491967.000000
109242.000000
1297045.000000
1556973.000000
1080242.000000
1463236.000000
1652470.000000
1155636.000000
1852882.000000
67935.000000
1635572.000000
1424907.000000
1374961.000000
1740469.000000
468553.000000
1668822.000000
1535481.000000
1743086.000000
1340214.000000
1895900.000000
1564938.000000
1921857.000000
1256739.000000
1172258.000000
1492259.000000
1489479.000000
1637045.000000
1641937.000000
940923.000000
1416788.000000
1395313.000000
859456.000000
1551513.000000
126490.000000
1641218.000000
1508294.000000
339159.000000
1475977.000000
1455109.000000
1610917.000000
1474023.000000
1598334.000000
1625517.000000
1452733.000000
745604.000000
1636617.000000
490427.000000
135339.000000
1819350.000000
1339682.000000
830493.000000
1596844.000000
1506976.000000
1591016.000000
1701669.000000
1522912.000000
1712057.000000
653695.000000
1594762.000000
2007484.000000
578912.000000
1738708.000000
1674478.000000
210264.000000
1651914.000000
1502154.000000
1337558.000000
1494711.000000
1278797.000000
1204701.000000
303600.000000
1603663.000000
93213.000000
1745864.000000
13164.000000
487102.000000
1940285.000000
1691057.000000
1629408.000000
541991.000000
1624774.000000
1649186.000000
1575505.000000
1327500.000000
350815.000000
455685.000000
848327.000000
1776935.000000
1797732.000000
1172853.000000
1481255.000000
1616999.000000
1682505.000000
1367515.000000
1562963.000000
894900.000000
322575.000000
496499.000000
1348403.000000
1772708.000000
719388.000000
1565943.000000
864370.000000
1706386.000000
1416905.000000
1571649.000000
1887678.000000
214078.000000
1612372.000000
1163354.000000
1643024.000000
956143.000000
243073.000000
1154558.000000
1827772.000000
1029660.000000
1637767.000000
1186713.000000
1556969.000000
1486341.000000
1293274.000000
1466986.000000
140179.000000
1671550.000000
1572383.000000
925856.000000
1504115.000000
1617540.000000
1723768.000000
1519385.000000
392923.000000
1720281.000000
1575358.000000
1074557.000000
1520906.000000
1862635.000000
1540161.000000
1484072.000000
1764570.000000
411628.000000
1635601.000000
1807198.000000
1895881.000000
1597292.000000
1732576.000000
1502601.000000
1452068.000000
23510.000000
1625174.000000
80692.000000
1034246.000000
1877271.000000
1558086.000000
355362.000000
369061.000000
1206030.000000
1678323.000000
7207.000000
1508821.000000
1637627.000000
1058251.000000
85073.000000
1461446.000000
1646949.000000
496971.000000
124232.000000
1792080.000000
1771400.000000
1045202.000000
1275515.000000
1330540.000000
1739547.000000
1366911.000000
1567503.000000
1604253.000000
1435303.000000
146437.000000
139518.000000
1597639.000000
1623749.000000
1736140.000000
1352499.000000
61117.000000
1570400.000000
1604716.000000
196780.000000
1657745.000000
1218044.000000
1688445.000000
1614515.000000
1904389.000000
1392097.000000
1556224.000000
1201407.000000
229791.000000
1513751.000000
1716000.000000
1337268.000000
1616661.000000
192932.000000
1607992.000000
1178094.000000
1572355.000000
500463.000000
195769.000000
1560991.000000
618462.000000
1651315.000000
1417045.000000
1912176.000000
1796379.000000
1343226.000000
1285988.000000
934653.000000
1714605.000000
1620717.000000
623256.000000
1125754.000000
1476212.000000
1754128.000000
203914.000000
624905.000000
1464511.000000
589700.000000
1369018.000000
150869.000000
42640.000000
1055345.000000
1574006.000000
1673385.000000
1627810.000000
172337.000000
1537541.000000
1626084.000000
1705286.000000
1605828.000000
1743034.000000
1633049.000000
1860243.000000
260183.000000
1624005.000000
186733.000000
1697269.000000
1663389.000000
1284001.000000
143157.000000
1455379.000000
1654206.000000
1780594.000000
1709113.000000
1646851.000000
414770.000000
1458580.000000
1057215.000000
1545608.000000
253100.000000
334416.000000
1682464.000000
1641204.000000
1579959.000000
1392504.000000
1467218.000000
1676211.000000
1041146.000000
1771729.000000
1184624.000000
137756.000000
1473593.000000
1473552.000000
1110850.000000
1396632.000000
1640689.000000
1709317.000000
1642894.000000
1694511.000000
286327.000000
76162.000000
1695668.000000
1466279.000000
1700118.000000
208592.000000
1265295.000000
197350.000000
1778868.000000
282257.000000
1490727.000000
1540529.000000
2045237.000000
1219486.000000
1541863.000000
1753377.000000
1641787.000000
1373999.000000
1195344.000000
1422095.000000
1723888.000000
1549390.000000
683690.000000
69293.000000
1345608.000000
1673609.000000
1332427.000000
1065261.000000
1582884.000000
1610081.000000
1405785.000000
1712630.000000
1674733.000000
1607728.000000
1651233.000000
1512378.000000
1510421.000000
1737604.000000
1329729.000000
1450852.000000
146163.000000
1660266.000000
1056102.000000
1843244.000000
1268240.000000
1198822.000000
1664833.000000
75481.000000
1827122.000000
1623056.000000
1050319.000000
1637352.000000
1732860.000000
1211024.000000
1677227.000000
891188.000000
1014558.000000
1535566.000000
1442147.000000
1904524.000000
141557.000000
1740988.000000
1583544.000000
1555278.000000
984645.000000
734836.000000
1607607.000000
1648485.000000
1458479.000000
939762.000000
1822101.000000
1422858.000000
1584036.000000
1574236.000000
1475987.000000
1622280.000000
1467180.000000
988942.000000
1885799.000000
1793802.000000
236061.000000
1799299.000000
1455295.000000
1258005.000000
1313564.000000
1757465.000000
1372411.000000
1531253.000000
1659257.000000
1577348.000000
1778155.000000
1499901.000000
880499.000000
1257721.000000
1853398.000000
1929069.000000
1797497.000000
1597318.000000
1762248.000000
1267309.000000
689002.000000
1480138.000000
1614465.000000
1591597.000000
1467197.000000
1842162.000000
1726219.000000
1602878.000000
411789.000000
1394883.000000
1665270.000000
1751757.000000
110375.000000
1700157.000000
867798.000000
366638.000000
124935.000000
895633.000000
1737851.000000
1545441.000000
1708130.000000
1571162.000000
1581936.000000
1657699.000000
2104352.000000
756339.000000
1033176.000000
1947645.000000
284958.000000
1645777.000000
1479715.000000
1377274.000000
183910.000000
1368075.000000
1819795.000000
1641201.000000
1616445.000000
1511076.000000
1858419.000000
1406368.000000
1631635.000000
598865.000000
1248238.000000
1030203.000000
737334.000000
1550890.000000
263418.000000
324035.000000
1875377.000000
743757.000000
1156161.000000
1194034.000000
1597573.000000
610724.000000
1769339.000000
1502226.000000
1707915.000000
1574712.000000
1591286.000000
157170.000000
1660491.000000
1469807.000000
916993.000000
1478585.000000
186881.000000
1555854.000000
1223038.000000
1496854.000000
1690469.000000
1187114.000000
1095978.000000
391307.000000
1539891.000000
183024.000000
1710834.000000
1615107.000000
246185.000000
1587163.000000
1837106.000000
1686093.000000
1496376.000000
1494173.000000
261327.000000
1612776.000000
427252.000000
1316699.000000
1733288.000000
1651078.000000
1718043.000000
1770868.000000
531720.000000
954657.000000
1315383.000000
1496337.000000
1741871.000000
1280434.000000
1785556.000000
1463848.000000
1568877.000000
1623074.000000
1499940.000000
1496282.000000
1595116.000000
1653406.000000
166939.000000
754502.000000
1511847.000000
108153.000000
889117.000000
203751.000000
1584282.000000
1868408.000000
1446094.000000
1241488.000000
32740.000000
1726741.000000
1819804.000000
1527272.000000
1346845.000000
1787730.000000
1689382.000000
1591043.000000
1712708.000000
1495175.000000
283926.000000
325252.000000
1582400.000000
1015475.000000
1853677.000000
263066.000000
1761773.000000
24880.000000
59959.000000
1654229.000000
130086.000000
1451922.000000
612200.000000
201818.000000
535175.000000
1180675.000000
1566259.000000
277926.000000
1467087.000000
1489521.000000
1789667.000000
1821135.000000
180902.000000
1536009.000000
1727233.000000
1408016.000000
1515911.000000
1680264.000000
1548846.000000
926940.000000
1910563.000000
1470967.000000
1648396.000000
1734435.000000
1189443.000000
1505827.000000
67022.000000
1545318.000000
1705255.000000
24843.000000
1328411.000000
1573034.000000
1711096.000000
1706911.000000
1325354.000000
601467.000000
1359499.000000
1614778.000000
116535.000000
947322.000000
1352126.000000
741233.000000
1274438.000000
1418401.000000
1895026.000000
804212.000000
1848841.000000
1580170.000000
1202774.000000
641355.000000
911651.000000
1839030.000000
358661.000000
191337.000000
1370301.000000
1296023.000000
1716500.000000
1681628.000000
1998424.000000
538818.000000
1782943.000000
1389089.000000
745569.000000
1803203.000000
1325989.000000
1298724.000000
1842369.000000
1671244.000000
1741338.000000
1614659.000000
1652703.000000
84671.000000
1709273.000000
1701039.000000
1570116.000000
308269.000000
1622540.000000
1660797.000000
119340.000000
102732.000000
1646056.000000
1680265.000000
1553724.000000
1573285.000000
1602976.000000
1563647.000000
1467214.000000
970326.000000
1585605.000000
1481060.000000
1511998.000000
1065222.000000
1543641.000000
479165.000000
1663424.000000
1674303.000000
1710483.000000
1543940.000000
1756636.000000
1756489.000000
229823.000000
1752396.000000
584701.000000
1580780.000000
189415.000000
727623.000000
929969.000000
1414286.000000
962659.000000
1442522.000000
1722469.000000
1784426.000000
1660193.000000
1714752.000000
157285.000000
601297.000000
1678435.000000
1079690.000000
685830.000000
1531124.000000
1577745.000000
1750706.000000
1711278.000000
1476602.000000
1679766.000000
1598188.000000
1575666.000000
1640807.000000
21172.000000
1461034.000000
105785.000000
225959.000000
1726416.000000
1000318.000000
1511560.000000
1736990.000000
1695190.000000
1777900.000000
140911.000000
1673685.000000
1643641.000000
1473952.000000
1191370.000000
1910560.000000
1763384.000000
824559.000000
1737884.000000
1854165.000000
1779203.000000
1629995.000000
1798910.000000
755466.000000
828352.000000
532236.000000
1106038.000000
1659076.000000
1609629.000000
1456810.000000
1619969.000000
1747683.000000
1595144.000000
1433540.000000
1501800.000000
144130.000000
1741766.000000
1595737.000000
1589610.000000
436195.000000
1821401.000000
1599240.000000
1208778.000000
1702828.000000
921573.000000
1810022.000000
1686610.000000
1367516.000000
1498775.000000
1626128.000000
1826686.000000
1917288.000000
14156.000000
1734562.000000
1299284.000000
29766.000000
1688078.000000
1391422.000000
1460585.000000
1471125.000000
1754773.000000
1701646.000000
1184214.000000
1549700.000000
92335.000000
1505338.000000
1571624.000000
1438349.000000
761439.000000
1254075.000000
1670257.000000
1676708.000000
1464525.000000
86726.000000
1781712.000000
745059.000000
1698170.000000
273028.000000
1699368.000000
1022272.000000
1851036.000000
1698491.000000
1683355.000000
576137.000000
1843247.000000
442259.000000
1780179.000000
1781969.000000
227826.000000
1636023.000000
1754848.000000
1352489.000000
149219.000000
1568710.000000
1575008.000000
510714.000000
497823.000000
1680389.000000
1659507.000000
382538.000000
515645.000000
1587494.000000
1552741.000000
1103442.000000
1879015.000000
1015360.000000
669000.000000
878649.000000
1578935.000000
471869.000000
1761773.000000
69419.000000
1396021.000000
515641.000000
1569158.000000
1797741.000000
300086.000000
1564284.000000
1702231.000000
795893.000000
1658470.000000
1708707.000000
1602144.000000
1424172.000000
124368.000000
825129.000000
336932.000000
1512502.000000
94310.000000
675410.000000
1571464.000000
594127.000000
1529968.000000
1797876.000000
1747995.000000
1850720.000000
905570.000000
1646290.000000
791346.000000
1336266.000000
1578840.000000
1564822.000000
617944.000000
1620455.000000
1257702.000000
23221.000000
25445.000000
1786190.000000
1337299.000000
6881.000000
1699946.000000
1702709.000000
1413523.000000
221660.000000
1284887.000000
1515163.000000
1486905.000000
1571138.000000
720514.000000
420610.000000
1608984.000000
1604091.000000
1538512.000000
1606146.000000
1198978.000000
1322248.000000
1563687.000000
1743064.000000
1567022.000000
1476679.000000
1685358.000000
1547714.000000
975175.000000
1694345.000000
534149.000000
1832117.000000
1525382.000000
1584384.000000
809209.000000
1250368.000000
1093706.000000
22559.000000
1516265.000000
1651487.000000
1584599.000000
1476719.000000
1650871.000000
1666892.000000
1537957.000000
995949.000000
805135.000000
1507486.000000
1642569.000000
1718583.000000
1790468.000000
249121.000000
1413535.000000
1317541.000000
1761315.000000
1377071.000000
1398283.000000
405606.000000
1633581.000000
565327.000000
1286385.000000
1004667.000000
1704952.000000
573958.000000
1184115.000000
1576195.000000
1639939.000000
665795.000000
1552860.000000
976324.000000
1806320.000000
1309422.000000
173704.000000
1406181.000000
1545823.000000
1654370.000000
1702726.000000
1570865.000000
1417814.000000
1630093.000000
223474.000000
1295210.000000
1696472.000000
1471678.000000
478462.000000
975224.000000
1681044.000000
1531202.000000
1491803.000000
1525096.000000
1329077.000000
1687371.000000
312341.000000
1768245.000000
1545377.000000
1691611.000000
1822565.000000
1413494.000000
1602137.000000
1675997.000000
1235973.000000
1387107.000000
1833308.000000
1840638.000000
1570322.000000
1735915.000000
105494.000000
1577917.000000
1454792.000000
1528869.000000
1545913.000000
1562163.000000
1747099.000000
1617789.000000
1593487.000000
122671.000000
1676262.000000
1937491.000000
1692497.000000
789113.000000
1563884.000000
1743549.000000
1797197.000000
1674187.000000
1527153.000000
1197873.000000
428190.000000
1558475.000000
959712.000000
96829.000000
1806979.000000
1862540.000000
1758713.000000
1572252.000000
1427215.000000
1050166.000000
1901147.000000
1684591.000000
1592476.000000
1678766.000000
24325.000000
1382626.000000
504173.000000
1213332.000000
610789.000000
210628.000000
1463939.000000
619120.000000
1730066.000000
1555066.000000
614110.000000
181531.000000
952516.000000
1796181.000000
1624962.000000
1683239.000000
1540408.000000
169820.000000
1565081.000000
1235903.000000
511896.000000
1637223.000000
237836.000000
1596129.000000
1699230.000000
1691698.000000
1706581.000000
1872699.000000
915589.000000
1473084.000000
1670994.000000
1807546.000000
1228939.000000
983409.000000
1707084.000000
1198932.000000
1146408.000000
21168.000000
1706351.000000
1619150.000000
1536019.000000
1673974.000000
1033980.000000
441683.000000
1796704.000000
1632575.000000
1560686.000000
1509846.000000
1633791.000000
1492616.000000
786597.000000
1607908.000000
1668858.000000
631693.000000
1519105.000000
1840715.000000
1707236.000000
1722170.000000
240014.000000
19943.000000
469712.000000
1620392.000000
1638912.000000
690262.000000
232260.000000
1420885.000000
453570.000000
1088250.000000
1591440.000000
263956.000000
466964.000000
1797826.000000
160704.000000
1604589.000000
1714336.000000
1732767.000000
1427122.000000
218865.000000
1573091.000000
1480833.000000
1514738.000000
473207.000000
1670491.000000
1446558.000000
1487451.000000
539966.000000
1853350.000000
1739056.000000
179695.000000
1724087.000000
1569753.000000
1467874.000000
373010.000000
1498404.000000
1671038.000000
1715176.000000
817141.000000
1534107.000000
1887635.000000
391207.000000
1530835.000000
665662.000000
1736219.000000
1289551.000000
1748386.000000
1631899.000000
1318562.000000
1369961.000000
1449911.000000
1406522.000000
1395390.000000
1521019.000000
1306454.000000
1148187.000000
1419356.000000
1565106.000000
1671393.000000
1675479.000000
722843.000000
1032978.000000
132080.000000
1594426.000000
296942.000000
1371480.000000
1584167.000000
1680741.000000
590386.000000
1233206.000000
1413987.000000
620070.000000
1315929.000000
1550127.000000
862544.000000
1466603.000000
1493352.000000
1679870.000000
1304976.000000
1758741.000000
1518717.000000
1491019.000000
1740921.000000
75559.000000
1296804.000000
1703078.000000
1816701.000000
1637064.000000
1762951.000000
1726519.000000
184528.000000
1732959.000000
1507437.000000
1548716.000000
71766.000000
1769975.000000
1004674.000000
565895.000000
1018999.000000
1365314.000000
711438.000000
293860.000000
1556263.000000
1572835.000000
1509353.000000
1878499.000000
1551302.000000
1527365.000000
29357.000000
132363.000000
1536886.000000
434386.000000
1619708.000000
1607719.000000
1462748.000000
705412.000000
1689736.000000
1608513.000000
860444.000000
1562819.000000
472386.000000
1219354.000000
689883.000000
1715775.000000
1618035.000000
1626626.000000
1573246.000000
82723.000000
519107.000000
89518.000000
460618.000000
1778901.000000
1457471.000000
1505286.000000
1531412.000000
993364.000000
1456779.000000
1649565.000000
1543572.000000
980037.000000
1624259.000000
1355394.000000
1723516.000000
1521614.000000
1261110.000000
1088126.000000
1680205.000000
1659433.000000
473626.000000
1343717.000000
1270274.000000
1713504.000000
782231.000000
1699168.000000
1467600.000000
1738771.000000
524089.000000
1711908.000000
1719775.000000
1479280.000000
1592412.000000
1213327.000000
22995.000000
1736520.000000
756805.000000
1437675.000000
539811.000000
1070575.000000
144378.000000
1675963.000000
1395596.000000
1463250.000000
1000944.000000
433340.000000
1762445.000000
366079.000000
1896786.000000
1545052.000000
577047.000000
1646836.000000
1474969.000000
1570893.000000
395057.000000
1646574.000000
405744.000000
1779151.000000
763469.000000
873129.000000
1549205.000000
1425794.000000
1659971.000000
1530653.000000
1734085.000000
1756529.000000
1715114.000000
1662743.000000
781797.000000
1454319.000000
1242801.000000
1636026.000000
1472521.000000
68901.000000
1636626.000000
669761.000000
1581810.000000
1339004.000000
1861348.000000
1553305.000000
963283.000000
1696202.000000
230393.000000
1749638.000000
1765606.000000
1639643.000000
79270.000000
1670103.000000
772688.000000
1865087.000000
759785.000000
239869.000000
1480779.000000
872971.000000
1453170.000000
1609890.000000
1588923.000000
409443.000000
23822.000000
1032799.000000
1202124.000000
1668530.000000
825502.000000
52977.000000
1170002.000000
1635807.000000
1295733.000000
1627761.000000
1665232.000000
459088.000000
1682385.000000
589506.000000
1738912.000000
1760093.000000
1885921.000000
1729708.000000
510205.000000
320907.000000
1742173.000000
1340363.000000
1219694.000000
1244309.000000
1794365.000000
952021.000000
1948275.000000
1531732.000000
1755339.000000
1684460.000000
566162.000000
583295.000000
1458094.000000
956747.000000
1769483.000000
1666777.000000
1139981.000000
1364709.000000
1664865.000000
1304770.000000
1626848.000000
1639990.000000
1694304.000000
203287.000000
22034.000000
739217.000000
83239.000000
1642215.000000
1606088.000000
1458369.000000
1585217.000000
258877.000000
1542797.000000
585992.000000
240930.000000
1895831.000000
1423917.000000
1688875.000000
1504856.000000
1641527.000000
1261582.000000
420358.000000
737974.000000
136111.000000
1317488.000000
246639.000000
1286086.000000
1576195.000000
1468010.000000
1540620.000000
1980915.000000
1461228.000000
1406299.000000
1468249.000000
1773383.000000
1581567.000000
937877.000000
1348948.000000
970836.000000
745717.000000
189739.000000
1725259.000000
548916.000000
1544839.000000
1475414.000000
24304.000000
503410.000000
1818524.000000
1678243.000000
1601303.000000
1300912.000000
604350.000000
1607790.000000
1680792.000000
1410367.000000
635812.000000
1538124.000000
1706839.000000
433426.000000
1994225.000000
1716561.000000
1581459.000000
55190.000000
1627640.000000
1207362.000000
1576875.000000
1529424.000000
1702010.000000
892333.000000
1615192.000000
1773173.000000
1727674.000000
1667992.000000
1552596.000000
1557858.000000
1757853.000000
1591173.000000
1537848.000000
1275664.000000
1522132.000000
949222.000000
1662400.000000
1464959.000000
1569600.000000
818283.000000
765991.000000
1742369.000000
961762.000000
1632054.000000
1368567.000000
366484.000000
1707594.000000
1424769.000000
1602666.000000
120939.000000
1718559.000000
1409781.000000
1491422.000000
1181190.000000
1780022.000000
1594779.000000
1523499.000000
1728373.000000
753880.000000
1753137.000000
1436582.000000
1504139.000000
1641148.000000
849491.000000
688750.000000
1762938.000000
222250.000000
1601242.000000
1655734.000000
1483005.000000
1574928.000000
241435.000000
1080675.000000
940743.000000
410175.000000
1748136.000000
1419300.000000
437748.000000
1572929.000000
1747841.000000
1631843.000000
1581753.000000
1451214.000000
1436310.000000
1638217.000000
1562673.000000
799243.000000
1703835.000000
583844.000000
1690789.000000
1905551.000000
1560250.000000
1539387.000000
506679.000000
959224.000000
1691887.000000
1447960.000000
1062163.000000
1421297.000000
1771661.000000
1492488.000000
388182.000000
1295289.000000
1655292.000000
1614164.000000
1503604.000000
1168783.000000
1238971.000000
1458386.000000
530406.000000
824125.000000
1247079.000000
235252.000000
744376.000000
1757797.000000
266273.000000
129567.000000
201084.000000
1528114.000000
1574257.000000
1868988.000000
1387367.000000
1519787.000000
385506.000000
346662.000000
1587383.000000
1725257.000000
1805086.000000
1589332.000000
1698170.000000
1471626.000000
1588907.000000
1395827.000000
1849188.000000
265450.000000
427014.000000
1208369.000000
155453.000000
1829330.000000
1429435.000000
743266.000000
1184303.000000
1646429.000000
1661799.000000
1617103.000000
1070437.000000
1361033.000000
609457.000000
1602549.000000
1602755.000000
1036118.000000
215101.000000
1659209.000000
749039.000000
1618931.000000
624898.000000
1640644.000000
1750554.000000
1542053.000000
1622846.000000
1527673.000000
1244306.000000
603373.000000
1503200.000000
389099.000000
1153916.000000
728516.000000
1595378.000000
1696933.000000
980383.000000
1304720.000000
521159.000000
1698585.000000
1620357.000000
1664831.000000
395194.000000
1542103.000000
1625209.000000
1401927.000000
154793.000000
1631708.000000
1738174.000000
1599971.000000
1084247.000000
1408454.000000
1635024.000000
1115935.000000
1376520.000000
445630.000000
1595102.000000
1016296.000000
1524591.000000
12534.000000
1421552.000000
1797927.000000
1761326.000000
1788373.000000
1987556.000000
147121.000000
1841240.000000
1377626.000000
1472719.000000
1453913.000000
1907526.000000
1552211.000000
1624154.000000
1042316.000000
752237.000000
1064034.000000
1505421.000000
1537869.000000
1694856.000000
586415.000000
1609354.000000
1749472.000000
390376.000000
1827882.000000
919884.000000
1266881.000000
683009.000000
1727745.000000
1520648.000000
384843.000000
1549992.000000
1730911.000000
1750851.000000
1570068.000000
835197.000000
1611737.000000
1689302.000000
1636950.000000
625886.000000
1703065.000000
1544107.000000
1096027.000000
1633934.000000
1428376.000000
1705631.000000
1064663.000000
1540952.000000
1514974.000000
1514709.000000
991567.000000
1524161.000000
1621562.000000
1743543.000000
1583469.000000
844613.000000
1806354.000000
1835771.000000
1601554.000000
667879.000000
1487664.000000
1697877.000000
153885.000000
1604133.000000
1545983.000000
1781107.000000
1704677.000000
1719751.000000
1523767.000000
1675963.000000
1745890.000000
1238736.000000
1569315.000000
1722056.000000
1581393.000000
641902.000000
1124382.000000
1776643.000000
1142909.000000
1757247.000000
1714381.000000
1660560.000000
1413449.000000
1837172.000000
448036.000000
1809182.000000
1443463.000000
123905.000000
1648127.000000
1341441.000000
1709507.000000
1452077.000000
1232959.000000
248809.000000
664114.000000
1464842.000000
1527285.000000
1611705.000000
1646729.000000
1333587.000000
1677810.000000
1500062.000000
1628416.000000
928493.000000
1806504.000000
1505895.000000
1359380.000000
1274150.000000
1135521.000000
1465307.000000
1133517.000000
687421.000000
1416600.000000
1719330.000000
1327233.000000
1543937.000000
1767476.000000
1586934.000000
1639454.000000
1223016.000000
1057343.000000
1672443.000000
1165070.000000
1506274.000000
636664.000000
802567.000000
1766965.000000
1487479.000000
693049.000000
1404725.000000
1348556.000000
1191108.000000
1682464.000000
166025.000000
996484.000000
1775435.000000
1717015.000000
1446838.000000
215349.000000
1200554.000000
1779033.000000
85325.000000
1670095.000000
744908.000000
1310115.000000
1283404.000000
1410273.000000
1299013.000000
608764.000000
1197925.000000
781715.000000
1909294.000000
1654294.000000
393412.000000
350009.000000
1536372.000000
79750.000000
1709423.000000
891350.000000
337560.000000
1305960.000000
1737663.000000
1469782.000000
1709148.000000
1829907.000000
1664956.000000
1538698.000000
1006648.000000
1746405.000000
878425.000000
1618958.000000
429995.000000
1465680.000000
1369303.000000
1564116.000000
1912317.000000
1576114.000000
1882997.000000
1761791.000000
585696.000000
1707027.000000
991666.000000
1606304.000000
1074992.000000
1647040.000000
1463935.000000
74888.000000
1496780.000000
1488955.000000
1112150.000000
1678816.000000
1636611.000000
1667358.000000
1792996.000000
1799057.000000
1571411.000000
797801.000000
1644377.000000
1799070.000000
358878.000000
1845203.000000
1134929.000000
1580820.000000
1725444.000000
1361192.000000
105441.000000
1507590.000000
1370008.000000
1499240.000000
1145689.000000
1613396.000000
1890934.000000
93514.000000
1578813.000000
563918.000000
1571338.000000
1548810.000000
1389274.000000
1659253.000000
1690214.000000
1576546.000000
1916620.000000
1322096.000000
700045.000000
547523.000000
1427209.000000
1408085.000000
76042.000000
385623.000000
1369000.000000
1385839.000000
1570138.000000
505700.000000
1519702.000000
125218.000000
1017056.000000
1527758.000000
1312164.000000
1504066.000000
1700087.000000
1584871.000000
1590523.000000
612342.000000
1663876.000000
822696.000000
1496979.000000
1691911.000000
1625643.000000
1352008.000000
1809277.000000
1492712.000000
1723790.000000
1549421.000000
1549716.000000
161366.000000
89083.000000
1966332.000000
688286.000000
1648534.000000
1793509.000000
1442733.000000
21699.000000
1773248.000000
1573058.000000
251150.000000
1387024.000000
1777068.000000
1601231.000000
1499199.000000
320192.000000
1757731.000000
1662327.000000
1522659.000000
1629135.000000
1655142.000000
166920.000000
1556272.000000
1080081.000000
1907844.000000
1675652.000000
554275.000000
1776785.000000
73897.000000
178068.000000
1654422.000000
177176.000000
337087.000000
1693847.000000
1562180.000000
1604250.000000
1275796.000000
1502030.000000
1058687.000000
585269.000000
424581.000000
1493302.000000
1379969.000000
1273042.000000
1380400.000000
1729624.000000
435884.000000
1242269.000000
1642502.000000
72121.000000
1507046.000000
1810272.000000
1157204.000000
1670874.000000
621153.000000
1747765.000000
829488.000000
441939.000000
758206.000000
1752787.000000
1350180.000000
1192245.000000
355141.000000
970493.000000
459745.000000
1451833.000000
1670566.000000
1717729.000000
1381286.000000
1437846.000000
412557.000000
1405779.000000
1413503.000000
1589996.000000
1733558.000000
1478581.000000
1108602.000000
1432645.000000
838759.000000
343275.000000
1410273.000000
1180862.000000
1639075.000000
1603481.000000
1188942.000000
1653583.000000
1566927.000000
108978.000000
395261.000000
529508.000000
1638482.000000
1184526.000000
1608360.000000
1625174.000000
1559351.000000
1591820.000000
1583994.000000
1794065.000000
1577205.000000
1342235.000000
1635674.000000
1772736.000000
1634188.000000
772559.000000
1698563.000000
938478.000000
212003.000000
243965.000000
468641.000000
230194.000000
1274953.000000
1313038.000000
1436973.000000
1508100.000000
1692606.000000
1123620.000000
1541421.000000
1627691.000000
1465131.000000
1018443.000000
220082.000000
1568604.000000
1432419.000000
1773818.000000
1575792.000000
1806648.000000
1522688.000000
400792.000000
1611648.000000
1554490.000000
1579669.000000
1744203.000000
1628615.000000
1612336.000000
481657.000000
1790876.000000
1207889.000000
606538.000000
1788494.000000
177329.000000
471775.000000
1623018.000000
1556547.000000
1782141.000000
1172856.000000
1504751.000000
1845418.000000
1627029.000000
1519296.000000
1711345.000000
644534.000000
1376605.000000
1707163.000000
424567.000000
1012402.000000
1667376.000000
1045625.000000
1750287.000000
335808.000000
259827.000000
463085.000000
1017186.000000
1605106.000000
1419219.000000
1624039.000000
