0.000000
0.000000
0.000000
0.000000
0.000000
0.000000
0.000000
0.000000
0.000000
0.000000
0.000000
0.000000
0.000000
0.000000
0.000000
0.000000
0.000000
0.000000
0.000000
0.000000
0.000000
0.000000
0.000000
0.000000
0.000000
0.000000
0.000000
0.000000
0.000000
0.000000
0.000000
0.000000
0.000000
0.000000
0.000000
0.000000
0.000000
0.000000
0.000000
0.000000
0.000000
0.000000
0.000000
0.000000
0.000000
0.000000
0.000000
0.000000
0.000000
0.000000
0.000000
0.000000
0.000000
0.000000
0.000000
0.000000
0.000000
0.000000
0.000000
0.000000
0.000000
0.000000
0.000000
0.000000
0.000000
0.000000
0.000000
0.000000
0.000000
0.000000
0.000000
0.000000
0.000000
0.000000
0.000000
0.000000
0.000000
0.000000
0.000000
0.000000
0.000000
0.000000
0.000000
0.000000
0.000000
0.000000
0.000000
0.000000
0.000000
0.000000
0.000000
0.000000
0.000000
0.000000
0.000000
0.000000
0.000000
0.000000
0.000000
0.000000
0.000000
0.000000
0.000000
0.000000
0.000000
0.000000
0.000000
0.000000
0.000000
0.000000
0.000000
0.000000
0.000000
0.000000
0.000000
0.000000
0.000000
0.000000
0.000000
0.000000
0.000000
0.000000
0.000000
0.000000
0.000000
0.000000
0.000000
0.000000
0.000000
0.000000
0.000000
0.000000
0.000000
0.000000
0.000000
0.000000
3071930.000000
17594.000000
1362550.000000
418181.000000
1759608.000000
1824596.000000
1941375.000000
1793080.000000
1000335.000000
2173268.000000
557025.000000
921800.000000
1907086.000000
155113.000000
1669329.000000
1317469.000000
489961.000000
646817.000000
1910734.000000
589587.000000
1902217.000000
1021188.000000
1596148.000000
1782803.000000
177084.000000
1770748.000000
1918434.000000
142351.000000
48733.000000
1869395.000000
1305170.000000
1094841.000000
2026950.000000
581193.000000
1919632.000000
1430448.000000
1498414.000000
1665445.000000
1675639.000000
1636424.000000
1745037.000000
611635.000000
1630101.000000
1607691.000000
1793819.000000
1589410.000000
120695.000000
2214905.000000
1777576.000000
1925011.000000
2078943.000000
229911.000000
1691624.000000
893346.000000
1987047.000000
280432.000000
2051940.000000
1108235.000000
1395833.000000
751520.000000
406792.000000
406643.000000
1684725.000000
1849882.000000
701296.000000
706603.000000
1721079.000000
75774.000000
1593820.000000
1682317.000000
1185784.000000
1758049.000000
1763862.000000
1598776.000000
1591476.000000
1551504.000000
77859.000000
2004792.000000
1633727.000000
1585686.000000
132662.000000
1367434.000000
1944085.000000
1730198.000000
1643694.000000
1948188.000000
1462133.000000
1226935.000000
1097931.000000
1981394.000000
1226971.000000
1392728.000000
1285029.000000
2118297.000000
1613274.000000
1662760.000000
1866370.000000
1624278.000000
1773755.000000
1141133.000000
1255505.000000
1574080.000000
118320.000000
876348.000000
1845669.000000
1675385.000000
1862251.000000
1855450.000000
1785978.000000
1840132.000000
1450070.000000
1888370.000000
1512678.000000
1930575.000000
2034509.000000
1073071.000000
395149.000000
289423.000000
1135637.000000
217245.000000
1970902.000000
2003909.000000
1982936.000000
1682323.000000
1160186.000000
1543025.000000
1812520.000000
1732864.000000
805427.000000
97992.000000
472821.000000
905737.000000
1476066.000000
1358105.000000
1832718.000000
1791326.000000
333585.000000
1813685.000000
2068164.000000
578450.000000
1963602.000000
1043963.000000
1437339.000000
1524211.000000
1672208.000000
2185576.000000
815239.000000
452373.000000
1025688.000000
1586010.000000
162698.000000
1458179.000000
1847485.000000
1649584.000000
1603364.000000
837373.000000
1719017.000000
116169.000000
1713035.000000
9023.000000
1657609.000000
1569665.000000
1859390.000000
1885244.000000
652798.000000
1230631.000000
1802184.000000
1700268.000000
1911143.000000
1921042.000000
1457866.000000
634697.000000
1753292.000000
1758641.000000
1623747.000000
1712135.000000
1934931.000000
1905318.000000
384811.000000
1762671.000000
1678092.000000
298478.000000
2043406.000000
1268300.000000
1943309.000000
1992745.000000
1038491.000000
135515.000000
1798428.000000
1870656.000000
1871643.000000
1842856.000000
1618492.000000
1471197.000000
1088583.000000
2041314.000000
1116501.000000
1607957.000000
1703323.000000
1667115.000000
741677.000000
907181.000000
1864295.000000
1588170.000000
1828889.000000
1301003.000000
972691.000000
1742235.000000
1535397.000000
1900033.000000
1737799.000000
1727628.000000
1863244.000000
1686582.000000
1995199.000000
1996386.000000
1897789.000000
2012323.000000
1890279.000000
1908457.000000
2165094.000000
1826169.000000
780883.000000
1585174.000000
1177985.000000
1830967.000000
1258212.000000
1753575.000000
1816430.000000
1940791.000000
976410.000000
1424468.000000
1927565.000000
671029.000000
1699118.000000
2048188.000000
1708544.000000
889128.000000
1678416.000000
1076348.000000
1453591.000000
1072089.000000
576957.000000
1816393.000000
1819235.000000
1849809.000000
1481835.000000
1820274.000000
1304870.000000
1588456.000000
1258610.000000
1684644.000000
1311075.000000
1716235.000000
1600964.000000
1554662.000000
1082151.000000
601243.000000
1882023.000000
630354.000000
1652946.000000
922035.000000
1349580.000000
1549339.000000
2077258.000000
1879002.000000
919857.000000
1890929.000000
799866.000000
1555598.000000
1014445.000000
1535564.000000
1073115.000000
1687926.000000
1778924.000000
1596003.000000
1531195.000000
1861635.000000
248458.000000
2005776.000000
2181467.000000
1825190.000000
1367254.000000
2086547.000000
1784644.000000
1679895.000000
1995020.000000
1416952.000000
1965825.000000
1876268.000000
1946521.000000
1823197.000000
923603.000000
1901090.000000
2094494.000000
1740596.000000
1792047.000000
1750918.000000
1611578.000000
317175.000000
282741.000000
1039725.000000
1825857.000000
1533781.000000
1252833.000000
1891235.000000
1797662.000000
1802987.000000
1768149.000000
1665032.000000
1687939.000000
1702483.000000
1665715.000000
1642818.000000
1860333.000000
2042767.000000
1705925.000000
501181.000000
327614.000000
2077806.000000
1804292.000000
1262150.000000
1856073.000000
1731530.000000
2039002.000000
252021.000000
1750242.000000
947528.000000
1888263.000000
1455767.000000
714437.000000
699361.000000
1879284.000000
1555931.000000
1920871.000000
1650394.000000
1852694.000000
1972234.000000
301853.000000
1557404.000000
1401318.000000
1888680.000000
120540.000000
1821143.000000
1702873.000000
105065.000000
1722994.000000
1734697.000000
1817368.000000
131516.000000
1563264.000000
1426538.000000
1937769.000000
1676269.000000
1706205.000000
134493.000000
1535177.000000
1850244.000000
802058.000000
1310283.000000
1777085.000000
1413961.000000
90489.000000
1621854.000000
1607766.000000
1382932.000000
1522534.000000
1634271.000000
448837.000000
429001.000000
1547725.000000
1707084.000000
795300.000000
1873392.000000
1109808.000000
1808748.000000
83892.000000
528474.000000
1723819.000000
1123448.000000
1287030.000000
1392107.000000
1395421.000000
1926160.000000
1744450.000000
1690558.000000
478688.000000
361555.000000
1874596.000000
1891024.000000
1842160.000000
1763536.000000
2022889.000000
2049323.000000
1823452.000000
1830166.000000
1826921.000000
1198884.000000
1728508.000000
2087675.000000
1455579.000000
566363.000000
656277.000000
1743975.000000
1598998.000000
269495.000000
1733876.000000
2105625.000000
1404372.000000
1780878.000000
1833651.000000
274000.000000
1807895.000000
1914515.000000
1754396.000000
1600628.000000
1820752.000000
1864428.000000
1856101.000000
1859751.000000
438532.000000
1686544.000000
1858636.000000
464220.000000
467889.000000
1745537.000000
1383685.000000
1951100.000000
1322438.000000
2015420.000000
394043.000000
1738519.000000
1990651.000000
1000612.000000
252557.000000
117332.000000
1733821.000000
1911898.000000
1014445.000000
1607794.000000
1900668.000000
2151790.000000
1926222.000000
1768253.000000
1780920.000000
1422044.000000
2030709.000000
740385.000000
1222755.000000
1944085.000000
1942414.000000
1555678.000000
1952384.000000
1676579.000000
1655231.000000
1740026.000000
704307.000000
1076036.000000
1663640.000000
1112134.000000
1796863.000000
1260520.000000
1417497.000000
2041073.000000
1527670.000000
387054.000000
1092025.000000
1719022.000000
1790729.000000
2047591.000000
1920273.000000
1602103.000000
1815120.000000
1752536.000000
264330.000000
1476110.000000
1526717.000000
1628265.000000
1734982.000000
738283.000000
1792716.000000
1871054.000000
962370.000000
1820894.000000
1663583.000000
1202288.000000
1029156.000000
703500.000000
1271171.000000
1988749.000000
1996877.000000
1713632.000000
1286939.000000
1481103.000000
1878079.000000
1396759.000000
1808540.000000
2014525.000000
770029.000000
1170959.000000
2106996.000000
1524017.000000
1281501.000000
1809334.000000
1901759.000000
1302313.000000
994855.000000
136569.000000
1636102.000000
1373904.000000
1844468.000000
634588.000000
1820746.000000
1809613.000000
1943326.000000
2100818.000000
1142559.000000
1869269.000000
1798209.000000
109305.000000
1491697.000000
1467496.000000
1163420.000000
1694726.000000
1816261.000000
1229575.000000
1981757.000000
78288.000000
1715826.000000
1484556.000000
1478204.000000
1909898.000000
570207.000000
1717015.000000
1729292.000000
1935384.000000
1624423.000000
1955723.000000
1578997.000000
1868810.000000
1348560.000000
1259425.000000
1642572.000000
2027366.000000
2095220.000000
1651847.000000
969025.000000
1608366.000000
1757415.000000
860925.000000
1865497.000000
131690.000000
1666114.000000
1863875.000000
360014.000000
1896638.000000
1468839.000000
1750387.000000
1566643.000000
1903695.000000
1920659.000000
1418435.000000
822306.000000
1625237.000000
439645.000000
138357.000000
1965043.000000
1321520.000000
955197.000000
1773716.000000
1613107.000000
1715310.000000
1909780.000000
1531664.000000
2223122.000000
784974.000000
1785741.000000
1745659.000000
641270.000000
2024188.000000
1965071.000000
205595.000000
1813623.000000
1705378.000000
1627673.000000
2075023.000000
1354599.000000
1169900.000000
326156.000000
2219874.000000
114943.000000
1945498.000000
14784.000000
508640.000000
1781161.000000
1921055.000000
1534495.000000
594874.000000
1913280.000000
1835199.000000
1755457.000000
1290837.000000
388364.000000
503328.000000
971038.000000
1928784.000000
2002979.000000
1370321.000000
1666141.000000
1993973.000000
1726976.000000
1261453.000000
1712315.000000
923852.000000
351027.000000
528289.000000
1535217.000000
2019572.000000
811377.000000
1760889.000000
915890.000000
1867124.000000
1756653.000000
1957912.000000
1956205.000000
268995.000000
1772840.000000
1117462.000000
1931597.000000
1087984.000000
240651.000000
1365736.000000
1779820.000000
1058780.000000
1626544.000000
1295842.000000
1564810.000000
1654806.000000
1354608.000000
1688676.000000
161830.000000
1710608.000000
1683294.000000
944959.000000
1775753.000000
1715955.000000
1687995.000000
1757080.000000
497140.000000
1916826.000000
1888183.000000
1248011.000000
1547592.000000
1836773.000000
1960662.000000
1666950.000000
1822829.000000
411678.000000
1734601.000000
1918328.000000
1631321.000000
1612688.000000
1856158.000000
1758788.000000
1590355.000000
25960.000000
1704338.000000
63670.000000
1065427.000000
1924102.000000
1805130.000000
330130.000000
314317.000000
1553024.000000
1802431.000000
6624.000000
1901823.000000
1708758.000000
1161036.000000
104354.000000
1721725.000000
2071995.000000
491304.000000
132204.000000
1885147.000000
1701768.000000
1070137.000000
1363735.000000
1501853.000000
1859176.000000
1570658.000000
1557432.000000
1681828.000000
1779887.000000
194052.000000
159587.000000
1827067.000000
1725992.000000
2036389.000000
1534767.000000
53839.000000
2007889.000000
1810932.000000
204319.000000
1838924.000000
1360570.000000
1936137.000000
1748873.000000
1744381.000000
1510078.000000
1674575.000000
1219209.000000
256031.000000
2049830.000000
2022738.000000
1434428.000000
1791905.000000
239568.000000
1560243.000000
1558757.000000
1638205.000000
547091.000000
237306.000000
1917389.000000
531198.000000
1826059.000000
1462022.000000
1909780.000000
1838743.000000
1465822.000000
1334276.000000
935112.000000
1831657.000000
1926358.000000
642173.000000
1123116.000000
1952355.000000
1856634.000000
274677.000000
726331.000000
1513970.000000
594940.000000
1708740.000000
173280.000000
52866.000000
1171704.000000
1743039.000000
2040113.000000
1485044.000000
191484.000000
1556031.000000
1583961.000000
1806659.000000
1916421.000000
1945283.000000
1743720.000000
1949289.000000
298174.000000
1813059.000000
174377.000000
1717101.000000
1957867.000000
1494497.000000
126499.000000
1345589.000000
2088851.000000
1998995.000000
1869904.000000
1757581.000000
471558.000000
1684218.000000
1037738.000000
1760252.000000
259266.000000
418432.000000
1818763.000000
1934607.000000
1440434.000000
1355524.000000
2089889.000000
1985406.000000
1109870.000000
1919321.000000
1657206.000000
133550.000000
1569238.000000
1599922.000000
1163714.000000
1692546.000000
2166415.000000
1874919.000000
1833384.000000
1788040.000000
353895.000000
95045.000000
1906213.000000
1526513.000000
1808401.000000
216983.000000
1326212.000000
197300.000000
2001056.000000
316300.000000
1501732.000000
1649989.000000
1656655.000000
1169308.000000
1695546.000000
1734201.000000
1827310.000000
1561084.000000
1250023.000000
1677381.000000
1693774.000000
1780807.000000
755877.000000
44175.000000
1575292.000000
1710706.000000
1729973.000000
1082519.000000
1615214.000000
1586866.000000
1488690.000000
1864115.000000
1917806.000000
1951010.000000
1815156.000000
1737518.000000
1976425.000000
1891622.000000
1459661.000000
1668139.000000
141439.000000
1648405.000000
1183661.000000
1750057.000000
1232419.000000
1212759.000000
1643141.000000
72759.000000
1752967.000000
1809492.000000
1083631.000000
1835801.000000
1768991.000000
1230453.000000
1841780.000000
984708.000000
1040089.000000
1715382.000000
1546084.000000
1907766.000000
128946.000000
1874404.000000
1644941.000000
1657734.000000
1063225.000000
780906.000000
1658706.000000
1636121.000000
1545226.000000
927399.000000
1895043.000000
1650558.000000
1868318.000000
1599660.000000
1790573.000000
1593729.000000
1598006.000000
1104505.000000
1874852.000000
1737918.000000
274912.000000
1809307.000000
1790258.000000
1358410.000000
1408235.000000
1579841.000000
1529503.000000
1469208.000000
1736168.000000
1748516.000000
1984201.000000
1747114.000000
981425.000000
1361969.000000
2108522.000000
1657765.000000
1922379.000000
1753061.000000
1967785.000000
1628297.000000
857431.000000
1885002.000000
1569759.000000
1969588.000000
1820105.000000
1645872.000000
1920440.000000
1975458.000000
480822.000000
1419253.000000
1752427.000000
1991776.000000
95245.000000
1750268.000000
882254.000000
316477.000000
156507.000000
924123.000000
1837386.000000
1465732.000000
1656232.000000
1880575.000000
1534116.000000
1603187.000000
2028655.000000
818444.000000
1046650.000000
1768690.000000
305867.000000
1994603.000000
1664869.000000
1517048.000000
171089.000000
1446606.000000
1739205.000000
1872808.000000
1787177.000000
1716441.000000
1761328.000000
1816946.000000
1967587.000000
608480.000000
1428577.000000
1078321.000000
866503.000000
1806742.000000
286223.000000
344780.000000
1746264.000000
755595.000000
1269614.000000
1235631.000000
1825722.000000
533254.000000
1936941.000000
1558446.000000
2157203.000000
1491083.000000
1724174.000000
174399.000000
1858106.000000
1942995.000000
1012919.000000
1699007.000000
205060.000000
1648195.000000
1330428.000000
1463945.000000
1948139.000000
1138349.000000
1117709.000000
433579.000000
1463559.000000
246633.000000
1932415.000000
1778457.000000
256249.000000
2064728.000000
1830607.000000
1748692.000000
1745541.000000
1743138.000000
261659.000000
1785049.000000
532207.000000
1737613.000000
1676745.000000
1977334.000000
2149929.000000
1922673.000000
543389.000000
1043667.000000
1547154.000000
1606159.000000
1670949.000000
1380222.000000
1947193.000000
1449252.000000
1417646.000000
1802315.000000
1631093.000000
1748805.000000
1730534.000000
1742117.000000
210214.000000
852103.000000
1540226.000000
133996.000000
853539.000000
200463.000000
1859583.000000
1866427.000000
1612264.000000
1261197.000000
23584.000000
1806862.000000
2229589.000000
1857380.000000
1393402.000000
1764393.000000
2112483.000000
1659835.000000
1577641.000000
1557545.000000
309445.000000
315751.000000
1935958.000000
1043002.000000
1846270.000000
314363.000000
1900222.000000
23357.000000
62362.000000
1757102.000000
128916.000000
1553903.000000
689696.000000
194389.000000
567572.000000
1207110.000000
1704109.000000
264861.000000
1649292.000000
1696871.000000
1807174.000000
2006236.000000
204851.000000
1550543.000000
1735918.000000
1749578.000000
1700610.000000
1889861.000000
1972045.000000
986580.000000
1856453.000000
1647672.000000
1709176.000000
1686833.000000
1134481.000000
1893895.000000
74999.000000
1648915.000000
2138791.000000
20922.000000
1294080.000000
1550607.000000
1887939.000000
2152622.000000
1280243.000000
551531.000000
1344855.000000
1834110.000000
125690.000000
964638.000000
1427757.000000
692167.000000
1538497.000000
1819260.000000
1679698.000000
846806.000000
1820220.000000
2013082.000000
1331124.000000
766522.000000
1020339.000000
1956690.000000
381689.000000
188600.000000
1403275.000000
1432659.000000
1650640.000000
1864938.000000
1942707.000000
524675.000000
1840350.000000
1946391.000000
828659.000000
1770074.000000
1357619.000000
1300153.000000
1955436.000000
1838868.000000
1753766.000000
1668164.000000
1939998.000000
97436.000000
1793128.000000
1848746.000000
2103147.000000
290575.000000
1584446.000000
1856086.000000
110422.000000
95788.000000
1963100.000000
2082394.000000
1695111.000000
1850829.000000
1840613.000000
1875621.000000
1731911.000000
991773.000000
1977707.000000
1512551.000000
1842803.000000
1202386.000000
1741423.000000
449647.000000
1833575.000000
1651986.000000
1856918.000000
1501407.000000
1872015.000000
1769698.000000
290286.000000
1838415.000000
580931.000000
1897789.000000
217886.000000
751142.000000
976558.000000
1878522.000000
997212.000000
1799261.000000
2083863.000000
1785358.000000
1704510.000000
1950509.000000
144021.000000
594949.000000
1687113.000000
1063144.000000
760119.000000
1540903.000000
1400355.000000
2148235.000000
1948366.000000
1681381.000000
2002267.000000
1919640.000000
1716766.000000
1713985.000000
21395.000000
1597768.000000
108280.000000
311128.000000
1553713.000000
1015951.000000
1773503.000000
1891116.000000
1668528.000000
1964674.000000
137794.000000
1491241.000000
1559763.000000
1465420.000000
1167790.000000
1907670.000000
1881094.000000
934454.000000
2129723.000000
1894892.000000
2063629.000000
1896869.000000
1912985.000000
700033.000000
895161.000000
536357.000000
1173251.000000
1667310.000000
1825260.000000
1664578.000000
2075275.000000
1660940.000000
1842858.000000
1579970.000000
1729155.000000
157347.000000
1873183.000000
1872283.000000
1907229.000000
507024.000000
1754967.000000
1837708.000000
1232176.000000
1776722.000000
931163.000000
2036970.000000
2070737.000000
1734467.000000
1523809.000000
1597746.000000
1765912.000000
1819808.000000
11776.000000
1886521.000000
1326609.000000
17576.000000
1735617.000000
1588496.000000
2068698.000000
1364929.000000
1860306.000000
1702853.000000
1198812.000000
1748813.000000
105138.000000
1865963.000000
1778145.000000
1528682.000000
799728.000000
1245719.000000
1788810.000000
1761280.000000
1574777.000000
84172.000000
1819121.000000
744827.000000
1915150.000000
260038.000000
2044395.000000
1074306.000000
2013501.000000
2080850.000000
1842760.000000
566182.000000
1742640.000000
421591.000000
1974769.000000
1943385.000000
213270.000000
1928666.000000
1760724.000000
1504725.000000
135102.000000
1884139.000000
1858636.000000
649308.000000
524134.000000
2081653.000000
1718492.000000
347622.000000
596123.000000
1760639.000000
1773367.000000
1047075.000000
1669526.000000
1036348.000000
652671.000000
981532.000000
1903574.000000
456642.000000
1959598.000000
73947.000000
1498102.000000
595249.000000
1959208.000000
1863044.000000
283467.000000
1989309.000000
2121366.000000
836297.000000
1867495.000000
1769992.000000
1892570.000000
1740582.000000
130376.000000
918779.000000
377221.000000
1657590.000000
114180.000000
760008.000000
1974277.000000
523150.000000
1735972.000000
2142698.000000
1803115.000000
1657389.000000
1059195.000000
1949267.000000
783596.000000
1799114.000000
1884607.000000
1602477.000000
635347.000000
1736902.000000
1438268.000000
23379.000000
17204.000000
1847477.000000
1412770.000000
9437.000000
2031758.000000
1580193.000000
1607222.000000
251551.000000
1372235.000000
1895136.000000
1907385.000000
1752859.000000
734132.000000
534237.000000
2038416.000000
1805368.000000
1776106.000000
1756721.000000
1588862.000000
1413818.000000
1840956.000000
1662772.000000
1799085.000000
1787002.000000
1779766.000000
1758842.000000
1097291.000000
1877699.000000
696065.000000
2032800.000000
1776098.000000
2036716.000000
700419.000000
1485267.000000
1571957.000000
17826.000000
1269314.000000
1635915.000000
1721064.000000
1775704.000000
1936802.000000
1518422.000000
1643227.000000
1064847.000000
811274.000000
1625592.000000
1864078.000000
1751200.000000
1752179.000000
218086.000000
1621167.000000
1400972.000000
1893658.000000
1391575.000000
1455554.000000
392411.000000
1502347.000000
519917.000000
1460124.000000
1096228.000000
1892106.000000
648843.000000
1110718.000000
1786358.000000
1633623.000000
833406.000000
1783013.000000
992862.000000
1765493.000000
1362735.000000
210103.000000
1539506.000000
1704939.000000
1783006.000000
1838422.000000
1909389.000000
1914299.000000
1727857.000000
214859.000000
1388992.000000
1740906.000000
1752214.000000
524885.000000
1042275.000000
1844122.000000
1508344.000000
1746958.000000
1767189.000000
1451597.000000
2031623.000000
244166.000000
1691814.000000
1852038.000000
1708806.000000
1899526.000000
1439448.000000
1794244.000000
1809090.000000
1484258.000000
1404906.000000
1792713.000000
1960173.000000
1754250.000000
1902702.000000
121490.000000
2059881.000000
1872568.000000
1512706.000000
1600465.000000
1728474.000000
2166405.000000
1881840.000000
1791591.000000
110622.000000
1766002.000000
1775380.000000
1891013.000000
741653.000000
1540265.000000
1960917.000000
1855453.000000
1923792.000000
1599687.000000
1295448.000000
410224.000000
1694943.000000
944676.000000
101429.000000
2178448.000000
1818014.000000
1826446.000000
1680320.000000
1749724.000000
1242734.000000
2073197.000000
1759156.000000
1826189.000000
1704078.000000
19597.000000
1761422.000000
453032.000000
1305540.000000
787001.000000
228463.000000
1303182.000000
670441.000000
1981019.000000
1701962.000000
724188.000000
182759.000000
996127.000000
1955303.000000
1890346.000000
1758039.000000
1667915.000000
144518.000000
1953419.000000
1299838.000000
459538.000000
1865873.000000
235648.000000
1929840.000000
1694927.000000
1820442.000000
1786729.000000
1872276.000000
992291.000000
1480997.000000
1710772.000000
1734907.000000
1338924.000000
1072993.000000
2079416.000000
1349988.000000
1237724.000000
19371.000000
1878465.000000
1813248.000000
1731062.000000
2055234.000000
1126898.000000
472356.000000
1605553.000000
2148129.000000
1683698.000000
1700600.000000
1691940.000000
1542108.000000
933932.000000
1904603.000000
1819180.000000
594851.000000
2102822.000000
1771806.000000
1791881.000000
2009988.000000
277492.000000
15762.000000
597272.000000
2026256.000000
1883639.000000
676744.000000
288862.000000
1642725.000000
463873.000000
1192507.000000
1845599.000000
248132.000000
482253.000000
1842245.000000
153512.000000
1798341.000000
1780240.000000
2000613.000000
1312420.000000
234163.000000
1919821.000000
1653808.000000
1889687.000000
502974.000000
1882025.000000
1799929.000000
1900866.000000
417962.000000
1815896.000000
2216146.000000
188755.000000
1782641.000000
1651005.000000
1504384.000000
335557.000000
1836720.000000
2066257.000000
2006477.000000
881188.000000
1559762.000000
2090970.000000
327734.000000
1850634.000000
756501.000000
1913286.000000
1611047.000000
1931309.000000
1874354.000000
1502259.000000
1360722.000000
1478312.000000
1433712.000000
1891527.000000
1895378.000000
1312139.000000
1294006.000000
1779923.000000
1803289.000000
1900250.000000
1874674.000000
844755.000000
950352.000000
124843.000000
1781580.000000
251129.000000
1476223.000000
1800525.000000
1948268.000000
665786.000000
1382715.000000
1482361.000000
755708.000000
1400007.000000
1731946.000000
929861.000000
1723242.000000
1850826.000000
1757787.000000
1561290.000000
2006046.000000
1525003.000000
1593394.000000
1995593.000000
78295.000000
1954896.000000
1804226.000000
1696527.000000
1657285.000000
1619161.000000
1919758.000000
199019.000000
2099819.000000
1878446.000000
1659165.000000
71955.000000
1871912.000000
938994.000000
604218.000000
1109227.000000
1655744.000000
708171.000000
302666.000000
1783903.000000
1758510.000000
1935377.000000
1613125.000000
2006121.000000
1605110.000000
31370.000000
158579.000000
1691527.000000
378341.000000
1696881.000000
1747852.000000
1701435.000000
748690.000000
1887349.000000
1910325.000000
918298.000000
1860721.000000
488847.000000
1282768.000000
795914.000000
1703008.000000
1516261.000000
1716025.000000
1754780.000000
101215.000000
664545.000000
91986.000000
481299.000000
1930363.000000
1524626.000000
1544157.000000
1653050.000000
1043145.000000
1631207.000000
1742288.000000
1791548.000000
1080000.000000
1818394.000000
1818700.000000
2054491.000000
1398583.000000
1345921.000000
1109752.000000
1895312.000000
1996954.000000
493105.000000
1926218.000000
1399468.000000
1935698.000000
820810.000000
2128372.000000
1910242.000000
2186463.000000
596926.000000
1835304.000000
2159793.000000
1811012.000000
1724529.000000
1289569.000000
22088.000000
1729869.000000
802755.000000
1586552.000000
625624.000000
1214142.000000
141417.000000
1681200.000000
1430792.000000
1756995.000000
1131273.000000
482130.000000
1846143.000000
402544.000000
2101774.000000
1723042.000000
522088.000000
1811732.000000
1576364.000000
1762532.000000
385831.000000
1848427.000000
445008.000000
1910844.000000
851925.000000
1056450.000000
1552859.000000
1309817.000000
1814238.000000
1622489.000000
1665263.000000
1930236.000000
1624292.000000
1880599.000000
805743.000000
1546159.000000
1315882.000000
1785067.000000
1782508.000000
57516.000000
1757153.000000
827736.000000
1694851.000000
1515484.000000
1920885.000000
1690356.000000
1075735.000000
1783515.000000
223838.000000
2033638.000000
1971310.000000
1846238.000000
87360.000000
2134183.000000
935191.000000
1885085.000000
861737.000000
272640.000000
1685674.000000
1021392.000000
1654008.000000
1970143.000000
1718166.000000
443404.000000
18568.000000
993862.000000
1118188.000000
1790098.000000
897149.000000
64709.000000
1284517.000000
2068204.000000
1345191.000000
1788781.000000
1770739.000000
496559.000000
2137111.000000
564073.000000
1883534.000000
2068674.000000
1567912.000000
1751347.000000
548488.000000
324716.000000
1959071.000000
1438718.000000
1222989.000000
1303626.000000
1970168.000000
914942.000000
1926167.000000
1847114.000000
1847506.000000
1811417.000000
598166.000000
598525.000000
1904885.000000
1023215.000000
2158078.000000
1821689.000000
1072253.000000
1468613.000000
1982951.000000
1612895.000000
1789220.000000
1923208.000000
1967640.000000
211967.000000
19042.000000
887549.000000
80481.000000
1949181.000000
1568518.000000
1708279.000000
1808215.000000
265810.000000
1797953.000000
553549.000000
215761.000000
1883319.000000
1419441.000000
2069008.000000
1758059.000000
1940901.000000
1367367.000000
437006.000000
889770.000000
142387.000000
1909071.000000
266472.000000
1223955.000000
1740171.000000
1736442.000000
1537168.000000
2252923.000000
1793772.000000
1578211.000000
1706319.000000
1849288.000000
1710517.000000
1082219.000000
1397475.000000
1064683.000000
775900.000000
167340.000000
1721181.000000
494425.000000
1966437.000000
1537750.000000
20299.000000
419918.000000
1755698.000000
1963707.000000
1910255.000000
1577819.000000
780284.000000
2049659.000000
1881626.000000
1561434.000000
631095.000000
1778603.000000
2009344.000000
424143.000000
1860920.000000
1995554.000000
1691509.000000
68315.000000
2125283.000000
1139941.000000
1752969.000000
1521357.000000
2001526.000000
964374.000000
1813398.000000
1982931.000000
1865898.000000
1502485.000000
1434157.000000
1788907.000000
2099740.000000
1635185.000000
2019380.000000
1422360.000000
1820203.000000
1069660.000000
2026657.000000
1545281.000000
1751416.000000
981575.000000
803607.000000
1961748.000000
1081927.000000
1634991.000000
1461047.000000
369824.000000
1954354.000000
1548649.000000
1645547.000000
120727.000000
1797462.000000
1682586.000000
1708132.000000
1185310.000000
2024074.000000
1639408.000000
1675474.000000
1887398.000000
982313.000000
1768810.000000
1790611.000000
1655050.000000
1626136.000000
972575.000000
634272.000000
2078012.000000
226284.000000
1860542.000000
1749098.000000
1920665.000000
1875766.000000
178566.000000
1205854.000000
1015712.000000
455418.000000
1809733.000000
1466144.000000
440239.000000
2156739.000000
1867857.000000
1732823.000000
1861003.000000
1706745.000000
1411994.000000
1873747.000000
1830183.000000
902781.000000
1832541.000000
637890.000000
1783190.000000
1699497.000000
1873300.000000
1889001.000000
670768.000000
847591.000000
2020402.000000
1771107.000000
1074362.000000
1948720.000000
1939748.000000
1789568.000000
510282.000000
1456628.000000
1841560.000000
1655111.000000
1427758.000000
1313078.000000
1533672.000000
1642794.000000
674975.000000
807277.000000
1345362.000000
260232.000000
707625.000000
1856708.000000
257717.000000
123832.000000
196106.000000
1946943.000000
1929483.000000
1828425.000000
1981578.000000
1784223.000000
358226.000000
344870.000000
1609181.000000
1645955.000000
1850739.000000
1724277.000000
1648670.000000
1545377.000000
1836332.000000
1806318.000000
1671278.000000
266917.000000
467189.000000
1171959.000000
161115.000000
2073104.000000
1551128.000000
952047.000000
1315748.000000
1902854.000000
1871474.000000
1638291.000000
1092783.000000
1394537.000000
669041.000000
1732379.000000
1806853.000000
1031682.000000
210549.000000
1776480.000000
833394.000000
1555721.000000
565664.000000
1805197.000000
2005621.000000
1656960.000000
1757168.000000
1766723.000000
1352266.000000
732634.000000
1701934.000000
370082.000000
1206002.000000
727636.000000
2137135.000000
1904207.000000
1049289.000000
1490942.000000
681687.000000
1703138.000000
1783089.000000
1706857.000000
445944.000000
2008301.000000
2002385.000000
1509615.000000
152855.000000
1772009.000000
2144649.000000
1943750.000000
1145998.000000
1340972.000000
1758845.000000
1442419.000000
1544595.000000
457052.000000
1874518.000000
1028853.000000
1963915.000000
13778.000000
1541520.000000
1854293.000000
1952141.000000
2060650.000000
1838043.000000
117981.000000
1997975.000000
1453442.000000
1514304.000000
1872074.000000
2198592.000000
1964815.000000
1784166.000000
1084319.000000
865460.000000
1084795.000000
1828676.000000
1753571.000000
1992220.000000
582825.000000
1992476.000000
1901668.000000
367955.000000
1917287.000000
1208087.000000
1331619.000000
775985.000000
2074991.000000
1490769.000000
396371.000000
1749513.000000
1712940.000000
1984674.000000
1591214.000000
1103121.000000
1742590.000000
1885778.000000
1838894.000000
569332.000000
1956313.000000
1479750.000000
1113701.000000
1819976.000000
1519906.000000
1847814.000000
1168358.000000
1867667.000000
1658757.000000
1708837.000000
1068198.000000
1947837.000000
1584451.000000
1820292.000000
1726371.000000
921134.000000
1739342.000000
1769596.000000
1690852.000000
642785.000000
1580528.000000
1661035.000000
171709.000000
1768831.000000
1656449.000000
1812670.000000
1805707.000000
2078199.000000
1802282.000000
1681200.000000
1690993.000000
1250329.000000
1524082.000000
1796257.000000
1982065.000000
733715.000000
1115757.000000
1829589.000000
1346639.000000
1945939.000000
1802856.000000
1748693.000000
1678466.000000
1844475.000000
455894.000000
1918816.000000
1460553.000000
128966.000000
1715852.000000
1665259.000000
1695864.000000
1725117.000000
1287256.000000
209254.000000
737714.000000
1993240.000000
1519279.000000
2010637.000000
2013827.000000
1999056.000000
1669336.000000
1599094.000000
1790496.000000
1036732.000000
2005183.000000
1536968.000000
1368432.000000
1507055.000000
1262559.000000
1707163.000000
1070287.000000
695426.000000
1927170.000000
1563626.000000
1614610.000000
1880693.000000
1792526.000000
1877134.000000
2025619.000000
1291288.000000
1150036.000000
1842060.000000
1366858.000000
2135311.000000
621045.000000
828729.000000
1745252.000000
1669716.000000
801623.000000
1536525.000000
1442680.000000
1220982.000000
1818763.000000
218584.000000
1029008.000000
1893566.000000
1743816.000000
1717605.000000
226930.000000
1388031.000000
1769537.000000
81624.000000
1803936.000000
823426.000000
1411013.000000
1209157.000000
1828839.000000
1345381.000000
604462.000000
1211167.000000
952611.000000
1962102.000000
1905540.000000
416522.000000
359554.000000
1879513.000000
90193.000000
1673385.000000
950050.000000
259901.000000
1518704.000000
1825453.000000
1467572.000000
1851446.000000
1922352.000000
1712729.000000
1722543.000000
1101190.000000
1794786.000000
954939.000000
1953006.000000
436672.000000
1730312.000000
1347096.000000
1515419.000000
1726132.000000
1852142.000000
1725791.000000
1858622.000000
581271.000000
2033199.000000
1022357.000000
1789398.000000
1163373.000000
1772834.000000
1585293.000000
77453.000000
1918717.000000
1575751.000000
1150876.000000
1791393.000000
1724328.000000
2049581.000000
1789255.000000
1644287.000000
1710334.000000
797789.000000
1836839.000000
1739832.000000
453791.000000
1998130.000000
1235170.000000
2124332.000000
1746782.000000
1755812.000000
95767.000000
1681302.000000
1537171.000000
1812751.000000
1340596.000000
2001328.000000
1891746.000000
96389.000000
1828886.000000
593793.000000
1965841.000000
1925236.000000
1522870.000000
1927389.000000
1902856.000000
1727774.000000
2112924.000000
1486867.000000
665746.000000
483419.000000
1385245.000000
1757762.000000
86818.000000
476811.000000
1497431.000000
1800432.000000
1942287.000000
556097.000000
1645369.000000
139854.000000
1169750.000000
1748792.000000
1385922.000000
1673807.000000
1748255.000000
1733950.000000
1565480.000000
710585.000000
2080160.000000
790509.000000
1688757.000000
1759661.000000
1729220.000000
1668953.000000
1668786.000000
1628593.000000
1820424.000000
1739664.000000
1867836.000000
157875.000000
96764.000000
1820414.000000
653740.000000
1566393.000000
1742342.000000
1623852.000000
17826.000000
1869963.000000
1575816.000000
263295.000000
1702894.000000
1803170.000000
1978417.000000
2232247.000000
321847.000000
1767165.000000
1871404.000000
1786904.000000
1921439.000000
1831336.000000
185670.000000
1832050.000000
1080073.000000
1780263.000000
1865188.000000
667574.000000
1941501.000000
72403.000000
216214.000000
1471447.000000
177168.000000
365097.000000
1774317.000000
1610597.000000
2013876.000000
1352394.000000
1970958.000000
1129917.000000
634888.000000
456023.000000
1757299.000000
1394460.000000
1301843.000000
1821679.000000
1624488.000000
483522.000000
1283355.000000
1893206.000000
94775.000000
1757168.000000
1746375.000000
1246090.000000
1870593.000000
702250.000000
2003150.000000
975577.000000
487137.000000
936709.000000
2123623.000000
1615912.000000
1197659.000000
408229.000000
988884.000000
531768.000000
1755130.000000
1722302.000000
2214513.000000
1799667.000000
1488910.000000
513605.000000
1477475.000000
1596883.000000
1626545.000000
1942531.000000
1332788.000000
1176406.000000
1624046.000000
777950.000000
355834.000000
1847981.000000
1223567.000000
1977778.000000
1644769.000000
1357147.000000
1862008.000000
1598008.000000
103916.000000
379465.000000
604358.000000
1757566.000000
1232192.000000
1768821.000000
1580096.000000
1869510.000000
1650246.000000
1610302.000000
1612592.000000
1705870.000000
1405145.000000
1703432.000000
1986925.000000
1870633.000000
802809.000000
1651278.000000
907714.000000
239972.000000
311152.000000
529190.000000
173639.000000
1623605.000000
1374703.000000
1800461.000000
1897559.000000
1828779.000000
1082518.000000
1879479.000000
1634172.000000
2038736.000000
1117762.000000
241081.000000
1802144.000000
1633740.000000
1846791.000000
2101334.000000
2044253.000000
1898067.000000
372930.000000
1781486.000000
1587502.000000
1855009.000000
1614020.000000
1761840.000000
1528471.000000
419214.000000
2005487.000000
1174456.000000
700516.000000
1792558.000000
179467.000000
672303.000000
1919744.000000
1635941.000000
1982399.000000
1232816.000000
1727963.000000
1699701.000000
1839718.000000
1868657.000000
1698147.000000
718675.000000
1453014.000000
2023765.000000
392281.000000
1027816.000000
1902374.000000
1051459.000000
1726906.000000
425485.000000
228061.000000
591593.000000
1022157.000000
1617298.000000
1404539.000000
1820873.000000
