0.000000
0.000000
0.000000
0.000000
0.000000
0.000000
0.000000
0.000000
0.000000
0.000000
0.000000
0.000000
0.000000
0.000000
0.000000
0.000000
0.000000
0.000000
0.000000
0.000000
0.000000
0.000000
0.000000
0.000000
0.000000
0.000000
0.000000
0.000000
0.000000
0.000000
0.000000
0.000000
0.000000
0.000000
0.000000
0.000000
0.000000
0.000000
0.000000
0.000000
0.000000
0.000000
0.000000
0.000000
0.000000
0.000000
0.000000
0.000000
0.000000
0.000000
0.000000
0.000000
0.000000
0.000000
0.000000
0.000000
0.000000
0.000000
0.000000
0.000000
0.000000
0.000000
0.000000
0.000000
0.000000
0.000000
0.000000
0.000000
0.000000
0.000000
0.000000
0.000000
0.000000
0.000000
0.000000
0.000000
0.000000
0.000000
0.000000
0.000000
0.000000
0.000000
0.000000
0.000000
0.000000
0.000000
0.000000
0.000000
0.000000
0.000000
0.000000
0.000000
0.000000
0.000000
0.000000
0.000000
0.000000
0.000000
0.000000
0.000000
0.000000
0.000000
0.000000
0.000000
0.000000
0.000000
0.000000
0.000000
0.000000
0.000000
0.000000
0.000000
0.000000
0.000000
0.000000
0.000000
0.000000
0.000000
0.000000
0.000000
0.000000
0.000000
0.000000
0.000000
0.000000
0.000000
0.000000
0.000000
0.000000
0.000000
0.000000
0.000000
0.000000
0.000000
0.000000
0.000000
0.000000
0.000000
0.000000
0.000000
0.000000
0.000000
0.000000
0.000000
0.000000
0.000000
0.000000
0.000000
0.000000
0.000000
0.000000
0.000000
0.000000
0.000000
0.000000
0.000000
6268680.000000
1391472.000000
2158320.000000
3363953.000000
185651.000000
3297563.000000
3466657.000000
101930.000000
42579.000000
3434040.000000
3550351.000000
1371284.000000
3671934.000000
527312.000000
3538614.000000
2074983.000000
3402287.000000
3212938.000000
3017633.000000
2319788.000000
3533169.000000
805852.000000
2565637.000000
2541019.000000
3456621.000000
3641283.000000
93801.000000
3786298.000000
3950297.000000
3024283.000000
3987878.000000
248477.000000
3296608.000000
921972.000000
3808114.000000
289817.000000
3484862.000000
1672597.000000
2026528.000000
839836.000000
369526.000000
446860.000000
3407298.000000
3667016.000000
698578.000000
799689.000000
3437713.000000
82033.000000
3396754.000000
3001917.000000
2418357.000000
3632854.000000
3692633.000000
3194313.000000
3192542.000000
2863447.000000
71738.000000
3303117.000000
3529574.000000
2371057.000000
109818.000000
2145615.000000
3395870.000000
3806892.000000
3077322.000000
3010012.000000
3389775.000000
1713413.000000
1415619.000000
3657721.000000
1470610.000000
1992487.000000
1466844.000000
3290904.000000
2142167.000000
2616984.000000
3081224.000000
2505983.000000
3309647.000000
1721753.000000
2012975.000000
2737230.000000
125923.000000
948166.000000
3711457.000000
2737995.000000
3320008.000000
3296166.000000
3247716.000000
3686712.000000
2044712.000000
3802015.000000
2566456.000000
2891859.000000
3075645.000000
1925878.000000
434661.000000
313992.000000
1806373.000000
229462.000000
3216715.000000
3618337.000000
3403697.000000
3661262.000000
1674676.000000
2329936.000000
2994149.000000
2656150.000000
966937.000000
149439.000000
580481.000000
1322051.000000
2081532.000000
1811687.000000
2842777.000000
3708960.000000
350802.000000
2943799.000000
3883168.000000
595582.000000
4221847.000000
1309268.000000
2413808.000000
2591152.000000
2845996.000000
3838752.000000
748684.000000
464861.000000
1434661.000000
2279615.000000
144239.000000
2139238.000000
3217524.000000
2830905.000000
2098976.000000
883514.000000
3355269.000000
110837.000000
3283366.000000
7975.000000
3483868.000000
3710158.000000
3380465.000000
3207071.000000
720984.000000
2866709.000000
4101655.000000
3317399.000000
3423624.000000
3299882.000000
2244244.000000
556597.000000
2896734.000000
3487097.000000
3396611.000000
4020211.000000
3310767.000000
3054099.000000
317606.000000
3289213.000000
2845782.000000
382298.000000
3832644.000000
1585597.000000
3249469.000000
3827143.000000
1393774.000000
116267.000000
3283664.000000
3827610.000000
3330670.000000
3086301.000000
3208542.000000
2098771.000000
1492627.000000
3982433.000000
1222361.000000
2529262.000000
3082838.000000
3623893.000000
805886.000000
964232.000000
3870231.000000
2560602.000000
3109017.000000
1973953.000000
1104438.000000
3619297.000000
3178112.000000
4121723.000000
2956147.000000
3044673.000000
3541609.000000
2874491.000000
3905256.000000
3235091.000000
3281643.000000
3579038.000000
3390256.000000
3573962.000000
3950672.000000
3482737.000000
751612.000000
2650904.000000
1433544.000000
2640183.000000
1643794.000000
3280725.000000
3798854.000000
3892151.000000
1243001.000000
2324089.000000
3597829.000000
796410.000000
2453881.000000
3817099.000000
2637012.000000
985146.000000
2466305.000000
1547987.000000
3330726.000000
1186069.000000
717232.000000
3149099.000000
3242023.000000
3714824.000000
2717585.000000
2696386.000000
1739557.000000
2887810.000000
1682482.000000
2909459.000000
1868974.000000
2749573.000000
2474523.000000
3186645.000000
1624023.000000
713040.000000
3728552.000000
646767.000000
3598544.000000
1201863.000000
1932449.000000
2708670.000000
3934859.000000
3328377.000000
1097877.000000
3076075.000000
1040664.000000
3020689.000000
1153800.000000
2316471.000000
1326326.000000
3188668.000000
3194770.000000
2998032.000000
2759520.000000
3515612.000000
207908.000000
3527676.000000
3559179.000000
3179333.000000
1991926.000000
3388440.000000
3287692.000000
3638348.000000
3902702.000000
2272223.000000
3545533.000000
3695538.000000
3808888.000000
3501173.000000
1215430.000000
3026623.000000
3905351.000000
3012021.000000
3362073.000000
2885989.000000
3462520.000000
307460.000000
341590.000000
1375703.000000
3747517.000000
3412669.000000
1734489.000000
3731844.000000
3752643.000000
3792584.000000
2655914.000000
2502178.000000
3795037.000000
3237253.000000
3363530.000000
2783140.000000
3213764.000000
3271061.000000
4195063.000000
547591.000000
333949.000000
3308377.000000
3007175.000000
1728249.000000
3425044.000000
2666552.000000
3054000.000000
285680.000000
3702885.000000
1193621.000000
3699221.000000
2168694.000000
793337.000000
698724.000000
4189582.000000
2209750.000000
3410278.000000
3108746.000000
3349319.000000
3573630.000000
354398.000000
3113008.000000
3373790.000000
3458014.000000
91986.000000
3018593.000000
3822290.000000
161968.000000
3553595.000000
3667310.000000
3334396.000000
128251.000000
2344301.000000
2336594.000000
3538803.000000
3679181.000000
3021599.000000
144883.000000
2431845.000000
3441560.000000
836674.000000
1859349.000000
3441408.000000
2045896.000000
92214.000000
3613879.000000
3727576.000000
2051127.000000
2546672.000000
3055864.000000
513394.000000
456755.000000
3080790.000000
3236924.000000
889016.000000
3609520.000000
1507715.000000
4085013.000000
94802.000000
593754.000000
3977981.000000
1412538.000000
1885387.000000
2112199.000000
3324668.000000
3403834.000000
3283104.000000
2773482.000000
456054.000000
483179.000000
2765703.000000
3658170.000000
3270691.000000
2936185.000000
3413503.000000
3296589.000000
3357308.000000
3887395.000000
3135350.000000
1402310.000000
3644486.000000
3827671.000000
2666773.000000
663409.000000
731290.000000
2650000.000000
2791198.000000
354325.000000
3334662.000000
3697765.000000
2992951.000000
2802292.000000
2996444.000000
304182.000000
3533869.000000
4105794.000000
3124465.000000
3646162.000000
3653630.000000
3175179.000000
3445573.000000
4128333.000000
430336.000000
3190918.000000
3732909.000000
535681.000000
482954.000000
2917478.000000
1956599.000000
3305288.000000
1814324.000000
3362918.000000
344559.000000
3753144.000000
3193982.000000
1352643.000000
265112.000000
125944.000000
3724488.000000
3258435.000000
1233363.000000
2176855.000000
3162694.000000
3688194.000000
3681528.000000
3047850.000000
3822421.000000
2202884.000000
3871015.000000
754640.000000
1511687.000000
3196529.000000
3374956.000000
3380345.000000
3798646.000000
3640020.000000
2696724.000000
3074589.000000
762446.000000
1526939.000000
2709799.000000
1606771.000000
3759246.000000
1795074.000000
2163530.000000
2997947.000000
2569131.000000
381922.000000
1283427.000000
2809833.000000
3656094.000000
3476976.000000
3489942.000000
2502972.000000
3210376.000000
3552150.000000
330803.000000
2662669.000000
2207840.000000
2559324.000000
3569200.000000
797252.000000
3348443.000000
2950759.000000
1123783.000000
3282458.000000
3501588.000000
1536731.000000
1526216.000000
594646.000000
1690072.000000
3571325.000000
3939557.000000
2917884.000000
1914683.000000
2123261.000000
2761288.000000
1765551.000000
2876083.000000
3886390.000000
715218.000000
1382746.000000
3283318.000000
2696055.000000
2262531.000000
3311560.000000
3530471.000000
1829574.000000
1349007.000000
137705.000000
2896969.000000
2032233.000000
2462064.000000
798360.000000
3391304.000000
2923157.000000
3515869.000000
4152872.000000
1360684.000000
3194003.000000
3114370.000000
102522.000000
2194345.000000
3030425.000000
1374050.000000
2692442.000000
3086754.000000
1865731.000000
3303225.000000
66612.000000
3017775.000000
2231091.000000
2151301.000000
3469190.000000
586833.000000
3135490.000000
2755895.000000
4355594.000000
2343919.000000
3491747.000000
3363128.000000
3894740.000000
1703620.000000
1834506.000000
2750185.000000
3729601.000000
3229926.000000
3822542.000000
1118960.000000
2392939.000000
3697293.000000
1356196.000000
3079224.000000
153363.000000
2709652.000000
3672791.000000
373602.000000
2610909.000000
2449871.000000
2987780.000000
3367237.000000
3648484.000000
3741567.000000
2965120.000000
849532.000000
3105177.000000
493590.000000
126037.000000
3695984.000000
2120958.000000
1354918.000000
3461445.000000
2927109.000000
3226141.000000
3778482.000000
2495613.000000
3874898.000000
669707.000000
2791272.000000
3624147.000000
603286.000000
3767788.000000
3502929.000000
218517.000000
3689121.000000
2210508.000000
3210241.000000
3309478.000000
2399938.000000
1708981.000000
337930.000000
3534005.000000
104235.000000
3635796.000000
12240.000000
597385.000000
3649595.000000
3481066.000000
2712732.000000
584966.000000
3488943.000000
3593758.000000
3384593.000000
2098728.000000
382832.000000
567058.000000
1036855.000000
3661564.000000
4150303.000000
1653031.000000
3293940.000000
4112011.000000
3482834.000000
2475415.000000
2968997.000000
1053686.000000
384386.000000
599774.000000
3303261.000000
3216294.000000
815893.000000
3455423.000000
1071361.000000
3499649.000000
2965254.000000
3228833.000000
3756888.000000
242486.000000
3738731.000000
1462775.000000
3731414.000000
1430913.000000
307989.000000
1980064.000000
2744258.000000
1278720.000000
3225698.000000
1828409.000000
3945925.000000
2385238.000000
1888550.000000
2694472.000000
146995.000000
3402083.000000
3022529.000000
1495125.000000
3147226.000000
2973907.000000
3629067.000000
2773635.000000
551950.000000
3461829.000000
3675767.000000
1387951.000000
2278783.000000
3452412.000000
3406805.000000
2702679.000000
3895589.000000
453683.000000
2765794.000000
3348797.000000
3353202.000000
3007273.000000
3778808.000000
3818394.000000
2734944.000000
21389.000000
3184238.000000
80069.000000
1301890.000000
3546812.000000
3884943.000000
354605.000000
386501.000000
3365296.000000
3977461.000000
8758.000000
3632180.000000
2630379.000000
1447263.000000
95456.000000
2407067.000000
3779940.000000
533852.000000
133728.000000
3986344.000000
3122230.000000
1567326.000000
1995782.000000
2489853.000000
3571306.000000
2031054.000000
3478088.000000
3513282.000000
3947094.000000
172158.000000
147198.000000
2466560.000000
3069108.000000
3616250.000000
3461850.000000
66282.000000
3007811.000000
3254736.000000
185021.000000
3985394.000000
1900395.000000
3552878.000000
2908506.000000
3939710.000000
2261836.000000
2537297.000000
1481386.000000
321000.000000
3612211.000000
3650396.000000
2082827.000000
3732114.000000
239508.000000
2894082.000000
2351863.000000
3751350.000000
509905.000000
223208.000000
2984070.000000
792703.000000
3565480.000000
1931106.000000
2885140.000000
3077918.000000
2672626.000000
1909948.000000
1387534.000000
3792087.000000
3418862.000000
727504.000000
1399743.000000
3133753.000000
3458854.000000
247002.000000
805138.000000
2298247.000000
557564.000000
2652134.000000
191662.000000
50399.000000
1232941.000000
3614742.000000
3593798.000000
3013797.000000
189645.000000
2531568.000000
3533592.000000
3811204.000000
2871427.000000
3062521.000000
2889072.000000
3059304.000000
326174.000000
3677385.000000
183369.000000
3337040.000000
3012904.000000
3010591.000000
122851.000000
2307454.000000
3508705.000000
3460567.000000
3247021.000000
2637468.000000
466855.000000
3204342.000000
1371955.000000
2895681.000000
268649.000000
391774.000000
3927993.000000
3599100.000000
3138204.000000
2190882.000000
3719963.000000
3442048.000000
1407136.000000
4257299.000000
2242346.000000
164931.000000
2315911.000000
2436344.000000
1469240.000000
2282495.000000
2943570.000000
3632123.000000
2617545.000000
3723938.000000
267533.000000
78286.000000
3469522.000000
2360098.000000
3813061.000000
229264.000000
1731352.000000
213944.000000
3802996.000000
335979.000000
2271681.000000
2748608.000000
3275220.000000
1262658.000000
2612889.000000
3758896.000000
3533039.000000
2578513.000000
1749736.000000
2772583.000000
3158307.000000
2995316.000000
951542.000000
62836.000000
2278674.000000
3711357.000000
3580977.000000
1292084.000000
2815782.000000
3250816.000000
2252051.000000
3260340.000000
3489139.000000
3519902.000000
2702212.000000
4032076.000000
3985495.000000
3462138.000000
2192660.000000
2677677.000000
156750.000000
3331147.000000
1807365.000000
3515363.000000
1684747.000000
1616858.000000
3134277.000000
78148.000000
3526440.000000
3433271.000000
1329713.000000
2719873.000000
4022295.000000
1716453.000000
3735579.000000
1322950.000000
1228692.000000
3187878.000000
2327020.000000
3916002.000000
174790.000000
3524560.000000
3655846.000000
2727681.000000
1333586.000000
950361.000000
2332305.000000
3141854.000000
2414314.000000
1171399.000000
3545017.000000
2544253.000000
3186175.000000
2562357.000000
3687941.000000
2826241.000000
3477981.000000
1296403.000000
3610296.000000
3467060.000000
289012.000000
4079923.000000
2642770.000000
2089876.000000
2031906.000000
3393281.000000
2019040.000000
2566731.000000
3861788.000000
3898118.000000
3238110.000000
3079073.000000
1102810.000000
1898152.000000
3509190.000000
3063312.000000
3686608.000000
2817761.000000
3336953.000000
3057875.000000
1314771.000000
3127680.000000
2674063.000000
3521480.000000
3420479.000000
3070808.000000
3530870.000000
3083516.000000
553937.000000
1951856.000000
3468291.000000
3648685.000000
89342.000000
3446744.000000
916413.000000
406451.000000
155399.000000
1079705.000000
3385640.000000
2361631.000000
3434061.000000
3010702.000000
2320592.000000
2839866.000000
3823990.000000
1014035.000000
1290791.000000
3916202.000000
302416.000000
3782370.000000
3645679.000000
2134287.000000
152589.000000
1876500.000000
3602301.000000
3237491.000000
3208604.000000
3396709.000000
3212367.000000
3240290.000000
3217156.000000
723741.000000
1697561.000000
1529918.000000
902161.000000
3017740.000000
319089.000000
319922.000000
3184639.000000
832035.000000
1679472.000000
1881845.000000
3302831.000000
745995.000000
3549977.000000
3193546.000000
2997545.000000
2278607.000000
3431774.000000
199257.000000
3508490.000000
3741972.000000
1366637.000000
3147074.000000
196229.000000
3549953.000000
1757906.000000
2664093.000000
3337405.000000
1539417.000000
1581179.000000
468523.000000
2634200.000000
228329.000000
3004282.000000
3564203.000000
232528.000000
3784198.000000
3996341.000000
3363562.000000
3562195.000000
3337728.000000
265191.000000
3477440.000000
494032.000000
3747215.000000
3378946.000000
3575832.000000
3797178.000000
3853322.000000
492339.000000
1183887.000000
2301252.000000
3283856.000000
3153033.000000
1750719.000000
3511757.000000
2071329.000000
2534154.000000
3395695.000000
2892348.000000
2724982.000000
3114415.000000
2467802.000000
241643.000000
1005660.000000
2275262.000000
108754.000000
1168684.000000
217011.000000
3795054.000000
3832066.000000
3337514.000000
1817479.000000
29978.000000
3740706.000000
3781976.000000
3656546.000000
2186535.000000
3886952.000000
3695729.000000
3422589.000000
2647563.000000
2661484.000000
347932.000000
328527.000000
3505010.000000
1326283.000000
3485578.000000
241636.000000
3575724.000000
29487.000000
83439.000000
3310614.000000
112955.000000
2693747.000000
757280.000000
197493.000000
642266.000000
1710189.000000
3438493.000000
287765.000000
4474231.000000
2961358.000000
2742519.000000
3342892.000000
221291.000000
2256749.000000
3182894.000000
3799464.000000
3093788.000000
3435528.000000
3933792.000000
980013.000000
3110540.000000
2799105.000000
2879564.000000
3325981.000000
1647278.000000
2946739.000000
57325.000000
3066493.000000
3865251.000000
32943.000000
1905946.000000
2710060.000000
3941805.000000
3390439.000000
3388641.000000
731272.000000
1993034.000000
3846640.000000
145865.000000
1081420.000000
2281596.000000
779018.000000
2643631.000000
3189441.000000
3791812.000000
881974.000000
3537803.000000
3682814.000000
2326263.000000
793093.000000
1061421.000000
3328645.000000
379749.000000
216444.000000
2205546.000000
1970396.000000
3156287.000000
3561150.000000
3650232.000000
616078.000000
3304984.000000
3556962.000000
788829.000000
3652902.000000
1884219.000000
2303652.000000
3784555.000000
3479384.000000
3625554.000000
2650235.000000
3745506.000000
98812.000000
3138354.000000
3572901.000000
3869454.000000
345556.000000
2508701.000000
3361304.000000
112369.000000
100935.000000
3341738.000000
3819964.000000
3297137.000000
3530856.000000
3908796.000000
2628360.000000
3624964.000000
1334740.000000
3129870.000000
2187325.000000
3586589.000000
1581346.000000
3417797.000000
583647.000000
3296535.000000
3777333.000000
3774384.000000
2359646.000000
3461689.000000
3416110.000000
272751.000000
3776516.000000
662875.000000
3688918.000000
244777.000000
700364.000000
995109.000000
2839341.000000
1065509.000000
3349586.000000
3764871.000000
3618458.000000
3702072.000000
3495633.000000
199051.000000
647354.000000
3602894.000000
1491200.000000
824339.000000
3040139.000000
3040122.000000
3808472.000000
3903959.000000
2473773.000000
4024012.000000
3461426.000000
3372246.000000
3817995.000000
23567.000000
2392766.000000
125703.000000
294923.000000
2641791.000000
1371194.000000
3377778.000000
3815844.000000
3787255.000000
3484626.000000
113760.000000
2491960.000000
2761743.000000
2126459.000000
1686280.000000
3973721.000000
3172181.000000
1266952.000000
3660630.000000
3564082.000000
4044252.000000
3255955.000000
3155714.000000
803585.000000
1042281.000000
556559.000000
1558564.000000
2859712.000000
3507277.000000
3268661.000000
3784150.000000
3760101.000000
2736504.000000
2693521.000000
3401407.000000
165985.000000
3768263.000000
2614269.000000
3517827.000000
485594.000000
3229488.000000
3388697.000000
1869315.000000
3240859.000000
1100329.000000
3531688.000000
3952972.000000
2657828.000000
3055361.000000
2735931.000000
4345094.000000
3749685.000000
8874.000000
3266893.000000
1837620.000000
29421.000000
3601595.000000
2667387.000000
3436906.000000
3501104.000000
3066216.000000
3391053.000000
1691480.000000
3741342.000000
90653.000000
3416573.000000
2660858.000000
2410581.000000
914830.000000
1715109.000000
3499135.000000
3007841.000000
2486477.000000
103256.000000
3773106.000000
732786.000000
3383876.000000
273081.000000
3827438.000000
1520768.000000
3908487.000000
3667193.000000
3511931.000000
552056.000000
3142718.000000
446798.000000
3679952.000000
3720565.000000
261756.000000
3729967.000000
3499320.000000
2950199.000000
187917.000000
3956295.000000
3982586.000000
741821.000000
687372.000000
3742220.000000
3463223.000000
419647.000000
540623.000000
2835287.000000
3132146.000000
1583001.000000
3684223.000000
1291350.000000
637752.000000
1037837.000000
3570993.000000
526317.000000
3744649.000000
70546.000000
3015310.000000
642374.000000
3408172.000000
3801276.000000
326575.000000
3566988.000000
3445275.000000
952930.000000
3402606.000000
3184606.000000
2962973.000000
3177597.000000
136068.000000
1030656.000000
433017.000000
3644034.000000
111467.000000
879240.000000
3621441.000000
575934.000000
3097766.000000
4093890.000000
3362651.000000
3555114.000000
1318465.000000
3662978.000000
922645.000000
3659591.000000
2557873.000000
2454193.000000
862057.000000
3778226.000000
3117432.000000
26933.000000
25516.000000
3559262.000000
2097522.000000
8376.000000
3903416.000000
3040573.000000
2609026.000000
244856.000000
1974033.000000
3249437.000000
2948578.000000
3340306.000000
746962.000000
503659.000000
3751893.000000
3120515.000000
3045407.000000
3645155.000000
3112203.000000
2422690.000000
3745961.000000
3453105.000000
2659434.000000
2447154.000000
3202534.000000
3248399.000000
1305954.000000
3725147.000000
669548.000000
3650814.000000
3950586.000000
2828665.000000
793833.000000
2375242.000000
2696289.000000
19021.000000
2333616.000000
2420706.000000
2667735.000000
2570104.000000
3733411.000000
3836085.000000
3391033.000000
1201690.000000
868250.000000
3342724.000000
3132699.000000
3063629.000000
3663076.000000
262722.000000
2818933.000000
2209693.000000
3592302.000000
2764255.000000
2121768.000000
433957.000000
3598231.000000
648095.000000
3184793.000000
1215015.000000
3950758.000000
584932.000000
1462050.000000
3467001.000000
2311118.000000
800003.000000
3089478.000000
1478299.000000
3110829.000000
1913319.000000
213169.000000
3048700.000000
3263264.000000
3279841.000000
3820826.000000
3227136.000000
3697634.000000
3795193.000000
272580.000000
2364365.000000
3341446.000000
4351150.000000
671782.000000
1162805.000000
3319117.000000
3445133.000000
2580269.000000
2250907.000000
2086367.000000
3835455.000000
333662.000000
3255011.000000
4009494.000000
3515443.000000
3263032.000000
2067521.000000
3058654.000000
3654641.000000
2135860.000000
1889993.000000
4144717.000000
4292255.000000
3890583.000000
3049072.000000
107219.000000
3638270.000000
3394666.000000
2431404.000000
3392101.000000
4235096.000000
4083316.000000
3674747.000000
2997933.000000
109221.000000
3730980.000000
3576136.000000
3872317.000000
885071.000000
2983278.000000
3319280.000000
3516340.000000
3573415.000000
2464822.000000
1844574.000000
507469.000000
3189946.000000
1113639.000000
79487.000000
3539173.000000
2946334.000000
3604431.000000
2290049.000000
3278802.000000
1617888.000000
3446760.000000
3407504.000000
3644375.000000
3422083.000000
32354.000000
3135306.000000
516017.000000
1873385.000000
825035.000000
279708.000000
3141939.000000
730645.000000
3803110.000000
3257617.000000
655031.000000
213710.000000
1284659.000000
3612187.000000
3415685.000000
2964740.000000
2888876.000000
198066.000000
3029489.000000
2496132.000000
543102.000000
3387582.000000
242149.000000
3804621.000000
2843441.000000
3526512.000000
2919186.000000
3544232.000000
1255718.000000
2734608.000000
3370682.000000
3536054.000000
1932728.000000
1203127.000000
3418825.000000
1627920.000000
1628092.000000
23372.000000
3556989.000000
3710200.000000
2663288.000000
3787119.000000
1325669.000000
518891.000000
3539834.000000
3538039.000000
2606031.000000
3154731.000000
2826113.000000
2291245.000000
1167924.000000
3805176.000000
4169995.000000
724612.000000
3103591.000000
4040864.000000
3689368.000000
3696137.000000
262342.000000
13061.000000
510065.000000
3036579.000000
3895670.000000
759995.000000
280129.000000
2463236.000000
470746.000000
1558603.000000
3828116.000000
232521.000000
504433.000000
3826800.000000
157054.000000
3191726.000000
3465003.000000
3475904.000000
1891204.000000
256984.000000
3258988.000000
3506966.000000
3697854.000000
567612.000000
3454739.000000
3331461.000000
3490975.000000
574167.000000
3058586.000000
3967269.000000
207342.000000
3613413.000000
2865177.000000
2287885.000000
381127.000000
3305536.000000
3410596.000000
3569052.000000
985867.000000
2232717.000000
3766708.000000
407073.000000
3342425.000000
742214.000000
3028653.000000
2617554.000000
2901826.000000
3155831.000000
1957186.000000
2049997.000000
2121632.000000
1876625.000000
3182836.000000
3578199.000000
1821664.000000
1950173.000000
3305517.000000
3546240.000000
3527803.000000
3025545.000000
934218.000000
1156246.000000
144559.000000
3474103.000000
301907.000000
1933655.000000
3516938.000000
3411599.000000
743898.000000
1765338.000000
1842413.000000
729346.000000
3028858.000000
3189035.000000
1273972.000000
2222877.000000
3008155.000000
3530959.000000
3059361.000000
3539232.000000
3170715.000000
2650456.000000
3341122.000000
86850.000000
2696741.000000
3780717.000000
3206844.000000
2611234.000000
3206484.000000
4068690.000000
275985.000000
3581249.000000
2872488.000000
3217737.000000
62018.000000
2805188.000000
1232154.000000
633177.000000
2513177.000000
2786006.000000
852111.000000
419983.000000
3563669.000000
3386756.000000
3020355.000000
3333929.000000
3651453.000000
2508471.000000
32280.000000
149976.000000
3217401.000000
720117.000000
3419496.000000
3456657.000000
2618620.000000
1040912.000000
4184729.000000
3607380.000000
1144282.000000
3824080.000000
557597.000000
1889488.000000
984200.000000
3363006.000000
3489631.000000
2627353.000000
3268067.000000
97117.000000
615885.000000
74161.000000
579019.000000
3442855.000000
2693845.000000
3096221.000000
2765946.000000
1236229.000000
3117624.000000
3710946.000000
3718377.000000
1212245.000000
3570365.000000
3042222.000000
3596092.000000
2533112.000000
1838544.000000
2514440.000000
3899482.000000
3721344.000000
526872.000000
3539090.000000
2175581.000000
4164960.000000
942441.000000
3402321.000000
2810219.000000
3640375.000000
584584.000000
3350270.000000
3901008.000000
3048362.000000
2710471.000000
1673562.000000
26457.000000
3338743.000000
876664.000000
2369075.000000
722245.000000
1776120.000000
190916.000000
3170283.000000
2138723.000000
3976722.000000
1320711.000000
628460.000000
3148838.000000
366353.000000
4583816.000000
3182900.000000
621640.000000
3330978.000000
2889177.000000
2980737.000000
387261.000000
3925348.000000
410477.000000
3626210.000000
880163.000000
1267747.000000
2590649.000000
1906361.000000
3493084.000000
3190776.000000
3064734.000000
3453123.000000
3339889.000000
3710083.000000
1109594.000000
2061560.000000
1673145.000000
3349136.000000
3733928.000000
59652.000000
2885319.000000
1058002.000000
3485384.000000
2730446.000000
3484194.000000
3336485.000000
1287224.000000
3912410.000000
237948.000000
3512064.000000
3846838.000000
3658307.000000
104667.000000
3980489.000000
1150715.000000
3795155.000000
906768.000000
288921.000000
2675699.000000
1592580.000000
2704210.000000
3425185.000000
2786785.000000
430480.000000
20504.000000
1141313.000000
1391287.000000
2745182.000000
902946.000000
85941.000000
2820953.000000
3772994.000000
2031834.000000
3793306.000000
3310371.000000
602762.000000
3393255.000000
594984.000000
3553326.000000
3490453.000000
3663553.000000
3448752.000000
542208.000000
393042.000000
4123787.000000
1960397.000000
1546845.000000
1792521.000000
3171273.000000
1263909.000000
3897640.000000
3447638.000000
3516121.000000
3414434.000000
727959.000000
638439.000000
3276337.000000
1285546.000000
3898661.000000
2944328.000000
2097259.000000
2277896.000000
3711323.000000
3483020.000000
2786367.000000
3679926.000000
3487494.000000
205366.000000
30532.000000
1168166.000000
106232.000000
3755932.000000
2220484.000000
2948645.000000
3126179.000000
328287.000000
3771038.000000
665462.000000
223697.000000
3180715.000000
3057993.000000
3286676.000000
2772724.000000
3766684.000000
1920229.000000
452946.000000
957065.000000
143834.000000
3449082.000000
246745.000000
1959380.000000
3189509.000000
3111083.000000
2874578.000000
3790299.000000
3280181.000000
3518828.000000
3861746.000000
3530208.000000
3099004.000000
1828630.000000
2299801.000000
1770035.000000
884208.000000
194664.000000
3437382.000000
637902.000000
3779107.000000
2497548.000000
19960.000000
487641.000000
3240069.000000
3219506.000000
3218846.000000
2353710.000000
1143575.000000
3610390.000000
3530736.000000
3091814.000000
681428.000000
3325758.000000
3189059.000000
510383.000000
3757092.000000
3714840.000000
2688025.000000
69014.000000
3425931.000000
1740264.000000
2876429.000000
2054439.000000
3163319.000000
1121501.000000
3538961.000000
3374877.000000
3290311.000000
2843387.000000
3799702.000000
3794913.000000
3316801.000000
2547356.000000
3546401.000000
1950600.000000
3423756.000000
1196193.000000
3623013.000000
2303838.000000
3633469.000000
1061382.000000
1007889.000000
3817425.000000
1371309.000000
3737520.000000
2496393.000000
430857.000000
3778266.000000
2996294.000000
2958395.000000
117183.000000
2957349.000000
2340404.000000
2278954.000000
1778972.000000
3165590.000000
2944696.000000
3894402.000000
2945109.000000
1047884.000000
3795948.000000
2704450.000000
3188391.000000
2973726.000000
965239.000000
670042.000000
3465072.000000
247354.000000
3315264.000000
3359726.000000
3353705.000000
3305024.000000
208448.000000
1501436.000000
2690053.000000
487981.000000
3136671.000000
3433662.000000
384296.000000
3567758.000000
3499634.000000
3132140.000000
3726991.000000
3843724.000000
1982982.000000
3810158.000000
4020998.000000
902363.000000
3659436.000000
815498.000000
3876904.000000
4122438.000000
3319174.000000
2847668.000000
717112.000000
1014036.000000
3746722.000000
3113705.000000
1434182.000000
3392346.000000
3612986.000000
4369388.000000
473274.000000
2143732.000000
3826819.000000
2501199.000000
2350790.000000
1853322.000000
2402983.000000
2400252.000000
802523.000000
991567.000000
1743665.000000
301787.000000
825425.000000
3502291.000000
310682.000000
150485.000000
195900.000000
3770097.000000
3531141.000000
2992593.000000
2641057.000000
3089470.000000
446550.000000
379765.000000
3850407.000000
3881839.000000
2877799.000000
3108209.000000
2849783.000000
2269123.000000
3722650.000000
3341044.000000
3754687.000000
299582.000000
561846.000000
1790961.000000
151146.000000
3207692.000000
2163376.000000
998564.000000
1587618.000000
3258228.000000
3102357.000000
2852222.000000
1238055.000000
2207803.000000
683503.000000
2661794.000000
3310758.000000
1378374.000000
243931.000000
3106702.000000
948038.000000
3163979.000000
664665.000000
3153012.000000
3579166.000000
3000299.000000
4098069.000000
2884740.000000
1941197.000000
761080.000000
2853316.000000
427897.000000
1766496.000000
822609.000000
3681526.000000
3438547.000000
1451126.000000
2194222.000000
663458.000000
3646080.000000
3810893.000000
3821417.000000
842012.000000
3375088.000000
2928969.000000
3137853.000000
158382.000000
2878271.000000
3648415.000000
3564489.000000
1872902.000000
2138769.000000
2552613.000000
2168117.000000
2293697.000000
426356.000000
3416834.000000
1276299.000000
3325770.000000
16117.000000
2503202.000000
3572324.000000
3452235.000000
3900042.000000
3607269.000000
159912.000000
3719567.000000
2195052.000000
2321355.000000
3413306.000000
3870017.000000
2842669.000000
3314784.000000
1641867.000000
884768.000000
1567440.000000
4037364.000000
3751108.000000
3641830.000000
658354.000000
3904100.000000
3292379.000000
422490.000000
3921027.000000
1760660.000000
1737264.000000
858449.000000
3384798.000000
2689709.000000
486462.000000
2672037.000000
3646687.000000
4106656.000000
3030996.000000
1255234.000000
3423103.000000
3681076.000000
3172942.000000
566712.000000
3311350.000000
3391831.000000
1552696.000000
4029867.000000
2378597.000000
3141420.000000
1477001.000000
3142136.000000
2741093.000000
2431299.000000
1261748.000000
2678163.000000
2536192.000000
3486619.000000
2294982.000000
929535.000000
3571501.000000
4068687.000000
3635226.000000
792134.000000
3389650.000000
2699274.000000
194302.000000
3412471.000000
3252733.000000
3580312.000000
3502351.000000
4001065.000000
3990776.000000
3419140.000000
2826485.000000
1645202.000000
3528532.000000
4007853.000000
2689128.000000
741985.000000
1657942.000000
2889786.000000
3099699.000000
3550772.000000
3573976.000000
3209093.000000
3347175.000000
3545909.000000
432328.000000
3908535.000000
2455952.000000
109838.000000
3532450.000000
2767419.000000
3688261.000000
2726929.000000
1714920.000000
224140.000000
780008.000000
3354112.000000
2724899.000000
3662945.000000
3602541.000000
3565535.000000
2570118.000000
2681358.000000
2636186.000000
1132326.000000
3501814.000000
2396547.000000
3270753.000000
2161505.000000
1788195.000000
3032284.000000
1759551.000000
670335.000000
3208430.000000
2678498.000000
3345137.000000
3517252.000000
4275550.000000
3817593.000000
3728312.000000
1627191.000000
1343898.000000
3909885.000000
1972277.000000
3608610.000000
761628.000000
842906.000000
3116923.000000
3481265.000000
836783.000000
2502678.000000
2119203.000000
1471099.000000
4083520.000000
152578.000000
1286724.000000
3434856.000000
3488001.000000
3082951.000000
223539.000000
1883948.000000
3482588.000000
87372.000000
2615009.000000
1053638.000000
2172280.000000
1800249.000000
3035180.000000
2398938.000000
641591.000000
1529327.000000
946197.000000
3610185.000000
3339238.000000
470748.000000
372484.000000
2883500.000000
77417.000000
3596881.000000
1054505.000000
339225.000000
3280451.000000
3618823.000000
2289812.000000
3680247.000000
3882613.000000
2457950.000000
2750317.000000
1783071.000000
3189530.000000
1324683.000000
3787481.000000
466744.000000
2817719.000000
2207009.000000
3725273.000000
2882367.000000
3947220.000000
3320424.000000
3421046.000000
618466.000000
3841239.000000
1486719.000000
3438016.000000
1700624.000000
2823809.000000
2810614.000000
94540.000000
3457926.000000
2498269.000000
1547671.000000
3319441.000000
3693650.000000
3951298.000000
2985331.000000
3350785.000000
3326054.000000
1139736.000000
3950638.000000
3850637.000000
362836.000000
4073695.000000
1967711.000000
3578712.000000
2980846.000000
2804024.000000
109377.000000
3426255.000000
2126231.000000
3324316.000000
1553268.000000
3782362.000000
3317890.000000
97479.000000
3754431.000000
777677.000000
3467969.000000
3894120.000000
2667241.000000
2966730.000000
3931804.000000
3196253.000000
3593703.000000
1980339.000000
758069.000000
581365.000000
3111366.000000
3075701.000000
94819.000000
489385.000000
2444026.000000
3355527.000000
3010645.000000
538971.000000
3503143.000000
189770.000000
1422776.000000
2444782.000000
1975950.000000
2682429.000000
2941207.000000
3521559.000000
2926500.000000
600913.000000
3725525.000000
1051878.000000
3872876.000000
3521291.000000
3365292.000000
2349309.000000
3370066.000000
3468850.000000
3095700.000000
3230812.000000
2626938.000000
162871.000000
99179.000000
3386584.000000
781905.000000
3242759.000000
3559561.000000
3388489.000000
18241.000000
3149161.000000
2217289.000000
295680.000000
2693458.000000
3788401.000000
3685104.000000
3630796.000000
366116.000000
3410769.000000
3319448.000000
3189161.000000
3306187.000000
3616693.000000
191618.000000
3064446.000000
1428138.000000
3562029.000000
3405053.000000
706364.000000
3595625.000000
85332.000000
215717.000000
2831250.000000
191362.000000
345499.000000
3815062.000000
3242692.000000
3748334.000000
2001390.000000
3539012.000000
1540977.000000
629327.000000
544435.000000
3413320.000000
2056309.000000
2029126.000000
3192210.000000
3423913.000000
528079.000000
3106741.000000
3608475.000000
85963.000000
3048024.000000
2953743.000000
1587281.000000
3366713.000000
722015.000000
3483669.000000
1145924.000000
602502.000000
1024328.000000
3637968.000000
3733037.000000
1409225.000000
451368.000000
1401323.000000
595312.000000
3018118.000000
2962551.000000
4094052.000000
3436047.000000
2621951.000000
509216.000000
2361502.000000
2999763.000000
2652191.000000
3612455.000000
2254579.000000
1409798.000000
2227916.000000
928471.000000
371102.000000
3035917.000000
1688234.000000
3344318.000000
3779618.000000
2107621.000000
3878409.000000
3579296.000000
126828.000000
477082.000000
676913.000000
2883314.000000
1681548.000000
3766397.000000
2637053.000000
3532489.000000
2469669.000000
3884316.000000
4138373.000000
3138497.000000
2673782.000000
3742468.000000
3528823.000000
3900328.000000
926364.000000
2562013.000000
1022122.000000
255791.000000
268915.000000
617693.000000
200116.000000
2928358.000000
1903112.000000
2923575.000000
2881489.000000
3254661.000000
1603892.000000
2954324.000000
3435214.000000
3364525.000000
1197135.000000
297742.000000
3571462.000000
2968407.000000
3604883.000000
3425195.000000
3596880.000000
3786326.000000
480168.000000
3444018.000000
2739947.000000
3765164.000000
3909566.000000
2831360.000000
2532088.000000
408117.000000
3566667.000000
1469357.000000
766878.000000
3613329.000000
203450.000000
597992.000000
3358567.000000
2361012.000000
3634112.000000
1493748.000000
3427062.000000
2997165.000000
3787393.000000
3033326.000000
3081167.000000
784944.000000
2370658.000000
3356263.000000
421509.000000
1304502.000000
2679969.000000
1493542.000000
2788712.000000
468194.000000
277694.000000
562329.000000
1381531.000000
3563296.000000
2990599.000000
3103464.000000
