0.000000
0.000000
0.000000
0.000000
0.000000
0.000000
0.000000
0.000000
0.000000
0.000000
0.000000
0.000000
0.000000
0.000000
0.000000
0.000000
0.000000
0.000000
0.000000
0.000000
0.000000
0.000000
0.000000
0.000000
0.000000
0.000000
0.000000
0.000000
0.000000
0.000000
0.000000
0.000000
0.000000
0.000000
0.000000
0.000000
0.000000
0.000000
0.000000
0.000000
0.000000
0.000000
0.000000
0.000000
0.000000
0.000000
0.000000
0.000000
0.000000
0.000000
0.000000
0.000000
0.000000
0.000000
0.000000
0.000000
0.000000
0.000000
0.000000
0.000000
0.000000
0.000000
0.000000
0.000000
0.000000
0.000000
0.000000
0.000000
0.000000
0.000000
0.000000
0.000000
0.000000
0.000000
0.000000
0.000000
0.000000
0.000000
0.000000
0.000000
0.000000
0.000000
0.000000
0.000000
0.000000
0.000000
0.000000
0.000000
0.000000
0.000000
0.000000
0.000000
0.000000
0.000000
0.000000
0.000000
0.000000
0.000000
0.000000
0.000000
0.000000
0.000000
0.000000
0.000000
0.000000
0.000000
0.000000
0.000000
0.000000
0.000000
0.000000
0.000000
0.000000
0.000000
0.000000
0.000000
0.000000
0.000000
0.000000
0.000000
0.000000
0.000000
0.000000
0.000000
0.000000
0.000000
0.000000
0.000000
0.000000
0.000000
0.000000
0.000000
0.000000
0.000000
0.000000
0.000000
0.000000
0.000000
0.000000
0.000000
0.000000
0.000000
0.000000
0.000000
0.000000
0.000000
0.000000
0.000000
0.000000
0.000000
0.000000
0.000000
0.000000
0.000000
0.000000
0.000000
0.000000
2127515.000000
1001940.000000
1278349.000000
145286.000000
1334721.000000
1347509.000000
75032.000000
39005.000000
1247985.000000
1256508.000000
905320.000000
1062683.000000
373972.000000
1092850.000000
986526.000000
1310187.000000
1161729.000000
1101372.000000
1037281.000000
1254048.000000
559976.000000
1176945.000000
1179687.000000
1189673.000000
1232855.000000
75192.000000
1277573.000000
1270867.000000
1342399.000000
1365760.000000
248633.000000
1073724.000000
701963.000000
1381985.000000
280025.000000
985979.000000
1051916.000000
1095994.000000
616711.000000
334631.000000
458047.000000
1280756.000000
1183411.000000
562997.000000
565653.000000
1071299.000000
74830.000000
1315121.000000
1329518.000000
1252972.000000
1227561.000000
997312.000000
1029886.000000
1009010.000000
963790.000000
73368.000000
1230492.000000
1122356.000000
989700.000000
70462.000000
1160577.000000
1094871.000000
1191598.000000
997163.000000
1228950.000000
1141963.000000
1038472.000000
680429.000000
1068258.000000
901118.000000
956808.000000
878483.000000
1029628.000000
1024529.000000
1083092.000000
1136037.000000
1290237.000000
1283879.000000
1033027.000000
1074489.000000
1200469.000000
174675.000000
520802.000000
1227844.000000
1041149.000000
1151471.000000
1016157.000000
1211756.000000
1166694.000000
1008185.000000
1284608.000000
1170657.000000
1313507.000000
939879.000000
926972.000000
417145.000000
267908.000000
1046531.000000
226435.000000
1140135.000000
1060210.000000
980271.000000
1229158.000000
973801.000000
1100805.000000
1130680.000000
1254273.000000
776527.000000
126888.000000
479646.000000
863026.000000
1286167.000000
967893.000000
1153010.000000
1144304.000000
292754.000000
953577.000000
1241404.000000
488358.000000
1356706.000000
758011.000000
1101829.000000
1103943.000000
1271258.000000
1258020.000000
608838.000000
351860.000000
899448.000000
1103996.000000
109713.000000
924699.000000
1278428.000000
1291789.000000
985603.000000
624173.000000
1223182.000000
95806.000000
1226264.000000
10407.000000
1446645.000000
1173925.000000
1176316.000000
1186565.000000
554242.000000
1163095.000000
1268745.000000
1156400.000000
1136157.000000
1077351.000000
1112100.000000
401926.000000
1087812.000000
1142110.000000
1049937.000000
1396844.000000
1262588.000000
1017655.000000
253597.000000
1117546.000000
1299036.000000
312960.000000
1240416.000000
895322.000000
1052079.000000
1175627.000000
846559.000000
136286.000000
1039865.000000
1261784.000000
1142849.000000
1191622.000000
1093177.000000
1171440.000000
898797.000000
1251486.000000
749699.000000
1190909.000000
1151388.000000
1418919.000000
616448.000000
614339.000000
1260843.000000
1050056.000000
1292483.000000
1228250.000000
750191.000000
1039798.000000
1163486.000000
1308060.000000
1119374.000000
1167437.000000
1077988.000000
1102320.000000
1175644.000000
1071968.000000
1178729.000000
1233668.000000
1169500.000000
1222768.000000
1248163.000000
1139398.000000
613507.000000
1036460.000000
881958.000000
919650.000000
839291.000000
1167811.000000
1171769.000000
1142271.000000
845452.000000
1207218.000000
1268157.000000
589267.000000
1342947.000000
1151546.000000
930826.000000
766889.000000
1100729.000000
1003454.000000
1159962.000000
834349.000000
390904.000000
1280138.000000
1197113.000000
1290428.000000
1212704.000000
911016.000000
1047660.000000
1269881.000000
859175.000000
888269.000000
1054553.000000
1212382.000000
1147711.000000
1295370.000000
910386.000000
452530.000000
1350094.000000
728986.000000
1211887.000000
832271.000000
922311.000000
1300186.000000
1303689.000000
1083692.000000
707576.000000
1299649.000000
804310.000000
1390685.000000
706634.000000
1087220.000000
782234.000000
1059389.000000
1245630.000000
954616.000000
1178450.000000
1194886.000000
128467.000000
1519066.000000
1203368.000000
1282630.000000
1017321.000000
1127983.000000
1209129.000000
1205355.000000
1415610.000000
1030051.000000
1244675.000000
1026730.000000
1155910.000000
1072272.000000
782538.000000
1192033.000000
1191790.000000
1134071.000000
1319684.000000
1262154.000000
1152249.000000
282152.000000
254029.000000
746311.000000
1115416.000000
1233884.000000
965348.000000
1177171.000000
1174519.000000
1239200.000000
1107806.000000
1155695.000000
1443072.000000
1209817.000000
1099466.000000
1148664.000000
1016975.000000
1176900.000000
1278361.000000
442580.000000
269957.000000
1038308.000000
1134723.000000
831521.000000
1151912.000000
1306734.000000
1214173.000000
219952.000000
1408351.000000
848927.000000
1173232.000000
1056971.000000
593774.000000
442133.000000
1160654.000000
1084714.000000
1297994.000000
1140524.000000
1078984.000000
1334933.000000
275853.000000
1282995.000000
1267266.000000
1133814.000000
97811.000000
1186710.000000
1277122.000000
159471.000000
1216325.000000
1098600.000000
1206805.000000
140363.000000
1146981.000000
1174825.000000
1219388.000000
1265925.000000
1033284.000000
115420.000000
1094677.000000
1008818.000000
669898.000000
971108.000000
966080.000000
1141255.000000
118075.000000
1280740.000000
1357082.000000
981742.000000
1218320.000000
1330770.000000
359156.000000
510070.000000
1156337.000000
1325603.000000
767811.000000
1154949.000000
800873.000000
1404860.000000
79174.000000
502080.000000
1353448.000000
739129.000000
989635.000000
992106.000000
1127809.000000
1176884.000000
1041711.000000
1124475.000000
397134.000000
401782.000000
1083266.000000
1285706.000000
1208931.000000
1200365.000000
1199546.000000
1205823.000000
1051567.000000
1128661.000000
1213634.000000
953854.000000
1284850.000000
1084716.000000
1167162.000000
456135.000000
535763.000000
1396027.000000
1352800.000000
149452.000000
1170385.000000
1314315.000000
1186372.000000
1163292.000000
1057807.000000
232994.000000
1228904.000000
1313173.000000
980706.000000
1176826.000000
1337315.000000
1217320.000000
1150175.000000
1222232.000000
377148.000000
1366402.000000
1295062.000000
383744.000000
421641.000000
1106603.000000
932217.000000
981775.000000
987155.000000
1229849.000000
265380.000000
1136249.000000
1004680.000000
923881.000000
221983.000000
115919.000000
991966.000000
1183260.000000
762835.000000
1251497.000000
1244841.000000
1204406.000000
1333919.000000
1111069.000000
1317902.000000
1080786.000000
1105631.000000
520481.000000
892890.000000
1094871.000000
1206801.000000
1299290.000000
1132947.000000
1258467.000000
1150497.000000
1102153.000000
592594.000000
857661.000000
1215941.000000
909720.000000
1212260.000000
1071373.000000
1185661.000000
1111603.000000
1189329.000000
216182.000000
599180.000000
1246934.000000
930801.000000
1154999.000000
1185645.000000
1294616.000000
1014219.000000
1217711.000000
196844.000000
1129031.000000
1027747.000000
1133699.000000
1354026.000000
684803.000000
1224419.000000
1033979.000000
762845.000000
1123493.000000
1424808.000000
837702.000000
1025639.000000
574790.000000
920083.000000
1405290.000000
1191190.000000
1188463.000000
1126710.000000
1021681.000000
1355089.000000
981427.000000
957807.000000
1041928.000000
506611.000000
762001.000000
1016661.000000
1243860.000000
888424.000000
1233776.000000
1046193.000000
1005104.000000
819362.000000
126396.000000
1230432.000000
1064663.000000
974940.000000
616425.000000
1177015.000000
1058881.000000
1204116.000000
1198873.000000
1015599.000000
1149987.000000
1237253.000000
79441.000000
959805.000000
1273595.000000
912042.000000
992029.000000
1165480.000000
974733.000000
1162340.000000
71538.000000
1303496.000000
1183970.000000
1077501.000000
1186506.000000
528737.000000
1205748.000000
1016171.000000
1233274.000000
1249354.000000
1418187.000000
1207112.000000
1224552.000000
1056674.000000
988170.000000
998411.000000
1440993.000000
1133680.000000
1164175.000000
768445.000000
1103326.000000
1167594.000000
897906.000000
1163272.000000
126649.000000
1256458.000000
1356610.000000
327314.000000
1024000.000000
1060794.000000
1122298.000000
1333184.000000
1173689.000000
1138040.000000
1265749.000000
702850.000000
948560.000000
499063.000000
120382.000000
1238130.000000
1110628.000000
973876.000000
1302990.000000
1059390.000000
1358723.000000
1238573.000000
1154861.000000
1155395.000000
393696.000000
1254020.000000
1123114.000000
560169.000000
1095299.000000
1259024.000000
212786.000000
1263453.000000
1150818.000000
1429390.000000
1169757.000000
1218112.000000
885352.000000
277166.000000
1147277.000000
102371.000000
1190905.000000
13490.000000
358843.000000
1218472.000000
1155255.000000
1156919.000000
443562.000000
1202878.000000
1184674.000000
1070809.000000
1174353.000000
369154.000000
370319.000000
665678.000000
1222845.000000
1315112.000000
977733.000000
1155109.000000
1329464.000000
1255474.000000
1126388.000000
1358568.000000
698928.000000
256713.000000
468478.000000
1131240.000000
1406344.000000
662493.000000
1124211.000000
598806.000000
1132852.000000
983361.000000
1167634.000000
1157332.000000
222148.000000
1071136.000000
934771.000000
1349293.000000
947986.000000
229627.000000
1111172.000000
1020105.000000
828680.000000
1178822.000000
1107668.000000
1327665.000000
1018245.000000
1011849.000000
1056702.000000
93469.000000
1263423.000000
1355655.000000
997125.000000
1352467.000000
1011191.000000
1307079.000000
1096094.000000
389990.000000
1030716.000000
1243575.000000
872452.000000
1054895.000000
1204011.000000
1288191.000000
1156676.000000
1279763.000000
319433.000000
1313342.000000
1297610.000000
1408083.000000
1115493.000000
1222100.000000
1164277.000000
1336080.000000
21757.000000
1127278.000000
61524.000000
864934.000000
1103853.000000
1021241.000000
236231.000000
297566.000000
1222070.000000
1386317.000000
6160.000000
1154246.000000
910622.000000
949335.000000
95438.000000
1097420.000000
1211579.000000
393917.000000
119042.000000
1249286.000000
1316014.000000
859871.000000
919127.000000
883017.000000
1248577.000000
965074.000000
1102302.000000
1116968.000000
1178392.000000
149636.000000
131359.000000
1078532.000000
1323475.000000
1277502.000000
1292568.000000
49030.000000
1113065.000000
1158832.000000
172121.000000
1373879.000000
1092549.000000
1103087.000000
1122211.000000
1287105.000000
988020.000000
921904.000000
880040.000000
236117.000000
1274413.000000
1334977.000000
1117618.000000
1215962.000000
195861.000000
1199929.000000
1143516.000000
1138562.000000
478353.000000
183589.000000
1235362.000000
707279.000000
1457186.000000
1102064.000000
1008651.000000
1267725.000000
1252308.000000
867102.000000
915800.000000
1303118.000000
1241618.000000
521624.000000
864456.000000
1165212.000000
1262065.000000
196705.000000
569893.000000
1079534.000000
529700.000000
1203431.000000
140750.000000
53665.000000
934129.000000
1389312.000000
1498107.000000
1103784.000000
160304.000000
1256588.000000
1148904.000000
1280346.000000
1105431.000000
1199765.000000
1073048.000000
1137945.000000
237424.000000
1160927.000000
151484.000000
1138797.000000
1269017.000000
980299.000000
106594.000000
1046297.000000
1080692.000000
1128323.000000
1161427.000000
1195139.000000
443359.000000
1187800.000000
831901.000000
1053549.000000
211566.000000
306798.000000
1394437.000000
1339363.000000
1096153.000000
1066961.000000
1440787.000000
1292565.000000
909841.000000
1416264.000000
897810.000000
123225.000000
1227086.000000
1187972.000000
1028874.000000
940731.000000
980215.000000
1070712.000000
985247.000000
1467529.000000
193460.000000
94095.000000
1222092.000000
1146186.000000
1365369.000000
225381.000000
922620.000000
180347.000000
1196218.000000
206416.000000
1062716.000000
1200204.000000
1254889.000000
878585.000000
1101269.000000
1178339.000000
1205558.000000
1095239.000000
880635.000000
1190819.000000
994745.000000
1159563.000000
779404.000000
70400.000000
1198404.000000
1303389.000000
1278656.000000
709184.000000
1255543.000000
1160432.000000
974883.000000
1039143.000000
1280268.000000
1150856.000000
1089685.000000
1152035.000000
1354577.000000
1331705.000000
1141453.000000
1251044.000000
113095.000000
1337674.000000
1136027.000000
1314780.000000
1012948.000000
831063.000000
1063549.000000
82618.000000
1282692.000000
1259062.000000
763657.000000
1161421.000000
1100041.000000
891980.000000
1275851.000000
838487.000000
919004.000000
1414069.000000
1153736.000000
1129205.000000
170204.000000
1141162.000000
1195959.000000
1252319.000000
827430.000000
744613.000000
1066949.000000
1266174.000000
1224068.000000
798623.000000
1257343.000000
1223481.000000
1135720.000000
1275171.000000
1199828.000000
1096724.000000
1120606.000000
962431.000000
1269959.000000
1196882.000000
191106.000000
1181861.000000
1202379.000000
1024354.000000
996307.000000
1119158.000000
890881.000000
1201303.000000
1261765.000000
1176456.000000
1137394.000000
991104.000000
699920.000000
816437.000000
1263589.000000
1031805.000000
1138744.000000
1108332.000000
1427222.000000
1366634.000000
853302.000000
915679.000000
1130748.000000
1262205.000000
1132327.000000
1202798.000000
1385949.000000
1017040.000000
395280.000000
1083733.000000
1233396.000000
1184096.000000
97003.000000
1045947.000000
525994.000000
394105.000000
149135.000000
703027.000000
1256855.000000
1091352.000000
1183610.000000
1081748.000000
1113177.000000
1299789.000000
1193106.000000
737963.000000
998165.000000
1324417.000000
281838.000000
1234962.000000
1342424.000000
1035366.000000
118161.000000
937968.000000
1280618.000000
1064336.000000
1388846.000000
1144612.000000
1142904.000000
1313419.000000
1109012.000000
543702.000000
999900.000000
835511.000000
582603.000000
1158735.000000
272349.000000
225018.000000
1118191.000000
701024.000000
933761.000000
1078429.000000
1137091.000000
560153.000000
1175436.000000
1219048.000000
1115767.000000
965107.000000
1274964.000000
140713.000000
1216962.000000
1292649.000000
828542.000000
1311201.000000
192360.000000
1309081.000000
755139.000000
1389367.000000
1369574.000000
867171.000000
905488.000000
381754.000000
1176087.000000
194593.000000
1115777.000000
1122975.000000
212382.000000
1016355.000000
1259148.000000
1272868.000000
1328998.000000
1391853.000000
231906.000000
1184788.000000
400960.000000
1259327.000000
999718.000000
1092597.000000
1253765.000000
1287515.000000
357744.000000
667543.000000
1093608.000000
1140930.000000
1119137.000000
1050510.000000
1200752.000000
1092143.000000
1091531.000000
1214783.000000
998390.000000
1277151.000000
1276355.000000
1040781.000000
265453.000000
710173.000000
939988.000000
132076.000000
781972.000000
176515.000000
1302657.000000
1038819.000000
1127410.000000
920087.000000
21337.000000
1089541.000000
1219440.000000
1257450.000000
1077271.000000
1154461.000000
1448889.000000
1116311.000000
1398874.000000
1039832.000000
308779.000000
224351.000000
1162105.000000
921586.000000
1311144.000000
198762.000000
1364295.000000
19115.000000
55955.000000
1198351.000000
107089.000000
1086488.000000
642459.000000
117034.000000
419198.000000
1091934.000000
1263461.000000
310046.000000
1302805.000000
1168562.000000
1159050.000000
1120613.000000
170368.000000
1149967.000000
1126929.000000
1083569.000000
1128919.000000
1208970.000000
1015000.000000
777047.000000
1183776.000000
1410342.000000
1354441.000000
1166930.000000
898347.000000
1022543.000000
53995.000000
962107.000000
1426489.000000
21966.000000
1055753.000000
1172058.000000
1093062.000000
987020.000000
1287669.000000
478886.000000
1074166.000000
1141508.000000
154980.000000
737581.000000
1250851.000000
682497.000000
1316778.000000
1287571.000000
1166637.000000
671109.000000
1013313.000000
1097714.000000
1177306.000000
474494.000000
701973.000000
1179115.000000
348800.000000
132588.000000
1173715.000000
1044256.000000
818373.000000
1172688.000000
1228594.000000
434703.000000
1230045.000000
1097639.000000
652740.000000
1209782.000000
1076867.000000
1209970.000000
1264473.000000
1211117.000000
1226485.000000
1167134.000000
1138774.000000
74391.000000
1253524.000000
1271299.000000
1448335.000000
283941.000000
1070029.000000
1289923.000000
124057.000000
96053.000000
1126097.000000
1208066.000000
1097434.000000
1317571.000000
1220736.000000
1100671.000000
1320198.000000
936994.000000
1075664.000000
841679.000000
1029419.000000
883673.000000
1458980.000000
536241.000000
1279827.000000
1389524.000000
1210087.000000
1053749.000000
1105635.000000
1123464.000000
248262.000000
1389959.000000
523916.000000
1182917.000000
261721.000000
595484.000000
728770.000000
1316626.000000
787728.000000
1241290.000000
1226590.000000
1229648.000000
1079818.000000
1086968.000000
195597.000000
548221.000000
1435983.000000
869412.000000
644892.000000
1138123.000000
1127494.000000
1506637.000000
1212718.000000
1306431.000000
1225803.000000
1161340.000000
1169802.000000
1156665.000000
19487.000000
1289058.000000
111130.000000
316199.000000
1235102.000000
980068.000000
1000099.000000
1305547.000000
1285047.000000
1130930.000000
102616.000000
1194618.000000
997724.000000
1247273.000000
1008890.000000
1201001.000000
1129726.000000
851292.000000
1030910.000000
1452332.000000
1326799.000000
1265209.000000
1073422.000000
672587.000000
679359.000000
504945.000000
839935.000000
1284949.000000
1138397.000000
1124917.000000
1244576.000000
1184048.000000
1355948.000000
1096445.000000
1197175.000000
157867.000000
1409551.000000
1184741.000000
1214387.000000
390137.000000
1139343.000000
1274533.000000
1086156.000000
1093772.000000
803931.000000
1183950.000000
1274250.000000
1310644.000000
1188456.000000
1122249.000000
1446702.000000
1270018.000000
11608.000000
917035.000000
971987.000000
20151.000000
1377125.000000
1404387.000000
1400546.000000
1255434.000000
1212647.000000
1229417.000000
1037185.000000
1199358.000000
89445.000000
1028071.000000
1317488.000000
1137594.000000
638226.000000
1005271.000000
1498886.000000
1038211.000000
1209332.000000
88382.000000
1294811.000000
549066.000000
1115579.000000
149897.000000
1116077.000000
925305.000000
1326215.000000
1192734.000000
1307398.000000
536853.000000
1113317.000000
219786.000000
1397293.000000
1493390.000000
151707.000000
1076733.000000
1386432.000000
652591.000000
124015.000000
1233351.000000
1295062.000000
541183.000000
491786.000000
1155334.000000
1420904.000000
366338.000000
491977.000000
1079917.000000
1210835.000000
970745.000000
1136365.000000
873808.000000
556496.000000
795914.000000
1164510.000000
439660.000000
1364295.000000
74463.000000
1145592.000000
474408.000000
1169617.000000
1277011.000000
265312.000000
1305824.000000
1402863.000000
782068.000000
1297364.000000
1341935.000000
1270180.000000
1076018.000000
109935.000000
705573.000000
392442.000000
1110423.000000
98922.000000
617536.000000
1199991.000000
480526.000000
1005503.000000
1188190.000000
1257924.000000
1188951.000000
816550.000000
1337838.000000
733743.000000
1216758.000000
1073711.000000
1103895.000000
677863.000000
1278527.000000
1345171.000000
21417.000000
19581.000000
1189570.000000
1146980.000000
7141.000000
1151308.000000
1278174.000000
1289774.000000
285745.000000
1012647.000000
1286228.000000
1220980.000000
1138523.000000
651307.000000
446975.000000
1370177.000000
1421930.000000
1369785.000000
980647.000000
1130513.000000
1132154.000000
1193532.000000
1134481.000000
1035732.000000
1013711.000000
1124919.000000
1105646.000000
820002.000000
1270663.000000
584957.000000
1393047.000000
1123394.000000
1065099.000000
618107.000000
1219505.000000
1118122.000000
17701.000000
1088287.000000
1205164.000000
1226653.000000
1001318.000000
1347402.000000
1306656.000000
1272754.000000
759634.000000
547636.000000
1066366.000000
1345979.000000
1328729.000000
1398409.000000
222120.000000
1175010.000000
1036945.000000
1205368.000000
1153801.000000
1132318.000000
387493.000000
1286729.000000
545150.000000
1265345.000000
766977.000000
1309025.000000
369483.000000
890269.000000
1133413.000000
1114047.000000
486967.000000
1195989.000000
937938.000000
1178913.000000
1000996.000000
162325.000000
1295241.000000
1280036.000000
1027552.000000
1240078.000000
1272259.000000
1001733.000000
1053251.000000
268613.000000
1262450.000000
1196633.000000
1446716.000000
522699.000000
636247.000000
1154986.000000
1276397.000000
1208299.000000
999151.000000
1075397.000000
1077346.000000
270641.000000
1108591.000000
1301718.000000
1145555.000000
1214857.000000
1120130.000000
1162694.000000
1344612.000000
1143057.000000
1132895.000000
1199670.000000
1182378.000000
1154874.000000
1219569.000000
89264.000000
1212478.000000
1187171.000000
1332690.000000
1117011.000000
1272099.000000
1359172.000000
1178066.000000
1288319.000000
96494.000000
1094934.000000
1147869.000000
1246623.000000
749838.000000
1169451.000000
1133875.000000
1165058.000000
1277205.000000
1190060.000000
1146451.000000
331685.000000
1223788.000000
844671.000000
82898.000000
1174666.000000
1020921.000000
1195487.000000
1173235.000000
1207341.000000
910820.000000
1328158.000000
1149779.000000
1346810.000000
1219851.000000
18977.000000
1134061.000000
334818.000000
1018676.000000
637552.000000
179795.000000
1155177.000000
610640.000000
1023167.000000
1323268.000000
493002.000000
224693.000000
820695.000000
1148472.000000
1151029.000000
920239.000000
1058750.000000
180567.000000
1172611.000000
1185322.000000
382646.000000
1142046.000000
198805.000000
1279783.000000
1194584.000000
1108508.000000
1180300.000000
1277753.000000
769724.000000
897181.000000
1242525.000000
1098600.000000
1004580.000000
847807.000000
1196163.000000
973413.000000
1014216.000000
18977.000000
1166796.000000
1323887.000000
1274478.000000
977276.000000
744025.000000
360252.000000
1186901.000000
1196015.000000
1207234.000000
1220316.000000
956414.000000
1123231.000000
871315.000000
1373429.000000
1312296.000000
611969.000000
1045468.000000
1248683.000000
1127188.000000
1185662.000000
202470.000000
17900.000000
438538.000000
1122692.000000
1102314.000000
566903.000000
233197.000000
1239238.000000
349691.000000
929643.000000
1273091.000000
219530.000000
463928.000000
1267725.000000
117076.000000
897866.000000
1252181.000000
1167316.000000
920870.000000
222006.000000
1043862.000000
1379373.000000
1226304.000000
413785.000000
1507631.000000
1110823.000000
1122914.000000
447567.000000
1201700.000000
1325377.000000
173303.000000
1342455.000000
1147411.000000
1014937.000000
297902.000000
1193454.000000
1139941.000000
1218999.000000
509430.000000
1059008.000000
1088743.000000
410883.000000
1147408.000000
491386.000000
1032902.000000
1091153.000000
1116832.000000
1376165.000000
940547.000000
1011568.000000
1076045.000000
757451.000000
1097527.000000
1283323.000000
987488.000000
1067790.000000
1077789.000000
1021192.000000
1208112.000000
925393.000000
650574.000000
815171.000000
108152.000000
1375323.000000
228561.000000
945394.000000
971626.000000
1152096.000000
547525.000000
1007776.000000
1028639.000000
548780.000000
1290954.000000
1136198.000000
857647.000000
1181901.000000
1265804.000000
1317659.000000
1187599.000000
1267706.000000
985075.000000
1155476.000000
1044733.000000
70391.000000
1140008.000000
1324997.000000
1242842.000000
1262546.000000
1129425.000000
1275964.000000
285252.000000
1185202.000000
1049940.000000
965362.000000
57326.000000
925853.000000
844040.000000
520408.000000
1188402.000000
1339116.000000
581411.000000
342143.000000
1253239.000000
1242131.000000
1125760.000000
1063330.000000
1191435.000000
1238190.000000
31070.000000
115798.000000
1041812.000000
304642.000000
1284301.000000
1088703.000000
1176993.000000
732640.000000
1342522.000000
1259517.000000
733766.000000
1237687.000000
508965.000000
1077771.000000
727178.000000
1219167.000000
1324997.000000
1115600.000000
1231110.000000
84748.000000
361691.000000
75761.000000
479895.000000
1194021.000000
1197555.000000
1400070.000000
1135915.000000
807735.000000
1119014.000000
1106123.000000
1252395.000000
804821.000000
1079199.000000
1184363.000000
1268721.000000
1217143.000000
891014.000000
1127509.000000
1243697.000000
1261311.000000
471010.000000
1075342.000000
1150645.000000
1337495.000000
732125.000000
1312904.000000
1185666.000000
1173463.000000
469501.000000
1259344.000000
1339942.000000
1004071.000000
1192347.000000
850122.000000
19851.000000
1260292.000000
649381.000000
1029253.000000
570810.000000
956066.000000
162987.000000
1229946.000000
1129309.000000
1181001.000000
897887.000000
529831.000000
1239334.000000
403970.000000
1373873.000000
1156126.000000
523679.000000
853887.000000
1196763.000000
1264573.000000
336211.000000
1094228.000000
319559.000000
1117156.000000
677403.000000
714129.000000
1172818.000000
1001475.000000
1168690.000000
1067492.000000
1241287.000000
1149987.000000
1339118.000000
1354262.000000
847782.000000
996441.000000
866070.000000
993453.000000
1179748.000000
66698.000000
1319651.000000
718744.000000
1278464.000000
1197721.000000
1223984.000000
1132031.000000
777805.000000
1074818.000000
227221.000000
1270734.000000
916173.000000
1481272.000000
68413.000000
1172521.000000
715649.000000
1199310.000000
707101.000000
255145.000000
1206420.000000
1006900.000000
1059317.000000
1108659.000000
1171041.000000
328327.000000
20644.000000
791073.000000
903455.000000
1097127.000000
662359.000000
57438.000000
1091383.000000
1268299.000000
1128216.000000
1023615.000000
1162856.000000
500845.000000
1218006.000000
408027.000000
1041102.000000
1331563.000000
1406043.000000
1114407.000000
474297.000000
338034.000000
1290042.000000
983812.000000
920871.000000
1090725.000000
1025090.000000
820108.000000
1196735.000000
966717.000000
1382574.000000
1252203.000000
535785.000000
478001.000000
1293050.000000
701621.000000
1141060.000000
1085971.000000
981412.000000
1235349.000000
1354182.000000
1239986.000000
1368840.000000
1078299.000000
1042461.000000
136252.000000
20602.000000
937667.000000
105502.000000
1320062.000000
1143812.000000
1248939.000000
832599.000000
255400.000000
1179979.000000
513430.000000
158688.000000
1309550.000000
1269625.000000
1070860.000000
1248568.000000
1265692.000000
1032604.000000
338266.000000
681097.000000
132614.000000
1225256.000000
203086.000000
1105620.000000
1120300.000000
1046058.000000
1196439.000000
1192044.000000
1165044.000000
1139614.000000
1109476.000000
1232984.000000
1276424.000000
999787.000000
1271536.000000
1272022.000000
756314.000000
150838.000000
1212492.000000
534360.000000
1038740.000000
1335260.000000
20263.000000
241536.000000
1150696.000000
1465747.000000
918954.000000
1154757.000000
912833.000000
1416547.000000
1273365.000000
1261134.000000
470518.000000
1298160.000000
1114092.000000
509894.000000
1152163.000000
1231653.000000
1133472.000000
53718.000000
1251528.000000
978641.000000
1320644.000000
954310.000000
1111843.000000
803690.000000
1061307.000000
1053845.000000
1166486.000000
1287579.000000
1342301.000000
1126230.000000
1248859.000000
1260693.000000
1190538.000000
894731.000000
1097493.000000
805391.000000
1051742.000000
1099988.000000
1319067.000000
851244.000000
802533.000000
1231325.000000
838681.000000
1176995.000000
1140487.000000
325747.000000
1202543.000000
1224824.000000
1324585.000000
108035.000000
1357298.000000
991160.000000
1259129.000000
990930.000000
1133975.000000
1060305.000000
1315080.000000
1033133.000000
666256.000000
1303074.000000
1165271.000000
1241725.000000
1108946.000000
656475.000000
490732.000000
1270204.000000
131429.000000
1011538.000000
1043764.000000
1252774.000000
1202758.000000
254408.000000
784233.000000
1095175.000000
430474.000000
1144240.000000
1113621.000000
290075.000000
1246238.000000
1133366.000000
1113229.000000
1174148.000000
1263817.000000
1027143.000000
1223821.000000
1272627.000000
684155.000000
1210240.000000
633077.000000
1255147.000000
1079128.000000
945825.000000
1331564.000000
557223.000000
598597.000000
1177973.000000
1076335.000000
952820.000000
886609.000000
1163764.000000
1425555.000000
394931.000000
1167950.000000
1164097.000000
1003433.000000
1040045.000000
1047048.000000
1180770.000000
1048242.000000
700728.000000
755022.000000
987457.000000
299620.000000
668066.000000
1388978.000000
247651.000000
150494.000000
175151.000000
1215402.000000
1309678.000000
1267399.000000
1051883.000000
1291771.000000
311625.000000
234631.000000
1175593.000000
1168113.000000
853639.000000
1031151.000000
1059404.000000
1066649.000000
1127587.000000
1177379.000000
1301864.000000
283710.000000
526135.000000
927990.000000
165409.000000
1097569.000000
1154049.000000
602621.000000
961269.000000
1300979.000000
1166486.000000
1187324.000000
644283.000000
1025933.000000
426975.000000
1068543.000000
1136738.000000
813890.000000
242910.000000
1191886.000000
690609.000000
1397279.000000
566261.000000
1255141.000000
1203405.000000
1450926.000000
1170514.000000
1245228.000000
1080315.000000
517548.000000
1209855.000000
319339.000000
897863.000000
737445.000000
1321805.000000
1023704.000000
945590.000000
929894.000000
509678.000000
1197294.000000
1131102.000000
1241255.000000
378131.000000
1175440.000000
1129721.000000
1147099.000000
162356.000000
1085167.000000
1178842.000000
1137019.000000
1053503.000000
1139101.000000
1075133.000000
1150100.000000
1081485.000000
345803.000000
1065272.000000
853902.000000
1192219.000000
15022.000000
1245372.000000
1305926.000000
1109336.000000
1334422.000000
1251451.000000
130250.000000
1073145.000000
1051105.000000
1090208.000000
1210402.000000
1351444.000000
1192517.000000
1242124.000000
989063.000000
748462.000000
930045.000000
1304292.000000
1275869.000000
1311899.000000
560776.000000
1152063.000000
1345525.000000
371156.000000
1271132.000000
930217.000000
1021467.000000
582816.000000
1309678.000000
1111604.000000
460632.000000
1447620.000000
1044256.000000
1384513.000000
1143018.000000
714464.000000
1177807.000000
1223217.000000
1044948.000000
373882.000000
1241147.000000
1239291.000000
871487.000000
1215921.000000
1175745.000000
1276934.000000
908436.000000
1209079.000000
981369.000000
1136590.000000
791550.000000
1172446.000000
1241553.000000
1130694.000000
1025023.000000
721586.000000
1301641.000000
1074252.000000
1350747.000000
516487.000000
1464099.000000
825958.000000
144575.000000
1452332.000000
1204184.000000
1263300.000000
1192056.000000
1320212.000000
1212860.000000
1225348.000000
1136587.000000
900128.000000
1380292.000000
1125279.000000
1324194.000000
661409.000000
792001.000000
1026882.000000
991746.000000
1237923.000000
1243733.000000
1320649.000000
1284133.000000
1066040.000000
355198.000000
1139486.000000
1046465.000000
112051.000000
1212653.000000
1339519.000000
1404681.000000
1188890.000000
804783.000000
164895.000000
673340.000000
1090911.000000
1249608.000000
1356885.000000
1330519.000000
1210865.000000
958398.000000
1212681.000000
1245249.000000
827563.000000
1220547.000000
1049412.000000
1204293.000000
1023366.000000
1081082.000000
1192964.000000
1017962.000000
584816.000000
1366790.000000
995516.000000
1091098.000000
1169599.000000
1344075.000000
1116676.000000
1139314.000000
894804.000000
940459.000000
1221545.000000
1230562.000000
1413801.000000
584207.000000
536065.000000
1062976.000000
1038204.000000
555673.000000
1064807.000000
1203181.000000
410123.000000
1394437.000000
144235.000000
950394.000000
1213764.000000
1199096.000000
1396479.000000
152928.000000
1025268.000000
1216238.000000
88208.000000
1100456.000000
799158.000000
1079231.000000
1000082.000000
1202707.000000
1087568.000000
544070.000000
772298.000000
618050.000000
1228810.000000
941072.000000
314120.000000
315711.000000
1248419.000000
62158.000000
1055015.000000
574919.000000
300002.000000
1102653.000000
1134716.000000
1101182.000000
1284062.000000
1237947.000000
1143957.000000
1068955.000000
1045693.000000
1019691.000000
842444.000000
1148928.000000
395400.000000
977884.000000
1131457.000000
1313446.000000
1010555.000000
1280400.000000
1221931.000000
1324869.000000
534152.000000
1021817.000000
886729.000000
1345305.000000
994112.000000
1155592.000000
1275359.000000
90351.000000
1265114.000000
1215087.000000
935179.000000
1218325.000000
1239630.000000
1324074.000000
1214421.000000
1279101.000000
1301486.000000
667105.000000
1165833.000000
1114997.000000
353091.000000
1074096.000000
1071804.000000
1269845.000000
1033123.000000
1142378.000000
95220.000000
1023140.000000
1105568.000000
1094121.000000
799931.000000
1065781.000000
1269696.000000
90996.000000
1335689.000000
582125.000000
1362943.000000
1339571.000000
1118610.000000
1332005.000000
1209688.000000
933982.000000
1132953.000000
901694.000000
690865.000000
396226.000000
1018225.000000
1408805.000000
81659.000000
529400.000000
2071447.000000
1325732.000000
1112277.000000
456258.000000
1208382.000000
202858.000000
839416.000000
1206490.000000
1126916.000000
1081604.000000
1184619.000000
1347110.000000
1245456.000000
603286.000000
1221741.000000
693015.000000
1250035.000000
1313159.000000
1040097.000000
1006026.000000
1122839.000000
1132790.000000
1154461.000000
1301365.000000
1158255.000000
118758.000000
107798.000000
1321059.000000
640483.000000
1023000.000000
1060828.000000
1102153.000000
17701.000000
1143563.000000
1126597.000000
96025.000000
1033135.000000
1322426.000000
1231410.000000
1404956.000000
317040.000000
991046.000000
1168337.000000
1425604.000000
1224039.000000
1188798.000000
146155.000000
1240044.000000
818066.000000
1244255.000000
1183424.000000
591527.000000
1151875.000000
52249.000000
229717.000000
1205662.000000
179594.000000
374696.000000
1390170.000000
902526.000000
1271855.000000
1121517.000000
930081.000000
929837.000000
533771.000000
488081.000000
1064457.000000
962913.000000
1054304.000000
1253770.000000
1392498.000000
388558.000000
1223024.000000
1396512.000000
79698.000000
1307757.000000
1132872.000000
1084580.000000
1100163.000000
620624.000000
1161976.000000
665950.000000
510212.000000
850996.000000
1230854.000000
1398201.000000
837663.000000
501952.000000
965612.000000
531542.000000
1104606.000000
1185356.000000
1247401.000000
1106028.000000
1191562.000000
402472.000000
1102481.000000
1161885.000000
1117301.000000
1041308.000000
1201165.000000
889293.000000
1100719.000000
666287.000000
273978.000000
1180368.000000
960425.000000
1027103.000000
1156189.000000
1049564.000000
1062258.000000
1186757.000000
86993.000000
353675.000000
549851.000000
1129081.000000
1042089.000000
1196564.000000
1243373.000000
1251341.000000
1038606.000000
1252606.000000
1405372.000000
1135256.000000
1232983.000000
1554798.000000
1089389.000000
1198404.000000
692227.000000
1216033.000000
696451.000000
200364.000000
254718.000000
533798.000000
121360.000000
1240489.000000
1153221.000000
1012564.000000
1240238.000000
1345811.000000
812789.000000
1044917.000000
1145998.000000
958262.000000
816763.000000
290969.000000
1093913.000000
1190814.000000
1370491.000000
1259997.000000
1357910.000000
1181004.000000
409644.000000
1176009.000000
979154.000000
1326959.000000
1183661.000000
1152614.000000
984863.000000
430770.000000
1300861.000000
863132.000000
522903.000000
1258967.000000
149727.000000
413804.000000
984870.000000
1241669.000000
1282373.000000
771592.000000
1202004.000000
953082.000000
1195199.000000
1166906.000000
1106128.000000
645421.000000
1205708.000000
1217749.000000
408120.000000
720407.000000
1159331.000000
927755.000000
998517.000000
398335.000000
204239.000000
494537.000000
824607.000000
1278874.000000
1215244.000000
1107377.000000
