0.000000
0.000000
0.000000
0.000000
0.000000
0.000000
0.000000
0.000000
0.000000
0.000000
0.000000
0.000000
0.000000
0.000000
0.000000
0.000000
13776890.000000
4624707.000000
1025209.000000
222265.000000
7285277.000000
5470058.000000
1440459.000000
3808330.000000
1875018.000000
5966456.000000
7750586.000000
4035788.000000
2413336.000000
1346427.000000
4028861.000000
7227124.000000
4839993.000000
4812742.000000
280837.000000
5565638.000000
97784.000000
2099250.000000
7175217.000000
4384674.000000
1920087.000000
6686661.000000
5446042.000000
6172563.000000
6044276.000000
7949676.000000
354455.000000
571123.000000
4021956.000000
254173.000000
5642641.000000
6588027.000000
7847609.000000
6258670.000000
3767604.000000
1039283.000000
495955.000000
7850046.000000
2473744.000000
6757802.000000
688720.000000
4308264.000000
770440.000000
1462266.000000
2986825.000000
4617068.000000
2782147.000000
4214978.000000
595459.000000
2880332.000000
117300.000000
5314305.000000
3873820.000000
7386140.000000
1187469.000000
3719759.000000
2949826.000000
79543.000000
2199698.000000
6320142.000000
421914.000000
1653193.000000
3035949.000000
6383440.000000
7926412.000000
1074261.000000
3043185.000000
105105.000000
7838441.000000
2208962.000000
5219572.000000
7801148.000000
7697953.000000
3927402.000000
8672534.000000
6522808.000000
3632853.000000
1865711.000000
215326.000000
6654854.000000
435167.000000
4938832.000000
6643504.000000
6638133.000000
4942853.000000
1711668.000000
4939783.000000
7087646.000000
5744800.000000
4172376.000000
3791231.000000
2230718.000000
5790949.000000
3521128.000000
3600554.000000
5455775.000000
4886213.000000
1076285.000000
1339234.000000
2462976.000000
5797126.000000
3072113.000000
2314791.000000
5175379.000000
782235.000000
1513017.000000
1725201.000000
4778227.000000
7927590.000000
986777.000000
5906585.000000
2349729.000000
4487450.000000
5663850.000000
1922856.000000
2195988.000000
1803991.000000
16212.000000
1780342.000000
390440.000000
6975739.000000
7901585.000000
7314524.000000
4384977.000000
999818.000000
7158855.000000
586421.000000
824349.000000
7215465.000000
128793.000000
7638386.000000
1735057.000000
481331.000000
563837.000000
5360880.000000
532097.000000
3244858.000000
945854.000000
2238218.000000
5366343.000000
217376.000000
5746536.000000
4941211.000000
103267.000000
46835.000000
5451042.000000
4993732.000000
1282685.000000
9004208.000000
483867.000000
5051717.000000
2266457.000000
5522600.000000
5367282.000000
3682722.000000
3167338.000000
7742617.000000
522055.000000
3053075.000000
2752686.000000
4769568.000000
5410798.000000
90725.000000
6760384.000000
5332579.000000
4589795.000000
8277993.000000
255564.000000
6015093.000000
846452.000000
7166328.000000
260477.000000
5792994.000000
1685509.000000
1914107.000000
776010.000000
391894.000000
393641.000000
4507386.000000
5605739.000000
654372.000000
790875.000000
7781666.000000
69776.000000
5458852.000000
3503559.000000
2736882.000000
8117682.000000
7234368.000000
5282963.000000
5642440.000000
4426054.000000
91391.000000
5156235.000000
6904953.000000
3735109.000000
134125.000000
2274007.000000
5769034.000000
7619349.000000
4969926.000000
4951272.000000
4829952.000000
1848465.000000
1520778.000000
5849790.000000
1653537.000000
2181103.000000
1398080.000000
5373253.000000
2491106.000000
3333093.000000
3719334.000000
2754587.000000
5717030.000000
1817566.000000
2035526.000000
3281511.000000
114901.000000
1305946.000000
7831313.000000
3627094.000000
6266232.000000
4858515.000000
4542274.000000
5899848.000000
2055873.000000
8469584.000000
3150226.000000
3742156.000000
5037856.000000
2230697.000000
349468.000000
292271.000000
2073225.000000
270728.000000
4678870.000000
8753913.000000
7021604.000000
6315309.000000
1585369.000000
2651028.000000
4478162.000000
3489382.000000
1040153.000000
112635.000000
474287.000000
1069896.000000
2156273.000000
1967727.000000
3299243.000000
4913720.000000
346834.000000
3747885.000000
5837810.000000
543131.000000
7542526.000000
1237862.000000
2600901.000000
3017416.000000
3827804.000000
6419128.000000
786641.000000
518608.000000
1136377.000000
2498635.000000
182783.000000
2505916.000000
6045845.000000
3830979.000000
2933090.000000
919692.000000
4664767.000000
105149.000000
4327334.000000
8209.000000
5256172.000000
5752625.000000
5070403.000000
5833572.000000
644661.000000
4353616.000000
7351413.000000
5080511.000000
5249924.000000
5255148.000000
2562540.000000
732110.000000
3989921.000000
5205503.000000
6592367.000000
5579195.000000
4734808.000000
4332191.000000
319171.000000
5615552.000000
3547041.000000
283870.000000
7871771.000000
1610761.000000
4654143.000000
5483100.000000
1186984.000000
101320.000000
6076536.000000
8057124.000000
4771486.000000
5020435.000000
4685231.000000
2116754.000000
1302320.000000
7877785.000000
1132193.000000
2794433.000000
5456375.000000
4767496.000000
645533.000000
985253.000000
6715307.000000
3274835.000000
6809055.000000
1986029.000000
1026488.000000
6025573.000000
5161200.000000
8584341.000000
4249948.000000
3993869.000000
6885173.000000
4898482.000000
8005968.000000
5134542.000000
5420753.000000
6287222.000000
6061103.000000
4935783.000000
8502696.000000
6235452.000000
686435.000000
3346686.000000
1281992.000000
3677390.000000
2042150.000000
7908237.000000
6686487.000000
8151866.000000
1259305.000000
3099024.000000
7907742.000000
674163.000000
2451392.000000
8251078.000000
3638978.000000
961967.000000
2880205.000000
1287711.000000
4646368.000000
1177608.000000
583648.000000
3793945.000000
5478364.000000
5957682.000000
3513894.000000
4213791.000000
2104820.000000
3740325.000000
1368267.000000
5156312.000000
1794582.000000
3173160.000000
3127090.000000
6519449.000000
1506544.000000
631013.000000
5273089.000000
577459.000000
7772630.000000
1041712.000000
1916463.000000
3859233.000000
6774281.000000
7019730.000000
876361.000000
4331006.000000
780640.000000
4391430.000000
1039551.000000
2627663.000000
1385018.000000
4602260.000000
4091494.000000
4773415.000000
3562495.000000
5999214.000000
255324.000000
5753979.000000
5651096.000000
4851132.000000
1772216.000000
7106989.000000
4485771.000000
6640616.000000
8452329.000000
2496394.000000
8786008.000000
7986328.000000
7026126.000000
5753927.000000
913176.000000
3984147.000000
6317097.000000
4856495.000000
5965115.000000
3019954.000000
5993225.000000
278239.000000
258221.000000
1141323.000000
7472736.000000
6583255.000000
1844641.000000
5286768.000000
7788577.000000
6740535.000000
3600678.000000
3163819.000000
6683376.000000
4306954.000000
6021430.000000
3738263.000000
6171629.000000
5167061.000000
7128905.000000
533646.000000
349582.000000
5806974.000000
4881522.000000
1999443.000000
5558679.000000
3524139.000000
4010961.000000
261148.000000
5600965.000000
1087309.000000
6699211.000000
2111606.000000
740561.000000
761492.000000
8428316.000000
2402600.000000
6378737.000000
4572986.000000
5016806.000000
5434582.000000
302597.000000
4425076.000000
4934396.000000
5501747.000000
84482.000000
4414704.000000
6380500.000000
132123.000000
5043846.000000
6751683.000000
5235029.000000
101219.000000
2545939.000000
2307979.000000
5804478.000000
7963351.000000
4108821.000000
141993.000000
2308223.000000
6415404.000000
809528.000000
1885755.000000
8183451.000000
2302429.000000
103749.000000
5332811.000000
6771186.000000
2080468.000000
3777423.000000
4472497.000000
421577.000000
421883.000000
4154042.000000
4828799.000000
962645.000000
7752636.000000
1250437.000000
7000662.000000
88461.000000
509276.000000
7068588.000000
1240223.000000
1774595.000000
2373512.000000
5136921.000000
5496255.000000
5071367.000000
3879262.000000
519283.000000
448111.000000
3834341.000000
6452209.000000
5240420.000000
4258181.000000
8110325.000000
5026250.000000
4393401.000000
6308637.000000
4833390.000000
1407595.000000
6369054.000000
8438167.000000
3087307.000000
622493.000000
665865.000000
2937009.000000
3537488.000000
283321.000000
4708024.000000
7715048.000000
5711180.000000
3823610.000000
4700955.000000
257941.000000
4814511.000000
7474842.000000
5413868.000000
6664718.000000
6105227.000000
4162075.000000
6975320.000000
7975530.000000
401398.000000
4028123.000000
7815029.000000
491315.000000
424754.000000
6372513.000000
2139336.000000
5781258.000000
1515295.000000
7455657.000000
299542.000000
6968155.000000
4530898.000000
1272314.000000
229619.000000
121850.000000
6255656.000000
4945737.000000
1366654.000000
2364166.000000
4849104.000000
7934130.000000
7949544.000000
5294139.000000
4906691.000000
2423388.000000
8139014.000000
808274.000000
1921668.000000
4879341.000000
5771613.000000
6424714.000000
8385577.000000
7066859.000000
3319134.000000
5700882.000000
728998.000000
1306425.000000
3510437.000000
1302372.000000
7191104.000000
1700244.000000
2343143.000000
4333440.000000
3136892.000000
328352.000000
1416486.000000
4008416.000000
6633985.000000
6439803.000000
8054522.000000
2688623.000000
5123815.000000
5541488.000000
354311.000000
3272238.000000
3213810.000000
3533118.000000
6455299.000000
712541.000000
4981203.000000
4297555.000000
935010.000000
5517225.000000
5197011.000000
1586779.000000
1469652.000000
636014.000000
1864965.000000
5314874.000000
6240183.000000
3717055.000000
1905412.000000
2202346.000000
3097579.000000
2086910.000000
3810604.000000
6122023.000000
1067902.000000
1502409.000000
6015701.000000
3586270.000000
3501151.000000
4910497.000000
5999652.000000
1792685.000000
1153739.000000
137525.000000
3934303.000000
1928629.000000
2656816.000000
594418.000000
5846113.000000
3865355.000000
5657229.000000
7345434.000000
1453074.000000
5907582.000000
3754398.000000
105001.000000
2474069.000000
4206075.000000
1567856.000000
4214770.000000
4460185.000000
1982263.000000
5135532.000000
67079.000000
4033753.000000
2159325.000000
2341194.000000
8454387.000000
554117.000000
4143849.000000
4593437.000000
9179147.000000
2524221.000000
5385264.000000
5392925.000000
7932401.000000
1648427.000000
1852743.000000
3737227.000000
5871145.000000
4523077.000000
7598416.000000
1033339.000000
2480014.000000
6548335.000000
1183909.000000
5125740.000000
157076.000000
3410018.000000
5436860.000000
344842.000000
3362622.000000
2856442.000000
4400400.000000
4636847.000000
7867189.000000
6256735.000000
3969711.000000
955131.000000
4713595.000000
538287.000000
136286.000000
6225702.000000
2355913.000000
1223464.000000
4179590.000000
4692413.000000
4077130.000000
7665308.000000
2657336.000000
8290543.000000
638390.000000
3586463.000000
8850639.000000
552404.000000
7864808.000000
6002936.000000
180753.000000
6136355.000000
2307432.000000
5434538.000000
6986886.000000
3242243.000000
1926428.000000
261047.000000
5648360.000000
106922.000000
7021553.000000
16998.000000
538392.000000
7137306.000000
5175861.000000
3775300.000000
611970.000000
7563357.000000
8623957.000000
7423229.000000
1945328.000000
373049.000000
515219.000000
1020072.000000
7939013.000000
7981684.000000
1833110.000000
4847223.000000
5907916.000000
4814363.000000
3196067.000000
4814795.000000
936693.000000
389551.000000
577963.000000
4878169.000000
5538888.000000
705966.000000
6311667.000000
909193.000000
8370762.000000
5388428.000000
4400553.000000
6722459.000000
222697.000000
5611650.000000
1578500.000000
7612224.000000
1144269.000000
244399.000000
1579127.000000
3991960.000000
1282677.000000
3614876.000000
1584256.000000
5574259.000000
3194559.000000
1813129.000000
3077703.000000
170990.000000
5725843.000000
4488872.000000
1174454.000000
3918844.000000
5007338.000000
5630019.000000
5501467.000000
422880.000000
6408179.000000
4505055.000000
1465854.000000
2922949.000000
8144088.000000
6086008.000000
2787677.000000
6902745.000000
470149.000000
3297059.000000
7756948.000000
4773623.000000
4630410.000000
5240502.000000
5902272.000000
2751900.000000
19095.000000
4437805.000000
68504.000000
1240502.000000
6965202.000000
7371828.000000
293128.000000
290354.000000
5181952.000000
8029435.000000
9888.000000
6215504.000000
3667232.000000
1311998.000000
83954.000000
2752450.000000
6133943.000000
580554.000000
134973.000000
8042239.000000
5171449.000000
1506831.000000
2308633.000000
4322549.000000
5335979.000000
2340249.000000
6151030.000000
5548160.000000
8358052.000000
184177.000000
168145.000000
3110231.000000
4171641.000000
8453297.000000
4636439.000000
61244.000000
3612746.000000
4949245.000000
229314.000000
6109025.000000
2257798.000000
7086270.000000
3866944.000000
7783243.000000
2361753.000000
3742989.000000
1485236.000000
292823.000000
5287676.000000
5738538.000000
1917044.000000
6781102.000000
231238.000000
3487828.000000
3086796.000000
7154615.000000
588294.000000
228196.000000
4549061.000000
695100.000000
4452422.000000
2116994.000000
4680851.000000
3769849.000000
3118114.000000
1630120.000000
1153725.000000
6076443.000000
5594567.000000
782189.000000
1538970.000000
4159182.000000
6151257.000000
212262.000000
798436.000000
2692114.000000
530625.000000
3181698.000000
165903.000000
66048.000000
1363569.000000
5055149.000000
6889063.000000
4310161.000000
168023.000000
3377190.000000
7917858.000000
7847211.000000
3949092.000000
3764965.000000
4071968.000000
4427464.000000
293142.000000
8452351.000000
188172.000000
5167080.000000
4007830.000000
3782201.000000
132730.000000
2164772.000000
5906110.000000
5782119.000000
5539337.000000
3455841.000000
432949.000000
4427683.000000
1534098.000000
3731172.000000
241291.000000
379288.000000
6546359.000000
5271848.000000
5448751.000000
1959221.000000
7287964.000000
6465982.000000
1585893.000000
7418577.000000
4214803.000000
159449.000000
2570569.000000
2759323.000000
1378360.000000
3153777.000000
4310218.000000
6452921.000000
3374815.000000
7902454.000000
296083.000000
90918.000000
5159123.000000
2902317.000000
7318578.000000
245599.000000
1587352.000000
182020.000000
9446013.000000
330371.000000
2555792.000000
3079077.000000
7796685.000000
1458611.000000
3331751.000000
6735249.000000
5639506.000000
3482488.000000
1675144.000000
3313953.000000
7105166.000000
3775458.000000
841061.000000
55053.000000
2137533.000000
5906721.000000
5499024.000000
1432588.000000
3903067.000000
6003526.000000
2491813.000000
6581850.000000
5906174.000000
5205838.000000
3672049.000000
7324523.000000
7560660.000000
8059130.000000
2255136.000000
3264562.000000
156839.000000
4783437.000000
1471033.000000
6534359.000000
1718001.000000
1694031.000000
5008696.000000
61564.000000
7881125.000000
5947623.000000
1218689.000000
3517118.000000
6004696.000000
1787307.000000
6911966.000000
1105962.000000
1208855.000000
5175569.000000
2493410.000000
6181331.000000
160670.000000
6326711.000000
6577861.000000
3534796.000000
1439132.000000
898073.000000
2836348.000000
4440937.000000
2655990.000000
1059794.000000
6014743.000000
2593276.000000
5574078.000000
3238781.000000
6066559.000000
4007768.000000
6270811.000000
1399301.000000
6932657.000000
5474664.000000
262539.000000
6254310.000000
3143217.000000
2070163.000000
2118132.000000
4845234.000000
2504798.000000
2602704.000000
7751482.000000
5752422.000000
4699364.000000
4412155.000000
1122001.000000
2132524.000000
6333188.000000
4950667.000000
6972299.000000
3618506.000000
5603694.000000
3741672.000000
1190758.000000
6165252.000000
3443576.000000
8245629.000000
4941155.000000
4250202.000000
6497980.000000
5009998.000000
622567.000000
2509014.000000
6036974.000000
5752540.000000
101252.000000
8300036.000000
926753.000000
311390.000000
116340.000000
1191238.000000
4437253.000000
3283819.000000
4956892.000000
4137402.000000
2582274.000000
3326434.000000
7736924.000000
925676.000000
1387914.000000
5501757.000000
312239.000000
7629840.000000
6853895.000000
2306228.000000
172315.000000
2281955.000000
5563026.000000
6750939.000000
3950302.000000
7532030.000000
4635956.000000
6857977.000000
5322267.000000
687366.000000
1919396.000000
1216610.000000
778514.000000
4661170.000000
331094.000000
318486.000000
8518891.000000
911936.000000
1405480.000000
1804182.000000
5229354.000000
543668.000000
6761542.000000
4279468.000000
4312351.000000
3407490.000000
5151356.000000
190379.000000
5413083.000000
8463529.000000
1339818.000000
4381303.000000
165207.000000
7620112.000000
2309250.000000
2902706.000000
4658704.000000
1610251.000000
1452135.000000
385043.000000
2915790.000000
182021.000000
4131249.000000
7897095.000000
207765.000000
6173359.000000
7601705.000000
4757359.000000
5725229.000000
4830532.000000
245628.000000
5192453.000000
445474.000000
6628087.000000
8199272.000000
7081583.000000
5036276.000000
6709177.000000
548756.000000
879039.000000
2589505.000000
5337934.000000
3924075.000000
1799484.000000
7136190.000000
2558799.000000
3390681.000000
6163750.000000
4384194.000000
3268733.000000
4361119.000000
2984487.000000
229106.000000
913763.000000
2534896.000000
90775.000000
902689.000000
202990.000000
5434000.000000
8097978.000000
5394438.000000
1736233.000000
22712.000000
8930635.000000
5941429.000000
5331299.000000
2157746.000000
6812269.000000
5206997.000000
4438119.000000
2892014.000000
3092346.000000
283344.000000
375384.000000
7030775.000000
1227003.000000
5251886.000000
262964.000000
5244569.000000
25317.000000
69807.000000
5783806.000000
88502.000000
3051984.000000
705301.000000
174590.000000
530882.000000
1360585.000000
5228842.000000
255972.000000
7317703.000000
4183452.000000
3293616.000000
7900210.000000
178235.000000
2352386.000000
6084943.000000
6357213.000000
4203309.000000
4590607.000000
6372829.000000
1131518.000000
3505716.000000
3438960.000000
3756483.000000
4402797.000000
1612582.000000
4409461.000000
72655.000000
4111324.000000
6806355.000000
24794.000000
1995668.000000
3548642.000000
7653994.000000
5472304.000000
5474992.000000
698795.000000
2022026.000000
8299406.000000
97770.000000
1195818.000000
2464318.000000
795626.000000
3295152.000000
5374787.000000
9104624.000000
919026.000000
5882167.000000
7941362.000000
2698482.000000
653887.000000
1380804.000000
5148204.000000
293149.000000
237202.000000
2502825.000000
2248818.000000
6213545.000000
5997451.000000
6050774.000000
544468.000000
4864939.000000
7006981.000000
805502.000000
7886601.000000
2034333.000000
2603540.000000
6007645.000000
5521682.000000
6116346.000000
3266491.000000
6782322.000000
112368.000000
4377568.000000
6565043.000000
6645736.000000
292884.000000
3230904.000000
5882942.000000
96984.000000
73722.000000
6720584.000000
7204428.000000
5552862.000000
6137485.000000
6591795.000000
2958427.000000
5443345.000000
1206157.000000
4395761.000000
2274204.000000
6422806.000000
1293578.000000
6134190.000000
427901.000000
7294195.000000
6589976.000000
5215430.000000
2629951.000000
5562601.000000
6360632.000000
309333.000000
6524375.000000
641161.000000
7769728.000000
191847.000000
676503.000000
1105421.000000
3631242.000000
1186810.000000
5528248.000000
7979051.000000
5877577.000000
5662590.000000
6086380.000000
150043.000000
634930.000000
7012624.000000
1331479.000000
653674.000000
5168813.000000
5338084.000000
6446118.000000
7598293.000000
2745282.000000
5938239.000000
6068200.000000
6294995.000000
7037805.000000
25752.000000
2951859.000000
111421.000000
278155.000000
3356654.000000
1349709.000000
7505139.000000
7350257.000000
8164055.000000
6865413.000000
114132.000000
2801983.000000
4136140.000000
2589942.000000
1592816.000000
6414636.000000
3869570.000000
1029151.000000
7219882.000000
5803188.000000
6955039.000000
4517655.000000
6234471.000000
743148.000000
1019800.000000
477202.000000
1443762.000000
3507254.000000
5614590.000000
6213077.000000
7745717.000000
6056944.000000
3139190.000000
3438702.000000
5071445.000000
123493.000000
5118167.000000
3391447.000000
7125731.000000
460988.000000
5430472.000000
5914470.000000
1589901.000000
4564979.000000
1048022.000000
5741785.000000
5948628.000000
3159207.000000
4457408.000000
3481774.000000
7561306.000000
7641925.000000
12987.000000
5278692.000000
1922224.000000
26638.000000
5729551.000000
2979713.000000
4603125.000000
4741440.000000
3913021.000000
7649519.000000
1553369.000000
6668421.000000
95062.000000
7957681.000000
3435398.000000
2661038.000000
815127.000000
1987379.000000
4691734.000000
4559904.000000
3114299.000000
103326.000000
6320397.000000
733949.000000
5706507.000000
325870.000000
6250401.000000
1353351.000000
5657362.000000
6076328.000000
4863383.000000
677452.000000
5398314.000000
457240.000000
5552477.000000
6634680.000000
229884.000000
6045717.000000
5479276.000000
6391090.000000
142200.000000
7810229.000000
6595184.000000
532703.000000
631928.000000
7475594.000000
4520619.000000
361320.000000
556382.000000
4087338.000000
5821050.000000
1426184.000000
6324985.000000
1272474.000000
695820.000000
1199433.000000
5876162.000000
444911.000000
5235047.000000
74663.000000
5346291.000000
646951.000000
5466182.000000
6864261.000000
295377.000000
6214884.000000
5315283.000000
803305.000000
5522571.000000
4552705.000000
4045898.000000
4528466.000000
124875.000000
859166.000000
327718.000000
5598166.000000
106156.000000
730837.000000
6933867.000000
494340.000000
5769349.000000
8435880.000000
5194492.000000
5481962.000000
1112828.000000
6849715.000000
814925.000000
4750983.000000
3365611.000000
3093610.000000
759715.000000
5241678.000000
3931592.000000
24315.000000
21831.000000
7222772.000000
2187049.000000
8702.000000
7641362.000000
4434791.000000
2690423.000000
214015.000000
2055232.000000
5194907.000000
3418002.000000
5558110.000000
757459.000000
473597.000000
6517566.000000
4044246.000000
3957206.000000
9373736.000000
5003190.000000
3217678.000000
6823285.000000
5794513.000000
3471043.000000
2937677.000000
5764651.000000
4530429.000000
1265541.000000
8321841.000000
494662.000000
5773121.000000
5809197.000000
4183942.000000
773365.000000
2959376.000000
3235800.000000
20642.000000
2588893.000000
3509810.000000
3122067.000000
3724523.000000
5560802.000000
7225443.000000
4564304.000000
1344471.000000
865888.000000
7705444.000000
3993540.000000
4313246.000000
6547824.000000
216221.000000
3449980.000000
3029338.000000
7129647.000000
4021897.000000
2486089.000000
416900.000000
5478342.000000
531750.000000
4246256.000000
1274518.000000
6957161.000000
547194.000000
1557623.000000
7414888.000000
2904491.000000
774674.000000
4186807.000000
1409661.000000
4639588.000000
2199330.000000
152903.000000
3943165.000000
4862322.000000
4787190.000000
7125951.000000
4614103.000000
5568345.000000
8334145.000000
251839.000000
2468775.000000
5016225.000000
6323606.000000
558327.000000
1351248.000000
6187700.000000
5790357.000000
2700986.000000
2798721.000000
2164650.000000
6451583.000000
242597.000000
7322794.000000
6938109.000000
5356335.000000
4275302.000000
2135643.000000
4193884.000000
5037404.000000
2564315.000000
2276423.000000
7247412.000000
6841732.000000
8208304.000000
4114361.000000
109197.000000
7987844.000000
6581601.000000
2472944.000000
6854715.000000
7085298.000000
7599241.000000
6421055.000000
3418132.000000
119346.000000
4902368.000000
7363527.000000
5318789.000000
846711.000000
3921175.000000
5605256.000000
4812625.000000
7956524.000000
2488495.000000
1987143.000000
464039.000000
5533304.000000
1115728.000000
77263.000000
5881227.000000
4257113.000000
8265009.000000
2590190.000000
5445922.000000
1653095.000000
7356500.000000
4892189.000000
5932489.000000
7632457.000000
24520.000000
5070997.000000
519734.000000
1801706.000000
768725.000000
311551.000000
4297158.000000
732728.000000
8270905.000000
4123379.000000
741761.000000
216024.000000
1273941.000000
6234378.000000
5171331.000000
4551011.000000
3750032.000000
157569.000000
4892099.000000
3138714.000000
446301.000000
7512222.000000
212475.000000
8002234.000000
3905721.000000
8320741.000000
3818476.000000
6489459.000000
1184742.000000
3662347.000000
4884993.000000
6939688.000000
1708689.000000
1172723.000000
6573255.000000
1805145.000000
1726613.000000
26984.000000
7023800.000000
8665486.000000
3523977.000000
8814086.000000
1188106.000000
454390.000000
7146317.000000
8789942.000000
3238705.000000
3903681.000000
4168202.000000
2560895.000000
1113316.000000
7169215.000000
6863930.000000
688239.000000
4127188.000000
6431745.000000
5977637.000000
6857998.000000
257556.000000
15800.000000
510269.000000
4469812.000000
7517548.000000
721411.000000
264505.000000
2424662.000000
454819.000000
1320879.000000
6116896.000000
272110.000000
442763.000000
5385796.000000
149956.000000
5718582.000000
5573287.000000
4700462.000000
2383990.000000
223116.000000
5362491.000000
5443740.000000
5878111.000000
562419.000000
6021406.000000
5000071.000000
5098245.000000
487039.000000
4607780.000000
8314535.000000
155497.000000
6637942.000000
4106239.000000
2508828.000000
370384.000000
5726810.000000
5253506.000000
8052229.000000
1076524.000000
2705371.000000
6060614.000000
348870.000000
5142470.000000
648028.000000
4643147.000000
3644732.000000
4072494.000000
4050182.000000
2368563.000000
2404651.000000
2352976.000000
3132477.000000
4532021.000000
4964932.000000
1859112.000000
1840162.000000
4932456.000000
7947623.000000
5457208.000000
4490944.000000
753090.000000
1273157.000000
162144.000000
7517872.000000
244569.000000
2244004.000000
5459609.000000
8742845.000000
647774.000000
1937319.000000
1782377.000000
799177.000000
3550728.000000
4458807.000000
1264254.000000
2550178.000000
3860638.000000
6161135.000000
5314212.000000
5035114.000000
6609919.000000
3850235.000000
7161854.000000
83287.000000
3185157.000000
7506143.000000
3927806.000000
3470616.000000
4932548.000000
7588711.000000
171942.000000
5219915.000000
4463203.000000
4944556.000000
71263.000000
4273567.000000
861861.000000
567127.000000
3177419.000000
2885564.000000
756297.000000
290080.000000
6387092.000000
4262746.000000
3741210.000000
7704274.000000
5023418.000000
2734397.000000
36222.000000
112714.000000
4701638.000000
390630.000000
4506163.000000
6940916.000000
3634632.000000
724195.000000
8345799.000000
5158208.000000
1177845.000000
7576146.000000
471661.000000
1848927.000000
825226.000000
6430692.000000
5238302.000000
3489831.000000
4850439.000000
100907.000000
541320.000000
112535.000000
446756.000000
6350919.000000
3119230.000000
4510318.000000
3631347.000000
1328645.000000
4704655.000000
6741056.000000
6913728.000000
1105709.000000
8232371.000000
3864934.000000
6259918.000000
3180495.000000
2298858.000000
3349823.000000
6247185.000000
7582927.000000
444175.000000
5054974.000000
2368090.000000
6115395.000000
848114.000000
5492516.000000
3281872.000000
6685237.000000
470266.000000
4563393.000000
7638213.000000
4581566.000000
3407700.000000
1646790.000000
19717.000000
5402743.000000
606638.000000
2929451.000000
708637.000000
1567134.000000
178793.000000
4286813.000000
2086975.000000
5631845.000000
1466697.000000
443132.000000
3954097.000000
392810.000000
9031006.000000
5238682.000000
550783.000000
6004295.000000
3661470.000000
4716618.000000
368920.000000
7796830.000000
454378.000000
8474906.000000
828509.000000
1095222.000000
2936425.000000
1844791.000000
6133085.000000
4384695.000000
3938210.000000
7294895.000000
5260989.000000
4849413.000000
860818.000000
2512369.000000
1677311.000000
6551745.000000
7590417.000000
79073.000000
3495596.000000
872035.000000
5801995.000000
3347622.000000
4813825.000000
5356733.000000
1132983.000000
6412578.000000
240155.000000
7425946.000000
7485598.000000
7534379.000000
79601.000000
7091371.000000
985633.000000
6161490.000000
714664.000000
265597.000000
3126791.000000
1149543.000000
3463927.000000
6274671.000000
4324750.000000
410800.000000
26881.000000
1161897.000000
1382022.000000
3539561.000000
973548.000000
58614.000000
3680674.000000
8077338.000000
2132604.000000
6139035.000000
7865574.000000
408360.000000
5119279.000000
706377.000000
6538580.000000
6681868.000000
5935728.000000
5626230.000000
491825.000000
335991.000000
7900780.000000
2426547.000000
1491557.000000
2086113.000000
5479819.000000
1097066.000000
5710692.000000
5709651.000000
5270002.000000
6241131.000000
546647.000000
589358.000000
4934387.000000
1433026.000000
7611970.000000
4219462.000000
3746393.000000
2585924.000000
8116033.000000
4244309.000000
3559176.000000
6560358.000000
5580478.000000
187467.000000
21211.000000
1103755.000000
81594.000000
7571890.000000
2760715.000000
3870394.000000
6687911.000000
327453.000000
6801742.000000
577775.000000
269874.000000
4536990.000000
4067410.000000
6620411.000000
2976626.000000
7069682.000000
1980791.000000
451715.000000
1036666.000000
130754.000000
5191538.000000
292669.000000
2043024.000000
5088684.000000
5271729.000000
3697793.000000
7406969.000000
4174566.000000
4970029.000000
7061469.000000
5457652.000000
4086024.000000
1710666.000000
2468812.000000
1492070.000000
831020.000000
151990.000000
4957562.000000
579423.000000
6329734.000000
2960053.000000
29066.000000
449978.000000
4015835.000000
4014486.000000
5798358.000000
2834792.000000
916229.000000
7075330.000000
4951627.000000
4498803.000000
613823.000000
6239885.000000
4411733.000000
416484.000000
8171627.000000
4696550.000000
3367447.000000
61962.000000
8200901.000000
1613777.000000
3655604.000000
2515557.000000
4693038.000000
983677.000000
7107148.000000
6213966.000000
4802945.000000
4709594.000000
5424022.000000
8457908.000000
5034095.000000
2859832.000000
6575795.000000
1961655.000000
4913971.000000
1255777.000000
6268844.000000
2944511.000000
5447542.000000
1012372.000000
859880.000000
5808304.000000
1074620.000000
7550473.000000
2604275.000000
434020.000000
6882222.000000
5048659.000000
4370196.000000
113643.000000
3278164.000000
2807079.000000
2736103.000000
1508399.000000
4495003.000000
4673178.000000
6649048.000000
6924625.000000
929727.000000
8325670.000000
3046710.000000
5574225.000000
4338583.000000
1087740.000000
665976.000000
5091090.000000
220594.000000
6548634.000000
4609208.000000
5031718.000000
4801278.000000
187597.000000
1411270.000000
3209995.000000
421025.000000
4889236.000000
5723339.000000
391829.000000
5196465.000000
4887155.000000
5008097.000000
6088461.000000
5099516.000000
2829848.000000
6132501.000000
5892450.000000
1049647.000000
5283047.000000
659596.000000
6579123.000000
7079146.000000
6564708.000000
4167363.000000
548862.000000
927713.000000
6950111.000000
4821734.000000
1330511.000000
7029305.000000
7782059.000000
6979906.000000
398212.000000
2165865.000000
6109930.000000
3144562.000000
2374665.000000
2015552.000000
2504558.000000
2917991.000000
634037.000000
804409.000000
1989517.000000
225488.000000
748631.000000
7355499.000000
311602.000000
132730.000000
185332.000000
7856398.000000
5072963.000000
4376168.000000
3768769.000000
3966109.000000
335635.000000
466164.000000
6681117.000000
7141201.000000
4536518.000000
5062915.000000
3644515.000000
2900208.000000
8864492.000000
5621172.000000
5419195.000000
266047.000000
438163.000000
1726709.000000
155930.000000
5466968.000000
2110300.000000
1090751.000000
1660874.000000
6823005.000000
4678891.000000
3878056.000000
1441383.000000
2493751.000000
632815.000000
3424102.000000
4341032.000000
1179527.000000
220750.000000
4481404.000000
846861.000000
4094512.000000
680950.000000
7413771.000000
5825058.000000
3876481.000000
6544795.000000
3947948.000000
1787429.000000
683541.000000
3434282.000000
377866.000000
1567004.000000
726725.000000
7032733.000000
5347776.000000
1339019.000000
2652952.000000
672162.000000
5095537.000000
6352242.000000
6800988.000000
428837.000000
5423067.000000
3784698.000000
4166303.000000
146752.000000
4488698.000000
5915568.000000
6073444.000000
2078523.000000
2590943.000000
4045729.000000
2504278.000000
2228849.000000
475729.000000
6317398.000000
1120432.000000
4964042.000000
14310.000000
2629763.000000
4739267.000000
5265500.000000
6457397.000000
8153198.000000
139999.000000
5353876.000000
2096176.000000
2643120.000000
5492054.000000
8694338.000000
3933696.000000
4311281.000000
1463905.000000
937191.000000
1468519.000000
7201194.000000
8196223.000000
8327244.000000
567242.000000
7041466.000000
4467265.000000
408437.000000
7284582.000000
1511409.000000
1938720.000000
749320.000000
7043607.000000
4548458.000000
401633.000000
2854771.000000
7824953.000000
6988463.000000
3987367.000000
1209992.000000
6039047.000000
7123071.000000
5316313.000000
611427.000000
5817306.000000
4682082.000000
1478620.000000
7379412.000000
2575207.000000
5291702.000000
1600921.000000
4147440.000000
4552977.000000
3041285.000000
1324386.000000
3794805.000000
2690833.000000
6442121.000000
3070148.000000
852688.000000
7018070.000000
8120520.000000
7505230.000000
695259.000000
3945293.000000
3751935.000000
182175.000000
4545772.000000
5038213.000000
5547392.000000
5730545.000000
7180369.000000
6560362.000000
5849416.000000
4118526.000000
1717266.000000
7058877.000000
6475161.000000
3444278.000000
647282.000000
1913723.000000
4022558.000000
4219876.000000
7418932.000000
7651746.000000
4245655.000000
5490454.000000
6849961.000000
390957.000000
9029856.000000
2623167.000000
111655.000000
6360500.000000
3207832.000000
6710794.000000
3503116.000000
1771043.000000
203693.000000
710428.000000
5229348.000000
3629542.000000
6422448.000000
5209651.000000
7372127.000000
3301920.000000
5608706.000000
3386337.000000
1108016.000000
8243962.000000
2915015.000000
5067329.000000
2555691.000000
1803392.000000
4253522.000000
1605510.000000
751967.000000
3891628.000000
3662000.000000
6114349.000000
6481719.000000
6709450.000000
7330584.000000
8751073.000000
1537255.000000
1370967.000000
7417456.000000
2087281.000000
7680164.000000
681767.000000
756618.000000
5672638.000000
6651039.000000
893739.000000
3154800.000000
2093362.000000
1367283.000000
6685490.000000
199757.000000
1240472.000000
5423081.000000
6061598.000000
3991000.000000
175101.000000
1862102.000000
6731871.000000
67870.000000
3084495.000000
949616.000000
2325581.000000
1591056.000000
5083047.000000
2738683.000000
593979.000000
1718953.000000
1005962.000000
5863906.000000
7233241.000000
365177.000000
365383.000000
3720997.000000
75999.000000
5554869.000000
1096416.000000
257556.000000
4708509.000000
6822826.000000
2806307.000000
8225595.000000
7232644.000000
3444706.000000
4012447.000000
1476510.000000
4643600.000000
1254226.000000
7305762.000000
379035.000000
4589680.000000
2266972.000000
6082312.000000
4325611.000000
5805869.000000
4579333.000000
7242548.000000
575254.000000
5890839.000000
1035348.000000
4367149.000000
1359478.000000
4143865.000000
4052512.000000
66692.000000
5789770.000000
3391849.000000
1455105.000000
4596859.000000
6293355.000000
5893878.000000
3855066.000000
5348252.000000
5110100.000000
914010.000000
8214184.000000
7495020.000000
372718.000000
6685594.000000
1778713.000000
5374711.000000
6021431.000000
3517454.000000
97550.000000
5175874.000000
2114763.000000
8619975.000000
1619751.000000
7487031.000000
4418805.000000
81102.000000
5949960.000000
737095.000000
6008371.000000
6740254.000000
3511861.000000
4013437.000000
5786904.000000
6738486.000000
4993289.000000
2308937.000000
779311.000000
568244.000000
5552965.000000
5035310.000000
84406.000000
482553.000000
2595320.000000
5156297.000000
4216424.000000
591458.000000
4809242.000000
166508.000000
1282981.000000
2521185.000000
1968619.000000
3460073.000000
3493596.000000
7941870.000000
3872053.000000
566664.000000
7065123.000000
926538.000000
6864801.000000
4915594.000000
5855095.000000
2683958.000000
5575444.000000
6097087.000000
5097358.000000
5506126.000000
3132403.000000
165256.000000
93527.000000
4560958.000000
629911.000000
5047039.000000
5551722.000000
7083300.000000
23420.000000
4508738.000000
2899832.000000
297061.000000
3673034.000000
6803202.000000
6701939.000000
5256548.000000
314593.000000
5818055.000000
5029765.000000
4262840.000000
4514837.000000
6819354.000000
177699.000000
3863486.000000
1222259.000000
6152230.000000
7737627.000000
732194.000000
7531593.000000
88849.000000
164682.000000
3957304.000000
162909.000000
336377.000000
5852081.000000
8664408.000000
5536070.000000
1983902.000000
6500929.000000
1568595.000000
729838.000000
500800.000000
5563672.000000
2131562.000000
2272045.000000
4049420.000000
6235519.000000
556587.000000
3787756.000000
5753877.000000
102450.000000
3753911.000000
4184665.000000
1621565.000000
6289066.000000
561388.000000
5404745.000000
968614.000000
547342.000000
853513.000000
7611049.000000
5262956.000000
1671440.000000
413803.000000
1210515.000000
516782.000000
4242097.000000
4145548.000000
7273866.000000
5407619.000000
3319264.000000
429146.000000
2927160.000000
4764655.000000
3321429.000000
8411309.000000
2646870.000000
1484776.000000
2381198.000000
749061.000000
413321.000000
4045960.000000
1753266.000000
5201097.000000
6273700.000000
2113585.000000
6212227.000000
6667334.000000
147485.000000
379882.000000
547933.000000
3969905.000000
1589016.000000
5593397.000000
2926253.000000
5678325.000000
2748461.000000
5544954.000000
7287652.000000
4417104.000000
3266991.000000
5308212.000000
5494582.000000
6935862.000000
806419.000000
2735952.000000
953008.000000
214568.000000
265918.000000
552579.000000
228762.000000
3724447.000000
1939651.000000
3999792.000000
3708877.000000
5224936.000000
1962534.000000
4668302.000000
5929974.000000
5535553.000000
1359716.000000
231869.000000
8466912.000000
4705305.000000
5332234.000000
5386184.000000
6047606.000000
5553345.000000
336436.000000
6819045.000000
3861079.000000
7577560.000000
7828584.000000
4033748.000000
3215194.000000
379689.000000
4931207.000000
1415164.000000
652463.000000
6814094.000000
156086.000000
525098.000000
7963325.000000
2397167.000000
7257736.000000
1556789.000000
5566263.000000
5221416.000000
6918002.000000
3985147.000000
4220246.000000
742648.000000
2904631.000000
5687233.000000
391517.000000
1161303.000000
3674427.000000
1283592.000000
3656134.000000
367466.000000
242850.000000
497331.000000
1308452.000000
6585463.000000
4226914.000000
4498689.000000
