0.000000
0.000000
0.000000
0.000000
0.000000
0.000000
0.000000
0.000000
0.000000
0.000000
0.000000
0.000000
0.000000
0.000000
0.000000
0.000000
0.000000
0.000000
0.000000
0.000000
0.000000
0.000000
0.000000
0.000000
0.000000
0.000000
0.000000
0.000000
0.000000
0.000000
0.000000
0.000000
0.000000
0.000000
0.000000
0.000000
0.000000
0.000000
0.000000
0.000000
0.000000
0.000000
0.000000
0.000000
0.000000
0.000000
0.000000
0.000000
0.000000
0.000000
0.000000
0.000000
0.000000
0.000000
0.000000
0.000000
0.000000
0.000000
0.000000
0.000000
0.000000
0.000000
0.000000
0.000000
0.000000
0.000000
0.000000
0.000000
0.000000
0.000000
0.000000
0.000000
0.000000
0.000000
0.000000
0.000000
0.000000
0.000000
0.000000
0.000000
0.000000
0.000000
0.000000
0.000000
0.000000
0.000000
0.000000
0.000000
0.000000
0.000000
0.000000
0.000000
0.000000
0.000000
0.000000
0.000000
0.000000
0.000000
0.000000
0.000000
0.000000
0.000000
0.000000
0.000000
0.000000
0.000000
0.000000
0.000000
0.000000
0.000000
0.000000
0.000000
0.000000
0.000000
0.000000
0.000000
0.000000
0.000000
0.000000
0.000000
0.000000
0.000000
0.000000
0.000000
0.000000
0.000000
0.000000
0.000000
0.000000
0.000000
0.000000
0.000000
0.000000
0.000000
0.000000
0.000000
0.000000
0.000000
0.000000
0.000000
0.000000
0.000000
0.000000
0.000000
0.000000
0.000000
0.000000
0.000000
0.000000
0.000000
0.000000
0.000000
0.000000
0.000000
0.000000
0.000000
0.000000
0.000000
0.000000
0.000000
0.000000
0.000000
0.000000
0.000000
0.000000
0.000000
0.000000
0.000000
0.000000
0.000000
0.000000
0.000000
0.000000
0.000000
0.000000
0.000000
0.000000
1123925.000000
736111.000000
699637.000000
622250.000000
673551.000000
95182.000000
726870.000000
677763.000000
586580.000000
735738.000000
222130.000000
693309.000000
501590.000000
758246.000000
245027.000000
674218.000000
588130.000000
753309.000000
479875.000000
312655.000000
284498.000000
621182.000000
625659.000000
435136.000000
406364.000000
716680.000000
81362.000000
584988.000000
618334.000000
698976.000000
682635.000000
651682.000000
582377.000000
616456.000000
581236.000000
67085.000000
670411.000000
611358.000000
636581.000000
95514.000000
603842.000000
613647.000000
639975.000000
714542.000000
727217.000000
629667.000000
613056.000000
506108.000000
805191.000000
657748.000000
650884.000000
659438.000000
696394.000000
744108.000000
693648.000000
688144.000000
765551.000000
781008.000000
495289.000000
669407.000000
719226.000000
112853.000000
423849.000000
672552.000000
734992.000000
603304.000000
681097.000000
739250.000000
728372.000000
730309.000000
666173.000000
652298.000000
688793.000000
665822.000000
365430.000000
320732.000000
221453.000000
581051.000000
210804.000000
609395.000000
614603.000000
613541.000000
648998.000000
546809.000000
641303.000000
615758.000000
646894.000000
504710.000000
116203.000000
372166.000000
486636.000000
688971.000000
725834.000000
619771.000000
710932.000000
283470.000000
677867.000000
742779.000000
403765.000000
672066.000000
643317.000000
604869.000000
590842.000000
605955.000000
706582.000000
474623.000000
319007.000000
634912.000000
758525.000000
145408.000000
610319.000000
697804.000000
659290.000000
671628.000000
459408.000000
668757.000000
104244.000000
714352.000000
9978.000000
648954.000000
579947.000000
639423.000000
631925.000000
521850.000000
527301.000000
684493.000000
725257.000000
826092.000000
696027.000000
641759.000000
374375.000000
631756.000000
674197.000000
716205.000000
738467.000000
658921.000000
724897.000000
262441.000000
709217.000000
704308.000000
237122.000000
658457.000000
789465.000000
732881.000000
681574.000000
556606.000000
144904.000000
643329.000000
756383.000000
711691.000000
610158.000000
554042.000000
635947.000000
610628.000000
799336.000000
531614.000000
736153.000000
659759.000000
701460.000000
539538.000000
516908.000000
644429.000000
656457.000000
583952.000000
723030.000000
601035.000000
686840.000000
667532.000000
745242.000000
738619.000000
709289.000000
728420.000000
611360.000000
761634.000000
729422.000000
592078.000000
701548.000000
767603.000000
705889.000000
635150.000000
703558.000000
406307.000000
634388.000000
666605.000000
608754.000000
596762.000000
683459.000000
791339.000000
669913.000000
593738.000000
656317.000000
701461.000000
423402.000000
607252.000000
637452.000000
678667.000000
441412.000000
560448.000000
522714.000000
605643.000000
602312.000000
406608.000000
716746.000000
630027.000000
713017.000000
590191.000000
665417.000000
592684.000000
716689.000000
598264.000000
554614.000000
656370.000000
787092.000000
690998.000000
762725.000000
427697.000000
417500.000000
593181.000000
475065.000000
805630.000000
569215.000000
624047.000000
656862.000000
796756.000000
605862.000000
587367.000000
733944.000000
436097.000000
720325.000000
566576.000000
655483.000000
569334.000000
714853.000000
741445.000000
695448.000000
727635.000000
636861.000000
213126.000000
697064.000000
666938.000000
573410.000000
503666.000000
786562.000000
672521.000000
646501.000000
642926.000000
628722.000000
667617.000000
686855.000000
713106.000000
658860.000000
532070.000000
670916.000000
680641.000000
643125.000000
658212.000000
686781.000000
704334.000000
240387.000000
256580.000000
566700.000000
591072.000000
671116.000000
582377.000000
652108.000000
692629.000000
675331.000000
653301.000000
704917.000000
693078.000000
707729.000000
714783.000000
583721.000000
627360.000000
652214.000000
774702.000000
367963.000000
257720.000000
762576.000000
701469.000000
595012.000000
610337.000000
775949.000000
693711.000000
241820.000000
610475.000000
591675.000000
652835.000000
549412.000000
392917.000000
433371.000000
741241.000000
613175.000000
682046.000000
593945.000000
555875.000000
641831.000000
293928.000000
651101.000000
579136.000000
638545.000000
86013.000000
655031.000000
616381.000000
125869.000000
675927.000000
693100.000000
638119.000000
117569.000000
741919.000000
598285.000000
664675.000000
741294.000000
686665.000000
124070.000000
632357.000000
566343.000000
568567.000000
718110.000000
671872.000000
557874.000000
90444.000000
705433.000000
713263.000000
552768.000000
552531.000000
597739.000000
360207.000000
295525.000000
665360.000000
610654.000000
531054.000000
699030.000000
601705.000000
620544.000000
81113.000000
348989.000000
546403.000000
605004.000000
551542.000000
693576.000000
744202.000000
680428.000000
554753.000000
595689.000000
320418.000000
303842.000000
655063.000000
685869.000000
722668.000000
553686.000000
664709.000000
647105.000000
673087.000000
628184.000000
655864.000000
680654.000000
696113.000000
690780.000000
576349.000000
408101.000000
360161.000000
654582.000000
808926.000000
253329.000000
672897.000000
687907.000000
601508.000000
657790.000000
779870.000000
243105.000000
636802.000000
768539.000000
644812.000000
670519.000000
610722.000000
616056.000000
655449.000000
648008.000000
350131.000000
670009.000000
759867.000000
322827.000000
311935.000000
698931.000000
581804.000000
652259.000000
594414.000000
742106.000000
328460.000000
727147.000000
625970.000000
545493.000000
234412.000000
123928.000000
685653.000000
752023.000000
459874.000000
709717.000000
727527.000000
658457.000000
709327.000000
737633.000000
586799.000000
647883.000000
690750.000000
447584.000000
454632.000000
701417.000000
705848.000000
617118.000000
712000.000000
707895.000000
612588.000000
652097.000000
388693.000000
599032.000000
713559.000000
663383.000000
743353.000000
650558.000000
614488.000000
633604.000000
600815.000000
292434.000000
493997.000000
675642.000000
610603.000000
617360.000000
747937.000000
673911.000000
622086.000000
706892.000000
247663.000000
541760.000000
595802.000000
591778.000000
689985.000000
406074.000000
697714.000000
643164.000000
533432.000000
579034.000000
686059.000000
667380.000000
407083.000000
327061.000000
597080.000000
721665.000000
757934.000000
800016.000000
656842.000000
605762.000000
637693.000000
655393.000000
591787.000000
610910.000000
417221.000000
589617.000000
705624.000000
617179.000000
505823.000000
609113.000000
654854.000000
669083.000000
569036.000000
127925.000000
564878.000000
612868.000000
576897.000000
468835.000000
661076.000000
636377.000000
733220.000000
684485.000000
649312.000000
662204.000000
727731.000000
92728.000000
647755.000000
722366.000000
668739.000000
594175.000000
605544.000000
596488.000000
686158.000000
70032.000000
699353.000000
571448.000000
591407.000000
611242.000000
363020.000000
640658.000000
759981.000000
693406.000000
734952.000000
691582.000000
675920.000000
685860.000000
685532.000000
496439.000000
696536.000000
780743.000000
658893.000000
747812.000000
435667.000000
566825.000000
671706.000000
445187.000000
647432.000000
127487.000000
659847.000000
759685.000000
283770.000000
749772.000000
621089.000000
615908.000000
722806.000000
656651.000000
581910.000000
588995.000000
506507.000000
684301.000000
376649.000000
123636.000000
654124.000000
611029.000000
559485.000000
623914.000000
660859.000000
679358.000000
717258.000000
604684.000000
715094.000000
412816.000000
647251.000000
654316.000000
455108.000000
783075.000000
686386.000000
162925.000000
695500.000000
717766.000000
576912.000000
667587.000000
621809.000000
532231.000000
250975.000000
743230.000000
103590.000000
603065.000000
16297.000000
401933.000000
620527.000000
650186.000000
752978.000000
401427.000000
815958.000000
690305.000000
655593.000000
566533.000000
274822.000000
362633.000000
540771.000000
783800.000000
769455.000000
690558.000000
690972.000000
706176.000000
629524.000000
542778.000000
689474.000000
601576.000000
301408.000000
419637.000000
610243.000000
707297.000000
485818.000000
672252.000000
585802.000000
672461.000000
592981.000000
716754.000000
793802.000000
232993.000000
599376.000000
633912.000000
658966.000000
512758.000000
245189.000000
573799.000000
572556.000000
646187.000000
636106.000000
663308.000000
715380.000000
661573.000000
736001.000000
635500.000000
133091.000000
746128.000000
615304.000000
508125.000000
626302.000000
651195.000000
733268.000000
575049.000000
404959.000000
635718.000000
780263.000000
607590.000000
590720.000000
725176.000000
599775.000000
663833.000000
793906.000000
262069.000000
691411.000000
712884.000000
691582.000000
595719.000000
701681.000000
739658.000000
726534.000000
20199.000000
598586.000000
76020.000000
617756.000000
674974.000000
705879.000000
306190.000000
336772.000000
615533.000000
695317.000000
6797.000000
737429.000000
658177.000000
631335.000000
91280.000000
540094.000000
694455.000000
357227.000000
119271.000000
662618.000000
749027.000000
653324.000000
672103.000000
654842.000000
726882.000000
661170.000000
675742.000000
651236.000000
797130.000000
173689.000000
128946.000000
567091.000000
702514.000000
738153.000000
687583.000000
70818.000000
822071.000000
665546.000000
180552.000000
762712.000000
676753.000000
724361.000000
708045.000000
735171.000000
553329.000000
607172.000000
487828.000000
202802.000000
731409.000000
630588.000000
646735.000000
623995.000000
176547.000000
775248.000000
567553.000000
539054.000000
333106.000000
190904.000000
618499.000000
364384.000000
723437.000000
646705.000000
621297.000000
723452.000000
502073.000000
624044.000000
465118.000000
685330.000000
747304.000000
419578.000000
556572.000000
641478.000000
700732.000000
217040.000000
444094.000000
558630.000000
415380.000000
678250.000000
162672.000000
56987.000000
651552.000000
681963.000000
707011.000000
632851.000000
148985.000000
631716.000000
615860.000000
722988.000000
625045.000000
652101.000000
672583.000000
710687.000000
272790.000000
640629.000000
150739.000000
719622.000000
797069.000000
545113.000000
116518.000000
625446.000000
705267.000000
647508.000000
661416.000000
658506.000000
337556.000000
625946.000000
505823.000000
700829.000000
234796.000000
267840.000000
673634.000000
666364.000000
555817.000000
625955.000000
838903.000000
666338.000000
599098.000000
672258.000000
574464.000000
136118.000000
676468.000000
637794.000000
595205.000000
651245.000000
650344.000000
519394.000000
616751.000000
676727.000000
223535.000000
72302.000000
756663.000000
630821.000000
653900.000000
205933.000000
566217.000000
194879.000000
651327.000000
300383.000000
664604.000000
555700.000000
620908.000000
580979.000000
683909.000000
814501.000000
640019.000000
611301.000000
628467.000000
635399.000000
633256.000000
634400.000000
513778.000000
76418.000000
669757.000000
588633.000000
659474.000000
540151.000000
688841.000000
687394.000000
589260.000000
708536.000000
713259.000000
703041.000000
650453.000000
678980.000000
647733.000000
713328.000000
653026.000000
645100.000000
162673.000000
689809.000000
556395.000000
775949.000000
547782.000000
613988.000000
634812.000000
68054.000000
644912.000000
695972.000000
567438.000000
639052.000000
720831.000000
636783.000000
624423.000000
492828.000000
612023.000000
654262.000000
671029.000000
625879.000000
157260.000000
650128.000000
644294.000000
727832.000000
516516.000000
542298.000000
604700.000000
639131.000000
648370.000000
463301.000000
661076.000000
619593.000000
675901.000000
596807.000000
583025.000000
746680.000000
557703.000000
599599.000000
659966.000000
627696.000000
268804.000000
718684.000000
763955.000000
609828.000000
588720.000000
641233.000000
644472.000000
719778.000000
662640.000000
674208.000000
719592.000000
615193.000000
521687.000000
597852.000000
710736.000000
615010.000000
747657.000000
660249.000000
696881.000000
663852.000000
525046.000000
662658.000000
631794.000000
688616.000000
787576.000000
710597.000000
711892.000000
628741.000000
312822.000000
790552.000000
619834.000000
705124.000000
112331.000000
615936.000000
452785.000000
280448.000000
158551.000000
596133.000000
674325.000000
655549.000000
711266.000000
722275.000000
707846.000000
594935.000000
707909.000000
528251.000000
517386.000000
707018.000000
259770.000000
713820.000000
639863.000000
689735.000000
124009.000000
593602.000000
612581.000000
632609.000000
603202.000000
597249.000000
696277.000000
605816.000000
692500.000000
462331.000000
709338.000000
556335.000000
534971.000000
627541.000000
232825.000000
283424.000000
614930.000000
524633.000000
579369.000000
505363.000000
809236.000000
415893.000000
751052.000000
757703.000000
634610.000000
594514.000000
705840.000000
173117.000000
654457.000000
623719.000000
478467.000000
664500.000000
165033.000000
618679.000000
563720.000000
718031.000000
718349.000000
570914.000000
627826.000000
325038.000000
656381.000000
202177.000000
584050.000000
576447.000000
192688.000000
602862.000000
717539.000000
736335.000000
662505.000000
638341.000000
229371.000000
869619.000000
389538.000000
663597.000000
612757.000000
647058.000000
699501.000000
733846.000000
375366.000000
607912.000000
582501.000000
602313.000000
672049.000000
645250.000000
672515.000000
579730.000000
532508.000000
700424.000000
572100.000000
682952.000000
693173.000000
630717.000000
222408.000000
490605.000000
569863.000000
94100.000000
510896.000000
203410.000000
769551.000000
613223.000000
609024.000000
680795.000000
29096.000000
676922.000000
770150.000000
598471.000000
700488.000000
610695.000000
800490.000000
777521.000000
597711.000000
752276.000000
294365.000000
256790.000000
683901.000000
644913.000000
653214.000000
210142.000000
735641.000000
19432.000000
79338.000000
740945.000000
121273.000000
604702.000000
399428.000000
173210.000000
412605.000000
578166.000000
688841.000000
247175.000000
639552.000000
584224.000000
722793.000000
676730.000000
201321.000000
663006.000000
628643.000000
635662.000000
615916.000000
725200.000000
653555.000000
617790.000000
770719.000000
602013.000000
626184.000000
669754.000000
637879.000000
735676.000000
67842.000000
662551.000000
710021.000000
29863.000000
567557.000000
577250.000000
756799.000000
660561.000000
630614.000000
426913.000000
612104.000000
654436.000000
116790.000000
531779.000000
652879.000000
484032.000000
590259.000000
602017.000000
650661.000000
488217.000000
650514.000000
769386.000000
514388.000000
435845.000000
484192.000000
581114.000000
339583.000000
171000.000000
636971.000000
615317.000000
480783.000000
709351.000000
818850.000000
404114.000000
686333.000000
678829.000000
498211.000000
670617.000000
737410.000000
538905.000000
827284.000000
648510.000000
597818.000000
599029.000000
594994.000000
96971.000000
647309.000000
616201.000000
663766.000000
285876.000000
657390.000000
647866.000000
125080.000000
103891.000000
753927.000000
703026.000000
610538.000000
723980.000000
689572.000000
578496.000000
663782.000000
526011.000000
644947.000000
639574.000000
728079.000000
501259.000000
734581.000000
390345.000000
634583.000000
753737.000000
778764.000000
720341.000000
714199.000000
598002.000000
266319.000000
651385.000000
375892.000000
667928.000000
211755.000000
474938.000000
520327.000000
644521.000000
565199.000000
714114.000000
819617.000000
634856.000000
633848.000000
689854.000000
162481.000000
452914.000000
699699.000000
559303.000000
488721.000000
659308.000000
529075.000000
694067.000000
668306.000000
759162.000000
726925.000000
738877.000000
600794.000000
591383.000000
21953.000000
576056.000000
112424.000000
195538.000000
642365.000000
584879.000000
625079.000000
702373.000000
715235.000000
688304.000000
135754.000000
682316.000000
576906.000000
691083.000000
614616.000000
711836.000000
759977.000000
556735.000000
695636.000000
721053.000000
714772.000000
625165.000000
669539.000000
461749.000000
445368.000000
387568.000000
649313.000000
654424.000000
726058.000000
672440.000000
749750.000000
694817.000000
580137.000000
607525.000000
634207.000000
129597.000000
731409.000000
669832.000000
655328.000000
349922.000000
709472.000000
721194.000000
631130.000000
629987.000000
462935.000000
731422.000000
714655.000000
713875.000000
686738.000000
668648.000000
691564.000000
684702.000000
12905.000000
607055.000000
663207.000000
19156.000000
663994.000000
743291.000000
668819.000000
579136.000000
704674.000000
752632.000000
658512.000000
627888.000000
93755.000000
608373.000000
622066.000000
751215.000000
505717.000000
724914.000000
645589.000000
692974.000000
564148.000000
86262.000000
695681.000000
449092.000000
603271.000000
207652.000000
611135.000000
626254.000000
711976.000000
629064.000000
654153.000000
441879.000000
679869.000000
284427.000000
650720.000000
844658.000000
201339.000000
580458.000000
689474.000000
581712.000000
130639.000000
693681.000000
759867.000000
414940.000000
399035.000000
701412.000000
636138.000000
293585.000000
351300.000000
683065.000000
645515.000000
586066.000000
616681.000000
499343.000000
482880.000000
604761.000000
642754.000000
418522.000000
735641.000000
76505.000000
644448.000000
413578.000000
650973.000000
713637.000000
262932.000000
739287.000000
735285.000000
535967.000000
728964.000000
763131.000000
740219.000000
613145.000000
112343.000000
520379.000000
364821.000000
550671.000000
116984.000000
491690.000000
659108.000000
460276.000000
613890.000000
692582.000000
709050.000000
649666.000000
563967.000000
607135.000000
467385.000000
621092.000000
658730.000000
639763.000000
449129.000000
636796.000000
642140.000000
31840.000000
20618.000000
652917.000000
630908.000000
9862.000000
673134.000000
631438.000000
653325.000000
210426.000000
600967.000000
686904.000000
761441.000000
658778.000000
476853.000000
423538.000000
692030.000000
699158.000000
703027.000000
576172.000000
697875.000000
499092.000000
574818.000000
681383.000000
601828.000000
672631.000000
623015.000000
598166.000000
591864.000000
762498.000000
428488.000000
720917.000000
635592.000000
604246.000000
447599.000000
541355.000000
519809.000000
19784.000000
626374.000000
717381.000000
682814.000000
690317.000000
695242.000000
696733.000000
669376.000000
522188.000000
462491.000000
700686.000000
735918.000000
710642.000000
629125.000000
217195.000000
624697.000000
617736.000000
612919.000000
651821.000000
636137.000000
380751.000000
809427.000000
375250.000000
665568.000000
603259.000000
749663.000000
339584.000000
588978.000000
657204.000000
645609.000000
450809.000000
535922.000000
426165.000000
710814.000000
490407.000000
173012.000000
583292.000000
665334.000000
551662.000000
665936.000000
783936.000000
685623.000000
652609.000000
184250.000000
665305.000000
696228.000000
712500.000000
396953.000000
526990.000000
563432.000000
610843.000000
731277.000000
608053.000000
676126.000000
694196.000000
226188.000000
692549.000000
623357.000000
656897.000000
672329.000000
668017.000000
628791.000000
699557.000000
646669.000000
631818.000000
707615.000000
689163.000000
708352.000000
729423.000000
98156.000000
675036.000000
595040.000000
732729.000000
630645.000000
630228.000000
657112.000000
752878.000000
626439.000000
116924.000000
637650.000000
687899.000000
703780.000000
463204.000000
589578.000000
642795.000000
641550.000000
628948.000000
687155.000000
599725.000000
406654.000000
619977.000000
522544.000000
93538.000000
691483.000000
722988.000000
646775.000000
691004.000000
553694.000000
585913.000000
684994.000000
731340.000000
675828.000000
726918.000000
19463.000000
530669.000000
364622.000000
667934.000000
497315.000000
207351.000000
550725.000000
431188.000000
659284.000000
718013.000000
393673.000000
163267.000000
572430.000000
660288.000000
689652.000000
687173.000000
642130.000000
154539.000000
654322.000000
552029.000000
404444.000000
593057.000000
196755.000000
635089.000000
595687.000000
672898.000000
645820.000000
717349.000000
524668.000000
591548.000000
695211.000000
693100.000000
672508.000000
596372.000000
640528.000000
604809.000000
670842.000000
21378.000000
615343.000000
808566.000000
574460.000000
703255.000000
587599.000000
288311.000000
732609.000000
662326.000000
648096.000000
684592.000000
620990.000000
592528.000000
594030.000000
672848.000000
727342.000000
387457.000000
730623.000000
760300.000000
652454.000000
640560.000000
224631.000000
21385.000000
400010.000000
632040.000000
761494.000000
449641.000000
202013.000000
708620.000000
357571.000000
662067.000000
706916.000000
208595.000000
345959.000000
723452.000000
131360.000000
596209.000000
659673.000000
658634.000000
548430.000000
202420.000000
643281.000000
698197.000000
644911.000000
446067.000000
744889.000000
637455.000000
708265.000000
324426.000000
634780.000000
736480.000000
161644.000000
575214.000000
661474.000000
604556.000000
265430.000000
644576.000000
730751.000000
670334.000000
453850.000000
673346.000000
796696.000000
261344.000000
748225.000000
420181.000000
633101.000000
552726.000000
642468.000000
607378.000000
664021.000000
682478.000000
689539.000000
551964.000000
734814.000000
764244.000000
625148.000000
797916.000000
736697.000000
714664.000000
684202.000000
569099.000000
526413.000000
530514.000000
136694.000000
633233.000000
268139.000000
646953.000000
694513.000000
641040.000000
440602.000000
572102.000000
688730.000000
482741.000000
563398.000000
712246.000000
554153.000000
645373.000000
798802.000000
739768.000000
627091.000000
752498.000000
692633.000000
653949.000000
671966.000000
95338.000000
659448.000000
729199.000000
724202.000000
660413.000000
649260.000000
785937.000000
193670.000000
650981.000000
672966.000000
665812.000000
65281.000000
652473.000000
476224.000000
394230.000000
543063.000000
631104.000000
473939.000000
314750.000000
589341.000000
671716.000000
771801.000000
631084.000000
663678.000000
721698.000000
29543.000000
119327.000000
812699.000000
297866.000000
639556.000000
700449.000000
621687.000000
472168.000000
654607.000000
671472.000000
571352.000000
678192.000000
358410.000000
654437.000000
544742.000000
638373.000000
656782.000000
651678.000000
608898.000000
86041.000000
395441.000000
77774.000000
405259.000000
764003.000000
597459.000000
718343.000000
654231.000000
616548.000000
621549.000000
640783.000000
710196.000000
561086.000000
662608.000000
623410.000000
730777.000000
749241.000000
641717.000000
577718.000000
715620.000000
716447.000000
431108.000000
551222.000000
576302.000000
704377.000000
478123.000000
680775.000000
665511.000000
752378.000000
357378.000000
773427.000000
759816.000000
709978.000000
536382.000000
600641.000000
20371.000000
721563.000000
433818.000000
600257.000000
462400.000000
595131.000000
169998.000000
634884.000000
493725.000000
753267.000000
648177.000000
344484.000000
637593.000000
322827.000000
737114.000000
597233.000000
364466.000000
586911.000000
675151.000000
726544.000000
282733.000000
740344.000000
332626.000000
693411.000000
454713.000000
533351.000000
646468.000000
648505.000000
618786.000000
604032.000000
698363.000000
662204.000000
658252.000000
788142.000000
446763.000000
584997.000000
598933.000000
668326.000000
627701.000000
67817.000000
692775.000000
427796.000000
645272.000000
618172.000000
669785.000000
679382.000000
520031.000000
646435.000000
207097.000000
626913.000000
592880.000000
660578.000000
76877.000000
690690.000000
467441.000000
666557.000000
513121.000000
250499.000000
680371.000000
498130.000000
689520.000000
600047.000000
750275.000000
343604.000000
18458.000000
581379.000000
614412.000000
695397.000000
485509.000000
75136.000000
512368.000000
654478.000000
734240.000000
687381.000000
649320.000000
351374.000000
702115.000000
386226.000000
720550.000000
594817.000000
660210.000000
677333.000000
426445.000000
279248.000000
658951.000000
671874.000000
634144.000000
633019.000000
610602.000000
531768.000000
746337.000000
647873.000000
778207.000000
698864.000000
392378.000000
417507.000000
701088.000000
500788.000000
611100.000000
665038.000000
474324.000000
552814.000000
710215.000000
698370.000000
759262.000000
654360.000000
567502.000000
177749.000000
19744.000000
520613.000000
95708.000000
715653.000000
667964.000000
795197.000000
623747.000000
244703.000000
718129.000000
398345.000000
202984.000000
584503.000000
554732.000000
684973.000000
650736.000000
730087.000000
620384.000000
296671.000000
506381.000000
105111.000000
617192.000000
215057.000000
677023.000000
623042.000000
588996.000000
667876.000000
742935.000000
609946.000000
633754.000000
615564.000000
644386.000000
700718.000000
391717.000000
547417.000000
573485.000000
540689.000000
158487.000000
579066.000000
370858.000000
691933.000000
624288.000000
29904.000000
354476.000000
689518.000000
719569.000000
634714.000000
647202.000000
393446.000000
620639.000000
661857.000000
735887.000000
452833.000000
641376.000000
727385.000000
399453.000000
666913.000000
641560.000000
544569.000000
61092.000000
711155.000000
584047.000000
763674.000000
620961.000000
599319.000000
574567.000000
685338.000000
715240.000000
835287.000000
636049.000000
673883.000000
682701.000000
654657.000000
724066.000000
681575.000000
663141.000000
618379.000000
587903.000000
660461.000000
628873.000000
718597.000000
544499.000000
456165.000000
638981.000000
629585.000000
583507.000000
673900.000000
294152.000000
659168.000000
662304.000000
654282.000000
108928.000000
592510.000000
696450.000000
682060.000000
605544.000000
702761.000000
654355.000000
677921.000000
664336.000000
553244.000000
646276.000000
684114.000000
692900.000000
656215.000000
470228.000000
445669.000000
768184.000000
216186.000000
649803.000000
701327.000000
737524.000000
714949.000000
190828.000000
584285.000000
464765.000000
324089.000000
649223.000000
690399.000000
334344.000000
756564.000000
701821.000000
636224.000000
675531.000000
699391.000000
603637.000000
792931.000000
713662.000000
466016.000000
671283.000000
464474.000000
713939.000000
720080.000000
630642.000000
737635.000000
448243.000000
579807.000000
745860.000000
523419.000000
478706.000000
595138.000000
641150.000000
688174.000000
326441.000000
652569.000000
741365.000000
546712.000000
558009.000000
563642.000000
572911.000000
658099.000000
457000.000000
376114.000000
532464.000000
210956.000000
445909.000000
752054.000000
238782.000000
129194.000000
168740.000000
610342.000000
590672.000000
656465.000000
676521.000000
693425.000000
350231.000000
290080.000000
584884.000000
659445.000000
617695.000000
643683.000000
633936.000000
575097.000000
786618.000000
726883.000000
710251.000000
222042.000000
402335.000000
550796.000000
156531.000000
618826.000000
646559.000000
539418.000000
609260.000000
620759.000000
811556.000000
627234.000000
550809.000000
560757.000000
423326.000000
661639.000000
716132.000000
617439.000000
212855.000000
655357.000000
511414.000000
680401.000000
439917.000000
648591.000000
763199.000000
619324.000000
749549.000000
580467.000000
549927.000000
453062.000000
645631.000000
350696.000000
743085.000000
480685.000000
698104.000000
645206.000000
671832.000000
692427.000000
356979.000000
764915.000000
742847.000000
664578.000000
340418.000000
736229.000000
716891.000000
617369.000000
162465.000000
585336.000000
614506.000000
646715.000000
552548.000000
689647.000000
603005.000000
464250.000000
725842.000000
292866.000000
622754.000000
536954.000000
653008.000000
12557.000000
603472.000000
654037.000000
636625.000000
778241.000000
679799.000000
135185.000000
648546.000000
654880.000000
704073.000000
622018.000000
640514.000000
671677.000000
600692.000000
626250.000000
487563.000000
499464.000000
607991.000000
694623.000000
759460.000000
455932.000000
699669.000000
762919.000000
312830.000000
660648.000000
679154.000000
700760.000000
536417.000000
667432.000000
608918.000000
362661.000000
615889.000000
785238.000000
688249.000000
671313.000000
500266.000000
622658.000000
705382.000000
668152.000000
347952.000000
650897.000000
674430.000000
683053.000000
684020.000000
534929.000000
622957.000000
612173.000000
744677.000000
625985.000000
602921.000000
559557.000000
539007.000000
628852.000000
722169.000000
573028.000000
528406.000000
683539.000000
683807.000000
639502.000000
438804.000000
633411.000000
651222.000000
159135.000000
715483.000000
637941.000000
632462.000000
599923.000000
736051.000000
701042.000000
634884.000000
516203.000000
609604.000000
585721.000000
626715.000000
727492.000000
486843.000000
505823.000000
584501.000000
586477.000000
675036.000000
676117.000000
679598.000000
641836.000000
636007.000000
320784.000000
696450.000000
542531.000000
116051.000000
702366.000000
757831.000000
757852.000000
597563.000000
644775.000000
182398.000000
468032.000000
702173.000000
700114.000000
732125.000000
690538.000000
625623.000000
620780.000000
734381.000000
749783.000000
665710.000000
803331.000000
669502.000000
542355.000000
712304.000000
605804.000000
722763.000000
571070.000000
407169.000000
616525.000000
616619.000000
575297.000000
613735.000000
771101.000000
683932.000000
828449.000000
601641.000000
584366.000000
630676.000000
579601.000000
674487.000000
418895.000000
493586.000000
680479.000000
802488.000000
496700.000000
652938.000000
644910.000000
667796.000000
709264.000000
179042.000000
556707.000000
669559.000000
753981.000000
785657.000000
205345.000000
659536.000000
649112.000000
82747.000000
668940.000000
556392.000000
573439.000000
604393.000000
663774.000000
594453.000000
451978.000000
505490.000000
525417.000000
826968.000000
560700.000000
303364.000000
353650.000000
632884.000000
77456.000000
636703.000000
521525.000000
233607.000000
604768.000000
741410.000000
532037.000000
682629.000000
747637.000000
656092.000000
619214.000000
471689.000000
645822.000000
535489.000000
619242.000000
352303.000000
674209.000000
525326.000000
568860.000000
611934.000000
695894.000000
679092.000000
711691.000000
419739.000000
742330.000000
502377.000000
709951.000000
675543.000000
642578.000000
630036.000000
85356.000000
670306.000000
534940.000000
610715.000000
664219.000000
655934.000000
741330.000000
750366.000000
667773.000000
699604.000000
471866.000000
715649.000000
660348.000000
287764.000000
573788.000000
638770.000000
722446.000000
601288.000000
652395.000000
108958.000000
654520.000000
686907.000000
643876.000000
557156.000000
708912.000000
717207.000000
96120.000000
707523.000000
446014.000000
685401.000000
753117.000000
508861.000000
737006.000000
710355.000000
678618.000000
731980.000000
590951.000000
374385.000000
388917.000000
657799.000000
655721.000000
105047.000000
357644.000000
637442.000000
734098.000000
664081.000000
394841.000000
662395.000000
158561.000000
571090.000000
706974.000000
734491.000000
530478.000000
698730.000000
677694.000000
686069.000000
427317.000000
734757.000000
502300.000000
580692.000000
581799.000000
702980.000000
577102.000000
584255.000000
768612.000000
591517.000000
598619.000000
638349.000000
163363.000000
92444.000000
797706.000000
450168.000000
599688.000000
719145.000000
728738.000000
19784.000000
663016.000000
694048.000000
124261.000000
509564.000000
722435.000000
739157.000000
619074.000000
276283.000000
578610.000000
642150.000000
699087.000000
677941.000000
687340.000000
146507.000000
685532.000000
670514.000000
724823.000000
654563.000000
502897.000000
806750.000000
96256.000000
202649.000000
533025.000000
167883.000000
278336.000000
761577.000000
629676.000000
717274.000000
609367.000000
658352.000000
596038.000000
360784.000000
336427.000000
681029.000000
614522.000000
557592.000000
802203.000000
578014.000000
398788.000000
715440.000000
713671.000000
86474.000000
784422.000000
660484.000000
622673.000000
662014.000000
474186.000000
741271.000000
564427.000000
334875.000000
497176.000000
917046.000000
640994.000000
672575.000000
323124.000000
516405.000000
434468.000000
676356.000000
779750.000000
672594.000000
616811.000000
577843.000000
404517.000000
623606.000000
648063.000000
655979.000000
661827.000000
523309.000000
578996.000000
613712.000000
564160.000000
310395.000000
685442.000000
674800.000000
582641.000000
690747.000000
548066.000000
678790.000000
721064.000000
135103.000000
333715.000000
446117.000000
696258.000000
551286.000000
723043.000000
562436.000000
749519.000000
658713.000000
712818.000000
668089.000000
577933.000000
620319.000000
752789.000000
637168.000000
641686.000000
516847.000000
646554.000000
542361.000000
183950.000000
292111.000000
421211.000000
205073.000000
595634.000000
697917.000000
677006.000000
634274.000000
693551.000000
523565.000000
549854.000000
645807.000000
664247.000000
564289.000000
259722.000000
632481.000000
743870.000000
595096.000000
702542.000000
695929.000000
679503.000000
313490.000000
675250.000000
546174.000000
619008.000000
656859.000000
655564.000000
710738.000000
318008.000000
787650.000000
548566.000000
457617.000000
638698.000000
153996.000000
459609.000000
604113.000000
677832.000000
713120.000000
647253.000000
512783.000000
633506.000000
656303.000000
717369.000000
650254.000000
417749.000000
535955.000000
711051.000000
318288.000000
547959.000000
557938.000000
571662.000000
609446.000000
345152.000000
235801.000000
413260.000000
541660.000000
681237.000000
589738.000000
677740.000000
