0.000000
0.000000
0.000000
0.000000
0.000000
0.000000
0.000000
0.000000
0.000000
0.000000
0.000000
0.000000
0.000000
0.000000
0.000000
0.000000
0.000000
0.000000
0.000000
0.000000
0.000000
0.000000
0.000000
0.000000
0.000000
0.000000
0.000000
0.000000
0.000000
0.000000
0.000000
0.000000
0.000000
0.000000
0.000000
0.000000
0.000000
0.000000
0.000000
0.000000
0.000000
0.000000
0.000000
0.000000
0.000000
0.000000
0.000000
0.000000
0.000000
0.000000
0.000000
0.000000
0.000000
0.000000
0.000000
0.000000
0.000000
0.000000
0.000000
0.000000
0.000000
0.000000
0.000000
0.000000
0.000000
0.000000
0.000000
0.000000
0.000000
0.000000
0.000000
0.000000
0.000000
0.000000
0.000000
0.000000
0.000000
0.000000
0.000000
0.000000
0.000000
0.000000
0.000000
0.000000
0.000000
0.000000
0.000000
0.000000
0.000000
0.000000
0.000000
0.000000
0.000000
0.000000
0.000000
0.000000
0.000000
0.000000
0.000000
0.000000
0.000000
0.000000
0.000000
0.000000
0.000000
0.000000
0.000000
0.000000
0.000000
0.000000
0.000000
0.000000
0.000000
0.000000
0.000000
0.000000
0.000000
0.000000
0.000000
0.000000
0.000000
0.000000
0.000000
0.000000
0.000000
0.000000
0.000000
0.000000
0.000000
0.000000
0.000000
0.000000
0.000000
0.000000
0.000000
0.000000
0.000000
0.000000
0.000000
0.000000
0.000000
0.000000
0.000000
0.000000
0.000000
0.000000
0.000000
0.000000
0.000000
0.000000
0.000000
0.000000
0.000000
0.000000
0.000000
0.000000
0.000000
0.000000
0.000000
0.000000
0.000000
0.000000
0.000000
0.000000
0.000000
0.000000
0.000000
0.000000
0.000000
0.000000
0.000000
0.000000
0.000000
0.000000
0.000000
0.000000
0.000000
0.000000
0.000000
0.000000
0.000000
0.000000
0.000000
0.000000
0.000000
11637015.000000
5448460.000000
263597.000000
4174693.000000
931288.000000
6857438.000000
381103.000000
4362152.000000
2072924.000000
1928425.000000
865662.000000
364249.000000
472478.000000
4825717.000000
4667081.000000
795311.000000
704257.000000
5095081.000000
79697.000000
6204770.000000
4430958.000000
3635682.000000
5305393.000000
5242868.000000
4891885.000000
3696838.000000
3848725.000000
63809.000000
4553516.000000
4443617.000000
2539862.000000
108945.000000
2831186.000000
4922484.000000
5329808.000000
3398690.000000
5158964.000000
5983039.000000
1743915.000000
1049942.000000
4298350.000000
1873207.000000
2224122.000000
1253462.000000
3880749.000000
2089337.000000
3342933.000000
4133115.000000
3738321.000000
4804663.000000
2524812.000000
2175138.000000
3750245.000000
161454.000000
1138256.000000
6128916.000000
2945808.000000
4475557.000000
4406180.000000
5533798.000000
6394677.000000
2435192.000000
5973266.000000
3383316.000000
3854116.000000
3491071.000000
3253597.000000
442651.000000
326366.000000
2301015.000000
397345.000000
4025092.000000
5234208.000000
4512921.000000
5744558.000000
1948529.000000
3182891.000000
3852944.000000
2841213.000000
1035588.000000
148019.000000
672971.000000
1474949.000000
2835578.000000
1893145.000000
3487886.000000
4518420.000000
339118.000000
3937213.000000
4948765.000000
564531.000000
7104082.000000
1171928.000000
3027440.000000
2833949.000000
2979431.000000
6469271.000000
802026.000000
531149.000000
1209845.000000
2150644.000000
115882.000000
2307449.000000
5527148.000000
4393844.000000
2594147.000000
922955.000000
5414937.000000
112844.000000
3928096.000000
8566.000000
4810538.000000
5871407.000000
4960999.000000
5083229.000000
653270.000000
4943701.000000
5813362.000000
5192986.000000
4948309.000000
4272447.000000
2903983.000000
665594.000000
3648689.000000
5814823.000000
4476672.000000
5404342.000000
3865020.000000
3770661.000000
359188.000000
3683081.000000
4490832.000000
314742.000000
7396307.000000
1644927.000000
3894190.000000
4524579.000000
1397513.000000
123613.000000
5017987.000000
5341315.000000
4667638.000000
5167308.000000
3879883.000000
2818751.000000
1383863.000000
7614845.000000
1206270.000000
2917210.000000
5954666.000000
5755037.000000
820427.000000
996845.000000
6240733.000000
2815934.000000
6944346.000000
2554085.000000
1103489.000000
4834347.000000
5149152.000000
6781912.000000
3670529.000000
4660269.000000
5543527.000000
5443057.000000
5296050.000000
3634771.000000
4791431.000000
6155353.000000
5685160.000000
5348584.000000
5776159.000000
4582883.000000
686491.000000
3377856.000000
1355502.000000
2701754.000000
1780415.000000
5619001.000000
6125090.000000
6564958.000000
1431260.000000
2860748.000000
6857110.000000
803010.000000
2929814.000000
6430773.000000
2822642.000000
1023209.000000
3751110.000000
1954214.000000
5591824.000000
1295930.000000
553228.000000
3853950.000000
4741999.000000
4854965.000000
3732979.000000
3230235.000000
2414304.000000
4047377.000000
1748931.000000
3608229.000000
1850287.000000
3289980.000000
2938934.000000
7145196.000000
1781075.000000
623469.000000
5830215.000000
765952.000000
5490416.000000
1124428.000000
1822944.000000
4472618.000000
6440531.000000
6075951.000000
903996.000000
3994377.000000
1270213.000000
5257517.000000
1172708.000000
2912046.000000
1405636.000000
4702146.000000
4361657.000000
3765123.000000
3756660.000000
5363253.000000
199571.000000
7498424.000000
4903434.000000
4697620.000000
2248465.000000
5739751.000000
3795993.000000
5987643.000000
6444671.000000
2765915.000000
5613092.000000
5366094.000000
6319893.000000
4449267.000000
1018375.000000
5054593.000000
5934505.000000
3695606.000000
5263810.000000
3170313.000000
4117072.000000
275448.000000
297960.000000
1042931.000000
6114319.000000
6396834.000000
1951471.000000
4794999.000000
5382322.000000
7441708.000000
2911417.000000
2836965.000000
8005986.000000
4666382.000000
5279361.000000
4243360.000000
3785272.000000
4929381.000000
6852421.000000
468034.000000
355775.000000
4558693.000000
4378101.000000
1788903.000000
4590632.000000
3791284.000000
4118288.000000
234289.000000
5318997.000000
1287440.000000
5006311.000000
2060971.000000
923079.000000
684207.000000
5934174.000000
2535840.000000
6620317.000000
3620488.000000
4265373.000000
5557833.000000
341850.000000
4628174.000000
5374373.000000
4124956.000000
106585.000000
4562601.000000
5736316.000000
143564.000000
4421716.000000
5938044.000000
4790276.000000
140364.000000
2088805.000000
2496941.000000
4297434.000000
5965591.000000
3726702.000000
128083.000000
2377525.000000
4651192.000000
889874.000000
1949847.000000
6290078.000000
2481529.000000
103422.000000
5251933.000000
6749930.000000
2040682.000000
2594248.000000
4517376.000000
462229.000000
424339.000000
5123155.000000
6087987.000000
1209227.000000
5896223.000000
1316907.000000
7111524.000000
103020.000000
623396.000000
6592418.000000
1044223.000000
2064384.000000
2228269.000000
5080275.000000
4152031.000000
4396514.000000
3007572.000000
477884.000000
397279.000000
3091879.000000
7321055.000000
5346914.000000
3733712.000000
5381459.000000
4415269.000000
3815264.000000
6096825.000000
3698613.000000
1588634.000000
4841892.000000
5396462.000000
3527867.000000
577023.000000
649393.000000
3126713.000000
4417238.000000
342932.000000
4220666.000000
5659294.000000
6651004.000000
3552640.000000
3612478.000000
309973.000000
5034656.000000
6796170.000000
3574166.000000
5927053.000000
5791058.000000
3818914.000000
6816605.000000
6074112.000000
494078.000000
4456875.000000
7239224.000000
510040.000000
480902.000000
5848691.000000
2119378.000000
4056487.000000
1461037.000000
6235542.000000
315228.000000
5296657.000000
3759017.000000
1500855.000000
254607.000000
141384.000000
4277189.000000
5285684.000000
1231403.000000
2700486.000000
4278406.000000
5483141.000000
6784416.000000
3802955.000000
5449181.000000
2609573.000000
5848175.000000
871494.000000
1909588.000000
4444232.000000
6451612.000000
7355505.000000
6022327.000000
7118690.000000
3628348.000000
5423660.000000
791265.000000
1482303.000000
3057404.000000
1677639.000000
7025272.000000
1814194.000000
3199185.000000
3424393.000000
3953642.000000
367469.000000
1243364.000000
3881872.000000
4400631.000000
5340503.000000
6145188.000000
2881909.000000
3860547.000000
5350705.000000
326823.000000
4816744.000000
2402890.000000
3840612.000000
6038580.000000
1089848.000000
4776554.000000
3712185.000000
1195992.000000
5688093.000000
6216151.000000
1440307.000000
2146574.000000
675033.000000
1782193.000000
4883080.000000
5403337.000000
3528028.000000
2459965.000000
2663028.000000
3508806.000000
2165922.000000
3331670.000000
4001768.000000
539841.000000
1414377.000000
3934303.000000
3564357.000000
3555262.000000
4866668.000000
6533555.000000
2152455.000000
1319874.000000
164833.000000
3492434.000000
2731230.000000
2868116.000000
795430.000000
4978276.000000
3398467.000000
5202168.000000
6645014.000000
1328697.000000
5455746.000000
4414710.000000
93857.000000
1993587.000000
4750842.000000
1456461.000000
2874133.000000
2791758.000000
2056656.000000
4450951.000000
75329.000000
3929138.000000
2235902.000000
2316339.000000
5839484.000000
500688.000000
4436110.000000
3377032.000000
5808674.000000
2677300.000000
5729011.000000
5987330.000000
7269462.000000
1960910.000000
2010812.000000
3195495.000000
5625834.000000
4238314.000000
6200702.000000
1264018.000000
2701841.000000
6169361.000000
2583116.000000
4363379.000000
144943.000000
3629793.000000
5519518.000000
364595.000000
2849972.000000
2672635.000000
3499282.000000
5021125.000000
5622718.000000
5719434.000000
4550541.000000
964079.000000
3383747.000000
541526.000000
147648.000000
5886240.000000
2509359.000000
1784298.000000
4727771.000000
3765817.000000
5428783.000000
6458935.000000
2866984.000000
6177468.000000
762607.000000
4358954.000000
5558550.000000
575150.000000
5922834.000000
5151742.000000
230170.000000
5995643.000000
2767277.000000
7538430.000000
5803182.000000
4115353.000000
2209174.000000
313049.000000
5289440.000000
113647.000000
5494030.000000
15082.000000
497891.000000
5500219.000000
5350859.000000
3248221.000000
654578.000000
5128460.000000
6602674.000000
5290603.000000
2247490.000000
446272.000000
512816.000000
1043994.000000
5769224.000000
7215033.000000
1919582.000000
5091718.000000
5221746.000000
5169913.000000
4383165.000000
3858646.000000
1169351.000000
363419.000000
621114.000000
5742983.000000
5374424.000000
829667.000000
6190739.000000
767389.000000
6187811.000000
3414326.000000
3762134.000000
5977080.000000
302852.000000
4648768.000000
1710210.000000
6325526.000000
1508395.000000
294463.000000
2320753.000000
3383706.000000
1359505.000000
4931708.000000
2236384.000000
5664885.000000
2681536.000000
1933295.000000
2962054.000000
121966.000000
4107888.000000
4368748.000000
1561022.000000
4724882.000000
3448004.000000
5865148.000000
4721718.000000
548916.000000
4216508.000000
4961611.000000
1643649.000000
2517466.000000
4530353.000000
4881145.000000
2788215.000000
5497863.000000
464827.000000
3746247.000000
5887517.000000
5123253.000000
4644832.000000
5040721.000000
5064372.000000
3616434.000000
28642.000000
3752706.000000
77400.000000
1344416.000000
5443161.000000
4171319.000000
307061.000000
319343.000000
6567632.000000
6482672.000000
6860.000000
5361063.000000
3263627.000000
1592878.000000
85988.000000
2836054.000000
4232070.000000
574040.000000
143476.000000
6825565.000000
4407006.000000
1401408.000000
2091255.000000
2903553.000000
4801993.000000
2162249.000000
6331148.000000
4768603.000000
5423790.000000
170720.000000
163849.000000
2618489.000000
3500965.000000
7225960.000000
5267086.000000
66277.000000
4106640.000000
4080411.000000
255904.000000
6515198.000000
2228398.000000
5672119.000000
4120931.000000
6942867.000000
2358718.000000
2744940.000000
1838090.000000
342067.000000
6546591.000000
5625962.000000
2390676.000000
7522576.000000
239996.000000
3681332.000000
3968650.000000
6758740.000000
569694.000000
229141.000000
5067990.000000
822798.000000
5570816.000000
1973929.000000
3713997.000000
3997372.000000
4425809.000000
1666183.000000
1462936.000000
5319532.000000
4562147.000000
867253.000000
1619725.000000
3860638.000000
5214542.000000
207964.000000
800704.000000
3218819.000000
580555.000000
2963071.000000
217966.000000
59715.000000
1418186.000000
5168917.000000
6097671.000000
5210796.000000
214573.000000
3655720.000000
5838192.000000
6615260.000000
3318499.000000
4407884.000000
3071459.000000
3697823.000000
293810.000000
4912000.000000
188792.000000
4823101.000000
3489000.000000
4571333.000000
134624.000000
2655516.000000
5153172.000000
4096475.000000
4024738.000000
3199959.000000
520692.000000
4782434.000000
1840148.000000
3137512.000000
252368.000000
394886.000000
6416852.000000
4425409.000000
4945768.000000
2083314.000000
6052264.000000
6009667.000000
1340727.000000
7159095.000000
2935394.000000
157474.000000
2475156.000000
2698638.000000
1628465.000000
2473593.000000
3056308.000000
5066441.000000
2940286.000000
4868763.000000
339360.000000
90694.000000
4249287.000000
2848708.000000
6761569.000000
239152.000000
1662162.000000
192690.000000
5489256.000000
353484.000000
2314718.000000
3098631.000000
6632029.000000
1678034.000000
3345706.000000
7055168.000000
5267312.000000
3025873.000000
1646691.000000
3048022.000000
5151556.000000
3834302.000000
1003067.000000
89518.000000
2944340.000000
5184128.000000
6083649.000000
1450120.000000
4169256.000000
5540710.000000
2715809.000000
5126471.000000
4931600.000000
3979070.000000
3138899.000000
5440591.000000
7792945.000000
6502362.000000
2610031.000000
3061645.000000
179414.000000
4771774.000000
2327168.000000
5446104.000000
1866841.000000
1775755.000000
3787770.000000
81980.000000
6372270.000000
4550199.000000
1316548.000000
3275970.000000
4726131.000000
1623326.000000
6401434.000000
1150767.000000
884533.000000
5686034.000000
2520907.000000
4962505.000000
170318.000000
6841937.000000
6367508.000000
4599819.000000
1542274.000000
964951.000000
2635843.000000
4998127.000000
3113336.000000
1355117.000000
5223535.000000
3446900.000000
3873853.000000
3055701.000000
5784782.000000
3729842.000000
4698604.000000
1382004.000000
6268019.000000
5516867.000000
243776.000000
5064672.000000
2727494.000000
1943739.000000
2144680.000000
5797012.000000
2112784.000000
2883411.000000
4542203.000000
6105230.000000
4089770.000000
3639754.000000
1209834.000000
1954128.000000
5920290.000000
3704314.000000
6971344.000000
3475177.000000
6012983.000000
4221527.000000
1899757.000000
3796410.000000
3281292.000000
5996938.000000
3759652.000000
4627619.000000
5646664.000000
3622592.000000
621255.000000
2090036.000000
4988095.000000
5090084.000000
105496.000000
5479582.000000
941566.000000
456820.000000
162520.000000
1165343.000000
4321127.000000
2697483.000000
5543299.000000
4522002.000000
2768059.000000
4326313.000000
6370582.000000
910806.000000
1653632.000000
5547057.000000
291896.000000
5874896.000000
7391053.000000
2386620.000000
172564.000000
2021547.000000
4332649.000000
5968516.000000
4954666.000000
5063508.000000
3016148.000000
6717746.000000
3776820.000000
750110.000000
2017924.000000
1438140.000000
822105.000000
5112071.000000
363685.000000
268076.000000
5358408.000000
845640.000000
898968.000000
1984473.000000
4315919.000000
547104.000000
5542857.000000
4988349.000000
3786186.000000
2828717.000000
5397854.000000
226963.000000
6473579.000000
6680458.000000
1533404.000000
4779179.000000
187615.000000
6932023.000000
2037592.000000
3724738.000000
5064022.000000
1697192.000000
1313287.000000
464755.000000
3243318.000000
205205.000000
3409985.000000
5922882.000000
264653.000000
4612325.000000
6657101.000000
3913881.000000
5540507.000000
5253815.000000
206878.000000
5800239.000000
466428.000000
6736753.000000
4792630.000000
5804998.000000
4790033.000000
5760732.000000
601062.000000
980383.000000
2905291.000000
4218180.000000
4008162.000000
1969767.000000
5833004.000000
2615850.000000
3182978.000000
5332640.000000
3482403.000000
3489896.000000
4248011.000000
2823799.000000
306532.000000
1006732.000000
2376402.000000
113847.000000
1099928.000000
246674.000000
5415295.000000
4879502.000000
4516459.000000
1957553.000000
29540.000000
6327608.000000
5025999.000000
4528162.000000
2487955.000000
5411272.000000
5119007.000000
4278150.000000
3295072.000000
3710440.000000
322751.000000
325291.000000
5255307.000000
1539069.000000
4935200.000000
273210.000000
4967303.000000
28142.000000
70019.000000
5448780.000000
98188.000000
3503976.000000
788068.000000
213842.000000
554800.000000
1721256.000000
5489855.000000
370042.000000
6640157.000000
4417666.000000
3694272.000000
6468126.000000
185710.000000
2791328.000000
4216476.000000
4640608.000000
3828783.000000
5202173.000000
4877178.000000
1505949.000000
3891658.000000
3645036.000000
3369600.000000
4747934.000000
1699231.000000
3480957.000000
79565.000000
3304302.000000
6036022.000000
28275.000000
1940877.000000
3437755.000000
6043762.000000
3686002.000000
5877786.000000
683020.000000
2540001.000000
6627132.000000
129377.000000
998391.000000
2850052.000000
822504.000000
3393372.000000
5667667.000000
5864902.000000
893271.000000
4966119.000000
4664480.000000
3595219.000000
708859.000000
1246332.000000
5243422.000000
338349.000000
189497.000000
3132180.000000
2120118.000000
3841676.000000
5034715.000000
5503896.000000
500210.000000
4813089.000000
5562794.000000
933125.000000
6450228.000000
2274265.000000
3839356.000000
5758880.000000
6323433.000000
4825594.000000
2727952.000000
5894930.000000
93781.000000
4492482.000000
5154378.000000
5630667.000000
330290.000000
3079261.000000
4565384.000000
126967.000000
99060.000000
4917231.000000
5332927.000000
4497790.000000
6565100.000000
4579763.000000
3072309.000000
5625729.000000
1365682.000000
4906446.000000
2096676.000000
4199463.000000
1684218.000000
6961168.000000
655060.000000
5958985.000000
7157722.000000
5184896.000000
2831800.000000
4769222.000000
6225242.000000
265933.000000
6787667.000000
670865.000000
6702753.000000
264071.000000
816467.000000
1105438.000000
4250395.000000
1100686.000000
4376992.000000
5948607.000000
5714939.000000
4677833.000000
5479453.000000
189096.000000
670855.000000
6592923.000000
1407359.000000
657177.000000
4763758.000000
5550499.000000
5393566.000000
6049716.000000
2945022.000000
5592754.000000
5247728.000000
6335844.000000
5467551.000000
23483.000000
3254504.000000
119590.000000
363989.000000
3368306.000000
1709150.000000
4762513.000000
6384265.000000
6707663.000000
6133151.000000
128881.000000
3380069.000000
3666848.000000
2876881.000000
1712418.000000
5097734.000000
4592832.000000
1408646.000000
5571494.000000
6314320.000000
4890981.000000
5070485.000000
4024534.000000
800988.000000
991037.000000
493151.000000
1472910.000000
3527185.000000
4916757.000000
5057842.000000
6402358.000000
5508559.000000
4144409.000000
4971185.000000
4496733.000000
151567.000000
4734763.000000
3705432.000000
5535394.000000
518803.000000
4911679.000000
6476741.000000
1850065.000000
2932183.000000
1256881.000000
4407812.000000
6341770.000000
3218264.000000
4643758.000000
3243083.000000
6595595.000000
6857484.000000
12995.000000
3619316.000000
1657189.000000
27431.000000
5142549.000000
3773204.000000
4062689.000000
4735833.000000
3829506.000000
6085371.000000
1914841.000000
6753812.000000
89587.000000
5026573.000000
3423565.000000
2845175.000000
813807.000000
1645459.000000
5759244.000000
3898366.000000
3916486.000000
107398.000000
5749319.000000
694675.000000
3899081.000000
257259.000000
4633840.000000
1555708.000000
5574895.000000
5111283.000000
5301819.000000
777492.000000
4561033.000000
475953.000000
4685871.000000
7149929.000000
233439.000000
5283007.000000
5151478.000000
4405191.000000
121336.000000
5348691.000000
5656301.000000
665773.000000
314227.000000
5799971.000000
4521038.000000
337843.000000
579479.000000
3855729.000000
5644090.000000
1658351.000000
6318068.000000
1438910.000000
738864.000000
742005.000000
5126567.000000
460520.000000
4982380.000000
69981.000000
5741551.000000
602710.000000
5069670.000000
4987506.000000
309913.000000
5519454.000000
4756529.000000
1005399.000000
5293620.000000
4976193.000000
3812114.000000
4135411.000000
115151.000000
821622.000000
373186.000000
4952940.000000
126874.000000
730294.000000
6166070.000000
544781.000000
3821055.000000
7436044.000000
6696352.000000
4456530.000000
1423700.000000
5708624.000000
874039.000000
4896419.000000
3090318.000000
3296300.000000
1078443.000000
5523935.000000
4986627.000000
34591.000000
25341.000000
5925190.000000
2476302.000000
7392.000000
5605058.000000
4822937.000000
3783839.000000
337763.000000
2255017.000000
3959021.000000
3624114.000000
3801460.000000
934016.000000
551442.000000
5399074.000000
4289059.000000
3945520.000000
4561632.000000
4743205.000000
3528779.000000
5762179.000000
6159617.000000
2791252.000000
2581321.000000
5570740.000000
4170600.000000
1235166.000000
5458092.000000
647247.000000
5808245.000000
5425713.000000
3454853.000000
766136.000000
3954494.000000
4032712.000000
29018.000000
3252825.000000
2877442.000000
3181848.000000
2660174.000000
5001791.000000
6934165.000000
4412232.000000
1319221.000000
827306.000000
4645205.000000
4428601.000000
4838689.000000
5252584.000000
274451.000000
3814154.000000
2769201.000000
5509711.000000
4567921.000000
2910807.000000
461841.000000
5550923.000000
511013.000000
4746333.000000
1305161.000000
6415409.000000
534119.000000
1448234.000000
6530942.000000
2702765.000000
857763.000000
4198880.000000
1914393.000000
4414698.000000
2667463.000000
192528.000000
4648380.000000
3953415.000000
3106386.000000
5681715.000000
4200039.000000
4644466.000000
5736592.000000
231549.000000
3073239.000000
4186697.000000
5839492.000000
704410.000000
1093512.000000
4768088.000000
5631177.000000
2927229.000000
2418650.000000
2355963.000000
5764806.000000
287610.000000
4612925.000000
5523346.000000
4825521.000000
4159666.000000
1796142.000000
3451397.000000
5106726.000000
2703940.000000
2368153.000000
6695506.000000
6341120.000000
6199991.000000
3891466.000000
100219.000000
5518429.000000
6472593.000000
2766565.000000
5374695.000000
6282834.000000
6233457.000000
5348034.000000
3882143.000000
108265.000000
4777503.000000
5961957.000000
4864291.000000
1079445.000000
4128907.000000
4674405.000000
4108673.000000
6800280.000000
2526402.000000
2132701.000000
565740.000000
5941381.000000
1099548.000000
83544.000000
5189088.000000
3093680.000000
7021676.000000
2800688.000000
6156697.000000
1192737.000000
6016169.000000
4645260.000000
6570126.000000
5740561.000000
27346.000000
5273834.000000
379160.000000
2082770.000000
796062.000000
285506.000000
5311711.000000
753139.000000
6429938.000000
4877274.000000
674226.000000
234002.000000
1292453.000000
5287100.000000
4784074.000000
3173257.000000
3758173.000000
168975.000000
4444553.000000
3718056.000000
468522.000000
4423430.000000
212268.000000
6925687.000000
3521245.000000
5214796.000000
3704667.000000
6122773.000000
1298553.000000
3085038.000000
4568260.000000
6551710.000000
1853755.000000
1175655.000000
5181614.000000
1676365.000000
1889964.000000
29458.000000
5969652.000000
5749263.000000
4145393.000000
5716073.000000
1249586.000000
513837.000000
6851961.000000
5406100.000000
3051632.000000
4084025.000000
3006555.000000
2641399.000000
1263179.000000
5846154.000000
6212100.000000
801230.000000
3342423.000000
6606158.000000
4946655.000000
5722917.000000
254503.000000
16676.000000
474017.000000
4086540.000000
5557993.000000
620706.000000
302500.000000
3218296.000000
415647.000000
1672835.000000
6108496.000000
288466.000000
571198.000000
5288281.000000
140117.000000
3870326.000000
4582785.000000
4659854.000000
2267592.000000
253694.000000
4504403.000000
6155508.000000
4871639.000000
494890.000000
6128040.000000
5310096.000000
4425693.000000
589655.000000
5929924.000000
6472117.000000
165211.000000
6168884.000000
3036224.000000
2768785.000000
391169.000000
6039278.000000
4985502.000000
6498713.000000
632113.000000
2546118.000000
4921897.000000
441757.000000
5313225.000000
701265.000000
3478704.000000
3865589.000000
4766959.000000
3909868.000000
2191579.000000
2158943.000000
2373669.000000
2098142.000000
4450536.000000
4811459.000000
2103025.000000
2150188.000000
3695761.000000
5369633.000000
5118705.000000
3509876.000000
775452.000000
1284206.000000
135825.000000
6720983.000000
273557.000000
2185558.000000
3710070.000000
5489741.000000
628642.000000
1869790.000000
1829556.000000
757828.000000
4521799.000000
4922246.000000
1709061.000000
2863513.000000
4483914.000000
6191581.000000
5854144.000000
4693032.000000
4366742.000000
4326614.000000
5892359.000000
88878.000000
3500330.000000
5901434.000000
3330776.000000
3548846.000000
4397204.000000
5410886.000000
290750.000000
4194555.000000
3581410.000000
3784538.000000
61462.000000
3606058.000000
1184608.000000
673912.000000
4194670.000000
4106448.000000
727139.000000
320604.000000
6333781.000000
4049033.000000
4307006.000000
6848709.000000
5335422.000000
2730413.000000
37620.000000
131565.000000
3986051.000000
400928.000000
5109568.000000
5849667.000000
3160346.000000
1181860.000000
6802781.000000
4659053.000000
1058143.000000
5606445.000000
577110.000000
1927396.000000
1151262.000000
5102997.000000
6673457.000000
3133324.000000
4657316.000000
85497.000000
594071.000000
91568.000000
513095.000000
6543041.000000
4406965.000000
4967565.000000
4259432.000000
1352365.000000
4599191.000000
6109294.000000
5835892.000000
1132380.000000
5800808.000000
3969134.000000
6763389.000000
3977301.000000
1763501.000000
4351822.000000
5104890.000000
6632642.000000
525963.000000
4848433.000000
3317053.000000
5534332.000000
1139540.000000
5085560.000000
3629614.000000
5474709.000000
562508.000000
4710794.000000
7028814.000000
3579324.000000
3447571.000000
1299003.000000
23997.000000
4767816.000000
874133.000000
2515470.000000
752002.000000
1729097.000000
168829.000000
4697389.000000
2344856.000000
4722221.000000
1338001.000000
536001.000000
4065220.000000
352189.000000
6617785.000000
4658437.000000
633823.000000
3794246.000000
3739954.000000
3568165.000000
416540.000000
5968309.000000
457074.000000
5853701.000000
890469.000000
1171123.000000
3301719.000000
2148698.000000
5309438.000000
4226430.000000
3732343.000000
6200668.000000
5573133.000000
5085774.000000
1258297.000000
2495662.000000
1851161.000000
3787749.000000
5841378.000000
81834.000000
3026651.000000
1069652.000000
5316165.000000
4520387.000000
4841143.000000
5621666.000000
901943.000000
5409859.000000
249010.000000
6609138.000000
4735062.000000
6108346.000000
78706.000000
6819234.000000
997091.000000
6127903.000000
998100.000000
327302.000000
3434583.000000
2136026.000000
3613553.000000
6073445.000000
3326069.000000
465603.000000
27838.000000
1285769.000000
1395721.000000
3437193.000000
1009374.000000
90278.000000
4371522.000000
6807593.000000
2418842.000000
4117177.000000
6106839.000000
599191.000000
4745044.000000
571282.000000
5267435.000000
6195831.000000
5385390.000000
4677529.000000
528071.000000
376818.000000
6622792.000000
2058677.000000
1602456.000000
2206073.000000
4136850.000000
1219294.000000
5001484.000000
4353838.000000
5205399.000000
5301988.000000
688383.000000
536935.000000
3955085.000000
1214186.000000
6577280.000000
3949783.000000
3113595.000000
2671773.000000
7498454.000000
5462915.000000
3721018.000000
5482126.000000
4017704.000000
202724.000000
28233.000000
1577401.000000
110045.000000
6395769.000000
3102261.000000
4192743.000000
3622602.000000
336276.000000
6175944.000000
205571.000000
255334.000000
4090589.000000
4796690.000000
4847765.000000
3700299.000000
4660212.000000
2298577.000000
430518.000000
914897.000000
142743.000000
5073770.000000
249376.000000
2778442.000000
4144201.000000
3960740.000000
4499998.000000
6249311.000000
5279304.000000
5364021.000000
6254830.000000
4530123.000000
4456671.000000
2701262.000000
3434237.000000
2281615.000000
962897.000000
199898.000000
4835760.000000
597278.000000
4744053.000000
3242568.000000
26851.000000
395829.000000
4373866.000000
3799942.000000
3841234.000000
3347089.000000
1610171.000000
6487653.000000
4987655.000000
6184131.000000
669832.000000
5058332.000000
4434982.000000
550536.000000
5780510.000000
4716703.000000
3220292.000000
59455.000000
4847111.000000
1812583.000000
3777388.000000
2747615.000000
4520887.000000
1020960.000000
4815841.000000
4255901.000000
4511405.000000
5015827.000000
6351221.000000
6661831.000000
5112079.000000
3063303.000000
4615441.000000
1968847.000000
4959689.000000
1371428.000000
4625392.000000
2822292.000000
4817857.000000
1005683.000000
1061672.000000
5743446.000000
1245655.000000
6008167.000000
3632074.000000
392152.000000
5862053.000000
5080337.000000
4926967.000000
150694.000000
4344054.000000
2563744.000000
2688239.000000
1927558.000000
4057515.000000
3599436.000000
6933690.000000
3999449.000000
935593.000000
6164848.000000
3577986.000000
4625598.000000
4229270.000000
1113213.000000
708498.000000
5143371.000000
166905.000000
4636451.000000
3514738.000000
4376786.000000
4207144.000000
259881.000000
1217688.000000
4290705.000000
541040.000000
3482711.000000
6408202.000000
447622.000000
4953097.000000
3955294.000000
4416468.000000
4495551.000000
5970324.000000
2703333.000000
5800345.000000
6816482.000000
976634.000000
4323910.000000
866099.000000
5930837.000000
5417560.000000
4418410.000000
3326735.000000
631292.000000
814834.000000
6943997.000000
4000907.000000
1585226.000000
3905792.000000
5504242.000000
6637402.000000
455407.000000
2284659.000000
5932327.000000
2965862.000000
2746286.000000
2397765.000000
3390225.000000
2592898.000000
776549.000000
964808.000000
1894371.000000
452042.000000
723482.000000
7238739.000000
277476.000000
165632.000000
190833.000000
7058371.000000
5204544.000000
4052696.000000
3288527.000000
3748214.000000
317797.000000
372524.000000
5950002.000000
6646182.000000
3283114.000000
3943867.000000
3987095.000000
3045700.000000
6200235.000000
6203280.000000
5833950.000000
347220.000000
560266.000000
2012990.000000
185137.000000
3756004.000000
2471227.000000
1049838.000000
1749450.000000
6772416.000000
5141438.000000
3582248.000000
1515869.000000
2414859.000000
674377.000000
3222671.000000
4558079.000000
1222619.000000
325218.000000
4662356.000000
819165.000000
4315841.000000
574907.000000
6790003.000000
5806554.000000
4134008.000000
5969301.000000
4234751.000000
2042240.000000
804079.000000
3786724.000000
401162.000000
1715024.000000
972211.000000
6076277.000000
4094403.000000
1555501.000000
2226803.000000
790925.000000
5016189.000000
4470533.000000
6007497.000000
438426.000000
4764944.000000
2568414.000000
4470962.000000
194297.000000
3451013.000000
6171672.000000
5203968.000000
2897052.000000
2479673.000000
2942267.000000
3092478.000000
2129234.000000
344083.000000
4682512.000000
1385397.000000
4673524.000000
15145.000000
2901619.000000
4779128.000000
4606827.000000
5609746.000000
6642311.000000
132821.000000
5098885.000000
2310563.000000
2668468.000000
5383523.000000
6226094.000000
3739302.000000
4222300.000000
1791314.000000
905579.000000
1981476.000000
6177659.000000
5711830.000000
6622767.000000
587593.000000
6152191.000000
4244275.000000
392403.000000
6332427.000000
1981821.000000
1988825.000000
868940.000000
5859057.000000
3568346.000000
448806.000000
3797020.000000
5906343.000000
7194287.000000
4261305.000000
1068184.000000
5896337.000000
5547714.000000
4056417.000000
582463.000000
5213389.000000
5372592.000000
1468016.000000
6452637.000000
3112668.000000
5859618.000000
1384040.000000
3982316.000000
3231061.000000
2937510.000000
1248742.000000
3854961.000000
2473634.000000
5488993.000000
2399926.000000
952305.000000
6145700.000000
4845785.000000
6871425.000000
709789.000000
4684326.000000
3164283.000000
167587.000000
5203577.000000
4805770.000000
4883915.000000
5092042.000000
6655309.000000
6108575.000000
6782541.000000
3278065.000000
1706296.000000
5929721.000000
5614391.000000
3183680.000000
594380.000000
2231935.000000
3551079.000000
5129384.000000
5221542.000000
5787408.000000
4427106.000000
6784026.000000
4938253.000000
387025.000000
5707283.000000
3601398.000000
110873.000000
5698437.000000
3963280.000000
6837465.000000
2954578.000000
1669714.000000
226256.000000
798904.000000
4140808.000000
4093178.000000
6453534.000000
5103563.000000
5068422.000000
3229475.000000
6802619.000000
3247844.000000
1214592.000000
5601703.000000
3016248.000000
6211593.000000
2244062.000000
1957394.000000
4576045.000000
1931365.000000
821310.000000
4047007.000000
2947024.000000
6014066.000000
6070564.000000
5712419.000000
6274088.000000
5129075.000000
1605172.000000
1737168.000000
5996193.000000
2576447.000000
6267974.000000
874662.000000
893166.000000
4112816.000000
4945512.000000
769368.000000
3260258.000000
2380072.000000
1514610.000000
7337417.000000
188577.000000
1425064.000000
3932788.000000
6088504.000000
4401238.000000
202816.000000
1993176.000000
5044542.000000
81951.000000
2827470.000000
951452.000000
3218572.000000
1879332.000000
4378663.000000
3477079.000000
598571.000000
1317669.000000
1075712.000000
5873755.000000
4728020.000000
449350.000000
308646.000000
3973070.000000
91976.000000
4707681.000000
985267.000000
310184.000000
6087185.000000
5398605.000000
2861943.000000
5982578.000000
5848349.000000
2866739.000000
2975967.000000
2296197.000000
4912028.000000
1224358.000000
5690384.000000
365964.000000
3389686.000000
2349074.000000
6120723.000000
3453899.000000
5191543.000000
3801148.000000
6620479.000000
595647.000000
4479638.000000
1302239.000000
5298603.000000
1700552.000000
3353187.000000
5219652.000000
88646.000000
6301120.000000
3798874.000000
1737316.000000
3971175.000000
6742862.000000
5798525.000000
3378750.000000
5012097.000000
3977527.000000
1201358.000000
6488787.000000
5306254.000000
380841.000000
5638564.000000
2446912.000000
4205286.000000
3611399.000000
3709011.000000
114132.000000
3802143.000000
2237954.000000
5480753.000000
1349432.000000
6564800.000000
4348027.000000
104029.000000
5494347.000000
659191.000000
7625316.000000
6928386.000000
3802783.000000
4533161.000000
5691371.000000
4299521.000000
4843479.000000
2200227.000000
1025021.000000
546240.000000
4860994.000000
5631127.000000
97644.000000
773250.000000
3172199.000000
6456513.000000
4161644.000000
506537.000000
5573345.000000
170403.000000
1539497.000000
2491887.000000
2155636.000000
3380247.000000
3295983.000000
7171186.000000
4447041.000000
613249.000000
6279667.000000
1077918.000000
6695812.000000
5281105.000000
4241713.000000
2665871.000000
3765572.000000
4649624.000000
4457747.000000
5456043.000000
2683278.000000
166341.000000
106654.000000
3949502.000000
735303.000000
4117263.000000
4331734.000000
6245632.000000
28644.000000
3735566.000000
2725430.000000
156589.000000
3479337.000000
6069548.000000
5644608.000000
4983862.000000
316858.000000
4397367.000000
5548932.000000
3983454.000000
3597813.000000
7049971.000000
160538.000000
4539293.000000
1302552.000000
5652595.000000
5415540.000000
576210.000000
6653023.000000
74148.000000
232439.000000
3798269.000000
201541.000000
402870.000000
7127324.000000
4868164.000000
5029809.000000
2434013.000000
4450514.000000
1735604.000000
669243.000000
529665.000000
5092649.000000
2524406.000000
2504986.000000
3914164.000000
6513874.000000
496492.000000
5012606.000000
4630232.000000
97563.000000
4931932.000000
2902759.000000
2015796.000000
4977461.000000
662908.000000
5037162.000000
1025820.000000
683515.000000
1180204.000000
6524135.000000
6875095.000000
1538280.000000
367292.000000
1922761.000000
630614.000000
3540147.000000
3880083.000000
5203052.000000
5775264.000000
4314474.000000
412846.000000
3798052.000000
3851111.000000
3525268.000000
5617219.000000
3377363.000000
1528486.000000
2817704.000000
804538.000000
394627.000000
4504615.000000
1718432.000000
4370544.000000
4836990.000000
2200419.000000
5001703.000000
5910626.000000
106200.000000
504410.000000
677636.000000
3987295.000000
1952908.000000
4821493.000000
3571824.000000
4669701.000000
3115364.000000
6278401.000000
6388928.000000
3658466.000000
3968006.000000
6448051.000000
5569794.000000
5881143.000000
930010.000000
3160710.000000
1005082.000000
254796.000000
293776.000000
599651.000000
210663.000000
4549914.000000
1994961.000000
3504237.000000
3383009.000000
5564725.000000
2175203.000000
3671698.000000
4980444.000000
3985653.000000
1479214.000000
310276.000000
4616864.000000
5159202.000000
5973012.000000
6224157.000000
5610576.000000
5636925.000000
507360.000000
5672684.000000
2920809.000000
6899440.000000
5741689.000000
3577958.000000
2614607.000000
472421.000000
4802840.000000
1635594.000000
772584.000000
5621779.000000
153337.000000
511110.000000
4946188.000000
2356649.000000
5962516.000000
1525457.000000
4992968.000000
3365577.000000
5523545.000000
4433883.000000
4500136.000000
1056799.000000
3783381.000000
5846443.000000
430569.000000
1140242.000000
3054634.000000
1558469.000000
3211230.000000
426940.000000
281002.000000
614701.000000
1481583.000000
6093381.000000
4308828.000000
4049174.000000
