0.000000
0.000000
0.000000
0.000000
0.000000
0.000000
0.000000
0.000000
0.000000
0.000000
0.000000
0.000000
0.000000
0.000000
0.000000
0.000000
0.000000
0.000000
0.000000
0.000000
0.000000
0.000000
0.000000
0.000000
0.000000
0.000000
0.000000
0.000000
0.000000
0.000000
0.000000
0.000000
0.000000
0.000000
0.000000
0.000000
0.000000
0.000000
0.000000
0.000000
0.000000
0.000000
0.000000
0.000000
0.000000
0.000000
0.000000
0.000000
0.000000
0.000000
0.000000
0.000000
0.000000
0.000000
0.000000
0.000000
0.000000
0.000000
0.000000
0.000000
0.000000
0.000000
0.000000
0.000000
0.000000
0.000000
0.000000
0.000000
0.000000
0.000000
0.000000
0.000000
0.000000
0.000000
0.000000
0.000000
0.000000
0.000000
0.000000
0.000000
0.000000
0.000000
0.000000
0.000000
0.000000
0.000000
0.000000
0.000000
0.000000
0.000000
0.000000
0.000000
0.000000
0.000000
0.000000
0.000000
0.000000
0.000000
0.000000
0.000000
0.000000
0.000000
0.000000
0.000000
0.000000
0.000000
0.000000
0.000000
0.000000
0.000000
0.000000
0.000000
0.000000
0.000000
0.000000
0.000000
0.000000
0.000000
0.000000
0.000000
0.000000
0.000000
0.000000
0.000000
0.000000
0.000000
0.000000
0.000000
0.000000
0.000000
0.000000
0.000000
0.000000
0.000000
0.000000
0.000000
0.000000
0.000000
0.000000
0.000000
0.000000
0.000000
0.000000
0.000000
0.000000
0.000000
0.000000
0.000000
0.000000
0.000000
0.000000
0.000000
0.000000
0.000000
0.000000
0.000000
0.000000
0.000000
0.000000
0.000000
0.000000
0.000000
0.000000
0.000000
0.000000
0.000000
0.000000
0.000000
0.000000
0.000000
0.000000
0.000000
0.000000
0.000000
0.000000
0.000000
0.000000
0.000000
0.000000
0.000000
0.000000
0.000000
0.000000
0.000000
0.000000
0.000000
0.000000
0.000000
0.000000
0.000000
0.000000
0.000000
0.000000
0.000000
0.000000
0.000000
0.000000
716900.000000
471938.000000
438010.000000
404447.000000
408996.000000
437402.000000
82259.000000
474677.000000
454495.000000
430081.000000
468580.000000
370499.000000
412489.000000
341395.000000
403174.000000
79712.000000
465981.000000
347258.000000
360823.000000
86565.000000
447879.000000
433199.000000
461815.000000
331256.000000
418132.000000
467233.000000
418059.000000
331255.000000
438848.000000
335923.000000
477479.000000
399321.000000
358675.000000
424681.000000
387608.000000
426383.000000
501609.000000
403243.000000
379058.000000
398921.000000
478621.000000
151267.000000
368925.000000
440496.000000
398403.000000
428394.000000
396461.000000
397328.000000
449352.000000
390548.000000
416318.000000
388022.000000
405294.000000
371841.000000
394784.000000
276641.000000
228801.000000
396353.000000
226198.000000
424652.000000
439187.000000
423978.000000
429269.000000
433503.000000
360959.000000
467620.000000
430703.000000
352972.000000
97815.000000
314012.000000
332774.000000
421471.000000
444734.000000
373560.000000
385817.000000
221090.000000
426260.000000
409477.000000
312202.000000
436729.000000
364875.000000
387526.000000
422915.000000
356028.000000
500447.000000
366224.000000
298288.000000
374481.000000
369396.000000
127986.000000
378288.000000
431539.000000
467463.000000
399662.000000
403808.000000
468760.000000
94872.000000
469033.000000
10729.000000
439073.000000
479037.000000
452515.000000
433217.000000
318316.000000
402822.000000
382350.000000
420946.000000
433728.000000
416506.000000
376454.000000
300209.000000
387926.000000
419498.000000
359075.000000
425278.000000
443191.000000
395991.000000
266384.000000
383845.000000
439604.000000
265405.000000
428722.000000
379021.000000
378748.000000
450194.000000
416305.000000
114040.000000
421257.000000
401650.000000
463065.000000
399879.000000
487635.000000
420373.000000
418103.000000
433587.000000
384642.000000
407042.000000
512929.000000
428939.000000
373931.000000
331415.000000
479369.000000
473267.000000
467140.000000
399475.000000
378429.000000
392092.000000
428617.000000
441020.000000
431769.000000
467377.000000
401752.000000
443734.000000
389464.000000
415767.000000
414706.000000
453682.000000
440559.000000
448348.000000
443536.000000
415684.000000
379458.000000
383652.000000
436925.000000
387345.000000
336018.000000
383958.000000
430569.000000
485003.000000
427209.000000
389362.000000
534489.000000
354557.000000
400959.000000
402879.000000
359634.000000
422887.000000
426131.000000
421436.000000
393928.000000
374207.000000
314598.000000
501492.000000
412459.000000
426313.000000
475226.000000
414732.000000
434534.000000
446405.000000
355843.000000
416532.000000
391092.000000
423922.000000
442595.000000
421414.000000
401857.000000
306286.000000
473353.000000
425682.000000
484374.000000
399443.000000
416428.000000
381270.000000
403580.000000
412484.000000
355142.000000
398565.000000
382627.000000
417625.000000
348387.000000
420774.000000
418689.000000
438612.000000
409500.000000
389066.000000
482076.000000
486926.000000
162156.000000
455192.000000
466863.000000
425893.000000
466105.000000
384607.000000
377627.000000
411606.000000
481699.000000
471707.000000
439603.000000
417938.000000
421943.000000
391324.000000
377306.000000
420456.000000
477227.000000
409820.000000
450797.000000
439847.000000
453145.000000
238774.000000
190802.000000
355942.000000
469016.000000
406640.000000
396062.000000
431718.000000
436387.000000
439374.000000
391246.000000
444165.000000
465687.000000
402140.000000
401709.000000
440816.000000
390055.000000
449732.000000
426831.000000
273101.000000
242218.000000
406460.000000
410527.000000
332326.000000
406485.000000
482462.000000
441596.000000
180012.000000
398075.000000
422806.000000
456882.000000
438277.000000
396804.000000
279182.000000
376223.000000
418770.000000
518791.000000
439831.000000
403572.000000
418304.000000
257640.000000
464892.000000
416899.000000
516458.000000
95232.000000
486269.000000
552315.000000
118264.000000
462830.000000
369080.000000
397319.000000
132683.000000
426036.000000
427935.000000
389425.000000
451843.000000
394791.000000
128078.000000
432089.000000
351720.000000
318879.000000
433069.000000
345069.000000
408241.000000
96184.000000
438948.000000
414345.000000
412143.000000
441176.000000
404344.000000
275105.000000
344757.000000
438117.000000
455377.000000
327835.000000
419368.000000
337670.000000
453461.000000
104391.000000
360712.000000
455643.000000
348332.000000
475707.000000
367775.000000
393330.000000
436829.000000
460204.000000
342081.000000
301755.000000
277113.000000
394036.000000
477227.000000
434677.000000
451713.000000
404161.000000
398684.000000
396431.000000
439218.000000
374675.000000
408111.000000
450391.000000
398000.000000
363617.000000
344964.000000
354831.000000
355260.000000
464074.000000
219192.000000
410121.000000
440885.000000
437696.000000
374759.000000
428388.000000
254901.000000
455981.000000
463208.000000
453188.000000
430458.000000
477304.000000
384181.000000
401098.000000
394075.000000
271824.000000
470439.000000
442955.000000
272682.000000
308316.000000
432712.000000
439609.000000
400805.000000
392907.000000
416242.000000
236251.000000
394099.000000
432251.000000
379097.000000
189349.000000
114215.000000
395141.000000
446378.000000
335258.000000
431321.000000
462907.000000
428722.000000
526238.000000
415353.000000
417416.000000
395378.000000
429852.000000
358500.000000
343386.000000
433199.000000
455684.000000
406209.000000
401001.000000
488904.000000
423525.000000
443575.000000
394252.000000
464080.000000
341296.000000
367521.000000
442340.000000
475791.000000
417137.000000
426710.000000
430423.000000
216469.000000
348488.000000
415429.000000
386802.000000
390175.000000
435178.000000
437723.000000
457080.000000
423188.000000
217366.000000
475343.000000
456527.000000
456197.000000
465637.000000
399073.000000
437507.000000
456372.000000
419330.000000
470736.000000
447998.000000
359395.000000
382079.000000
395978.000000
413834.000000
492331.000000
420925.000000
390392.000000
431796.000000
422606.000000
410635.000000
394786.000000
438585.000000
385318.000000
265080.000000
361999.000000
434566.000000
416514.000000
253432.000000
408471.000000
438122.000000
410958.000000
391229.000000
130909.000000
460149.000000
416672.000000
432823.000000
372762.000000
387174.000000
431882.000000
414085.000000
472582.000000
519657.000000
413494.000000
413069.000000
110154.000000
380162.000000
523463.000000
431321.000000
401266.000000
466509.000000
392220.000000
411604.000000
80637.000000
414311.000000
410611.000000
416268.000000
366289.000000
340951.000000
489918.000000
366822.000000
435847.000000
376207.000000
463305.000000
444656.000000
468765.000000
417213.000000
439401.000000
355622.000000
504205.000000
391823.000000
471212.000000
396005.000000
475919.000000
387124.000000
403751.000000
410570.000000
110491.000000
404077.000000
460759.000000
238964.000000
387386.000000
352949.000000
441375.000000
429602.000000
405070.000000
447145.000000
406079.000000
426557.000000
309945.000000
282271.000000
116424.000000
428231.000000
481503.000000
374217.000000
489667.000000
391944.000000
479835.000000
419164.000000
451566.000000
443138.000000
305933.000000
473741.000000
442834.000000
344834.000000
427583.000000
460566.000000
169950.000000
416327.000000
481584.000000
378814.000000
407782.000000
431365.000000
382204.000000
233509.000000
450573.000000
100685.000000
430595.000000
15154.000000
292029.000000
460914.000000
446664.000000
426881.000000
290821.000000
430544.000000
394499.000000
363473.000000
497757.000000
238174.000000
299591.000000
319012.000000
449083.000000
451881.000000
400891.000000
442805.000000
521397.000000
458956.000000
416314.000000
411141.000000
312116.000000
271711.000000
309483.000000
393926.000000
422729.000000
343118.000000
471010.000000
397391.000000
416082.000000
316534.000000
410456.000000
392870.000000
225061.000000
394789.000000
341640.000000
473189.000000
493337.000000
206186.000000
487197.000000
448969.000000
483937.000000
451658.000000
418307.000000
474981.000000
374307.000000
410286.000000
434615.000000
111362.000000
360515.000000
423340.000000
353316.000000
463180.000000
311489.000000
416037.000000
431976.000000
264660.000000
368554.000000
447016.000000
419979.000000
373228.000000
351767.000000
464647.000000
410925.000000
433864.000000
266756.000000
443532.000000
453805.000000
462267.000000
464496.000000
400066.000000
387082.000000
418269.000000
21570.000000
381824.000000
73988.000000
404838.000000
396011.000000
459598.000000
266892.000000
239736.000000
409428.000000
425952.000000
8956.000000
427507.000000
415187.000000
440539.000000
94965.000000
459570.000000
465054.000000
279891.000000
117823.000000
389524.000000
433282.000000
344380.000000
396082.000000
349647.000000
410201.000000
400868.000000
400194.000000
429934.000000
413766.000000
145387.000000
171784.000000
360262.000000
477541.000000
478377.000000
426393.000000
55487.000000
434221.000000
426454.000000
175520.000000
428470.000000
402398.000000
442296.000000
414849.000000
434743.000000
473059.000000
357061.000000
423752.000000
189432.000000
497921.000000
488480.000000
432804.000000
419495.000000
217000.000000
456378.000000
377755.000000
392012.000000
326495.000000
214771.000000
453388.000000
306060.000000
556784.000000
440151.000000
384086.000000
524436.000000
455769.000000
392064.000000
448229.000000
424086.000000
391992.000000
402190.000000
396102.000000
362060.000000
456252.000000
174385.000000
324456.000000
401599.000000
319321.000000
453489.000000
162193.000000
51704.000000
420341.000000
455145.000000
416876.000000
377632.000000
186324.000000
456012.000000
392024.000000
437762.000000
443378.000000
502395.000000
391360.000000
406443.000000
196138.000000
428842.000000
165841.000000
421149.000000
464607.000000
410937.000000
117555.000000
433907.000000
398489.000000
401985.000000
471374.000000
430637.000000
306711.000000
492695.000000
253432.000000
459994.000000
242727.000000
274038.000000
464199.000000
489181.000000
386744.000000
415363.000000
484374.000000
457744.000000
429071.000000
425958.000000
359338.000000
142519.000000
465812.000000
460805.000000
510922.000000
356806.000000
353381.000000
386592.000000
407604.000000
457768.000000
215425.000000
96163.000000
442665.000000
446302.000000
474078.000000
195700.000000
445593.000000
169625.000000
413992.000000
221468.000000
464068.000000
441757.000000
446515.000000
372826.000000
404198.000000
401628.000000
423360.000000
408241.000000
394061.000000
423353.000000
438217.000000
435889.000000
384716.000000
53356.000000
452437.000000
410852.000000
441200.000000
358109.000000
383720.000000
426749.000000
401592.000000
445760.000000
492887.000000
438876.000000
386219.000000
383746.000000
481884.000000
442221.000000
483634.000000
461055.000000
129397.000000
417295.000000
440830.000000
482462.000000
422887.000000
387434.000000
420863.000000
79186.000000
453444.000000
395597.000000
455320.000000
369903.000000
401682.000000
382835.000000
456562.000000
451694.000000
402662.000000
402698.000000
410404.000000
381514.000000
134378.000000
468512.000000
489729.000000
464345.000000
347423.000000
359810.000000
452037.000000
458381.000000
411128.000000
456070.000000
387174.000000
457388.000000
412982.000000
369988.000000
401825.000000
412355.000000
369911.000000
428451.000000
474174.000000
410815.000000
210892.000000
413431.000000
442763.000000
368376.000000
483546.000000
421294.000000
433228.000000
533467.000000
437337.000000
447348.000000
386315.000000
396017.000000
426284.000000
416482.000000
514998.000000
407754.000000
425551.000000
392787.000000
445062.000000
470808.000000
372992.000000
385223.000000
458583.000000
448079.000000
427648.000000
401728.000000
512486.000000
399145.000000
249712.000000
411004.000000
433320.000000
449906.000000
79272.000000
405243.000000
270167.000000
301189.000000
126673.000000
353836.000000
432576.000000
416928.000000
462532.000000
444728.000000
387343.000000
415782.000000
457048.000000
432583.000000
440935.000000
466089.000000
221290.000000
469615.000000
438624.000000
404325.000000
139783.000000
350914.000000
372321.000000
425564.000000
446397.000000
402023.000000
489433.000000
392956.000000
427623.000000
330517.000000
423615.000000
369822.000000
353933.000000
437991.000000
262147.000000
193685.000000
351964.000000
319875.000000
440186.000000
447603.000000
393645.000000
354344.000000
425442.000000
410601.000000
452477.000000
339172.000000
432791.000000
139177.000000
444414.000000
452174.000000
436066.000000
452022.000000
191765.000000
396520.000000
390310.000000
473643.000000
500144.000000
419917.000000
324845.000000
309707.000000
417249.000000
184456.000000
497525.000000
417254.000000
202058.000000
412728.000000
424383.000000
465974.000000
482011.000000
412689.000000
182503.000000
448143.000000
287640.000000
436569.000000
441533.000000
389524.000000
432247.000000
451942.000000
286019.000000
388428.000000
378446.000000
411263.000000
465937.000000
388544.000000
376251.000000
441464.000000
407427.000000
466880.000000
508329.000000
469810.000000
411751.000000
455165.000000
197171.000000
367213.000000
404853.000000
90881.000000
430374.000000
186166.000000
415895.000000
447752.000000
404670.000000
332989.000000
27641.000000
352048.000000
457736.000000
440341.000000
434330.000000
462892.000000
450766.000000
428638.000000
434558.000000
372739.000000
258472.000000
158043.000000
394112.000000
409826.000000
455777.000000
220935.000000
445565.000000
21678.000000
65297.000000
502472.000000
104408.000000
417359.000000
322087.000000
144636.000000
330622.000000
424218.000000
423106.000000
224986.000000
449070.000000
496786.000000
456208.000000
455599.000000
147948.000000
534650.000000
435065.000000
458946.000000
393861.000000
485138.000000
388004.000000
380462.000000
442853.000000
449225.000000
411244.000000
402823.000000
393259.000000
442396.000000
73343.000000
386116.000000
466367.000000
30255.000000
437589.000000
434982.000000
395248.000000
354626.000000
428908.000000
299227.000000
421571.000000
440357.000000
124760.000000
391722.000000
432996.000000
403399.000000
381975.000000
418311.000000
474033.000000
372213.000000
436385.000000
413013.000000
385499.000000
371105.000000
364411.000000
460305.000000
249113.000000
137214.000000
420918.000000
417628.000000
358176.000000
460388.000000
473524.000000
323170.000000
418331.000000
461012.000000
393344.000000
509181.000000
414132.000000
472475.000000
471169.000000
449876.000000
443062.000000
478066.000000
424525.000000
83246.000000
452223.000000
435075.000000
417653.000000
245613.000000
411051.000000
408123.000000
93455.000000
103469.000000
411587.000000
423540.000000
418696.000000
417675.000000
435426.000000
429027.000000
407130.000000
422360.000000
401509.000000
357727.000000
449093.000000
485617.000000
468310.000000
297754.000000
503391.000000
492944.000000
415228.000000
456197.000000
397355.000000
441834.000000
199214.000000
519241.000000
324681.000000
450767.000000
219160.000000
353529.000000
373256.000000
482201.000000
361940.000000
377142.000000
405566.000000
425770.000000
417565.000000
355322.000000
137021.000000
331534.000000
448047.000000
409104.000000
355265.000000
421141.000000
423595.000000
415448.000000
395608.000000
485356.000000
443912.000000
476340.000000
419639.000000
415946.000000
17262.000000
456225.000000
119027.000000
222220.000000
417993.000000
355671.000000
365616.000000
437243.000000
448535.000000
382884.000000
122394.000000
420983.000000
433460.000000
375144.000000
449127.000000
399014.000000
464249.000000
382162.000000
408532.000000
471981.000000
447734.000000
453265.000000
415984.000000
405802.000000
359899.000000
336842.000000
444833.000000
408273.000000
352176.000000
428814.000000
544942.000000
417856.000000
362683.000000
428355.000000
407500.000000
171097.000000
445569.000000
385383.000000
484274.000000
306638.000000
446924.000000
485056.000000
430464.000000
427409.000000
443546.000000
427668.000000
461018.000000
427384.000000
402823.000000
418284.000000
440660.000000
424891.000000
14060.000000
329738.000000
380738.000000
27125.000000
405654.000000
386996.000000
476838.000000
414871.000000
452994.000000
446674.000000
452355.000000
465433.000000
85859.000000
415312.000000
424160.000000
396756.000000
391463.000000
473358.000000
401713.000000
390498.000000
450378.000000
76876.000000
449659.000000
343788.000000
376237.000000
180755.000000
431758.000000
291173.000000
420607.000000
422905.000000
534268.000000
245475.000000
471485.000000
249730.000000
477693.000000
464903.000000
179026.000000
427916.000000
411797.000000
320223.000000
146030.000000
359495.000000
409939.000000
330349.000000
329480.000000
480522.000000
475223.000000
277943.000000
299196.000000
399687.000000
378686.000000
436105.000000
414443.000000
420942.000000
337254.000000
428989.000000
442404.000000
296622.000000
445565.000000
68610.000000
432097.000000
352684.000000
379773.000000
486421.000000
259292.000000
493607.000000
429049.000000
415957.000000
436292.000000
433166.000000
415032.000000
427432.000000
121686.000000
303266.000000
253599.000000
406693.000000
112610.000000
314629.000000
474094.000000
249740.000000
344133.000000
535742.000000
481160.000000
417925.000000
349083.000000
469707.000000
391979.000000
506992.000000
442222.000000
549230.000000
338034.000000
401819.000000
392251.000000
21036.000000
27343.000000
403371.000000
449491.000000
9260.000000
448504.000000
423891.000000
394834.000000
191414.000000
435219.000000
460812.000000
407787.000000
394838.000000
371317.000000
303325.000000
490746.000000
450662.000000
483134.000000
387777.000000
359299.000000
477781.000000
433055.000000
479492.000000
391136.000000
427307.000000
394932.000000
389335.000000
399226.000000
419231.000000
367367.000000
476819.000000
454483.000000
433415.000000
365552.000000
466852.000000
415380.000000
28782.000000
439177.000000
427905.000000
351818.000000
332656.000000
461112.000000
441151.000000
454177.000000
373869.000000
358566.000000
402034.000000
400959.000000
427627.000000
481670.000000
188716.000000
422759.000000
415573.000000
450886.000000
393950.000000
398452.000000
292005.000000
417428.000000
301771.000000
418440.000000
395817.000000
404655.000000
318770.000000
468780.000000
434646.000000
382162.000000
367007.000000
485625.000000
441050.000000
373056.000000
384264.000000
179737.000000
404403.000000
402631.000000
358854.000000
404055.000000
400843.000000
415992.000000
409843.000000
238021.000000
423934.000000
469247.000000
449154.000000
331964.000000
244819.000000
435751.000000
398402.000000
432321.000000
409332.000000
395516.000000
480906.000000
247359.000000
448485.000000
465111.000000
414345.000000
407818.000000
430047.000000
408357.000000
401590.000000
392245.000000
411903.000000
470669.000000
463259.000000
401489.000000
472311.000000
108934.000000
387207.000000
445746.000000
419595.000000
434872.000000
464764.000000
465180.000000
409304.000000
401810.000000
92927.000000
419222.000000
416787.000000
454393.000000
339003.000000
433819.000000
396528.000000
419397.000000
442041.000000
446567.000000
396719.000000
310242.000000
399120.000000
393101.000000
94130.000000
409310.000000
355768.000000
425440.000000
401100.000000
491098.000000
362443.000000
408466.000000
514206.000000
402901.000000
394499.000000
27665.000000
435504.000000
281813.000000
321944.000000
336487.000000
196926.000000
374317.000000
336010.000000
416521.000000
499054.000000
300257.000000
208483.000000
433619.000000
429328.000000
490700.000000
341259.000000
356779.000000
174142.000000
417418.000000
421891.000000
263646.000000
398299.000000
213029.000000
424262.000000
470913.000000
397315.000000
443883.000000
425430.000000
394372.000000
381132.000000
413842.000000
369080.000000
361004.000000
415603.000000
469848.000000
385630.000000
414919.000000
20214.000000
413735.000000
419522.000000
453062.000000
430426.000000
298501.000000
280092.000000
420778.000000
414174.000000
386411.000000
394761.000000
389332.000000
422451.000000
375779.000000
397703.000000
418744.000000
384854.000000
422607.000000
412074.000000
438818.000000
396616.000000
247657.000000
14771.000000
284354.000000
407584.000000
437157.000000
318138.000000
216556.000000
382347.000000
289037.000000
402247.000000
445333.000000
215590.000000
313351.000000
525939.000000
139006.000000
367332.000000
401071.000000
420340.000000
454826.000000
191946.000000
395573.000000
487194.000000
415454.000000
286398.000000
400315.000000
409129.000000
439825.000000
339096.000000
427973.000000
460766.000000
177531.000000
500749.000000
392942.000000
432823.000000
297470.000000
434129.000000
400955.000000
481494.000000
313280.000000
415620.000000
475294.000000
312134.000000
416797.000000
345761.000000
407499.000000
415342.000000
476360.000000
459608.000000
429456.000000
398683.000000
402741.000000
345032.000000
438667.000000
427304.000000
392234.000000
357573.000000
435518.000000
447998.000000
448058.000000
347387.000000
427101.000000
381697.000000
120280.000000
424159.000000
191952.000000
386982.000000
399613.000000
461880.000000
358622.000000
370301.000000
385601.000000
360770.000000
464345.000000
484821.000000
340280.000000
407981.000000
380160.000000
410013.000000
413551.000000
406238.000000
438872.000000
442575.000000
426690.000000
84700.000000
427079.000000
425866.000000
455640.000000
477105.000000
395821.000000
444947.000000
212751.000000
431435.000000
429353.000000
397592.000000
66073.000000
364419.000000
409651.000000
330572.000000
417597.000000
526217.000000
316408.000000
257443.000000
485471.000000
460044.000000
445395.000000
420076.000000
481037.000000
336676.000000
41003.000000
122679.000000
417322.000000
266552.000000
468873.000000
407152.000000
410052.000000
437713.000000
422585.000000
441182.000000
352779.000000
416980.000000
318377.000000
390399.000000
457706.000000
434619.000000
415090.000000
449824.000000
439824.000000
76259.000000
322576.000000
90177.000000
288637.000000
376382.000000
465284.000000
485038.000000
396173.000000
358774.000000
423970.000000
500949.000000
365013.000000
367055.000000
418466.000000
374453.000000
430088.000000
408303.000000
376173.000000
481473.000000
486154.000000
413451.000000
299300.000000
361076.000000
397540.000000
452168.000000
421571.000000
445861.000000
449340.000000
527545.000000
323772.000000
474821.000000
535895.000000
403886.000000
421792.000000
343004.000000
22870.000000
428311.000000
391716.000000
342840.000000
371941.000000
429214.000000
197017.000000
352475.000000
418251.000000
420206.000000
386563.000000
302417.000000
426508.000000
306742.000000
456498.000000
471244.000000
344463.000000
365884.000000
490417.000000
434759.000000
280306.000000
419447.000000
275349.000000
458417.000000
418746.000000
359166.000000
416694.000000
337070.000000
380575.000000
507774.000000
395056.000000
440553.000000
378676.000000
452103.000000
362892.000000
417231.000000
455986.000000
467648.000000
404953.000000
67645.000000
377923.000000
370291.000000
499783.000000
422267.000000
453703.000000
417728.000000
339321.000000
435193.000000
190063.000000
446517.000000
354119.000000
505185.000000
69023.000000
417907.000000
430690.000000
429566.000000
426488.000000
211288.000000
469704.000000
422155.000000
427126.000000
409285.000000
477144.000000
311050.000000
28386.000000
472570.000000
458626.000000
439144.000000
337360.000000
52184.000000
461568.000000
398519.000000
412666.000000
451329.000000
495917.000000
355402.000000
479586.000000
317376.000000
407332.000000
389116.000000
403545.000000
386622.000000
325208.000000
249949.000000
477295.000000
372968.000000
424626.000000
465128.000000
361911.000000
382069.000000
410133.000000
419241.000000
500974.000000
482755.000000
338985.000000
259222.000000
438441.000000
356781.000000
446071.000000
393398.000000
445020.000000
410513.000000
480158.000000
505192.000000
484481.000000
386690.000000
372739.000000
128845.000000
28682.000000
384409.000000
84441.000000
410470.000000
447122.000000
484687.000000
371824.000000
216561.000000
503979.000000
289815.000000
184919.000000
470981.000000
457523.000000
430510.000000
370742.000000
403727.000000
348511.000000
277317.000000
407764.000000
130010.000000
507010.000000
227511.000000
427442.000000
409699.000000
404768.000000
451614.000000
413850.000000
416105.000000
382622.000000
476127.000000
453193.000000
442091.000000
354279.000000
418560.000000
421465.000000
412726.000000
159351.000000
407442.000000
327992.000000
418899.000000
463587.000000
24464.000000
233589.000000
494656.000000
381133.000000
472696.000000
410473.000000
346930.000000
445246.000000
484761.000000
404207.000000
361101.000000
456972.000000
477955.000000
278502.000000
450425.000000
451535.000000
458440.000000
74684.000000
448885.000000
404113.000000
429047.000000
447844.000000
459474.000000
403730.000000
399779.000000
375141.000000
392562.000000
397072.000000
448845.000000
399576.000000
426492.000000
414532.000000
525206.000000
400942.000000
442127.000000
433514.000000
438562.000000
405356.000000
386316.000000
429950.000000
455736.000000
479934.000000
438206.000000
421986.000000
412450.000000
240324.000000
438180.000000
406640.000000
380189.000000
116679.000000
453555.000000
397570.000000
428583.000000
450006.000000
469162.000000
392643.000000
444028.000000
340528.000000
363777.000000
550530.000000
406680.000000
446304.000000
424111.000000
370093.000000
313036.000000
451627.000000
167442.000000
352367.000000
425986.000000
507930.000000
489210.000000
195059.000000
370519.000000
360135.000000
290299.000000
390863.000000
438798.000000
309778.000000
432714.000000
472679.000000
458442.000000
391998.000000
471108.000000
454738.000000
560727.000000
489885.000000
373583.000000
467414.000000
370556.000000
461209.000000
456373.000000
360807.000000
413196.000000
342939.000000
293320.000000
406439.000000
441448.000000
418739.000000
329794.000000
454396.000000
476527.000000
326792.000000
409337.000000
445173.000000
455597.000000
389918.000000
449340.000000
484257.000000
430074.000000
322843.000000
453878.000000
377414.000000
240811.000000
304290.000000
440532.000000
222653.000000
141525.000000
196132.000000
421386.000000
439377.000000
412714.000000
450480.000000
382387.000000
199494.000000
224850.000000
468051.000000
469895.000000
336377.000000
371270.000000
443761.000000
432956.000000
407732.000000
391697.000000
378682.000000
231541.000000
338565.000000
403013.000000
126910.000000
384948.000000
421082.000000
289146.000000
413977.000000
493541.000000
409233.000000
398601.000000
338426.000000
398810.000000
313036.000000
485134.000000
463395.000000
347945.000000
192325.000000
443050.000000
350803.000000
432136.000000
320289.000000
419647.000000
463884.000000
449557.000000
430624.000000
389615.000000
411753.000000
338159.000000
464129.000000
286605.000000
316770.000000
420890.000000
478595.000000
393956.000000
395524.000000
364425.000000
290329.000000
467011.000000
418144.000000
487518.000000
275487.000000
371927.000000
400344.000000
457836.000000
130271.000000
460228.000000
467896.000000
483397.000000
400118.000000
375922.000000
357552.000000
436617.000000
448332.000000
228020.000000
387136.000000
393023.000000
470331.000000
13911.000000
389279.000000
477844.000000
412903.000000
438160.000000
497027.000000
141244.000000
440142.000000
460251.000000
386613.000000
360057.000000
477784.000000
432035.000000
421521.000000
389101.000000
434732.000000
387163.000000
453740.000000
422752.000000
407926.000000
343012.000000
415061.000000
444045.000000
272585.000000
456100.000000
416917.000000
416536.000000
368648.000000
420875.000000
468147.000000
278408.000000
442271.000000
404315.000000
489875.000000
385590.000000
389102.000000
429251.000000
446053.000000
401740.000000
324490.000000
449051.000000
420166.000000
454564.000000
464005.000000
386390.000000
405273.000000
438185.000000
525214.000000
375759.000000
447464.000000
369340.000000
444949.000000
457909.000000
441897.000000
439519.000000
397939.000000
449453.000000
388702.000000
416453.000000
300580.000000
467551.000000
438435.000000
169301.000000
460283.000000
388485.000000
453931.000000
372179.000000
491321.000000
516320.000000
402289.000000
441772.000000
406428.000000
408468.000000
418481.000000
456020.000000
346701.000000
253432.000000
378043.000000
334906.000000
381107.000000
433956.000000
478440.000000
495340.000000
438681.000000
287846.000000
420098.000000
443973.000000
120812.000000
556997.000000
440644.000000
439415.000000
367959.000000
391905.000000
188958.000000
428054.000000
407995.000000
392126.000000
441287.000000
401609.000000
392437.000000
418765.000000
390939.000000
402241.000000
408131.000000
428137.000000
456494.000000
472967.000000
419909.000000
418796.000000
441403.000000
430530.000000
335748.000000
428735.000000
417351.000000
369315.000000
411040.000000
458767.000000
397868.000000
429205.000000
403827.000000
394025.000000
421571.000000
413750.000000
401606.000000
333466.000000
343217.000000
425680.000000
461503.000000
267901.000000
405559.000000
400098.000000
381507.000000
464199.000000
166345.000000
470842.000000
423483.000000
473993.000000
469523.000000
172699.000000
431796.000000
362608.000000
76088.000000
468560.000000
389983.000000
406755.000000
410722.000000
437697.000000
410905.000000
358943.000000
345039.000000
331629.000000
398478.000000
381377.000000
306003.000000
245757.000000
463140.000000
100294.000000
421382.000000
291457.000000
244987.000000
397010.000000
452772.000000
441584.000000
489156.000000
463402.000000
371875.000000
410517.000000
356285.000000
390262.000000
322048.000000
449958.000000
242866.000000
446251.000000
419918.000000
418297.000000
453320.000000
407902.000000
412703.000000
503459.000000
348216.000000
447473.000000
422991.000000
475714.000000
418476.000000
388465.000000
391223.000000
87747.000000
499894.000000
430657.000000
381756.000000
361289.000000
441134.000000
437692.000000
428441.000000
443786.000000
425433.000000
395972.000000
437617.000000
400343.000000
265028.000000
437863.000000
403228.000000
423812.000000
523309.000000
410643.000000
111937.000000
389154.000000
381541.000000
378230.000000
372432.000000
397749.000000
394489.000000
100413.000000
470297.000000
314476.000000
508679.000000
451669.000000
390766.000000
410635.000000
477694.000000
368700.000000
443430.000000
464650.000000
366861.000000
284104.000000
431636.000000
460736.000000
93523.000000
298473.000000
459825.000000
419998.000000
407746.000000
258193.000000
455544.000000
169059.000000
436003.000000
474617.000000
434431.000000
452355.000000
417456.000000
483864.000000
428319.000000
343711.000000
423405.000000
453821.000000
453757.000000
398360.000000
448898.000000
379586.000000
398763.000000
460709.000000
406455.000000
447271.000000
384811.000000
141091.000000
90769.000000
449939.000000
374622.000000
392215.000000
404622.000000
443575.000000
28782.000000
399871.000000
441986.000000
123143.000000
352220.000000
453006.000000
399526.000000
452419.000000
226750.000000
335130.000000
465593.000000
456270.000000
456930.000000
474639.000000
160066.000000
439411.000000
384738.000000
448643.000000
436991.000000
360342.000000
406555.000000
70870.000000
175679.000000
424376.000000
153281.000000
283053.000000
488673.000000
411760.000000
460891.000000
418199.000000
365710.000000
428060.000000
331751.000000
288630.000000
377193.000000
513404.000000
414553.000000
463832.000000
441509.000000
203898.000000
393330.000000
383129.000000
85569.000000
441214.000000
465756.000000
442721.000000
423184.000000
388016.000000
382239.000000
348699.000000
320867.000000
351177.000000
479321.000000
448688.000000
411181.000000
288568.000000
357812.000000
323314.000000
403593.000000
396181.000000
432824.000000
442055.000000
451114.000000
259145.000000
375853.000000
457454.000000
491561.000000
399021.000000
441050.000000
383145.000000
475825.000000
420605.000000
229205.000000
431963.000000
435426.000000
424421.000000
467331.000000
347458.000000
387090.000000
415824.000000
106638.000000
328234.000000
359407.000000
434488.000000
361641.000000
375051.000000
370255.000000
452148.000000
432687.000000
428792.000000
443567.000000
436059.000000
464411.000000
426991.000000
491476.000000
410838.000000
427846.000000
435440.000000
423257.000000
196314.000000
220886.000000
340570.000000
147189.000000
468947.000000
458250.000000
446663.000000
386546.000000
437479.000000
263721.000000
469284.000000
417854.000000
424387.000000
454484.000000
214929.000000
379504.000000
458211.000000
425945.000000
523694.000000
484600.000000
456302.000000
299345.000000
392996.000000
386432.000000
408021.000000
446690.000000
437845.000000
359495.000000
296569.000000
492294.000000
415155.000000
362560.000000
461235.000000
142875.000000
286390.000000
398359.000000
369627.000000
392004.000000
361794.000000
456066.000000
396323.000000
484318.000000
419221.000000
495921.000000
430174.000000
369180.000000
449234.000000
282523.000000
358707.000000
456821.000000
514923.000000
456463.000000
257934.000000
184178.000000
275837.000000
433244.000000
396710.000000
378240.000000
434644.000000
