0.000000
0.000000
0.000000
0.000000
0.000000
0.000000
0.000000
0.000000
0.000000
0.000000
0.000000
0.000000
0.000000
0.000000
0.000000
0.000000
0.000000
0.000000
0.000000
0.000000
0.000000
0.000000
0.000000
0.000000
0.000000
0.000000
0.000000
0.000000
0.000000
0.000000
0.000000
0.000000
0.000000
0.000000
0.000000
0.000000
0.000000
0.000000
0.000000
0.000000
0.000000
0.000000
0.000000
0.000000
0.000000
0.000000
0.000000
0.000000
0.000000
0.000000
0.000000
0.000000
0.000000
0.000000
0.000000
0.000000
0.000000
0.000000
0.000000
0.000000
0.000000
0.000000
0.000000
0.000000
0.000000
0.000000
0.000000
0.000000
0.000000
0.000000
0.000000
0.000000
0.000000
0.000000
0.000000
0.000000
0.000000
0.000000
0.000000
0.000000
0.000000
0.000000
0.000000
0.000000
0.000000
0.000000
0.000000
0.000000
0.000000
0.000000
0.000000
0.000000
0.000000
0.000000
0.000000
0.000000
0.000000
0.000000
0.000000
0.000000
0.000000
0.000000
0.000000
0.000000
0.000000
0.000000
0.000000
0.000000
0.000000
0.000000
0.000000
0.000000
0.000000
0.000000
0.000000
0.000000
0.000000
0.000000
0.000000
0.000000
0.000000
0.000000
0.000000
0.000000
0.000000
0.000000
0.000000
0.000000
0.000000
0.000000
0.000000
0.000000
0.000000
0.000000
0.000000
0.000000
0.000000
0.000000
0.000000
0.000000
0.000000
0.000000
0.000000
0.000000
0.000000
0.000000
0.000000
0.000000
0.000000
0.000000
0.000000
0.000000
0.000000
0.000000
0.000000
0.000000
0.000000
0.000000
0.000000
0.000000
0.000000
0.000000
0.000000
0.000000
0.000000
0.000000
0.000000
0.000000
0.000000
0.000000
0.000000
0.000000
0.000000
0.000000
0.000000
0.000000
0.000000
0.000000
0.000000
0.000000
0.000000
0.000000
0.000000
0.000000
0.000000
0.000000
0.000000
0.000000
0.000000
0.000000
0.000000
0.000000
0.000000
0.000000
0.000000
0.000000
0.000000
0.000000
0.000000
13392275.000000
698992.000000
722938.000000
6877538.000000
75911.000000
5813633.000000
4091424.000000
2697893.000000
7666783.000000
6809778.000000
5362116.000000
5345120.000000
4602367.000000
78038.000000
5315477.000000
6591475.000000
3209009.000000
97319.000000
2096671.000000
5753090.000000
7655005.000000
4996264.000000
5215321.000000
4752262.000000
1637906.000000
1420722.000000
5471098.000000
1770512.000000
2116892.000000
1586470.000000
5243939.000000
2155614.000000
3723392.000000
4039607.000000
2708344.000000
6192629.000000
1452459.000000
1837224.000000
3985374.000000
145350.000000
1361027.000000
7003772.000000
3490179.000000
5746682.000000
5482426.000000
5099066.000000
5999773.000000
2166746.000000
8405491.000000
3128357.000000
3886457.000000
4958925.000000
1742016.000000
381651.000000
303316.000000
1847337.000000
256306.000000
4865478.000000
7709699.000000
6604513.000000
6599697.000000
1486900.000000
3068593.000000
4568056.000000
3367099.000000
996033.000000
102266.000000
483673.000000
1156390.000000
2637078.000000
1733947.000000
3578454.000000
5293734.000000
353223.000000
4004302.000000
5662486.000000
559453.000000
7553039.000000
1305129.000000
2917682.000000
2696954.000000
3820920.000000
6730108.000000
826507.000000
558208.000000
1389772.000000
2662451.000000
183779.000000
2401987.000000
6040294.000000
4305517.000000
2534479.000000
937323.000000
4751222.000000
126552.000000
4737790.000000
8189.000000
5475491.000000
5245561.000000
5775316.000000
6057899.000000
758411.000000
4102974.000000
8288070.000000
4984977.000000
5627151.000000
5133673.000000
2794439.000000
573699.000000
4237614.000000
5301145.000000
6334372.000000
5789351.000000
4765664.000000
4837468.000000
310011.000000
4906132.000000
3838770.000000
330534.000000
7511861.000000
1722663.000000
4794988.000000
5778335.000000
1319879.000000
143298.000000
6457720.000000
7688979.000000
5090033.000000
4965168.000000
4697890.000000
2262925.000000
1292522.000000
8610931.000000
1241702.000000
2737434.000000
6041770.000000
5455935.000000
736658.000000
1005612.000000
7186042.000000
3199458.000000
6869852.000000
2036910.000000
1009524.000000
6280874.000000
5547962.000000
7815551.000000
3781426.000000
4315438.000000
7666477.000000
4946958.000000
7479982.000000
4885850.000000
5370018.000000
6685693.000000
6175046.000000
5526019.000000
8336971.000000
5946846.000000
739763.000000
2911884.000000
1444663.000000
3740340.000000
1813813.000000
7507050.000000
6846284.000000
7771179.000000
1157322.000000
2712036.000000
7610407.000000
706043.000000
2606789.000000
8817419.000000
3481572.000000
1003955.000000
3322980.000000
1404641.000000
5030167.000000
1263935.000000
684633.000000
4135816.000000
5813298.000000
5574795.000000
3577343.000000
4234514.000000
1927113.000000
3370671.000000
1523693.000000
4719046.000000
1789596.000000
3443428.000000
3348110.000000
6775536.000000
1568946.000000
627121.000000
5245675.000000
699552.000000
7155446.000000
938922.000000
2153521.000000
3667540.000000
7190332.000000
7534063.000000
1047619.000000
4581917.000000
875628.000000
4261571.000000
1171589.000000
3090102.000000
1382234.000000
4810820.000000
4554645.000000
4861616.000000
3285482.000000
5813343.000000
242492.000000
7122246.000000
5377749.000000
5121122.000000
2059580.000000
7560152.000000
3854230.000000
7205958.000000
8431688.000000
2516050.000000
8292234.000000
7854190.000000
7139271.000000
6077037.000000
1180438.000000
4723645.000000
6779187.000000
4851335.000000
5632513.000000
3732308.000000
5501834.000000
334420.000000
281879.000000
1196814.000000
7012871.000000
7072013.000000
1800475.000000
5812709.000000
7603404.000000
6959633.000000
3510009.000000
2953449.000000
7499120.000000
4636276.000000
5963301.000000
3972268.000000
5237469.000000
5051211.000000
8822487.000000
475977.000000
388469.000000
6163083.000000
5542806.000000
2133570.000000
5702603.000000
3426228.000000
4826905.000000
230667.000000
5633993.000000
1051279.000000
6367390.000000
2148360.000000
686143.000000
790010.000000
8941574.000000
2374358.000000
6800926.000000
4775717.000000
5043501.000000
6278407.000000
333725.000000
4642776.000000
4718241.000000
5205977.000000
102356.000000
4568001.000000
6478968.000000
107851.000000
5073133.000000
6958213.000000
5455384.000000
112378.000000
2729307.000000
2308326.000000
7556476.000000
8502377.000000
4453076.000000
106344.000000
3152834.000000
6433183.000000
729436.000000
1815086.000000
7667116.000000
2051074.000000
87894.000000
5207375.000000
6752448.000000
2033635.000000
3387343.000000
4577930.000000
470830.000000
444248.000000
5206781.000000
5143338.000000
879478.000000
8551764.000000
1463977.000000
7467004.000000
90020.000000
509049.000000
7037258.000000
1265487.000000
1933283.000000
2441841.000000
4957521.000000
5481551.000000
5290296.000000
4145273.000000
514551.000000
386565.000000
4027351.000000
7865374.000000
5927438.000000
4095961.000000
7004941.000000
5173377.000000
5305166.000000
6405507.000000
4745649.000000
1431128.000000
6155554.000000
8197555.000000
3416159.000000
591463.000000
612813.000000
3247829.000000
3891578.000000
274602.000000
4763176.000000
7906721.000000
5042526.000000
3861404.000000
4711954.000000
302228.000000
4993798.000000
7563088.000000
5687198.000000
6372615.000000
5882644.000000
4442194.000000
7996119.000000
7999941.000000
430632.000000
4303634.000000
7847487.000000
499393.000000
482703.000000
6413177.000000
2246409.000000
5618923.000000
1762893.000000
7788259.000000
370743.000000
6720202.000000
4749875.000000
1268400.000000
243039.000000
139442.000000
5942814.000000
5412814.000000
1330078.000000
2687695.000000
4865979.000000
7400300.000000
7507053.000000
4928499.000000
5042108.000000
2509428.000000
8799943.000000
710061.000000
1847807.000000
5185677.000000
5983353.000000
6870302.000000
8744836.000000
7026094.000000
3857415.000000
4457766.000000
724110.000000
1295123.000000
3461208.000000
1439670.000000
7291098.000000
1815260.000000
2852026.000000
4418998.000000
3103018.000000
392140.000000
1431486.000000
3606622.000000
6103148.000000
6739756.000000
7548400.000000
2819861.000000
5060388.000000
6002014.000000
385005.000000
3140411.000000
3103307.000000
3699290.000000
6400106.000000
762280.000000
5296110.000000
4394922.000000
1162054.000000
5906996.000000
6076253.000000
1703468.000000
1328287.000000
690715.000000
1748501.000000
5357359.000000
6733221.000000
3885541.000000
1747197.000000
2270748.000000
3322633.000000
1915125.000000
4308054.000000
5913414.000000
947324.000000
1562630.000000
6102007.000000
3435108.000000
3293586.000000
5214090.000000
6273806.000000
1778404.000000
1274306.000000
125817.000000
3862957.000000
2103645.000000
3228702.000000
804092.000000
5910094.000000
4272735.000000
6540673.000000
8758575.000000
1512470.000000
6523995.000000
4479357.000000
99897.000000
2606777.000000
4461376.000000
1499422.000000
3785757.000000
4808890.000000
1805034.000000
5117534.000000
81512.000000
4213900.000000
2500856.000000
2225537.000000
7800265.000000
543847.000000
4691177.000000
4778414.000000
8139894.000000
2274711.000000
5879404.000000
5406715.000000
8328654.000000
1873061.000000
1735456.000000
4157439.000000
5951330.000000
5053109.000000
8349829.000000
1093982.000000
2733314.000000
6519611.000000
1186102.000000
4835972.000000
125706.000000
3715557.000000
5546224.000000
331223.000000
3574016.000000
3313951.000000
4500332.000000
4629478.000000
7262955.000000
6576274.000000
3858294.000000
902402.000000
4916535.000000
477209.000000
116112.000000
6573380.000000
2510798.000000
1306675.000000
4235203.000000
4201654.000000
4454513.000000
8306849.000000
3015827.000000
7913286.000000
839211.000000
3995847.000000
7444655.000000
540577.000000
9184830.000000
6349866.000000
202195.000000
6254017.000000
2441601.000000
6952264.000000
6682063.000000
3313601.000000
2106625.000000
305144.000000
5907724.000000
100302.000000
8084702.000000
11178.000000
605750.000000
6056135.000000
5452659.000000
3588221.000000
614255.000000
8234628.000000
8667485.000000
6798883.000000
1847841.000000
349290.000000
456003.000000
979449.000000
7593818.000000
8214429.000000
1678887.000000
5068705.000000
5904502.000000
5136101.000000
3505810.000000
4282696.000000
1062555.000000
320889.000000
535514.000000
4685861.000000
5471779.000000
797866.000000
6968878.000000
1038332.000000
8005582.000000
5134688.000000
5036629.000000
7872178.000000
202678.000000
6039449.000000
1594533.000000
7137181.000000
1407438.000000
257696.000000
1680071.000000
3810241.000000
1367602.000000
4122679.000000
1995220.000000
5567714.000000
3082288.000000
1870029.000000
3471103.000000
152847.000000
5542150.000000
5006435.000000
1245830.000000
4341178.000000
5181661.000000
6085490.000000
5268096.000000
500140.000000
6193391.000000
5279563.000000
1738709.000000
2731719.000000
6391221.000000
6266984.000000
3408116.000000
7521239.000000
421181.000000
3810627.000000
7355673.000000
5281214.000000
4715916.000000
5184506.000000
6046618.000000
3073183.000000
25157.000000
4778892.000000
87895.000000
1121583.000000
7221028.000000
8054354.000000
343941.000000
378810.000000
5342966.000000
7586614.000000
8732.000000
6153436.000000
4003852.000000
1357897.000000
75829.000000
3060693.000000
6421992.000000
581796.000000
161581.000000
8600604.000000
4906112.000000
1401833.000000
2296939.000000
3712363.000000
4983419.000000
2143782.000000
6145536.000000
5672744.000000
8075516.000000
178090.000000
150355.000000
3569504.000000
3946747.000000
8390643.000000
4921043.000000
62645.000000
4171558.000000
5274022.000000
217758.000000
6234235.000000
2105091.000000
6812624.000000
3922390.000000
7747705.000000
2334189.000000
3557192.000000
1626588.000000
259516.000000
6058437.000000
5660710.000000
1978474.000000
6799683.000000
206130.000000
4264001.000000
2954754.000000
7092535.000000
574417.000000
210423.000000
4430056.000000
784586.000000
4963670.000000
2249780.000000
4566207.000000
3740499.000000
3361685.000000
2189050.000000
1322684.000000
5927866.000000
6781608.000000
786261.000000
1590273.000000
4294917.000000
5957617.000000
237447.000000
677223.000000
2742171.000000
644799.000000
3406402.000000
160635.000000
64816.000000
1447559.000000
4941427.000000
6545552.000000
4511194.000000
187900.000000
3382020.000000
6906702.000000
8575272.000000
3991106.000000
4519372.000000
3771810.000000
4510893.000000
274210.000000
8607540.000000
201574.000000
4945217.000000
4181639.000000
3922866.000000
121624.000000
2014856.000000
5632295.000000
5808422.000000
5403105.000000
3053949.000000
466472.000000
4323384.000000
1593952.000000
3844466.000000
270884.000000
360798.000000
6251185.000000
5530850.000000
4710641.000000
2292957.000000
6608287.000000
7254002.000000
1332027.000000
8120055.000000
3735841.000000
169209.000000
2559331.000000
2885826.000000
1505072.000000
2913628.000000
4166239.000000
5915117.000000
3435380.000000
7643966.000000
313125.000000
100650.000000
5374425.000000
2943353.000000
7616984.000000
264210.000000
1756754.000000
205373.000000
8148746.000000
301206.000000
2673542.000000
3327115.000000
6502530.000000
1610084.000000
3495153.000000
6957847.000000
5446595.000000
3454984.000000
1849852.000000
3482368.000000
6781580.000000
3990542.000000
892577.000000
55891.000000
2438694.000000
5578635.000000
5555057.000000
1462847.000000
3950800.000000
6104790.000000
2720807.000000
6836101.000000
5825945.000000
5483802.000000
3710158.000000
7535797.000000
7607521.000000
8481305.000000
2416219.000000
3642024.000000
138770.000000
5026042.000000
1682444.000000
6381076.000000
1551516.000000
1728240.000000
4892938.000000
83027.000000
7941616.000000
6268579.000000
1348744.000000
3366924.000000
6625757.000000
1927750.000000
6647692.000000
1080975.000000
1216841.000000
5505855.000000
2260705.000000
6308268.000000
172077.000000
6748529.000000
7556111.000000
3379964.000000
1316602.000000
1019899.000000
2820434.000000
4357711.000000
2527026.000000
1142427.000000
6030928.000000
3042519.000000
5197129.000000
3538673.000000
6182286.000000
3821354.000000
5812809.000000
1221237.000000
7289332.000000
5983847.000000
258533.000000
6543647.000000
3488043.000000
2115479.000000
1971621.000000
4863602.000000
2534808.000000
2765893.000000
7744700.000000
5597869.000000
5018886.000000
4831607.000000
1140294.000000
2142546.000000
6646503.000000
5328497.000000
7100032.000000
3832312.000000
5738391.000000
4351645.000000
1249035.000000
6450064.000000
3407255.000000
7887969.000000
5369703.000000
4301675.000000
6875993.000000
5116484.000000
503405.000000
2346445.000000
6590665.000000
6075980.000000
96254.000000
8010905.000000
1076766.000000
362562.000000
151246.000000
1162903.000000
4559624.000000
2855649.000000
5591197.000000
4409204.000000
2527034.000000
3515694.000000
8362332.000000
952254.000000
1253897.000000
5449092.000000
323369.000000
7784058.000000
6488748.000000
2286802.000000
176864.000000
2383698.000000
5826365.000000
7026185.000000
4144471.000000
6601346.000000
4583632.000000
6704550.000000
4725857.000000
697770.000000
1961232.000000
1208287.000000
904347.000000
5015681.000000
261971.000000
358276.000000
7474699.000000
881750.000000
1495516.000000
1967651.000000
5628787.000000
562111.000000
7105003.000000
4823165.000000
4817959.000000
2859340.000000
5522379.000000
186582.000000
5851742.000000
8140782.000000
1362381.000000
4600619.000000
226775.000000
6869548.000000
1977795.000000
3262308.000000
4685494.000000
1669478.000000
1509817.000000
435336.000000
2776913.000000
254597.000000
3999898.000000
8340135.000000
276000.000000
6506744.000000
7597736.000000
4558160.000000
5855283.000000
5416389.000000
262555.000000
5089043.000000
505294.000000
7595349.000000
7970514.000000
7569087.000000
5719989.000000
6635853.000000
626898.000000
1034364.000000
2180602.000000
5060070.000000
4239238.000000
1737650.000000
6786353.000000
2622485.000000
3535966.000000
6741773.000000
4056388.000000
3991220.000000
4662343.000000
3229010.000000
233564.000000
851751.000000
2588756.000000
78921.000000
928865.000000
204142.000000
5864918.000000
7639455.000000
5330513.000000
1800787.000000
28015.000000
8066381.000000
5753596.000000
5023535.000000
2378098.000000
7109750.000000
5261970.000000
4695302.000000
3545030.000000
3669157.000000
367275.000000
321573.000000
7164107.000000
1275342.000000
5057910.000000
289741.000000
5570015.000000
23536.000000
59096.000000
6262476.000000
104116.000000
3503077.000000
714532.000000
218436.000000
571934.000000
1735050.000000
5328486.000000
318172.000000
6954369.000000
4151359.000000
3617632.000000
8475297.000000
186465.000000
2736820.000000
5687559.000000
6250507.000000
4661854.000000
4998239.000000
6673083.000000
1054690.000000
4074387.000000
3723098.000000
4012487.000000
4589326.000000
1622868.000000
4427068.000000
67926.000000
4320532.000000
7486414.000000
24114.000000
1859609.000000
3561086.000000
6954125.000000
5235730.000000
5367827.000000
689530.000000
2249934.000000
8383557.000000
134557.000000
1270429.000000
2146782.000000
832594.000000
3264656.000000
5611262.000000
8831460.000000
836365.000000
6578026.000000
7747597.000000
2707257.000000
770335.000000
1186763.000000
5123929.000000
422675.000000
219683.000000
2216186.000000
2406580.000000
5662806.000000
6049417.000000
6108278.000000
537871.000000
5208498.000000
6830807.000000
872670.000000
8229860.000000
1888710.000000
3039593.000000
6550659.000000
5645791.000000
6248514.000000
3177735.000000
6657913.000000
87218.000000
4584705.000000
6659950.000000
6298348.000000
328261.000000
3460829.000000
5748655.000000
105404.000000
80263.000000
6637133.000000
6681813.000000
5753594.000000
6684942.000000
6877922.000000
3812679.000000
5852183.000000
1112110.000000
4852632.000000
2717878.000000
5866095.000000
1448371.000000
6161516.000000
485821.000000
6990773.000000
6821638.000000
5822046.000000
2737115.000000
5903024.000000
6729652.000000
289451.000000
7330543.000000
698427.000000
7753692.000000
216782.000000
733481.000000
960405.000000
3668002.000000
1116379.000000
5426194.000000
8244217.000000
5889637.000000
5986176.000000
6268663.000000
168785.000000
696838.000000
7268369.000000
1491555.000000
836245.000000
4819480.000000
5318721.000000
6632438.000000
7475603.000000
2610906.000000
6048427.000000
6301039.000000
6425867.000000
6748409.000000
24150.000000
2664240.000000
139540.000000
262242.000000
3613831.000000
1283663.000000
7471318.000000
8749918.000000
8013825.000000
7615351.000000
135629.000000
3230322.000000
4192633.000000
2601243.000000
1652307.000000
7005947.000000
4295877.000000
1158968.000000
7179482.000000
6310225.000000
6893850.000000
4753811.000000
5707282.000000
895388.000000
966172.000000
532722.000000
1398257.000000
3523149.000000
6381548.000000
6139471.000000
7859664.000000
6629536.000000
3762476.000000
3821109.000000
4602805.000000
173227.000000
5364251.000000
3875997.000000
7274772.000000
482917.000000
5517908.000000
6460205.000000
1991608.000000
5039966.000000
1014282.000000
5420036.000000
6536348.000000
3441760.000000
4096355.000000
3232671.000000
7323515.000000
7673733.000000
10485.000000
5333362.000000
1926299.000000
22985.000000
6204540.000000
3331514.000000
4497997.000000
4379548.000000
4221357.000000
7787984.000000
1847615.000000
7055141.000000
108256.000000
7634528.000000
3427214.000000
2992104.000000
793465.000000
1955115.000000
4876110.000000
4288048.000000
3406015.000000
101543.000000
6474048.000000
795984.000000
5977566.000000
286865.000000
6124830.000000
1360987.000000
6491015.000000
5705231.000000
5426398.000000
658251.000000
5089558.000000
405922.000000
5716613.000000
7100403.000000
266462.000000
6031586.000000
5600296.000000
5443940.000000
165051.000000
7944366.000000
6594331.000000
581797.000000
571497.000000
7637709.000000
4820979.000000
377363.000000
577572.000000
4708807.000000
5757185.000000
1477889.000000
6627312.000000
1394611.000000
729601.000000
1141011.000000
6211196.000000
504389.000000
5733093.000000
86463.000000
4907831.000000
609929.000000
5239405.000000
7854345.000000
291895.000000
6768276.000000
5851376.000000
1039894.000000
5427094.000000
4926929.000000
4331863.000000
4452790.000000
102176.000000
905057.000000
345556.000000
5907937.000000
119589.000000
852905.000000
6853288.000000
515817.000000
5603514.000000
8246005.000000
5623492.000000
5386132.000000
1164372.000000
6651012.000000
910644.000000
5220738.000000
3550509.000000
3046325.000000
651991.000000
5234618.000000
3844149.000000
26272.000000
22810.000000
7338615.000000
2386366.000000
8741.000000
7487553.000000
4717416.000000
3064224.000000
237748.000000
2040668.000000
5035659.000000
4196645.000000
5437818.000000
825450.000000
490536.000000
6322493.000000
3893358.000000
4109905.000000
6614688.000000
4589612.000000
3070150.000000
7177679.000000
5678954.000000
3919404.000000
3097451.000000
5961675.000000
5090438.000000
1323161.000000
7929989.000000
647861.000000
6463872.000000
5867570.000000
3937253.000000
907086.000000
2915757.000000
3250683.000000
23890.000000
2507522.000000
3184522.000000
3344132.000000
3877014.000000
6013398.000000
7246375.000000
5021508.000000
1352147.000000
963104.000000
7656104.000000
4377370.000000
4442441.000000
6563542.000000
292967.000000
3641838.000000
2922894.000000
6816459.000000
4155045.000000
2713910.000000
375138.000000
5653791.000000
657436.000000
4488329.000000
1371176.000000
7450018.000000
534604.000000
1651994.000000
7943067.000000
3014190.000000
773244.000000
4220791.000000
1540595.000000
4315214.000000
2012045.000000
209127.000000
4038328.000000
5184005.000000
4860855.000000
7141629.000000
4800495.000000
5868127.000000
7462896.000000
281120.000000
2872973.000000
5411187.000000
6204913.000000
549052.000000
1510063.000000
5507452.000000
6022512.000000
3317957.000000
2557784.000000
2392085.000000
6975526.000000
307028.000000
6563165.000000
6219154.000000
5991528.000000
3898419.000000
2467637.000000
4154259.000000
5366171.000000
2333808.000000
2209985.000000
7997179.000000
7038300.000000
7514828.000000
4073770.000000
97723.000000
7798203.000000
6875546.000000
2536887.000000
6586398.000000
7674862.000000
7763597.000000
6107672.000000
3819698.000000
114551.000000
5303114.000000
7896123.000000
5404232.000000
862866.000000
4388228.000000
6382981.000000
5302282.000000
7762827.000000
3059552.000000
1746147.000000
471814.000000
5568379.000000
1396893.000000
88274.000000
5747877.000000
4402154.000000
7485107.000000
2732632.000000
5903445.000000
1541068.000000
7195233.000000
4625780.000000
5983421.000000
8100544.000000
23108.000000
4688503.000000
470538.000000
1964124.000000
758826.000000
263100.000000
4347401.000000
735387.000000
7872586.000000
4218775.000000
683936.000000
238053.000000
1093657.000000
6377126.000000
5553606.000000
4502306.000000
3666257.000000
167505.000000
4926322.000000
3127214.000000
498168.000000
6478617.000000
230494.000000
7988654.000000
3727838.000000
7681959.000000
4068927.000000
7003645.000000
1030095.000000
4050172.000000
4796334.000000
7243910.000000
1748534.000000
1466075.000000
6406662.000000
1676306.000000
1654686.000000
22963.000000
7249817.000000
8399867.000000
3645451.000000
8458744.000000
1353469.000000
448163.000000
7162836.000000
7953362.000000
3166903.000000
4618501.000000
4530286.000000
2695709.000000
1030748.000000
7116072.000000
7173562.000000
714427.000000
4225743.000000
6901240.000000
6492218.000000
6595969.000000
263253.000000
22204.000000
550978.000000
4553817.000000
7463040.000000
837590.000000
297138.000000
2751253.000000
509889.000000
1458172.000000
6663644.000000
242346.000000
498750.000000
5430285.000000
145712.000000
5436552.000000
5770976.000000
5033833.000000
2316618.000000
249017.000000
5191127.000000
4856945.000000
6485984.000000
534794.000000
6103038.000000
5186865.000000
5496782.000000
500013.000000
5234511.000000
8318494.000000
156628.000000
6653267.000000
4012223.000000
2609383.000000
393870.000000
6195295.000000
5719411.000000
7759025.000000
1027044.000000
2801051.000000
6013901.000000
333312.000000
4785896.000000
729571.000000
4614340.000000
3648082.000000
4766400.000000
4458933.000000
2201320.000000
2026060.000000
2067177.000000
2424447.000000
4518611.000000
5416226.000000
2143036.000000
1873879.000000
5254005.000000
8463672.000000
5697104.000000
4669030.000000
859679.000000
1221867.000000
144531.000000
7317498.000000
340553.000000
2012044.000000
5755395.000000
7730794.000000
670725.000000
2294583.000000
2192913.000000
692489.000000
4134855.000000
4522245.000000
1168632.000000
2397043.000000
4639070.000000
6726359.000000
5310962.000000
5236907.000000
5867014.000000
3941164.000000
6852947.000000
82407.000000
3958086.000000
7448799.000000
4532385.000000
3408209.000000
4971732.000000
7596352.000000
221396.000000
5315799.000000
4415401.000000
4958173.000000
70277.000000
4507278.000000
1156026.000000
614184.000000
3297249.000000
3235041.000000
831985.000000
340221.000000
6517132.000000
4682414.000000
4011926.000000
7036159.000000
5055882.000000
2923426.000000
29595.000000
141515.000000
5570282.000000
410156.000000
5150044.000000
7226555.000000
3487078.000000
892445.000000
8715449.000000
6390231.000000
1059260.000000
7588156.000000
472159.000000
1796390.000000
901719.000000
6926679.000000
5527083.000000
3321399.000000
4670382.000000
111100.000000
572302.000000
103694.000000
434255.000000
7189517.000000
3226457.000000
4756419.000000
3422634.000000
1458136.000000
4899024.000000
7152441.000000
7002960.000000
1205227.000000
7773582.000000
3903737.000000
7102647.000000
3030215.000000
2129555.000000
3331416.000000
6441777.000000
7702449.000000
537804.000000
4731894.000000
2480426.000000
6301940.000000
726789.000000
5446390.000000
4086867.000000
6755626.000000
563691.000000
5344325.000000
7174287.000000
4906732.000000
4215418.000000
1780433.000000
23370.000000
5520762.000000
714712.000000
2785306.000000
803829.000000
1528321.000000
147122.000000
4541986.000000
2478692.000000
5793096.000000
1520805.000000
600445.000000
4541245.000000
391189.000000
8354428.000000
5074470.000000
529269.000000
5952697.000000
4090965.000000
4770070.000000
433742.000000
7681324.000000
477250.000000
8158083.000000
849098.000000
1123286.000000
3019906.000000
2295079.000000
5969643.000000
4298029.000000
4236252.000000
8367728.000000
5134415.000000
5447243.000000
966615.000000
2368818.000000
1779362.000000
6719752.000000
7685212.000000
62875.000000
3756433.000000
799787.000000
5671896.000000
3631002.000000
5509964.000000
5900507.000000
1280414.000000
6475802.000000
224073.000000
7929610.000000
8247275.000000
7391736.000000
74648.000000
7377840.000000
1046579.000000
6683053.000000
859394.000000
284852.000000
3232620.000000
1464218.000000
3947995.000000
6775619.000000
4365564.000000
408912.000000
22867.000000
1354253.000000
1454640.000000
3530343.000000
972694.000000
64330.000000
3527000.000000
8344350.000000
1951350.000000
6177551.000000
7765636.000000
523874.000000
4984383.000000
616486.000000
6780874.000000
7176699.000000
6034411.000000
6042832.000000
643357.000000
283654.000000
7189499.000000
2254565.000000
1524375.000000
2093478.000000
5026623.000000
1093775.000000
5629749.000000
5968169.000000
5873464.000000
6608269.000000
628965.000000
756995.000000
4503246.000000
1140856.000000
7444739.000000
4167674.000000
2962475.000000
2413747.000000
8099093.000000
4818460.000000
3376285.000000
6492343.000000
5639228.000000
164487.000000
25660.000000
1065417.000000
80575.000000
7562318.000000
2950466.000000
4207502.000000
6163378.000000
237177.000000
7199280.000000
586333.000000
271055.000000
4321680.000000
4066005.000000
6533283.000000
3017795.000000
7272350.000000
2142458.000000
454028.000000
749607.000000
152856.000000
5075523.000000
264598.000000
1990710.000000
5237551.000000
4956452.000000
4124760.000000
7789283.000000
4388198.000000
5010402.000000
7079064.000000
5302324.000000
4064877.000000
1867068.000000
2570652.000000
1498326.000000
878321.000000
170292.000000
4790530.000000
659206.000000
6342107.000000
3082464.000000
24478.000000
448927.000000
4575482.000000
4308825.000000
5078290.000000
3220851.000000
857929.000000
7811305.000000
5354109.000000
4925953.000000
713307.000000
5829833.000000
4228358.000000
434390.000000
7958712.000000
5129533.000000
3560892.000000
78194.000000
7951570.000000
2044274.000000
3546406.000000
2556600.000000
4790581.000000
1139383.000000
7049089.000000
6451029.000000
4970627.000000
5048192.000000
5620547.000000
8371365.000000
5179566.000000
3444663.000000
6277908.000000
2207625.000000
4967829.000000
1136521.000000
6442975.000000
2650967.000000
5589383.000000
1204773.000000
997731.000000
6004606.000000
1186674.000000
7042794.000000
3025527.000000
405445.000000
7362699.000000
4758090.000000
4151082.000000
134843.000000
3657503.000000
3322728.000000
2683079.000000
1542791.000000
4640936.000000
4704668.000000
6998944.000000
5737814.000000
1009529.000000
7444646.000000
3492734.000000
5290894.000000
4801937.000000
1026622.000000
736364.000000
5526411.000000
239434.000000
6282539.000000
5117100.000000
4987045.000000
5180124.000000
222263.000000
1497674.000000
3411859.000000
447483.000000
4750721.000000
5501254.000000
434879.000000
5431289.000000
4843395.000000
4607812.000000
6011841.000000
5927193.000000
2319633.000000
6478850.000000
6415364.000000
943553.000000
5394970.000000
685233.000000
6242585.000000
7588372.000000
6464624.000000
3972054.000000
666357.000000
861871.000000
8068721.000000
4832822.000000
1365333.000000
5930449.000000
7688663.000000
6933251.000000
419341.000000
2012033.000000
6620087.000000
3682769.000000
2776918.000000
1750329.000000
2551368.000000
3508468.000000
710838.000000
906976.000000
1928877.000000
245940.000000
797979.000000
7819319.000000
277033.000000
150359.000000
201988.000000
8022079.000000
4977761.000000
3910418.000000
3847262.000000
4927904.000000
401817.000000
436979.000000
6462932.000000
6681254.000000
4721460.000000
4893580.000000
4130785.000000
3036564.000000
8313684.000000
6239212.000000
5805507.000000
274803.000000
479323.000000
1939405.000000
157781.000000
5295149.000000
2312148.000000
1125297.000000
1574840.000000
7015015.000000
4741336.000000
4046817.000000
1351293.000000
2326706.000000
652751.000000
3590758.000000
4591248.000000
1414810.000000
261599.000000
4426821.000000
864741.000000
4545502.000000
622164.000000
6798287.000000
6655481.000000
4071349.000000
6784927.000000
3723581.000000
1762507.000000
728219.000000
3252989.000000
419111.000000
1561468.000000
785122.000000
7120955.000000
5332940.000000
1361675.000000
2102427.000000
691468.000000
5416275.000000
7228812.000000
7104753.000000
392059.000000
5402505.000000
3938925.000000
4194328.000000
163826.000000
4360514.000000
6988988.000000
6109842.000000
2035408.000000
2262625.000000
3489925.000000
2524656.000000
2486344.000000
508261.000000
6076624.000000
1382444.000000
4973979.000000
17507.000000
3065712.000000
5508749.000000
5551809.000000
6713672.000000
8607343.000000
139425.000000
5805127.000000
2065858.000000
3062655.000000
5079557.000000
8165066.000000
4314443.000000
4947012.000000
1348533.000000
946693.000000
1452226.000000
7232226.000000
6873198.000000
8249083.000000
662860.000000
7711994.000000
4948482.000000
383546.000000
7064922.000000
1468068.000000
2077776.000000
740305.000000
7752467.000000
4325510.000000
472363.000000
3239164.000000
8241056.000000
6805947.000000
4110084.000000
1359531.000000
6042422.000000
7071046.000000
5110197.000000
610827.000000
5882969.000000
4930212.000000
1412899.000000
7804668.000000
2480686.000000
5674619.000000
1478019.000000
4936798.000000
4332617.000000
2738480.000000
1218131.000000
4083519.000000
2979750.000000
6992471.000000
2829907.000000
918725.000000
7122271.000000
8756166.000000
8127704.000000
794243.000000
4361505.000000
4270610.000000
177781.000000
4845957.000000
5673170.000000
5568129.000000
6189567.000000
7924479.000000
6268838.000000
5981952.000000
3731571.000000
1576495.000000
6893914.000000
8296727.000000
3631609.000000
728162.000000
1859217.000000
4276741.000000
4038882.000000
7803974.000000
7520800.000000
4511959.000000
7032782.000000
6707354.000000
416759.000000
8602261.000000
2899311.000000
122139.000000
6411605.000000
3646149.000000
6843661.000000
3131648.000000
2120904.000000
216307.000000
841815.000000
5315776.000000
3664696.000000
6618708.000000
5512707.000000
7039305.000000
3545153.000000
5837242.000000
3169845.000000
1161635.000000
8419773.000000
2644277.000000
5735810.000000
2266048.000000
1802617.000000
4720373.000000
1415161.000000
770195.000000
4646738.000000
3523354.000000
5949309.000000
7672887.000000
6767061.000000
8117191.000000
8094049.000000
1594678.000000
1335433.000000
8497758.000000
1969815.000000
7245951.000000
812920.000000
759194.000000
5634127.000000
5806242.000000
860783.000000
3340120.000000
2093211.000000
1621344.000000
6732579.000000
188202.000000
1163119.000000
5184616.000000
5972428.000000
4419240.000000
224667.000000
1838397.000000
6634361.000000
87264.000000
2990315.000000
886917.000000
2259454.000000
1806738.000000
4831787.000000
2917760.000000
664008.000000
1732123.000000
957620.000000
6667897.000000
6680395.000000
405209.000000
373329.000000
3682013.000000
81249.000000
5417856.000000
1172565.000000
336709.000000
5059586.000000
6545533.000000
2767126.000000
7078717.000000
7124370.000000
3432129.000000
3881975.000000
1518773.000000
5314526.000000
1203119.000000
7008878.000000
417515.000000
4370403.000000
2240123.000000
6099623.000000
4216604.000000
5803873.000000
4954152.000000
7187561.000000
649891.000000
6249473.000000
1140313.000000
4770618.000000
1418363.000000
3764411.000000
3935653.000000
89812.000000
5936428.000000
3263435.000000
1483579.000000
5304918.000000
6454677.000000
6357564.000000
4043625.000000
5498459.000000
4882242.000000
961091.000000
8263242.000000
8065878.000000
364569.000000
6669409.000000
1810962.000000
5687750.000000
5699618.000000
3375119.000000
90921.000000
5207208.000000
2406498.000000
8709363.000000
1829983.000000
8056163.000000
4605347.000000
102356.000000
5965714.000000
730308.000000
6836025.000000
7593937.000000
3644486.000000
4198230.000000
5844967.000000
6682888.000000
5217442.000000
2349009.000000
812497.000000
508184.000000
5801253.000000
4916141.000000
102279.000000
537951.000000
2928723.000000
5425963.000000
4358029.000000
506282.000000
5210410.000000
169729.000000
1328789.000000
2863675.000000
2091581.000000
3776538.000000
4082068.000000
7778293.000000
4280327.000000
589301.000000
7216032.000000
939121.000000
6790555.000000
5226007.000000
5306506.000000
2576846.000000
5534942.000000
6230729.000000
5477908.000000
5417706.000000
3786387.000000
200932.000000
95564.000000
4330440.000000
709765.000000
5268274.000000
5855573.000000
6171531.000000
23890.000000
4114329.000000
2542696.000000
272669.000000
3453090.000000
7137033.000000
6840732.000000
5587381.000000
379385.000000
5872113.000000
5246519.000000
4667554.000000
4957985.000000
7948908.000000
157757.000000
4290240.000000
1272720.000000
6748300.000000
7353299.000000
721983.000000
7712712.000000
93393.000000
230763.000000
3925790.000000
192556.000000
390602.000000
7587260.000000
7493213.000000
5750047.000000
2072130.000000
6611990.000000
1461226.000000
699125.000000
476582.000000
5659998.000000
2285200.000000
2036631.000000
4601990.000000
6833575.000000
579965.000000
3999327.000000
6056421.000000
91161.000000
4365178.000000
4280542.000000
1530285.000000
6727759.000000
744339.000000
5591159.000000
1146918.000000
594865.000000
853647.000000
9271052.000000
5434468.000000
1548601.000000
381227.000000
1361745.000000
522480.000000
4448893.000000
4045392.000000
7681842.000000
5373342.000000
2963778.000000
554085.000000
3410839.000000
4616075.000000
3621243.000000
8076224.000000
2682865.000000
1539872.000000
2564421.000000
948083.000000
341378.000000
4665409.000000
1674669.000000
5525778.000000
6295987.000000
2372802.000000
6352675.000000
6107579.000000
154882.000000
396979.000000
632086.000000
4481417.000000
1938045.000000
5861187.000000
3203779.000000
5427487.000000
3076937.000000
6604994.000000
7826506.000000
4100043.000000
3312454.000000
6636036.000000
6005741.000000
7428687.000000
910751.000000
3107946.000000
913486.000000
217509.000000
277613.000000
497692.000000
212480.000000
3817256.000000
1894093.000000
3991947.000000
3982728.000000
5820627.000000
1820314.000000
4309470.000000
6025984.000000
5351750.000000
1376956.000000
267650.000000
8355345.000000
5008302.000000
5995200.000000
5586286.000000
6389054.000000
6085590.000000
431926.000000
6909901.000000
3623809.000000
7067415.000000
7509472.000000
4364610.000000
3441014.000000
444612.000000
4953465.000000
1555991.000000
728344.000000
6831072.000000
172387.000000
654012.000000
8019579.000000
2589695.000000
7162322.000000
1753345.000000
5187609.000000
4848023.000000
7640079.000000
4089371.000000
4280980.000000
775756.000000
2759380.000000
5744879.000000
393279.000000
1089536.000000
3547117.000000
1371281.000000
3750798.000000
394762.000000
270769.000000
655920.000000
1414764.000000
7543169.000000
4605075.000000
5295649.000000
