0.000000
0.000000
0.000000
0.000000
0.000000
0.000000
0.000000
0.000000
0.000000
0.000000
0.000000
0.000000
0.000000
0.000000
0.000000
0.000000
0.000000
0.000000
0.000000
0.000000
0.000000
0.000000
0.000000
0.000000
0.000000
0.000000
0.000000
0.000000
0.000000
0.000000
0.000000
0.000000
0.000000
0.000000
0.000000
0.000000
0.000000
0.000000
0.000000
0.000000
0.000000
0.000000
0.000000
0.000000
0.000000
0.000000
0.000000
0.000000
0.000000
0.000000
0.000000
0.000000
0.000000
0.000000
0.000000
0.000000
0.000000
0.000000
0.000000
0.000000
0.000000
0.000000
0.000000
0.000000
0.000000
0.000000
0.000000
0.000000
0.000000
0.000000
0.000000
0.000000
0.000000
0.000000
0.000000
0.000000
0.000000
0.000000
0.000000
0.000000
0.000000
0.000000
0.000000
0.000000
0.000000
0.000000
0.000000
0.000000
0.000000
0.000000
0.000000
0.000000
0.000000
0.000000
0.000000
0.000000
0.000000
0.000000
0.000000
0.000000
0.000000
0.000000
0.000000
0.000000
0.000000
0.000000
0.000000
0.000000
0.000000
0.000000
0.000000
0.000000
0.000000
0.000000
0.000000
0.000000
0.000000
0.000000
0.000000
0.000000
0.000000
0.000000
0.000000
0.000000
0.000000
0.000000
0.000000
0.000000
0.000000
0.000000
0.000000
0.000000
0.000000
0.000000
0.000000
0.000000
0.000000
0.000000
0.000000
0.000000
0.000000
0.000000
0.000000
0.000000
0.000000
0.000000
0.000000
0.000000
0.000000
0.000000
0.000000
0.000000
0.000000
0.000000
0.000000
0.000000
0.000000
0.000000
0.000000
0.000000
0.000000
0.000000
0.000000
0.000000
0.000000
0.000000
0.000000
0.000000
0.000000
0.000000
0.000000
0.000000
0.000000
0.000000
0.000000
0.000000
0.000000
0.000000
0.000000
0.000000
0.000000
0.000000
0.000000
0.000000
0.000000
0.000000
0.000000
0.000000
0.000000
0.000000
0.000000
0.000000
0.000000
0.000000
0.000000
0.000000
0.000000
0.000000
0.000000
0.000000
0.000000
0.000000
0.000000
119355.000000
70525.000000
58850.000000
84940.000000
88745.000000
76218.000000
78422.000000
71116.000000
71638.000000
54291.000000
84991.000000
77692.000000
75614.000000
63341.000000
89441.000000
82920.000000
78424.000000
65245.000000
71525.000000
71937.000000
67869.000000
87601.000000
87286.000000
82920.000000
76139.000000
93006.000000
91339.000000
77036.000000
66542.000000
77954.000000
93795.000000
74001.000000
64147.000000
95060.000000
72190.000000
46320.000000
85604.000000
93899.000000
90105.000000
87346.000000
77979.000000
66299.000000
71891.000000
75097.000000
94647.000000
57019.000000
77351.000000
84153.000000
56248.000000
86047.000000
63250.000000
73149.000000
50216.000000
83784.000000
96513.000000
75732.000000
76420.000000
63223.000000
82418.000000
93522.000000
79430.000000
76338.000000
50471.000000
64604.000000
64371.000000
80808.000000
67482.000000
75192.000000
87753.000000
72759.000000
73753.000000
91415.000000
82503.000000
85048.000000
63727.000000
72459.000000
72839.000000
103704.000000
80224.000000
71767.000000
63568.000000
64330.000000
75250.000000
60587.000000
71681.000000
69169.000000
87563.000000
70395.000000
59438.000000
84300.000000
60539.000000
88099.000000
10122.000000
93622.000000
64207.000000
77955.000000
74141.000000
94997.000000
65682.000000
90235.000000
67925.000000
83439.000000
74786.000000
79485.000000
77706.000000
79204.000000
87481.000000
77013.000000
92085.000000
81710.000000
69867.000000
61229.000000
82884.000000
81515.000000
67556.000000
80794.000000
91327.000000
82537.000000
72989.000000
88243.000000
46640.000000
80852.000000
76128.000000
85108.000000
80975.000000
90942.000000
67917.000000
80917.000000
94844.000000
79981.000000
91421.000000
98534.000000
69293.000000
78814.000000
74902.000000
78537.000000
74813.000000
91149.000000
75192.000000
88714.000000
87230.000000
89815.000000
75750.000000
74375.000000
83745.000000
75997.000000
84056.000000
86019.000000
79736.000000
74623.000000
79173.000000
71265.000000
79014.000000
82811.000000
71981.000000
76500.000000
62328.000000
87290.000000
77475.000000
77072.000000
91884.000000
69808.000000
88298.000000
71748.000000
83703.000000
78022.000000
66607.000000
87029.000000
82619.000000
93471.000000
73005.000000
83783.000000
69636.000000
66403.000000
85091.000000
76705.000000
80486.000000
71838.000000
86423.000000
67781.000000
75919.000000
61063.000000
71666.000000
97645.000000
69706.000000
77838.000000
82202.000000
78842.000000
78100.000000
71024.000000
80164.000000
77666.000000
92227.000000
70824.000000
69126.000000
70619.000000
64748.000000
75448.000000
78206.000000
79618.000000
71940.000000
60025.000000
77087.000000
81830.000000
68632.000000
86844.000000
78437.000000
75769.000000
74716.000000
79969.000000
72721.000000
70120.000000
92294.000000
82935.000000
88014.000000
100238.000000
64776.000000
92377.000000
88615.000000
88147.000000
79396.000000
74777.000000
84049.000000
74151.000000
59160.000000
84574.000000
86601.000000
84351.000000
81215.000000
80920.000000
97918.000000
76372.000000
62278.000000
64876.000000
83069.000000
84171.000000
77130.000000
78422.000000
89364.000000
85401.000000
78174.000000
83345.000000
73618.000000
68225.000000
87761.000000
78015.000000
75593.000000
68935.000000
82446.000000
87042.000000
76908.000000
69445.000000
79967.000000
66777.000000
79391.000000
84246.000000
74912.000000
82285.000000
89023.000000
84940.000000
80878.000000
79787.000000
86402.000000
64111.000000
61663.000000
91071.000000
67410.000000
85343.000000
89806.000000
79742.000000
75917.000000
69549.000000
62602.000000
65625.000000
97264.000000
50024.000000
62350.000000
87037.000000
43377.000000
75830.000000
76234.000000
82441.000000
56788.000000
66784.000000
76713.000000
76166.000000
85036.000000
74251.000000
67966.000000
69538.000000
82051.000000
66495.000000
73276.000000
82145.000000
83874.000000
39551.000000
94934.000000
76552.000000
72837.000000
76176.000000
72699.000000
87000.000000
61721.000000
73892.000000
76667.000000
82049.000000
88017.000000
91874.000000
84851.000000
45830.000000
60290.000000
81251.000000
72820.000000
71294.000000
73391.000000
79229.000000
100621.000000
69294.000000
79352.000000
88085.000000
101185.000000
82016.000000
72155.000000
79749.000000
69266.000000
91474.000000
80558.000000
78008.000000
76469.000000
81363.000000
65367.000000
81661.000000
87753.000000
76355.000000
80752.000000
69102.000000
88665.000000
67597.000000
62209.000000
70112.000000
81671.000000
75721.000000
95203.000000
84395.000000
77612.000000
73768.000000
82646.000000
85702.000000
79864.000000
83933.000000
73187.000000
75945.000000
81101.000000
68923.000000
69832.000000
86690.000000
72170.000000
52846.000000
87611.000000
91851.000000
75864.000000
70679.000000
80388.000000
78162.000000
84103.000000
70351.000000
61933.000000
80849.000000
56971.000000
78800.000000
74839.000000
78923.000000
82118.000000
65593.000000
89332.000000
78983.000000
78532.000000
76294.000000
78717.000000
89885.000000
70362.000000
60245.000000
82920.000000
70482.000000
83989.000000
98374.000000
71638.000000
72392.000000
83271.000000
96360.000000
84466.000000
81663.000000
72217.000000
80120.000000
78193.000000
65926.000000
72171.000000
66512.000000
64592.000000
80895.000000
82320.000000
74111.000000
81810.000000
85593.000000
92557.000000
82451.000000
79096.000000
77906.000000
62914.000000
69540.000000
75288.000000
83270.000000
67764.000000
65966.000000
78238.000000
81983.000000
76343.000000
78740.000000
66147.000000
64147.000000
80589.000000
81315.000000
87002.000000
72865.000000
79107.000000
76357.000000
78837.000000
86781.000000
79139.000000
73163.000000
71544.000000
64593.000000
70506.000000
78587.000000
86037.000000
61731.000000
78206.000000
77204.000000
73254.000000
66647.000000
55734.000000
76383.000000
67663.000000
82672.000000
78413.000000
67035.000000
68795.000000
86060.000000
72516.000000
74544.000000
77969.000000
84005.000000
61099.000000
90318.000000
79085.000000
84408.000000
74986.000000
71752.000000
68036.000000
90902.000000
47564.000000
71177.000000
73351.000000
65826.000000
73084.000000
84689.000000
79742.000000
73819.000000
72414.000000
84989.000000
72965.000000
80527.000000
90623.000000
76042.000000
78902.000000
83739.000000
75104.000000
73911.000000
95955.000000
87442.000000
74808.000000
96816.000000
57936.000000
78076.000000
59787.000000
84258.000000
73817.000000
61290.000000
85565.000000
70331.000000
74836.000000
63498.000000
79784.000000
81400.000000
54133.000000
75047.000000
75794.000000
73569.000000
56593.000000
85120.000000
76646.000000
68336.000000
74950.000000
75291.000000
77240.000000
79449.000000
91111.000000
90319.000000
76873.000000
76664.000000
71731.000000
79976.000000
77704.000000
77127.000000
59995.000000
80610.000000
80093.000000
64759.000000
84041.000000
73396.000000
80834.000000
93522.000000
79172.000000
52980.000000
79588.000000
14344.000000
68173.000000
72214.000000
89061.000000
77025.000000
79075.000000
75589.000000
92732.000000
84770.000000
68590.000000
84709.000000
79990.000000
90741.000000
84017.000000
92233.000000
89545.000000
85491.000000
75616.000000
78017.000000
75424.000000
83918.000000
83267.000000
73832.000000
82156.000000
81539.000000
79147.000000
74586.000000
69903.000000
64269.000000
84274.000000
85815.000000
79592.000000
90713.000000
81420.000000
83591.000000
74498.000000
76912.000000
86840.000000
62872.000000
83473.000000
84223.000000
75905.000000
67833.000000
83095.000000
84407.000000
84201.000000
78140.000000
88419.000000
73523.000000
82758.000000
76932.000000
74737.000000
84846.000000
66116.000000
71474.000000
73151.000000
66409.000000
86220.000000
76656.000000
92712.000000
80967.000000
82562.000000
75497.000000
94862.000000
80062.000000
76602.000000
69922.000000
76373.000000
72912.000000
78038.000000
90023.000000
85173.000000
77508.000000
20061.000000
73394.000000
53453.000000
82345.000000
90554.000000
69233.000000
64601.000000
73080.000000
70818.000000
76222.000000
9282.000000
81712.000000
82637.000000
80412.000000
45624.000000
90508.000000
78192.000000
60208.000000
62414.000000
81071.000000
86020.000000
74183.000000
82909.000000
75546.000000
83048.000000
80244.000000
79834.000000
72060.000000
86509.000000
68400.000000
63263.000000
74036.000000
81816.000000
74273.000000
92643.000000
40887.000000
85456.000000
76649.000000
65700.000000
70129.000000
86864.000000
74454.000000
105423.000000
89066.000000
79176.000000
78732.000000
76753.000000
57492.000000
93410.000000
80339.000000
70688.000000
74648.000000
72540.000000
78466.000000
54520.000000
79696.000000
70498.000000
73353.000000
75793.000000
52596.000000
75841.000000
82302.000000
90257.000000
79565.000000
71216.000000
81846.000000
57174.000000
85649.000000
76166.000000
77480.000000
68471.000000
94702.000000
88424.000000
63888.000000
71304.000000
78432.000000
77582.000000
74352.000000
62408.000000
46833.000000
68726.000000
84436.000000
71212.000000
88316.000000
58924.000000
70446.000000
75481.000000
79400.000000
89039.000000
86783.000000
81884.000000
78810.000000
67014.000000
89079.000000
73507.000000
79398.000000
78704.000000
74560.000000
64160.000000
78711.000000
79013.000000
71466.000000
70860.000000
71625.000000
75936.000000
66274.000000
61666.000000
76276.000000
78801.000000
65644.000000
74824.000000
77879.000000
90531.000000
75654.000000
70824.000000
80054.000000
83412.000000
87543.000000
72715.000000
71080.000000
95588.000000
74896.000000
77398.000000
81692.000000
73096.000000
77427.000000
79008.000000
79290.000000
83922.000000
54508.000000
78149.000000
72386.000000
77999.000000
67824.000000
77756.000000
68687.000000
71384.000000
74878.000000
72882.000000
70419.000000
92996.000000
73008.000000
64239.000000
90937.000000
76618.000000
83874.000000
77366.000000
79720.000000
83999.000000
91647.000000
65000.000000
28429.000000
68123.000000
75695.000000
64089.000000
79605.000000
81220.000000
77012.000000
77025.000000
69487.000000
77870.000000
85876.000000
72614.000000
90835.000000
101254.000000
89476.000000
72248.000000
64689.000000
53691.000000
70995.000000
73458.000000
80893.000000
72070.000000
71577.000000
86269.000000
53188.000000
83063.000000
79856.000000
88162.000000
85326.000000
69614.000000
74446.000000
82257.000000
91851.000000
81736.000000
76269.000000
79017.000000
64870.000000
57401.000000
77390.000000
69211.000000
82188.000000
63585.000000
64260.000000
87355.000000
97982.000000
78784.000000
60024.000000
67035.000000
71376.000000
80905.000000
81114.000000
74485.000000
78781.000000
79872.000000
78249.000000
83009.000000
84476.000000
63858.000000
78055.000000
72482.000000
70653.000000
74236.000000
76640.000000
72863.000000
85511.000000
90035.000000
75642.000000
94080.000000
72572.000000
77109.000000
79813.000000
94639.000000
77899.000000
86996.000000
78479.000000
64093.000000
76300.000000
63943.000000
81712.000000
71953.000000
80862.000000
84621.000000
85641.000000
93608.000000
84948.000000
70952.000000
76384.000000
96777.000000
73005.000000
58537.000000
76796.000000
85622.000000
54266.000000
48083.000000
87986.000000
72126.000000
73446.000000
82948.000000
80089.000000
86486.000000
75417.000000
83748.000000
77150.000000
62175.000000
67638.000000
60158.000000
84725.000000
86922.000000
76046.000000
64718.000000
83510.000000
77035.000000
83384.000000
63868.000000
85998.000000
83572.000000
78779.000000
86065.000000
93530.000000
94816.000000
75594.000000
67791.000000
75794.000000
56107.000000
63614.000000
77752.000000
88993.000000
76089.000000
63567.000000
83318.000000
77584.000000
78953.000000
66271.000000
80484.000000
66086.000000
72323.000000
61833.000000
85930.000000
82908.000000
82231.000000
78729.000000
68993.000000
75335.000000
74691.000000
74323.000000
92321.000000
77181.000000
69370.000000
67039.000000
72061.000000
73105.000000
82624.000000
88705.000000
56778.000000
75176.000000
72342.000000
80149.000000
83024.000000
81560.000000
70409.000000
74618.000000
75330.000000
70274.000000
79297.000000
80858.000000
96284.000000
85024.000000
75603.000000
75203.000000
87090.000000
75184.000000
77325.000000
67358.000000
86166.000000
86205.000000
86135.000000
80329.000000
82142.000000
62889.000000
78519.000000
75882.000000
49535.000000
63616.000000
62576.000000
56453.000000
76876.000000
68053.000000
77108.000000
75388.000000
76373.000000
78139.000000
26625.000000
82732.000000
71436.000000
91672.000000
86044.000000
81012.000000
83855.000000
72968.000000
80461.000000
76535.000000
66383.000000
74564.000000
76279.000000
75566.000000
82715.000000
82467.000000
98589.000000
17250.000000
37038.000000
75256.000000
60089.000000
67390.000000
62466.000000
67894.000000
82183.000000
79949.000000
74906.000000
60087.000000
100639.000000
89854.000000
78728.000000
86948.000000
58216.000000
70417.000000
95785.000000
86781.000000
67709.000000
68457.000000
82016.000000
69921.000000
78269.000000
79730.000000
76044.000000
74358.000000
75132.000000
107292.000000
39303.000000
84551.000000
83937.000000
20340.000000
80625.000000
90561.000000
77831.000000
78105.000000
81522.000000
78487.000000
81037.000000
76711.000000
56841.000000
77792.000000
82258.000000
79138.000000
87525.000000
72206.000000
88419.000000
84917.000000
83445.000000
87350.000000
64595.000000
66716.000000
69102.000000
69228.000000
72000.000000
81107.000000
65915.000000
86147.000000
70120.000000
71421.000000
94318.000000
69432.000000
86276.000000
81168.000000
83421.000000
81024.000000
91203.000000
72144.000000
95446.000000
73277.000000
83807.000000
83024.000000
84041.000000
59248.000000
67739.000000
91918.000000
75542.000000
79355.000000
87013.000000
84765.000000
63198.000000
53201.000000
82693.000000
84063.000000
73927.000000
73073.000000
78522.000000
79455.000000
86937.000000
63947.000000
90530.000000
64463.000000
71174.000000
73996.000000
73832.000000
65214.000000
90515.000000
80998.000000
79529.000000
84157.000000
82052.000000
85665.000000
68900.000000
75682.000000
75439.000000
74623.000000
61975.000000
63795.000000
76225.000000
80065.000000
75611.000000
77162.000000
76113.000000
71017.000000
86491.000000
79681.000000
50377.000000
65093.000000
85057.000000
70856.000000
76315.000000
76904.000000
71709.000000
99260.000000
74240.000000
73224.000000
85788.000000
71115.000000
94241.000000
84211.000000
22354.000000
87509.000000
74851.000000
44161.000000
81928.000000
73182.000000
74986.000000
74511.000000
72340.000000
64353.000000
64460.000000
81899.000000
79584.000000
73607.000000
72264.000000
73015.000000
88121.000000
66497.000000
91339.000000
91112.000000
86126.000000
75777.000000
79138.000000
79214.000000
76261.000000
83000.000000
71250.000000
87030.000000
78731.000000
75260.000000
86926.000000
86096.000000
74489.000000
78616.000000
85054.000000
52878.000000
75008.000000
101927.000000
70405.000000
68094.000000
96323.000000
73940.000000
80819.000000
79613.000000
71947.000000
81349.000000
76296.000000
74161.000000
76326.000000
77226.000000
79405.000000
80344.000000
9898.000000
73346.000000
76220.000000
18776.000000
73870.000000
60663.000000
76555.000000
72024.000000
81352.000000
73214.000000
88157.000000
79840.000000
60146.000000
74004.000000
87935.000000
76610.000000
68469.000000
69452.000000
78015.000000
88372.000000
73921.000000
55298.000000
100101.000000
71530.000000
79991.000000
67964.000000
90658.000000
67467.000000
63055.000000
82526.000000
69438.000000
63323.000000
104164.000000
67475.000000
89910.000000
80768.000000
75139.000000
80376.000000
83918.000000
77309.000000
75785.000000
92463.000000
86690.000000
77218.000000
69804.000000
82128.000000
86041.000000
85336.000000
81449.000000
96752.000000
76935.000000
64886.000000
75445.000000
62814.000000
68634.000000
72924.000000
70866.000000
66357.000000
98589.000000
55314.000000
67134.000000
90178.000000
82920.000000
90400.000000
71792.000000
73614.000000
71830.000000
69024.000000
78476.000000
87910.000000
70095.000000
70201.000000
59084.000000
63120.000000
61878.000000
85084.000000
63039.000000
91998.000000
76353.000000
69065.000000
82694.000000
94575.000000
72126.000000
74069.000000
63898.000000
88045.000000
73570.000000
88279.000000
80051.000000
71662.000000
43220.000000
86280.000000
62425.000000
25141.000000
16340.000000
87202.000000
75685.000000
7932.000000
72395.000000
61368.000000
72118.000000
42601.000000
90400.000000
84800.000000
80082.000000
85419.000000
76118.000000
70012.000000
79072.000000
71135.000000
70046.000000
81325.000000
67403.000000
70724.000000
78584.000000
83179.000000
75470.000000
77407.000000
79307.000000
94156.000000
76356.000000
72661.000000
68087.000000
82987.000000
66378.000000
90112.000000
70430.000000
73343.000000
68212.000000
17260.000000
75304.000000
74005.000000
76747.000000
75444.000000
74654.000000
66924.000000
85757.000000
78203.000000
74755.000000
66149.000000
86768.000000
72442.000000
66958.000000
54157.000000
75004.000000
64282.000000
89085.000000
73873.000000
69461.000000
76551.000000
85633.000000
79159.000000
92105.000000
87994.000000
71037.000000
69657.000000
88514.000000
74607.000000
98535.000000
87523.000000
80376.000000
70577.000000
76894.000000
70562.000000
65673.000000
64565.000000
85568.000000
68232.000000
71333.000000
96207.000000
76153.000000
89373.000000
57164.000000
76360.000000
86403.000000
79405.000000
66537.000000
78026.000000
80593.000000
93562.000000
73453.000000
71518.000000
65373.000000
89158.000000
67904.000000
94496.000000
75279.000000
77897.000000
65955.000000
90188.000000
80675.000000
69284.000000
62617.000000
71802.000000
81582.000000
78629.000000
77754.000000
74690.000000
64167.000000
72268.000000
76774.000000
93165.000000
106081.000000
88617.000000
85755.000000
77660.000000
91143.000000
59968.000000
78632.000000
77502.000000
71518.000000
74491.000000
93591.000000
74416.000000
77181.000000
89793.000000
89840.000000
68985.000000
76014.000000
64893.000000
83824.000000
53789.000000
89016.000000
81402.000000
76428.000000
77140.000000
71098.000000
77262.000000
71589.000000
76808.000000
83655.000000
92732.000000
18022.000000
78886.000000
68915.000000
82200.000000
73734.000000
83328.000000
70315.000000
79460.000000
73268.000000
86466.000000
83134.000000
61300.000000
94020.000000
79033.000000
88242.000000
75432.000000
76669.000000
48117.000000
77698.000000
67783.000000
74307.000000
86155.000000
71339.000000
72641.000000
74673.000000
92437.000000
75439.000000
83069.000000
70307.000000
63294.000000
91408.000000
76234.000000
69947.000000
78104.000000
72477.000000
82331.000000
77566.000000
15803.000000
79279.000000
74871.000000
72062.000000
87886.000000
72543.000000
69507.000000
77593.000000
87798.000000
86974.000000
79721.000000
79085.000000
64204.000000
86462.000000
86069.000000
81340.000000
78469.000000
79052.000000
76601.000000
84190.000000
93008.000000
67299.000000
16919.000000
76359.000000
68712.000000
79097.000000
84678.000000
79832.000000
64423.000000
103115.000000
66936.000000
73473.000000
64028.000000
82559.000000
79565.000000
73671.000000
78008.000000
75753.000000
100923.000000
74285.000000
68418.000000
100589.000000
59328.000000
85584.000000
79824.000000
98819.000000
80697.000000
79838.000000
66926.000000
79575.000000
80612.000000
64829.000000
72437.000000
70362.000000
78929.000000
69134.000000
81994.000000
87169.000000
77956.000000
68416.000000
74383.000000
94374.000000
67451.000000
73982.000000
55474.000000
77202.000000
80251.000000
82866.000000
70369.000000
87097.000000
75141.000000
90812.000000
87819.000000
91913.000000
77458.000000
71002.000000
65523.000000
71155.000000
82802.000000
76415.000000
75194.000000
77475.000000
71057.000000
57405.000000
78906.000000
84094.000000
76808.000000
77695.000000
76963.000000
74610.000000
70626.000000
73028.000000
72594.000000
63106.000000
86185.000000
80724.000000
64869.000000
80480.000000
69747.000000
72884.000000
87795.000000
83424.000000
82485.000000
104052.000000
55539.000000
75799.000000
80122.000000
89393.000000
83120.000000
79384.000000
87080.000000
41780.000000
89685.000000
76369.000000
76716.000000
52732.000000
79934.000000
65458.000000
74101.000000
84551.000000
79603.000000
89182.000000
64092.000000
71267.000000
81702.000000
74015.000000
81725.000000
72366.000000
70832.000000
28501.000000
77758.000000
81496.000000
79847.000000
74423.000000
84254.000000
82968.000000
60231.000000
77207.000000
76597.000000
98411.000000
89589.000000
76840.000000
76169.000000
76321.000000
85487.000000
83449.000000
84006.000000
70693.000000
52035.000000
73143.000000
55495.000000
86082.000000
67116.000000
76078.000000
79947.000000
76255.000000
75606.000000
80291.000000
83678.000000
88209.000000
73552.000000
79574.000000
80884.000000
73835.000000
72914.000000
71047.000000
76420.000000
84158.000000
73336.000000
81629.000000
67655.000000
81005.000000
76802.000000
82065.000000
79977.000000
83194.000000
75250.000000
68804.000000
74010.000000
88992.000000
70435.000000
73221.000000
88635.000000
23657.000000
88577.000000
77990.000000
65371.000000
84894.000000
80310.000000
53852.000000
71698.000000
73553.000000
77214.000000
73000.000000
62947.000000
81091.000000
88281.000000
89597.000000
82976.000000
65320.000000
78137.000000
67597.000000
88655.000000
89103.000000
91705.000000
68553.000000
83374.000000
74070.000000
82500.000000
73889.000000
71736.000000
91317.000000
79468.000000
70390.000000
77969.000000
84726.000000
79400.000000
56062.000000
78902.000000
93051.000000
85913.000000
79497.000000
40053.000000
73217.000000
62851.000000
72246.000000
74738.000000
81123.000000
75104.000000
74189.000000
100692.000000
57025.000000
65999.000000
77504.000000
89155.000000
48749.000000
86191.000000
67313.000000
81757.000000
88005.000000
68405.000000
79537.000000
93688.000000
62905.000000
75793.000000
80599.000000
73132.000000
20031.000000
65060.000000
73634.000000
81508.000000
91267.000000
24171.000000
74948.000000
86685.000000
69502.000000
90640.000000
80627.000000
65031.000000
76995.000000
75823.000000
80493.000000
67988.000000
95298.000000
79894.000000
74442.000000
53722.000000
97277.000000
74700.000000
80847.000000
76844.000000
88682.000000
85509.000000
78053.000000
75679.000000
84016.000000
75116.000000
66232.000000
74731.000000
83741.000000
69477.000000
80354.000000
80124.000000
69922.000000
73038.000000
78988.000000
71109.000000
68361.000000
104166.000000
78712.000000
54404.000000
17992.000000
51202.000000
45843.000000
87565.000000
77945.000000
86633.000000
66242.000000
75192.000000
69662.000000
84555.000000
75344.000000
82022.000000
69843.000000
72088.000000
72125.000000
71693.000000
80195.000000
68196.000000
68659.000000
67991.000000
72305.000000
88254.000000
69490.000000
74607.000000
87178.000000
63427.000000
84372.000000
65635.000000
88243.000000
69590.000000
85354.000000
72891.000000
57967.000000
74095.000000
69963.000000
64946.000000
67653.000000
92517.000000
57207.000000
85466.000000
86360.000000
17696.000000
77946.000000
94179.000000
90074.000000
89661.000000
77731.000000
60087.000000
89721.000000
76853.000000
65478.000000
65315.000000
73270.000000
72041.000000
51931.000000
83018.000000
77590.000000
70738.000000
43513.000000
69673.000000
63548.000000
84602.000000
75053.000000
82320.000000
87686.000000
78311.000000
87925.000000
83168.000000
73008.000000
78723.000000
111233.000000
77161.000000
61140.000000
85403.000000
78737.000000
86280.000000
77281.000000
78839.000000
87386.000000
72284.000000
62520.000000
73970.000000
73050.000000
65117.000000
87276.000000
81775.000000
74074.000000
87727.000000
77130.000000
79533.000000
50648.000000
70838.000000
65964.000000
86762.000000
68116.000000
86238.000000
78858.000000
97539.000000
83071.000000
73926.000000
95584.000000
78090.000000
79995.000000
72616.000000
76087.000000
88307.000000
74628.000000
66529.000000
69130.000000
85195.000000
85757.000000
95671.000000
59539.000000
86482.000000
71642.000000
65437.000000
78998.000000
81132.000000
76882.000000
77944.000000
67973.000000
74381.000000
84228.000000
78198.000000
79752.000000
78713.000000
78906.000000
61566.000000
91712.000000
64930.000000
74492.000000
96412.000000
79085.000000
73686.000000
75315.000000
61062.000000
75618.000000
70324.000000
74379.000000
65282.000000
94041.000000
83906.000000
79455.000000
73129.000000
92526.000000
71488.000000
77547.000000
80999.000000
74002.000000
84189.000000
50192.000000
70215.000000
73269.000000
52257.000000
69336.000000
84579.000000
65805.000000
51754.000000
69087.000000
83823.000000
69159.000000
83567.000000
77226.000000
76676.000000
67867.000000
78044.000000
93938.000000
76386.000000
74840.000000
81943.000000
76699.000000
71351.000000
88979.000000
73069.000000
58984.000000
49479.000000
69660.000000
63476.000000
73530.000000
95388.000000
89615.000000
72914.000000
91873.000000
91787.000000
84348.000000
68571.000000
72505.000000
71851.000000
83013.000000
72965.000000
85540.000000
69293.000000
61411.000000
72559.000000
72791.000000
85460.000000
77374.000000
90960.000000
82478.000000
88595.000000
74863.000000
65083.000000
77150.000000
86584.000000
87877.000000
80379.000000
75905.000000
66712.000000
72332.000000
77784.000000
72218.000000
83459.000000
71978.000000
87090.000000
87928.000000
73134.000000
69170.000000
85533.000000
86922.000000
74505.000000
59591.000000
77253.000000
86199.000000
82646.000000
81235.000000
82825.000000
77311.000000
66668.000000
78231.000000
75038.000000
80312.000000
69991.000000
71310.000000
15086.000000
57602.000000
91822.000000
83440.000000
86738.000000
81491.000000
62665.000000
70578.000000
68720.000000
81603.000000
67910.000000
83602.000000
92440.000000
72392.000000
73927.000000
90828.000000
73952.000000
86567.000000
73529.000000
76071.000000
78201.000000
84226.000000
84094.000000
67722.000000
101350.000000
61141.000000
84540.000000
79374.000000
79050.000000
79655.000000
74601.000000
68115.000000
69655.000000
80913.000000
86175.000000
100973.000000
81381.000000
87746.000000
83247.000000
66672.000000
77251.000000
73139.000000
70566.000000
80808.000000
65911.000000
73325.000000
73861.000000
94895.000000
82020.000000
79774.000000
87385.000000
63734.000000
66477.000000
88711.000000
81271.000000
85162.000000
75497.000000
79621.000000
88762.000000
83539.000000
72084.000000
85096.000000
67308.000000
86292.000000
78757.000000
77230.000000
75768.000000
73338.000000
82158.000000
71698.000000
79880.000000
80518.000000
82408.000000
83001.000000
74711.000000
86770.000000
56704.000000
78759.000000
73752.000000
72268.000000
79992.000000
95050.000000
71937.000000
69014.000000
89693.000000
74302.000000
64076.000000
47437.000000
69123.000000
74004.000000
74206.000000
75743.000000
64757.000000
57622.000000
73256.000000
76506.000000
84832.000000
92263.000000
97212.000000
78107.000000
69355.000000
63179.000000
76678.000000
72858.000000
80812.000000
75685.000000
70289.000000
60783.000000
66048.000000
77643.000000
65625.000000
70169.000000
70146.000000
77251.000000
79541.000000
84588.000000
78881.000000
84678.000000
86056.000000
85301.000000
68813.000000
72772.000000
75779.000000
91366.000000
77632.000000
77296.000000
91805.000000
83866.000000
81133.000000
76388.000000
74587.000000
74798.000000
74489.000000
63455.000000
85903.000000
87820.000000
94121.000000
80470.000000
63345.000000
84085.000000
88297.000000
38202.000000
82968.000000
77330.000000
55153.000000
70359.000000
72934.000000
72812.000000
89738.000000
76358.000000
66842.000000
88282.000000
91043.000000
75524.000000
75146.000000
77256.000000
33390.000000
77565.000000
79383.000000
64473.000000
74302.000000
77509.000000
73222.000000
83024.000000
75730.000000
87116.000000
77668.000000
79236.000000
81599.000000
79449.000000
73196.000000
72476.000000
75617.000000
73038.000000
92373.000000
86579.000000
78946.000000
85487.000000
86148.000000
68320.000000
85228.000000
76755.000000
76010.000000
66904.000000
80559.000000
68429.000000
50507.000000
94885.000000
71827.000000
85135.000000
78701.000000
79832.000000
71580.000000
85051.000000
71017.000000
92797.000000
73120.000000
100513.000000
71020.000000
71732.000000
79915.000000
80130.000000
75828.000000
68847.000000
71505.000000
55605.000000
71891.000000
91603.000000
78908.000000
77724.000000
84920.000000
91437.000000
60304.000000
84124.000000
77564.000000
89769.000000
81215.000000
74203.000000
86781.000000
79556.000000
78457.000000
71493.000000
74180.000000
89107.000000
77869.000000
94799.000000
67827.000000
58713.000000
60404.000000
91471.000000
83212.000000
94081.000000
73147.000000
72688.000000
59619.000000
75354.000000
89021.000000
76137.000000
83680.000000
79917.000000
77917.000000
67267.000000
59446.000000
84541.000000
80517.000000
77094.000000
91242.000000
92605.000000
80218.000000
84285.000000
71456.000000
73391.000000
65178.000000
71168.000000
74409.000000
55093.000000
76172.000000
76405.000000
85845.000000
79406.000000
83271.000000
17260.000000
75535.000000
83738.000000
49499.000000
66230.000000
85530.000000
87224.000000
80858.000000
61662.000000
76205.000000
94080.000000
77630.000000
75524.000000
73598.000000
60530.000000
71428.000000
84765.000000
81696.000000
89884.000000
80823.000000
88435.000000
52339.000000
51078.000000
65678.000000
51109.000000
76673.000000
84197.000000
74415.000000
80966.000000
70359.000000
74167.000000
76324.000000
68395.000000
62551.000000
81778.000000
80071.000000
72295.000000
78567.000000
84445.000000
84092.000000
70818.000000
66230.000000
52535.000000
86765.000000
71986.000000
83642.000000
78870.000000
74679.000000
70359.000000
99561.000000
52074.000000
66803.000000
65894.000000
77641.000000
68634.000000
70425.000000
80356.000000
68049.000000
89170.000000
93161.000000
88902.000000
81032.000000
62251.000000
75294.000000
81308.000000
84488.000000
73797.000000
93261.000000
64905.000000
79255.000000
73580.000000
73486.000000
78443.000000
64886.000000
74475.000000
79659.000000
73691.000000
79894.000000
73896.000000
71595.000000
59602.000000
70543.000000
66969.000000
78958.000000
67170.000000
85828.000000
76933.000000
75355.000000
76600.000000
80676.000000
75759.000000
79552.000000
69644.000000
84711.000000
88454.000000
93473.000000
82460.000000
70996.000000
83937.000000
78759.000000
58685.000000
84185.000000
78055.000000
59907.000000
84603.000000
65482.000000
83403.000000
87618.000000
59305.000000
59850.000000
79077.000000
81628.000000
71567.000000
62011.000000
74215.000000
91767.000000
85454.000000
93795.000000
79848.000000
71500.000000
69641.000000
74939.000000
72940.000000
82917.000000
82650.000000
86334.000000
76543.000000
56235.000000
88668.000000
85208.000000
83691.000000
81428.000000
65968.000000
58993.000000
82314.000000
82488.000000
81249.000000
81240.000000
86035.000000
88012.000000
92214.000000
69856.000000
83000.000000
75130.000000
72499.000000
67314.000000
75199.000000
77308.000000
78783.000000
68108.000000
83145.000000
72701.000000
72575.000000
55660.000000
92051.000000
62120.000000
76090.000000
71113.000000
