0.000000
0.000000
0.000000
0.000000
0.000000
0.000000
0.000000
0.000000
0.000000
0.000000
0.000000
0.000000
0.000000
0.000000
0.000000
0.000000
0.000000
0.000000
0.000000
0.000000
0.000000
0.000000
0.000000
0.000000
0.000000
0.000000
0.000000
0.000000
0.000000
0.000000
0.000000
0.000000
0.000000
0.000000
0.000000
0.000000
0.000000
0.000000
0.000000
0.000000
0.000000
0.000000
0.000000
0.000000
0.000000
0.000000
0.000000
0.000000
0.000000
0.000000
0.000000
0.000000
0.000000
0.000000
0.000000
0.000000
0.000000
0.000000
0.000000
0.000000
0.000000
0.000000
0.000000
0.000000
0.000000
0.000000
0.000000
0.000000
0.000000
0.000000
0.000000
0.000000
0.000000
0.000000
0.000000
0.000000
0.000000
0.000000
0.000000
0.000000
0.000000
0.000000
0.000000
0.000000
0.000000
0.000000
0.000000
0.000000
0.000000
0.000000
0.000000
0.000000
0.000000
0.000000
0.000000
0.000000
0.000000
0.000000
0.000000
0.000000
0.000000
0.000000
0.000000
0.000000
0.000000
0.000000
0.000000
0.000000
0.000000
0.000000
0.000000
0.000000
0.000000
0.000000
0.000000
0.000000
0.000000
0.000000
0.000000
0.000000
0.000000
0.000000
0.000000
0.000000
0.000000
0.000000
0.000000
0.000000
0.000000
0.000000
0.000000
0.000000
0.000000
0.000000
0.000000
0.000000
0.000000
0.000000
0.000000
0.000000
0.000000
0.000000
0.000000
0.000000
0.000000
0.000000
0.000000
0.000000
0.000000
0.000000
0.000000
0.000000
0.000000
0.000000
0.000000
0.000000
0.000000
0.000000
0.000000
0.000000
0.000000
0.000000
0.000000
0.000000
0.000000
0.000000
0.000000
0.000000
0.000000
0.000000
0.000000
0.000000
0.000000
0.000000
0.000000
0.000000
0.000000
0.000000
0.000000
0.000000
0.000000
0.000000
0.000000
0.000000
0.000000
0.000000
0.000000
0.000000
0.000000
0.000000
0.000000
0.000000
0.000000
0.000000
0.000000
0.000000
0.000000
0.000000
0.000000
0.000000
0.000000
0.000000
0.000000
0.000000
0.000000
0.000000
0.000000
0.000000
0.000000
0.000000
0.000000
0.000000
0.000000
0.000000
0.000000
0.000000
0.000000
0.000000
0.000000
0.000000
0.000000
0.000000
0.000000
0.000000
2244390.000000
1607940.000000
1021428.000000
979105.000000
966575.000000
1457264.000000
1174758.000000
1161938.000000
1449183.000000
977164.000000
1286842.000000
696044.000000
1075214.000000
1347810.000000
80763.000000
918902.000000
1539705.000000
1463593.000000
1446731.000000
1323644.000000
1093237.000000
1416597.000000
1171756.000000
1305673.000000
938609.000000
1217902.000000
1239115.000000
536019.000000
342443.000000
267172.000000
941317.000000
233048.000000
1132354.000000
1462542.000000
1438359.000000
1561992.000000
858098.000000
1043282.000000
1526350.000000
1276313.000000
637171.000000
97535.000000
348160.000000
638670.000000
1120646.000000
1011728.000000
1072415.000000
1312505.000000
387579.000000
1212271.000000
1280811.000000
498643.000000
1344791.000000
750211.000000
1086929.000000
1246828.000000
1360619.000000
1213644.000000
647931.000000
384108.000000
768720.000000
1302527.000000
134067.000000
1236910.000000
1481749.000000
1259885.000000
1597643.000000
643380.000000
1244353.000000
108046.000000
1296870.000000
7851.000000
1381025.000000
1086256.000000
1625737.000000
1265611.000000
572234.000000
919089.000000
1411522.000000
1086703.000000
1608428.000000
1513147.000000
1119999.000000
566932.000000
1336584.000000
1071679.000000
1352065.000000
1336075.000000
1261250.000000
1416919.000000
375761.000000
1352994.000000
1088628.000000
294797.000000
1164864.000000
1008483.000000
1455808.000000
1455412.000000
778962.000000
104275.000000
1638588.000000
1423447.000000
1604318.000000
1233002.000000
1437800.000000
756215.000000
806752.000000
1406638.000000
753560.000000
1099510.000000
1454287.000000
989376.000000
566774.000000
830979.000000
1367109.000000
1427589.000000
1245459.000000
880796.000000
758052.000000
1578382.000000
1082696.000000
1590073.000000
1243027.000000
1647070.000000
1267820.000000
1196633.000000
1644851.000000
1499245.000000
1325179.000000
1122062.000000
1241621.000000
1391994.000000
1565367.000000
1607239.000000
589055.000000
1001757.000000
908464.000000
1226315.000000
1112028.000000
1245965.000000
1385005.000000
1692989.000000
856250.000000
1169135.000000
1604440.000000
577869.000000
1159267.000000
1291413.000000
1388439.000000
705833.000000
1290957.000000
720310.000000
1084617.000000
801674.000000
530679.000000
1626828.000000
1552633.000000
1460530.000000
1081472.000000
1583096.000000
1126217.000000
1124380.000000
953626.000000
1152262.000000
1018560.000000
1051739.000000
1361456.000000
1157608.000000
705023.000000
540331.000000
1310901.000000
496816.000000
1264038.000000
641918.000000
1027679.000000
1171281.000000
1348446.000000
1287577.000000
743081.000000
1370696.000000
491215.000000
1208364.000000
673518.000000
1193884.000000
832836.000000
1461862.000000
1153183.000000
1348273.000000
1234360.000000
1557951.000000
261167.000000
1578786.000000
1357885.000000
1400029.000000
922203.000000
1333770.000000
1213247.000000
1377818.000000
1804977.000000
866949.000000
1547624.000000
1611794.000000
1367505.000000
1254599.000000
735041.000000
1211072.000000
1226831.000000
1496913.000000
1615793.000000
1345122.000000
1514648.000000
266805.000000
225423.000000
785056.000000
1139974.000000
1182365.000000
987576.000000
1544160.000000
1293533.000000
1186225.000000
1398370.000000
1253073.000000
1234177.000000
1260804.000000
1051585.000000
1146572.000000
1558146.000000
1483070.000000
1309265.000000
496674.000000
293353.000000
1425121.000000
1316416.000000
1275872.000000
1671134.000000
1450935.000000
1444546.000000
299039.000000
1281291.000000
813566.000000
1542132.000000
1014247.000000
534773.000000
686019.000000
1351078.000000
1131391.000000
1348166.000000
1102010.000000
1360779.000000
1274214.000000
288523.000000
981887.000000
1105166.000000
1559795.000000
88343.000000
990114.000000
1264900.000000
101582.000000
1304971.000000
1270416.000000
1579573.000000
95109.000000
1225578.000000
928971.000000
1532795.000000
1328249.000000
964289.000000
109828.000000
1145624.000000
1580304.000000
656480.000000
887618.000000
1366889.000000
1054255.000000
74041.000000
1086763.000000
1181541.000000
1287872.000000
1302590.000000
1325521.000000
398138.000000
403449.000000
1006098.000000
1406300.000000
592297.000000
1582832.000000
991443.000000
1055064.000000
74890.000000
389175.000000
1156095.000000
812398.000000
880313.000000
1135403.000000
1133802.000000
1651772.000000
1515532.000000
1231511.000000
445230.000000
397629.000000
1236739.000000
1520772.000000
1651913.000000
1305656.000000
1431394.000000
1262519.000000
1457284.000000
1125385.000000
1479195.000000
833302.000000
1574029.000000
1477922.000000
1084568.000000
525971.000000
622398.000000
1302240.000000
1084527.000000
254595.000000
1414702.000000
1580188.000000
941443.000000
1071633.000000
1334246.000000
264709.000000
1366203.000000
1531709.000000
1542640.000000
1447694.000000
1523057.000000
1105051.000000
1474294.000000
1521324.000000
394272.000000
1077996.000000
1490037.000000
428066.000000
399067.000000
1529052.000000
1132524.000000
1733697.000000
988437.000000
1481902.000000
345766.000000
1696621.000000
1536403.000000
741227.000000
248735.000000
115549.000000
1416190.000000
1311449.000000
950326.000000
1134415.000000
1282910.000000
1568993.000000
1540573.000000
1687914.000000
1004047.000000
1124136.000000
1464980.000000
584336.000000
1052158.000000
1528448.000000
1191061.000000
1280648.000000
1562419.000000
1174132.000000
1519776.000000
1222917.000000
583293.000000
885049.000000
1371457.000000
778527.000000
1439052.000000
910377.000000
957033.000000
1777293.000000
1093119.000000
337243.000000
1004804.000000
1443685.000000
1558449.000000
1744255.000000
1488283.000000
1412743.000000
1418901.000000
1554421.000000
267230.000000
851277.000000
1429030.000000
1163223.000000
1008355.000000
478409.000000
1422273.000000
1185317.000000
727716.000000
1297250.000000
1136282.000000
933767.000000
628011.000000
535588.000000
949916.000000
1646413.000000
1636789.000000
1343125.000000
941468.000000
1023251.000000
1343819.000000
1082610.000000
1374610.000000
1569339.000000
679868.000000
974835.000000
1398906.000000
1093250.000000
880159.000000
1360226.000000
1296142.000000
1116825.000000
721778.000000
135429.000000
1183314.000000
845972.000000
1147814.000000
520256.000000
1381602.000000
1317679.000000
1343540.000000
1659443.000000
852460.000000
1331470.000000
1475563.000000
113061.000000
1058580.000000
1448242.000000
834734.000000
1306097.000000
1275908.000000
932852.000000
1578277.000000
70496.000000
1135133.000000
999173.000000
952116.000000
1554425.000000
492442.000000
1439509.000000
1329233.000000
1472776.000000
981750.000000
1437699.000000
982179.000000
1417121.000000
1125223.000000
922382.000000
1134682.000000
1134710.000000
1242464.000000
1301444.000000
688121.000000
1275696.000000
1603513.000000
661391.000000
1550324.000000
115514.000000
1132860.000000
1496880.000000
332614.000000
1185636.000000
1192405.000000
1496781.000000
1222874.000000
1561333.000000
1672500.000000
1030247.000000
728075.000000
1459248.000000
474103.000000
119583.000000
1410683.000000
1041476.000000
692625.000000
1070507.000000
1327974.000000
1291218.000000
1388366.000000
1261125.000000
1752132.000000
643706.000000
1358102.000000
1434761.000000
572594.000000
1270407.000000
1442566.000000
148930.000000
1147417.000000
1220807.000000
758145.000000
1561115.000000
995079.000000
922804.000000
302050.000000
1388609.000000
89309.000000
1767161.000000
10422.000000
465644.000000
1562070.000000
1319738.000000
1166345.000000
547943.000000
1345468.000000
1477378.000000
1471386.000000
851219.000000
405262.000000
434329.000000
744777.000000
1526062.000000
1717387.000000
1054138.000000
1217383.000000
1326436.000000
1380098.000000
1003796.000000
1345094.000000
647937.000000
334104.000000
485571.000000
1069644.000000
1452044.000000
585550.000000
1470809.000000
712161.000000
1347658.000000
1526926.000000
1367666.000000
1498238.000000
195269.000000
1309157.000000
870059.000000
1397795.000000
760618.000000
203137.000000
928784.000000
1405095.000000
874017.000000
963851.000000
973948.000000
1338849.000000
1282334.000000
1109634.000000
1160358.000000
160459.000000
1729137.000000
1326623.000000
635598.000000
896571.000000
1549318.000000
1364185.000000
1251195.000000
439000.000000
1527992.000000
1090561.000000
995285.000000
1420965.000000
1499946.000000
1250479.000000
1329406.000000
1348254.000000
408903.000000
1446951.000000
1273069.000000
1071185.000000
1380631.000000
1193747.000000
1220557.000000
1180331.000000
20568.000000
1519376.000000
68866.000000
818109.000000
1330421.000000
1433307.000000
292361.000000
274274.000000
919082.000000
1412059.000000
4941.000000
1556188.000000
1360244.000000
784945.000000
70364.000000
1059114.000000
1410922.000000
506562.000000
135127.000000
1341489.000000
1532354.000000
861389.000000
1204523.000000
1307643.000000
1541458.000000
1198267.000000
1223372.000000
1407162.000000
1610642.000000
169818.000000
141303.000000
1217738.000000
1212748.000000
1221154.000000
1155406.000000
71505.000000
1490526.000000
1453660.000000
223484.000000
1154814.000000
970818.000000
1305236.000000
1285567.000000
1246050.000000
1189806.000000
1119365.000000
884165.000000
236158.000000
1179354.000000
1333686.000000
1000796.000000
1263641.000000
232212.000000
1174396.000000
851940.000000
1115764.000000
406106.000000
163765.000000
1451757.000000
447966.000000
1291749.000000
1111185.000000
1642671.000000
1166244.000000
970924.000000
1204908.000000
652228.000000
1348499.000000
1499055.000000
593176.000000
906208.000000
1326378.000000
1380733.000000
216791.000000
635930.000000
843326.000000
485725.000000
1249623.000000
152065.000000
61269.000000
850910.000000
1404521.000000
1598336.000000
1427297.000000
146201.000000
1154599.000000
1465753.000000
1635413.000000
1550990.000000
1338165.000000
1201164.000000
1375178.000000
283264.000000
1482084.000000
160242.000000
1179737.000000
1144503.000000
1107607.000000
133303.000000
1051478.000000
1222403.000000
1507455.000000
1642555.000000
1464010.000000
360898.000000
958934.000000
842937.000000
1529713.000000
231132.000000
341102.000000
1385130.000000
1614790.000000
1235623.000000
1177721.000000
1397152.000000
1272578.000000
831533.000000
1673971.000000
1090603.000000
133742.000000
1136010.000000
1388811.000000
756819.000000
1347983.000000
1477387.000000
1638825.000000
1512938.000000
1217643.000000
307655.000000
79095.000000
1457293.000000
1315789.000000
1326813.000000
193122.000000
993766.000000
183164.000000
1362475.000000
347262.000000
1290024.000000
1042155.000000
1534475.000000
933447.000000
1293126.000000
1423299.000000
1506489.000000
1226127.000000
1025109.000000
1155648.000000
1501192.000000
1421291.000000
561182.000000
40738.000000
973924.000000
1585247.000000
1283386.000000
963083.000000
1337662.000000
1469906.000000
1218912.000000
1526787.000000
1612315.000000
1242099.000000
1251511.000000
1609912.000000
1100402.000000
1353463.000000
963966.000000
1343361.000000
128337.000000
1355898.000000
761364.000000
1602981.000000
958591.000000
946199.000000
1143410.000000
63571.000000
1017222.000000
1354355.000000
900923.000000
1513379.000000
1459395.000000
1020484.000000
1308116.000000
669487.000000
850713.000000
1138812.000000
1097115.000000
1718660.000000
125197.000000
1395276.000000
1133577.000000
1105719.000000
933619.000000
643749.000000
1122653.000000
1067713.000000
923861.000000
722495.000000
1422868.000000
1025751.000000
1577138.000000
1239541.000000
1314425.000000
1357991.000000
1219764.000000
854203.000000
1580450.000000
1549774.000000
248713.000000
1604564.000000
1076539.000000
1187461.000000
1145535.000000
1114050.000000
1311277.000000
1043244.000000
1382020.000000
1308516.000000
1261163.000000
1317267.000000
791163.000000
1182814.000000
1461402.000000
1538656.000000
1234101.000000
1288904.000000
1352779.000000
1094749.000000
601965.000000
1553095.000000
1310988.000000
1608633.000000
1442330.000000
985968.000000
1212139.000000
1322708.000000
566720.000000
1121683.000000
1235907.000000
1584843.000000
88520.000000
1510282.000000
867996.000000
270785.000000
101600.000000
747918.000000
1214851.000000
1263700.000000
986091.000000
1312791.000000
1212923.000000
954034.000000
1343588.000000
614578.000000
679305.000000
1120304.000000
293354.000000
1700443.000000
1018356.000000
1158196.000000
193367.000000
1181066.000000
1317319.000000
1588752.000000
1250344.000000
1244963.000000
1572603.000000
1034147.000000
1581922.000000
590756.000000
1155830.000000
834582.000000
568394.000000
1186321.000000
275605.000000
274644.000000
1533709.000000
680132.000000
920651.000000
834957.000000
1403584.000000
456478.000000
1611592.000000
1093309.000000
1358518.000000
1189751.000000
1337025.000000
179695.000000
1214795.000000
1494065.000000
662698.000000
1454734.000000
181901.000000
1145404.000000
1137979.000000
1025927.000000
1403342.000000
931127.000000
904458.000000
368613.000000
1141630.000000
235017.000000
1352717.000000
1443140.000000
189585.000000
1527264.000000
1401211.000000
1577406.000000
1364106.000000
1125254.000000
230445.000000
1039787.000000
451346.000000
1172871.000000
1573052.000000
1506239.000000
1528080.000000
1232621.000000
532338.000000
730117.000000
1229133.000000
1215923.000000
1271156.000000
1028896.000000
1665916.000000
1121313.000000
1235459.000000
1727256.000000
1458492.000000
1274692.000000
1285330.000000
1431828.000000
176997.000000
679862.000000
1257538.000000
109041.000000
713150.000000
155903.000000
1385192.000000
1568548.000000
1496818.000000
1031758.000000
22482.000000
1380656.000000
1676504.000000
1354463.000000
968414.000000
1434645.000000
1342760.000000
1110026.000000
1220829.000000
1310053.000000
282691.000000
350796.000000
1420426.000000
693748.000000
1152263.000000
253096.000000
1451047.000000
19878.000000
47841.000000
1166113.000000
108110.000000
959937.000000
654620.000000
216260.000000
466334.000000
841510.000000
1227360.000000
191105.000000
1239578.000000
1065926.000000
1496174.000000
1439051.000000
180034.000000
1076344.000000
1493523.000000
1499138.000000
1109750.000000
1265169.000000
1443029.000000
776557.000000
1556771.000000
1418517.000000
1338774.000000
1389967.000000
950022.000000
1646180.000000
56654.000000
1517943.000000
1376527.000000
19799.000000
931004.000000
1193556.000000
1532418.000000
1505201.000000
993910.000000
595623.000000
1010284.000000
1514335.000000
96170.000000
802458.000000
1052633.000000
667637.000000
911185.000000
1380462.000000
1460149.000000
743191.000000
1652062.000000
1213493.000000
808892.000000
616656.000000
845862.000000
1143538.000000
359537.000000
201939.000000
1043046.000000
1160830.000000
1421841.000000
1478762.000000
1657618.000000
427703.000000
1481735.000000
1524516.000000
589531.000000
1391263.000000
1077354.000000
933882.000000
1256268.000000
1301560.000000
1487314.000000
1115816.000000
1485843.000000
81401.000000
1356834.000000
1519312.000000
1356946.000000
272448.000000
1438659.000000
1445575.000000
114582.000000
70842.000000
1557097.000000
1198554.000000
1322075.000000
1295935.000000
1421376.000000
1295004.000000
1137455.000000
669212.000000
1191794.000000
1107369.000000
1515103.000000
844178.000000
1047018.000000
384873.000000
1227532.000000
1075840.000000
1295587.000000
1030274.000000
1444948.000000
1542910.000000
254171.000000
1221993.000000
607865.000000
1325184.000000
216341.000000
542325.000000
689024.000000
1019422.000000
787908.000000
1250559.000000
1741755.000000
1428687.000000
1577894.000000
1506105.000000
137034.000000
529514.000000
1445824.000000
824643.000000
523131.000000
1223032.000000
1067892.000000
1521502.000000
1478307.000000
1006558.000000
1297625.000000
1464210.000000
1092949.000000
1263125.000000
17726.000000
1000742.000000
119287.000000
175008.000000
1299360.000000
784603.000000
1467166.000000
1555928.000000
1410587.000000
1493325.000000
133947.000000
977626.000000
1307802.000000
1176174.000000
892248.000000
1585185.000000
1195437.000000
668477.000000
1457313.000000
1448727.000000
1466416.000000
1279712.000000
1495492.000000
590406.000000
703287.000000
409678.000000
878645.000000
1175323.000000
1643240.000000
1135861.000000
1466484.000000
1260434.000000
1070027.000000
1193939.000000
1188912.000000
107237.000000
1256422.000000
1186401.000000
1138461.000000
409893.000000
1185843.000000
1499780.000000
934249.000000
1417919.000000
671021.000000
1509749.000000
1334018.000000
1139872.000000
927397.000000
1322064.000000
1695085.000000
1599097.000000
11616.000000
1466735.000000
1156901.000000
16621.000000
1339731.000000
947133.000000
1245870.000000
1072301.000000
1354143.000000
1178777.000000
890427.000000
1428731.000000
81973.000000
1504258.000000
1318953.000000
994830.000000
620217.000000
1090587.000000
1079485.000000
1309520.000000
1203182.000000
73369.000000
1322207.000000
642228.000000
1386051.000000
320885.000000
1598558.000000
833536.000000
1568143.000000
1272922.000000
1220999.000000
524358.000000
1443689.000000
425829.000000
1710518.000000
1231330.000000
233000.000000
1599611.000000
1248572.000000
1545248.000000
139628.000000
1910681.000000
1490037.000000
440620.000000
449899.000000
1403856.000000
1325272.000000
322312.000000
543753.000000
1386263.000000
1413945.000000
741028.000000
1583754.000000
831899.000000
596933.000000
798920.000000
1312876.000000
479174.000000
1380978.000000
78087.000000
897282.000000
534233.000000
1639930.000000
1532180.000000
258746.000000
1597744.000000
1354701.000000
676473.000000
1548263.000000
1396276.000000
1365985.000000
1469234.000000
110683.000000
646847.000000
310379.000000
1336244.000000
121242.000000
652806.000000
1397101.000000
475194.000000
1328686.000000
1545201.000000
1188695.000000
1632801.000000
802166.000000
1491453.000000
627399.000000
1115705.000000
1428289.000000
1310966.000000
520042.000000
1221531.000000
803687.000000
24856.000000
20993.000000
1629733.000000
1037919.000000
7258.000000
1401460.000000
1225911.000000
971410.000000
177280.000000
1010016.000000
1197222.000000
1232505.000000
1260269.000000
655415.000000
381328.000000
1509902.000000
1095692.000000
1156450.000000
1205728.000000
895252.000000
999586.000000
1363673.000000
1230670.000000
1454395.000000
1431552.000000
1479356.000000
1467138.000000
844973.000000
1481860.000000
476321.000000
1178168.000000
1185403.000000
1399914.000000
675214.000000
1053758.000000
730596.000000
18481.000000
992326.000000
1271803.000000
1147779.000000
1591049.000000
1353320.000000
1267598.000000
1488746.000000
918998.000000
659858.000000
1240123.000000
1346096.000000
1197280.000000
1473768.000000
194334.000000
1119743.000000
1126631.000000
1352358.000000
1266338.000000
931511.000000
380374.000000
1265478.000000
567287.000000
987626.000000
938449.000000
1351485.000000
506812.000000
974492.000000
1121897.000000
1396464.000000
636455.000000
1426862.000000
614464.000000
1415462.000000
885112.000000
144228.000000
914849.000000
1177685.000000
1673860.000000
1438591.000000
1390917.000000
1524162.000000
1327376.000000
170382.000000
1083965.000000
1351512.000000
1257379.000000
502136.000000
935725.000000
1192021.000000
1396579.000000
1014523.000000
1263943.000000
1029085.000000
1608632.000000
265034.000000
1375526.000000
1260006.000000
1323711.000000
1454553.000000
920363.000000
1288151.000000
1076051.000000
1103275.000000
1096732.000000
1496912.000000
1492051.000000
1560832.000000
1397979.000000
102736.000000
1655468.000000
1135805.000000
1063668.000000
1454036.000000
1102253.000000
1766062.000000
1522728.000000
1153517.000000
93030.000000
1147875.000000
1694313.000000
1415461.000000
574687.000000
1133673.000000
1389793.000000
1434530.000000
1585896.000000
1257024.000000
940048.000000
368659.000000
1308999.000000
774162.000000
75821.000000
1487999.000000
1474959.000000
1378323.000000
1278677.000000
1094379.000000
900699.000000
1406993.000000
1273972.000000
1167103.000000
1388553.000000
16763.000000
1310696.000000
428189.000000
884912.000000
585935.000000
260899.000000
839608.000000
593907.000000
1396438.000000
1177953.000000
636565.000000
157007.000000
779571.000000
1478265.000000
1516740.000000
1313674.000000
920201.000000
142141.000000
1212665.000000
919574.000000
422196.000000
1282011.000000
239594.000000
1199005.000000
1315721.000000
1639284.000000
1342316.000000
1437445.000000
730940.000000
1328999.000000
1201412.000000
1270416.000000
1051945.000000
829948.000000
1361567.000000
1071724.000000
888395.000000
18573.000000
1165192.000000
1482377.000000
903228.000000
1500544.000000
849779.000000
465382.000000
1208266.000000
1471323.000000
1100780.000000
1136583.000000
1522277.000000
1232192.000000
735534.000000
1214414.000000
1432417.000000
509258.000000
1380353.000000
1321240.000000
1620006.000000
1355106.000000
267729.000000
19008.000000
454962.000000
1619888.000000
1596283.000000
641386.000000
286164.000000
1052490.000000
443681.000000
877383.000000
1591607.000000
238004.000000
380175.000000
1248305.000000
146816.000000
1379726.000000
1588603.000000
1370771.000000
1042163.000000
182091.000000
1614946.000000
1044392.000000
1039827.000000
425160.000000
1228332.000000
1436414.000000
1219522.000000
357409.000000
1190266.000000
1723310.000000
131094.000000
1336828.000000
1239559.000000
1221215.000000
308426.000000
1410524.000000
1442531.000000
1495647.000000
877414.000000
1134801.000000
1382124.000000
273957.000000
1307025.000000
629004.000000
1548516.000000
1085600.000000
1137247.000000
1186190.000000
1210150.000000
1051804.000000
1187646.000000
1366241.000000
1320394.000000
1195490.000000
931226.000000
812694.000000
1362798.000000
1299375.000000
1444814.000000
1542401.000000
659238.000000
801677.000000
144423.000000
1182283.000000
225561.000000
978789.000000
1606561.000000
1452908.000000
566053.000000
1090787.000000
1236934.000000
575986.000000
801472.000000
1083590.000000
657769.000000
1217070.000000
1335383.000000
1513635.000000
936878.000000
1016892.000000
1337641.000000
1266632.000000
1250839.000000
74065.000000
1149564.000000
1451741.000000
1424071.000000
1381003.000000
1146444.000000
1624058.000000
172839.000000
1413526.000000
1630580.000000
1581281.000000
60632.000000
1313330.000000
664672.000000
474529.000000
709262.000000
826442.000000
620816.000000
298540.000000
1081298.000000
1337758.000000
1093240.000000
1668082.000000
1290058.000000
1319031.000000
30663.000000
107137.000000
1166434.000000
365206.000000
1103946.000000
1420639.000000
1090898.000000
560008.000000
1629829.000000
1454689.000000
886569.000000
1571336.000000
404944.000000
885851.000000
647459.000000
1692010.000000
1070752.000000
1358641.000000
1275234.000000
91830.000000
506372.000000
87648.000000
440665.000000
1694345.000000
844131.000000
1259898.000000
1053205.000000
828275.000000
1274027.000000
1450128.000000
1601113.000000
798913.000000
1494331.000000
1164049.000000
1386876.000000
1047749.000000
1098392.000000
813872.000000
1325696.000000
1147485.000000
453530.000000
1049880.000000
1009539.000000
1302207.000000
645486.000000
1436202.000000
1020246.000000
1411565.000000
540711.000000
1443713.000000
1423754.000000
1425261.000000
1317803.000000
978833.000000
24597.000000
1566671.000000
529105.000000
1314177.000000
582475.000000
904292.000000
113166.000000
1195500.000000
990505.000000
1361368.000000
866154.000000
303758.000000
1384110.000000
313047.000000
1582146.000000
1245348.000000
404060.000000
1426308.000000
1198995.000000
1252957.000000
363505.000000
1529436.000000
421449.000000
1394369.000000
671502.000000
833066.000000
976933.000000
1009913.000000
1514109.000000
1225659.000000
1319644.000000
1368615.000000
1113988.000000
1349406.000000
561583.000000
1247502.000000
1080526.000000
1591964.000000
1559217.000000
51059.000000
1594541.000000
619509.000000
1285089.000000
927828.000000
1528667.000000
1261901.000000
838008.000000
1264512.000000
196518.000000
1315456.000000
1360836.000000
1624655.000000
69126.000000
1363625.000000
714504.000000
1272411.000000
644216.000000
224721.000000
1172523.000000
712890.000000
1082361.000000
1425880.000000
1513435.000000
347686.000000
22078.000000
745954.000000
929029.000000
1202972.000000
737093.000000
35378.000000
892589.000000
1370375.000000
1068506.000000
1460643.000000
1309417.000000
375012.000000
1455707.000000
633836.000000
1394299.000000
1337024.000000
1364041.000000
1440833.000000
468807.000000
258569.000000
1339523.000000
1008033.000000
891801.000000
923401.000000
1549783.000000
713990.000000
1392771.000000
1517902.000000
1627193.000000
1471753.000000
419721.000000
571429.000000
1459156.000000
814543.000000
1572957.000000
1528497.000000
1208218.000000
1134592.000000
1320042.000000
1164977.000000
1169211.000000
1574439.000000
1417550.000000
173111.000000
16377.000000
583539.000000
67475.000000
1502061.000000
1109204.000000
1221388.000000
1301713.000000
292793.000000
1467597.000000
528550.000000
242642.000000
1222638.000000
904625.000000
1313193.000000
1116783.000000
1363110.000000
948565.000000
511565.000000
608641.000000
128587.000000
1045924.000000
279919.000000
933896.000000
1167209.000000
1459290.000000
1217775.000000
1522335.000000
1126266.000000
1131948.000000
1180594.000000
1451599.000000
1213047.000000
635894.000000
971227.000000
639301.000000
664794.000000
180148.000000
1086496.000000
445283.000000
1489482.000000
1012366.000000
22255.000000
405528.000000
1455390.000000
1221946.000000
1499439.000000
1310822.000000
459256.000000
1469544.000000
1200731.000000
966798.000000
516309.000000
1568009.000000
1359407.000000
316577.000000
1633995.000000
1298327.000000
1139769.000000
65938.000000
1607160.000000
930252.000000
1149516.000000
1146396.000000
1485793.000000
777812.000000
1518799.000000
1746748.000000
1461085.000000
1277553.000000
1076761.000000
1652965.000000
1366785.000000
1190545.000000
1579212.000000
1150344.000000
1595415.000000
785173.000000
1501503.000000
1290318.000000
1336166.000000
710502.000000
610887.000000
1239020.000000
775072.000000
1472840.000000
924018.000000
430469.000000
1361947.000000
1182274.000000
1196622.000000
93578.000000
970877.000000
1320658.000000
1060492.000000
844992.000000
1407138.000000
1397619.000000
1019276.000000
1448764.000000
697461.000000
1360458.000000
1299114.000000
1527931.000000
1222105.000000
782295.000000
561514.000000
1418355.000000
230892.000000
1480855.000000
1320431.000000
1515420.000000
1401561.000000
147124.000000
960172.000000
553465.000000
363782.000000
1582586.000000
1241017.000000
445241.000000
1352135.000000
1254023.000000
1295329.000000
1640883.000000
1247446.000000
1230874.000000
1554002.000000
1345691.000000
730242.000000
1470383.000000
513675.000000
1206981.000000
1583895.000000
1255697.000000
1560789.000000
504120.000000
728732.000000
1541082.000000
1313615.000000
867590.000000
1357331.000000
1407512.000000
1285708.000000
363012.000000
1041536.000000
1215161.000000
1440253.000000
1337422.000000
1049284.000000
1064943.000000
1313069.000000
498503.000000
588654.000000
1098987.000000
194348.000000
542851.000000
1416914.000000
194274.000000
98484.000000
185304.000000
1144407.000000
1180628.000000
1540351.000000
1196633.000000
1221906.000000
393075.000000
423112.000000
1537615.000000
1474301.000000
1198174.000000
1249486.000000
1120961.000000
982687.000000
1276487.000000
1122813.000000
939779.000000
239371.000000
427144.000000
722975.000000
145976.000000
1600056.000000
1071480.000000
774576.000000
1035563.000000
1470432.000000
1208431.000000
1306367.000000
978620.000000
994537.000000
581011.000000
1368928.000000
1174920.000000
734922.000000
139911.000000
1235364.000000
606242.000000
1012178.000000
509555.000000
1472053.000000
1306313.000000
1383026.000000
1271770.000000
1176524.000000
919958.000000
543224.000000
976774.000000
321708.000000
971999.000000
572708.000000
1313610.000000
1356259.000000
902377.000000
1285144.000000
586206.000000
1475410.000000
1670763.000000
1132957.000000
352977.000000
1449980.000000
1581257.000000
1019587.000000
160283.000000
1562428.000000
1600253.000000
1412204.000000
788422.000000
1122993.000000
1476393.000000
1028339.000000
1099095.000000
431646.000000
1626499.000000
757231.000000
1039492.000000
14313.000000
1218114.000000
1388982.000000
1155376.000000
1658437.000000
1645516.000000
132232.000000
1475459.000000
1141485.000000
1374990.000000
1116983.000000
1624910.000000
1301538.000000
1355627.000000
832515.000000
625554.000000
683754.000000
1452579.000000
1502543.000000
1470558.000000
482064.000000
1415083.000000
1534468.000000
368698.000000
1541109.000000
813903.000000
966556.000000
546211.000000
1559126.000000
1326813.000000
351612.000000
1187200.000000
1461571.000000
1335033.000000
999006.000000
783554.000000
1337118.000000
1381769.000000
1555701.000000
493253.000000
1412355.000000
1023793.000000
885385.000000
1555378.000000
1194342.000000
1557422.000000
978136.000000
1211374.000000
1435821.000000
1312484.000000
810767.000000
1244424.000000
1138705.000000
1487888.000000
1386478.000000
689571.000000
1299079.000000
1483404.000000
1479781.000000
586284.000000
1156991.000000
1421243.000000
168340.000000
1294190.000000
1355242.000000
1411324.000000
1327460.000000
1488469.000000
1388021.000000
1195500.000000
1443422.000000
1052213.000000
1295642.000000
1493347.000000
1559678.000000
576206.000000
887144.000000
1583356.000000
904667.000000
1642971.000000
1271604.000000
1465163.000000
1064823.000000
1658299.000000
365220.000000
1631771.000000
936425.000000
100944.000000
1221104.000000
933516.000000
1247906.000000
1405989.000000
1151877.000000
179059.000000
587079.000000
1259831.000000
1361524.000000
1464303.000000
1313023.000000
1707592.000000
1316169.000000
965975.000000
1187800.000000
715732.000000
1435380.000000
974961.000000
918214.000000
1156253.000000
857918.000000
1246986.000000
827790.000000
680656.000000
942488.000000
1424159.000000
953711.000000
1738225.000000
1489197.000000
1359268.000000
1538232.000000
913749.000000
867535.000000
1628407.000000
935852.000000
1045314.000000
506919.000000
656975.000000
1683614.000000
1537152.000000
678206.000000
1139708.000000
1000399.000000
871080.000000
1385130.000000
202616.000000
770146.000000
1601614.000000
1451033.000000
1162810.000000
191963.000000
1120815.000000
1503179.000000
65975.000000
1597680.000000
588189.000000
997980.000000
942095.000000
1225594.000000
902504.000000
522840.000000
1072776.000000
743887.000000
1326748.000000
1499632.000000
388435.000000
359486.000000
1494198.000000
64855.000000
1331690.000000
821203.000000
266403.000000
858821.000000
1460437.000000
1103357.000000
1441987.000000
1629036.000000
1376871.000000
1448238.000000
732016.000000
1394201.000000
695227.000000
1546072.000000
351719.000000
1425215.000000
860917.000000
1186138.000000
1216465.000000
1539063.000000
1522036.000000
1476934.000000
582961.000000
1668541.000000
689705.000000
1086087.000000
790192.000000
1617492.000000
1072688.000000
88428.000000
1438692.000000
1167337.000000
837425.000000
1314166.000000
1408717.000000
1416685.000000
1327472.000000
1330751.000000
1510884.000000
603550.000000
1452715.000000
1673079.000000
354518.000000
1537442.000000
927542.000000
1438980.000000
1595168.000000
1012915.000000
116856.000000
1430594.000000
960137.000000
1507578.000000
978628.000000
1310379.000000
1242271.000000
88217.000000
1328850.000000
491177.000000
1524086.000000
1193070.000000
1048151.000000
1343819.000000
1334565.000000
1482892.000000
1511704.000000
1109797.000000
510811.000000
573042.000000
1300272.000000
925515.000000
87273.000000
377531.000000
875393.000000
1114838.000000
1215827.000000
500708.000000
1082841.000000
126326.000000
780325.000000
1183885.000000
985986.000000
1084601.000000
1373593.000000
1193940.000000
1250581.000000
528592.000000
1446164.000000
670141.000000
1176417.000000
1370027.000000
1384427.000000
1252391.000000
1340961.000000
1510431.000000
1375727.000000
1122475.000000
1692229.000000
162436.000000
78623.000000
1507396.000000
584842.000000
1247401.000000
1233822.000000
1155816.000000
18481.000000
1738544.000000
1240592.000000
254659.000000
1213146.000000
1320687.000000
1375470.000000
1507017.000000
275474.000000
1462257.000000
1268929.000000
1216471.000000
1433941.000000
1389315.000000
145277.000000
1302007.000000
873684.000000
1360123.000000
1453701.000000
578593.000000
1582221.000000
77245.000000
167237.000000
1137321.000000
123465.000000
282472.000000
1014097.000000
1266936.000000
1534338.000000
1072563.000000
1300434.000000
844681.000000
599353.000000
452550.000000
1330198.000000
1149141.000000
974693.000000
1424303.000000
1077242.000000
437275.000000
848842.000000
1464265.000000
78473.000000
881643.000000
1349390.000000
892517.000000
1570945.000000
491109.000000
1377515.000000
793789.000000
331304.000000
605114.000000
1476613.000000
1155580.000000
950762.000000
356850.000000
643602.000000
451710.000000
1241438.000000
1537126.000000
1644507.000000
1054733.000000
960962.000000
370328.000000
1091935.000000
1286982.000000
1232007.000000
1509339.000000
1065859.000000
959110.000000
1390541.000000
584970.000000
315829.000000
1006571.000000
1018259.000000
1338370.000000
1342873.000000
1064898.000000
1489151.000000
1099500.000000
122676.000000
320565.000000
422671.000000
1272190.000000
861237.000000
1200496.000000
1008508.000000
1498732.000000
1420040.000000
1150347.000000
1099785.000000
1277392.000000
912053.000000
957162.000000
1380007.000000
1649264.000000
632852.000000
1138811.000000
683557.000000
186900.000000
242163.000000
512110.000000
190200.000000
804579.000000
1157056.000000
1285162.000000
1280152.000000
1108212.000000
877378.000000
1122643.000000
1340366.000000
1479089.000000
822477.000000
204669.000000
1341763.000000
1248504.000000
1435648.000000
1334534.000000
1292512.000000
1142276.000000
271565.000000
1438671.000000
1346296.000000
1008482.000000
1566283.000000
1285461.000000
1303897.000000
301685.000000
1503135.000000
965259.000000
522731.000000
1200481.000000
173444.000000
420251.000000
1385709.000000
1131873.000000
1319005.000000
1005837.000000
1311245.000000
1430467.000000
1460195.000000
1114826.000000
1304968.000000
493334.000000
1048506.000000
1210054.000000
470208.000000
811842.000000
1430788.000000
802556.000000
1399162.000000
348443.000000
222440.000000
474486.000000
759111.000000
1379378.000000
1109692.000000
1393215.000000
