0.000000
0.000000
0.000000
0.000000
0.000000
0.000000
0.000000
0.000000
0.000000
0.000000
0.000000
0.000000
0.000000
0.000000
0.000000
0.000000
0.000000
0.000000
0.000000
0.000000
0.000000
0.000000
0.000000
9423555.000000
2251895.000000
5649616.000000
3925179.000000
3379032.000000
2554976.000000
1949657.000000
3115576.000000
4459665.000000
3938180.000000
5391931.000000
603951.000000
4335231.000000
109016.000000
2361736.000000
5527199.000000
3584212.000000
2281610.000000
4849225.000000
3836260.000000
4608791.000000
5329281.000000
4634451.000000
443517.000000
751056.000000
4039479.000000
416763.000000
3837277.000000
4562958.000000
6130043.000000
3357748.000000
2275456.000000
981680.000000
489109.000000
4093544.000000
2468428.000000
4334526.000000
598766.000000
4421662.000000
890114.000000
1730767.000000
3139193.000000
4909647.000000
3324430.000000
3642681.000000
581023.000000
1997302.000000
106255.000000
4101356.000000
2935057.000000
5293537.000000
1174383.000000
3182752.000000
3334402.000000
87318.000000
2845780.000000
5674923.000000
327016.000000
1931155.000000
2725598.000000
5742788.000000
5721929.000000
1444581.000000
3319920.000000
86158.000000
4066490.000000
1804699.000000
4026811.000000
5205356.000000
3967732.000000
2639237.000000
5282411.000000
5425973.000000
3207810.000000
1267327.000000
204086.000000
4332873.000000
504665.000000
3976741.000000
4360499.000000
5663102.000000
3857343.000000
2213476.000000
3792269.000000
5278913.000000
4816708.000000
5707114.000000
3512561.000000
2527066.000000
4213593.000000
3519355.000000
2926974.000000
4052597.000000
4552227.000000
1137812.000000
1427293.000000
2471166.000000
4535570.000000
3055250.000000
3094413.000000
4063135.000000
634129.000000
1518009.000000
2294594.000000
3553998.000000
5236683.000000
822577.000000
3940520.000000
2464375.000000
5356186.000000
3954761.000000
2528988.000000
1636846.000000
1569628.000000
18925.000000
1948907.000000
483236.000000
4851126.000000
4370439.000000
4161865.000000
3109003.000000
1236190.000000
5364736.000000
672863.000000
1029654.000000
5045049.000000
157734.000000
4588624.000000
1789735.000000
560091.000000
553387.000000
3629035.000000
597694.000000
2957658.000000
1396665.000000
1997969.000000
4039198.000000
171229.000000
4434899.000000
4260113.000000
59596.000000
45885.000000
3910145.000000
4931900.000000
1358882.000000
4322340.000000
432639.000000
3573238.000000
1734959.000000
4977422.000000
4083805.000000
3773999.000000
2085902.000000
4242283.000000
630273.000000
2792389.000000
2839172.000000
4151357.000000
4272079.000000
104804.000000
5384277.000000
4607561.000000
4682802.000000
5215315.000000
262144.000000
3670044.000000
926447.000000
5945136.000000
339390.000000
3721982.000000
2184899.000000
2007441.000000
801415.000000
409536.000000
518622.000000
4346644.000000
3908803.000000
773543.000000
765368.000000
4650041.000000
72404.000000
5332692.000000
4058481.000000
3238304.000000
5168035.000000
3942479.000000
3821454.000000
3173499.000000
3048062.000000
65346.000000
3855984.000000
3760949.000000
2299036.000000
90458.000000
2670961.000000
3961522.000000
5916907.000000
2829736.000000
4309800.000000
5345582.000000
1986192.000000
993667.000000
3705005.000000
1485038.000000
2061492.000000
1371763.000000
3290389.000000
1780995.000000
3248458.000000
3762736.000000
3179133.000000
4492182.000000
2431887.000000
2136374.000000
3448340.000000
146742.000000
758775.000000
4983219.000000
2478949.000000
3913641.000000
3662066.000000
4708940.000000
4857502.000000
2462048.000000
5478153.000000
3407670.000000
3370663.000000
2896443.000000
3097106.000000
428129.000000
292838.000000
2464086.000000
342237.000000
3523223.000000
4648590.000000
3649599.000000
4646621.000000
1942537.000000
2724537.000000
3127943.000000
2594017.000000
910089.000000
187244.000000
552759.000000
1516937.000000
2515050.000000
1805721.000000
3374434.000000
3997371.000000
289586.000000
3270669.000000
4265219.000000
581069.000000
5404874.000000
1070625.000000
2981344.000000
2758184.000000
2623223.000000
5178815.000000
848840.000000
559240.000000
1382772.000000
2102374.000000
125559.000000
1799871.000000
4753242.000000
4028916.000000
1928749.000000
879864.000000
4750332.000000
93704.000000
3700499.000000
10883.000000
4391805.000000
4914951.000000
4065114.000000
3876476.000000
619491.000000
4684859.000000
4612514.000000
4531227.000000
4145141.000000
3824793.000000
2450330.000000
478982.000000
3158760.000000
5016574.000000
3391101.000000
4901646.000000
3511677.000000
3156520.000000
356031.000000
3554308.000000
3969701.000000
396066.000000
5715974.000000
1507472.000000
3425162.000000
3754630.000000
1376277.000000
139362.000000
4236133.000000
4615989.000000
3981176.000000
4416293.000000
3723772.000000
2696004.000000
1408410.000000
5321491.000000
997062.000000
2707634.000000
4453934.000000
5179145.000000
813584.000000
714048.000000
5125792.000000
2410216.000000
5869196.000000
2313716.000000
1117427.000000
4006560.000000
4432766.000000
5032386.000000
3463491.000000
3897577.000000
4171067.000000
4359116.000000
4526580.000000
3075979.000000
4109359.000000
5477454.000000
5290323.000000
4778356.000000
4551260.000000
4096567.000000
726267.000000
3261746.000000
1478441.000000
2337475.000000
1417596.000000
4447299.000000
5790808.000000
5023432.000000
1280938.000000
2571230.000000
5314650.000000
677642.000000
2790036.000000
5717425.000000
2538340.000000
1119930.000000
3364462.000000
2016350.000000
5072578.000000
1278206.000000
489033.000000
3334400.000000
4252590.000000
4525501.000000
3396494.000000
2762106.000000
2444862.000000
3620793.000000
1384666.000000
3215955.000000
1755138.000000
3035215.000000
2801349.000000
6321962.000000
1516541.000000
507886.000000
5086019.000000
841512.000000
4653808.000000
1043411.000000
1496915.000000
4164182.000000
5072840.000000
4292278.000000
902559.000000
3458733.000000
1440197.000000
4765387.000000
991889.000000
2767179.000000
1302197.000000
3641006.000000
4150778.000000
3100266.000000
3528413.000000
4744308.000000
172449.000000
5651863.000000
4383928.000000
4309810.000000
2078759.000000
4559890.000000
3728973.000000
4638518.000000
5187475.000000
2697256.000000
5237075.000000
3915802.000000
5945501.000000
3666485.000000
979869.000000
4502544.000000
5089234.000000
3261271.000000
4416933.000000
3000187.000000
3955432.000000
308471.000000
339812.000000
1342207.000000
4982568.000000
5211577.000000
1862691.000000
3858228.000000
4028043.000000
5708922.000000
2831422.000000
2385485.000000
6394796.000000
3908211.000000
4547529.000000
3636904.000000
3172111.000000
3948899.000000
5385819.000000
459296.000000
361787.000000
3845272.000000
3601976.000000
1348597.000000
4047978.000000
3269913.000000
3495984.000000
231289.000000
4925260.000000
1097035.000000
4337747.000000
1825340.000000
875204.000000
540452.000000
4935004.000000
2156450.000000
5581515.000000
3106590.000000
3716855.000000
4529352.000000
381235.000000
4666179.000000
4709131.000000
3803442.000000
86178.000000
4040396.000000
4238649.000000
178925.000000
3900976.000000
4666685.000000
3940264.000000
155685.000000
2587442.000000
2436883.000000
3551845.000000
4620524.000000
3129759.000000
123794.000000
2200990.000000
3822653.000000
890700.000000
1956156.000000
4590916.000000
2411593.000000
115698.000000
4817489.000000
5415106.000000
1829510.000000
2773847.000000
3888733.000000
357344.000000
528033.000000
4762331.000000
5150017.000000
1048772.000000
5039967.000000
1149470.000000
5620927.000000
82105.000000
657648.000000
6093486.000000
1209200.000000
2074180.000000
1758795.000000
5005940.000000
3773050.000000
3445158.000000
2642653.000000
400498.000000
407038.000000
2583749.000000
6122616.000000
4313542.000000
3579068.000000
4195728.000000
4043513.000000
3276409.000000
4766298.000000
3229493.000000
1502217.000000
4499163.000000
4384122.000000
3505171.000000
610018.000000
609538.000000
2791712.000000
3857104.000000
307646.000000
3601512.000000
4279158.000000
5651260.000000
3214382.000000
3361615.000000
285277.000000
4552706.000000
5106461.000000
3126938.000000
4894679.000000
5107082.000000
3252889.000000
5028812.000000
4725840.000000
368259.000000
3883897.000000
5700700.000000
406892.000000
475148.000000
5473299.000000
1889994.000000
3317035.000000
1569659.000000
4661259.000000
310148.000000
4392930.000000
3192810.000000
1571267.000000
268232.000000
109299.000000
3651718.000000
5024337.000000
912641.000000
2453236.000000
3950668.000000
6045157.000000
5548827.000000
3432136.000000
4931780.000000
2246707.000000
5061778.000000
724167.000000
1476448.000000
3531196.000000
5622988.000000
5519309.000000
4253195.000000
5932609.000000
2865694.000000
4387262.000000
725780.000000
1375662.000000
2811197.000000
1701235.000000
5378711.000000
1962555.000000
2941507.000000
3097898.000000
3493273.000000
289432.000000
933410.000000
3494415.000000
3443006.000000
4802076.000000
4695398.000000
2626259.000000
3326308.000000
4582853.000000
244909.000000
4429713.000000
2087036.000000
3398346.000000
4720473.000000
970894.000000
4291318.000000
3234610.000000
860747.000000
4770713.000000
5358095.000000
1159988.000000
1942367.000000
606724.000000
1638630.000000
4628826.000000
4333619.000000
3046456.000000
2338013.000000
2611943.000000
3309164.000000
1861252.000000
2917547.000000
3758029.000000
723424.000000
1090531.000000
3474476.000000
3328075.000000
2910324.000000
4108086.000000
5680400.000000
1897740.000000
1343283.000000
142107.000000
3274442.000000
2412642.000000
2901079.000000
757761.000000
4032714.000000
2879085.000000
4467111.000000
5045477.000000
1568386.000000
4768191.000000
3830525.000000
114282.000000
1705014.000000
4081942.000000
1377551.000000
2350353.000000
3174149.000000
1844443.000000
3852216.000000
73720.000000
3503361.000000
2188646.000000
1983367.000000
4175149.000000
575693.000000
3751680.000000
2940241.000000
4802690.000000
2598197.000000
4937448.000000
5084917.000000
5915674.000000
1665529.000000
1990052.000000
2578913.000000
5235259.000000
3910126.000000
4671693.000000
1094821.000000
2835210.000000
4837150.000000
1420320.000000
3932019.000000
145116.000000
3491789.000000
4802821.000000
363979.000000
2385789.000000
2394841.000000
2983413.000000
4622604.000000
5372466.000000
4920208.000000
4155077.000000
981372.000000
2940347.000000
534711.000000
125239.000000
5177497.000000
2504275.000000
1665474.000000
4275654.000000
3175619.000000
4594988.000000
5045743.000000
2619500.000000
4380109.000000
600961.000000
3513522.000000
5033290.000000
505183.000000
4828893.000000
4604026.000000
271455.000000
5153061.000000
2672941.000000
6156029.000000
4974331.000000
3854616.000000
1989367.000000
333527.000000
4535015.000000
129639.000000
4728162.000000
14039.000000
437298.000000
4586369.000000
4739259.000000
2826799.000000
484647.000000
3555933.000000
4626383.000000
4317702.000000
2515206.000000
388956.000000
577463.000000
914388.000000
4764005.000000
5357360.000000
1876841.000000
4790313.000000
4483495.000000
4235800.000000
4064345.000000
3533614.000000
843291.000000
339343.000000
659714.000000
5038508.000000
4658356.000000
770042.000000
4785291.000000
805845.000000
4702538.000000
2779513.000000
3311943.000000
4657544.000000
277795.000000
3990810.000000
1308724.000000
5205534.000000
1623009.000000
278421.000000
2093722.000000
2889225.000000
1223293.000000
4326638.000000
2086202.000000
5433447.000000
2368468.000000
1897965.000000
2511129.000000
124242.000000
3721284.000000
4279958.000000
1774667.000000
4495084.000000
2877909.000000
5149516.000000
4234821.000000
496347.000000
3213959.000000
4419974.000000
1284765.000000
1988789.000000
5115757.000000
4177978.000000
2305299.000000
4558154.000000
347264.000000
3251524.000000
4584411.000000
4327053.000000
3802314.000000
4900878.000000
4182379.000000
3438082.000000
24287.000000
3095227.000000
76850.000000
1301595.000000
5086557.000000
4341476.000000
294429.000000
330500.000000
5630150.000000
5016971.000000
7810.000000
4406242.000000
2621530.000000
1670778.000000
93200.000000
2705486.000000
4685890.000000
425002.000000
146675.000000
5426843.000000
3788880.000000
1397487.000000
2019135.000000
2493995.000000
4188537.000000
1998209.000000
5242086.000000
4213469.000000
4927274.000000
154119.000000
158401.000000
2094110.000000
3414857.000000
6354638.000000
4649536.000000
59412.000000
3527191.000000
3428164.000000
214888.000000
5564132.000000
2151817.000000
4759173.000000
3549581.000000
5820738.000000
2046546.000000
2297606.000000
1818566.000000
280679.000000
5909508.000000
4930442.000000
2424081.000000
5503575.000000
223130.000000
3338691.000000
3535241.000000
5514143.000000
651848.000000
239999.000000
4507794.000000
760337.000000
5149551.000000
2007176.000000
3098903.000000
3737769.000000
3911174.000000
1559927.000000
1415528.000000
4458487.000000
3208875.000000
683954.000000
1178982.000000
3548008.000000
4603559.000000
203515.000000
758382.000000
2988992.000000
588928.000000
3109277.000000
185011.000000
42746.000000
1267491.000000
4671548.000000
5630559.000000
4531507.000000
189089.000000
3281082.000000
3790040.000000
5122101.000000
2761429.000000
3949526.000000
2895530.000000
3146342.000000
303766.000000
4318797.000000
211641.000000
4290004.000000
3162652.000000
4334268.000000
124246.000000
2302424.000000
4415444.000000
3408650.000000
3688896.000000
3021516.000000
473203.000000
4479957.000000
1572543.000000
2940675.000000
258543.000000
323839.000000
5955209.000000
3768034.000000
4749714.000000
1554498.000000
5275577.000000
5074391.000000
1433524.000000
5023543.000000
2250940.000000
143593.000000
2665102.000000
2729994.000000
1636723.000000
2290611.000000
2573974.000000
4279851.000000
2640718.000000
5761646.000000
251666.000000
62577.000000
3593911.000000
2432421.000000
5066478.000000
247144.000000
1590075.000000
259268.000000
4606926.000000
289132.000000
2040156.000000
2784476.000000
5107556.000000
1507493.000000
2921091.000000
5606895.000000
4619327.000000
2644231.000000
1459094.000000
2550942.000000
3923267.000000
3437145.000000
1006830.000000
80816.000000
2830108.000000
4751272.000000
5208319.000000
1228923.000000
3819778.000000
4808655.000000
2384939.000000
4290239.000000
4328565.000000
3237384.000000
2893081.000000
4812453.000000
5898808.000000
5333317.000000
2872530.000000
2459493.000000
145238.000000
4473633.000000
2193288.000000
4844096.000000
1580830.000000
1288424.000000
3258052.000000
74181.000000
5760685.000000
4172223.000000
1207684.000000
2900402.000000
3740155.000000
1343532.000000
5185270.000000
1326649.000000
1318691.000000
4912530.000000
2591410.000000
4501133.000000
186994.000000
5993339.000000
6095474.000000
3624689.000000
1260324.000000
882185.000000
2417445.000000
4182553.000000
3162958.000000
1323908.000000
4231026.000000
2952698.000000
3391864.000000
2774596.000000
4961431.000000
3411618.000000
4757905.000000
1603279.000000
5471785.000000
4627475.000000
270892.000000
4269238.000000
2456041.000000
1937943.000000
2010235.000000
5264970.000000
1862551.000000
2954416.000000
5475721.000000
5315220.000000
3519740.000000
2854152.000000
1079963.000000
1575620.000000
5010745.000000
3108429.000000
5601230.000000
2926961.000000
5150830.000000
4099273.000000
1900362.000000
3104031.000000
2879130.000000
4918194.000000
3262071.000000
4054412.000000
5187351.000000
3142508.000000
423423.000000
1868125.000000
5146774.000000
4214452.000000
98086.000000
3715398.000000
599955.000000
464860.000000
133290.000000
835582.000000
3805382.000000
2484325.000000
4647822.000000
4092915.000000
2240016.000000
3788040.000000
5206775.000000
840387.000000
1829474.000000
4725672.000000
282669.000000
5140060.000000
6310687.000000
2133798.000000
157246.000000
1677950.000000
3713877.000000
4547714.000000
4491617.000000
4656952.000000
3778755.000000
6104360.000000
3365916.000000
699757.000000
1580535.000000
1249824.000000
768087.000000
4375848.000000
384090.000000
195471.000000
4440759.000000
738496.000000
1371025.000000
2409638.000000
3638931.000000
598417.000000
4755849.000000
4764365.000000
3285934.000000
2123912.000000
4807954.000000
175340.000000
5067038.000000
5498217.000000
1387717.000000
4489012.000000
227907.000000
5667529.000000
1562225.000000
3369725.000000
4179646.000000
1247810.000000
1237085.000000
468800.000000
3136304.000000
229033.000000
3084114.000000
4216432.000000
202345.000000
3936161.000000
4934544.000000
3647832.000000
4971007.000000
4549581.000000
219019.000000
4579996.000000
343802.000000
5500330.000000
4417374.000000
4946068.000000
4306225.000000
4762186.000000
377099.000000
920753.000000
2522008.000000
3522721.000000
3430755.000000
1882462.000000
4408626.000000
2208360.000000
2953127.000000
4860685.000000
3060477.000000
3156489.000000
3842497.000000
2297054.000000
283599.000000
953717.000000
2219820.000000
121199.000000
1065046.000000
222725.000000
4635154.000000
3559478.000000
3936324.000000
1464963.000000
25852.000000
4580135.000000
4504717.000000
4028428.000000
2247658.000000
4508145.000000
4666323.000000
3794857.000000
3330538.000000
3327093.000000
394690.000000
281009.000000
4420874.000000
1515853.000000
4437111.000000
302435.000000
4247700.000000
25523.000000
74666.000000
5257289.000000
141537.000000
3195122.000000
738626.000000
155590.000000
538612.000000
1691604.000000
5108487.000000
415442.000000
5501788.000000
3695631.000000
3257258.000000
4451630.000000
190876.000000
2699315.000000
3514974.000000
4279538.000000
3354886.000000
4695850.000000
4308062.000000
1317783.000000
3355695.000000
3503926.000000
3213572.000000
4219316.000000
1281706.000000
3124085.000000
64414.000000
2868885.000000
5589901.000000
35880.000000
2226082.000000
3205943.000000
4621046.000000
3129294.000000
5237372.000000
522441.000000
2319594.000000
5066790.000000
135802.000000
850742.000000
2778485.000000
766240.000000
3383064.000000
5711732.000000
4758130.000000
774396.000000
3891555.000000
3964792.000000
3459561.000000
537548.000000
1079503.000000
4548547.000000
272702.000000
157536.000000
2722577.000000
1761957.000000
3301394.000000
4274161.000000
4725962.000000
604988.000000
4103263.000000
4093445.000000
781116.000000
4798911.000000
1821566.000000
3492451.000000
4845723.000000
5541738.000000
4164181.000000
2979612.000000
4289543.000000
88003.000000
3978361.000000
4380935.000000
4686305.000000
321355.000000
2752764.000000
4122252.000000
144030.000000
85111.000000
4145031.000000
4842481.000000
3500459.000000
5291666.000000
4178066.000000
2996866.000000
5129279.000000
1388233.000000
4214069.000000
1757512.000000
3817860.000000
1855775.000000
5999669.000000
653974.000000
5327029.000000
5730735.000000
4695476.000000
2599558.000000
4120881.000000
5526341.000000
241314.000000
5495905.000000
529750.000000
5683360.000000
280843.000000
664261.000000
841192.000000
4052017.000000
1060703.000000
3807468.000000
5148353.000000
5053689.000000
3940456.000000
4702705.000000
250542.000000
566849.000000
5638151.000000
1439170.000000
593225.000000
4278491.000000
5167060.000000
5066100.000000
4660446.000000
3088677.000000
4725835.000000
4452585.000000
5611620.000000
5123844.000000
21866.000000
3050460.000000
114519.000000
343304.000000
3098239.000000
1512944.000000
3896601.000000
5168727.000000
4921081.000000
4983254.000000
111615.000000
3047400.000000
3511977.000000
2582358.000000
1949274.000000
4567741.000000
4036049.000000
1373924.000000
4502868.000000
5410914.000000
4437897.000000
4307528.000000
3455975.000000
779120.000000
963356.000000
510684.000000
1209901.000000
3432466.000000
4208520.000000
4609875.000000
4756676.000000
4215335.000000
3465050.000000
4389473.000000
3641022.000000
153705.000000
4124607.000000
3117466.000000
4636326.000000
427133.000000
4103803.000000
5139321.000000
1912072.000000
3431900.000000
1127617.000000
4253995.000000
5642901.000000
3233235.000000
4190344.000000
2865850.000000
6123123.000000
5408005.000000
10235.000000
2774989.000000
1457202.000000
23566.000000
4574809.000000
3864197.000000
3911986.000000
4482161.000000
3472554.000000
5062521.000000
1968264.000000
5233417.000000
102877.000000
4689049.000000
3042593.000000
2648814.000000
796737.000000
1538993.000000
4921923.000000
3292382.000000
3404565.000000
85135.000000
4664116.000000
598360.000000
3393942.000000
163209.000000
4137891.000000
1532563.000000
4401542.000000
4322214.000000
4214915.000000
671092.000000
3943794.000000
344971.000000
4250154.000000
5858295.000000
180155.000000
4259238.000000
4388527.000000
3301357.000000
135866.000000
4301741.000000
4614961.000000
715518.000000
755538.000000
4999085.000000
3919843.000000
375496.000000
451099.000000
3429416.000000
4605193.000000
1818658.000000
5619036.000000
1362071.000000
530255.000000
923504.000000
4368733.000000
488436.000000
4268367.000000
70797.000000
5192721.000000
592037.000000
4171054.000000
4523934.000000
346347.000000
5176632.000000
4307067.000000
1040063.000000
4792824.000000
3973691.000000
3188878.000000
3602811.000000
97959.000000
841983.000000
443586.000000
4211056.000000
124638.000000
563136.000000
5126303.000000
495827.000000
3069216.000000
5262220.000000
5459287.000000
3837391.000000
1488982.000000
4774155.000000
940312.000000
4478340.000000
2918462.000000
2897847.000000
1066032.000000
4902080.000000
4611687.000000
27704.000000
26335.000000
4414032.000000
2283760.000000
5871.000000
4952031.000000
3899636.000000
3527407.000000
326727.000000
1887962.000000
3916736.000000
3167961.000000
3164347.000000
927943.000000
449148.000000
5363848.000000
3811274.000000
3580036.000000
3773118.000000
4061450.000000
3385346.000000
4566811.000000
5466415.000000
2772590.000000
2183029.000000
4508550.000000
3456667.000000
1213413.000000
4506683.000000
572960.000000
4824959.000000
4670095.000000
3137289.000000
545339.000000
3695111.000000
3626011.000000
27187.000000
2728612.000000
2718464.000000
2880625.000000
2390141.000000
4353120.000000
6539283.000000
3758352.000000
1110082.000000
656552.000000
3521808.000000
4082445.000000
4348164.000000
4561823.000000
277288.000000
3484838.000000
2454107.000000
4322968.000000
3509053.000000
2577546.000000
436315.000000
4768765.000000
493956.000000
4333593.000000
965262.000000
5466953.000000
420638.000000
1535936.000000
5819887.000000
2516612.000000
635315.000000
3435715.000000
2029559.000000
3493037.000000
2654898.000000
165540.000000
4670136.000000
4023640.000000
3100964.000000
4765252.000000
3781295.000000
4039635.000000
4011092.000000
278971.000000
2716116.000000
3692969.000000
5023179.000000
630817.000000
748058.000000
4114829.000000
5014054.000000
3016858.000000
2504737.000000
2246160.000000
5117821.000000
287610.000000
4083641.000000
4715034.000000
4395775.000000
3882930.000000
2074631.000000
2866735.000000
4353892.000000
2561662.000000
1753867.000000
5412408.000000
5482984.000000
4854528.000000
3596189.000000
113820.000000
4414606.000000
5525084.000000
2612482.000000
4616363.000000
4892208.000000
5562264.000000
4758979.000000
3445241.000000
122381.000000
4234526.000000
5237098.000000
4261994.000000
1135468.000000
3685849.000000
3803950.000000
3589247.000000
5840277.000000
2477910.000000
2037156.000000
437002.000000
5664674.000000
976114.000000
71578.000000
4612391.000000
2689566.000000
5086476.000000
2625792.000000
5282642.000000
1630424.000000
5079695.000000
4266070.000000
5387455.000000
4463745.000000
25551.000000
4555707.000000
341786.000000
1930773.000000
721373.000000
193259.000000
5288876.000000
737702.000000
4748781.000000
4166524.000000
578304.000000
254280.000000
1241003.000000
4570549.000000
4090442.000000
2642552.000000
3700354.000000
195113.000000
3905128.000000
3649122.000000
453255.000000
3699077.000000
217700.000000
5128508.000000
3521041.000000
4342898.000000
3439767.000000
4463274.000000
1263733.000000
2723360.000000
4094681.000000
4917441.000000
1746274.000000
1157728.000000
4385931.000000
1741117.000000
1824971.000000
25103.000000
4747565.000000
5193759.000000
3793761.000000
4373700.000000
883756.000000
384488.000000
5442124.000000
4885161.000000
2905977.000000
3707965.000000
2679296.000000
2683127.000000
1127441.000000
4313825.000000
4766692.000000
842123.000000
3430941.000000
5375718.000000
4404932.000000
5232988.000000
265141.000000
17317.000000
443152.000000
3482368.000000
4529858.000000
544110.000000
298718.000000
3089322.000000
466233.000000
1360789.000000
5395325.000000
295730.000000
555654.000000
4846190.000000
120867.000000
3081389.000000
4003386.000000
3888496.000000
1875921.000000
224285.000000
3759474.000000
5448179.000000
4368398.000000
449568.000000
5456803.000000
4060465.000000
3680695.000000
581830.000000
5360732.000000
5449192.000000
181434.000000
5242888.000000
2703993.000000
2240217.000000
425190.000000
4839482.000000
4444890.000000
5175617.000000
605080.000000
2273275.000000
4586808.000000
425299.000000
4471956.000000
646736.000000
2779966.000000
3699829.000000
4013993.000000
3702308.000000
1663088.000000
2427220.000000
2134411.000000
1719951.000000
4040884.000000
4134770.000000
2027871.000000
2325330.000000
3220819.000000
4223129.000000
4362363.000000
3102920.000000
850576.000000
1247845.000000
104491.000000
5125343.000000
242496.000000
1742400.000000
3123273.000000
4549430.000000
657992.000000
1713415.000000
1613400.000000
694977.000000
4391558.000000
4222101.000000
1466031.000000
2437704.000000
3890370.000000
4961744.000000
4648682.000000
4410929.000000
3703250.000000
3405821.000000
4804291.000000
82701.000000
3075578.000000
4666641.000000
3720859.000000
3300246.000000
3642979.000000
4695509.000000
358908.000000
3545668.000000
3077792.000000
3341597.000000
59054.000000
2998820.000000
1065876.000000
599882.000000
3833793.000000
3702754.000000
786405.000000
358111.000000
5155025.000000
3898906.000000
3945919.000000
5741050.000000
4624539.000000
2659281.000000
34324.000000
110646.000000
3495016.000000
368377.000000
4979143.000000
4494541.000000
3161938.000000
1178328.000000
4957567.000000
4339087.000000
1041667.000000
5106134.000000
590588.000000
1986088.000000
1124514.000000
4016357.000000
5892394.000000
2800719.000000
3977369.000000
76720.000000
576172.000000
78224.000000
443080.000000
5577120.000000
3954423.000000
4762348.000000
3747069.000000
1227345.000000
3867403.000000
4925474.000000
4275747.000000
1181340.000000
3852581.000000
3992634.000000
5631906.000000
3460367.000000
1479428.000000
4107564.000000
4250046.000000
5852078.000000
537985.000000
4884814.000000
2616584.000000
4649591.000000
1072894.000000
4787579.000000
3432291.000000
4920667.000000
573996.000000
4137013.000000
5347924.000000
3022985.000000
3221123.000000
1276544.000000
19774.000000
4585413.000000
905116.000000
2235234.000000
757836.000000
1879385.000000
166632.000000
4086919.000000
2314854.000000
4474681.000000
1503644.000000
726744.000000
3473418.000000
442873.000000
5657962.000000
3999799.000000
667131.000000
3126605.000000
3472594.000000
3329472.000000
385340.000000
4148022.000000
363524.000000
5015559.000000
808953.000000
945334.000000
3046987.000000
1972220.000000
4619959.000000
4094369.000000
3274218.000000
5171413.000000
4518911.000000
4488035.000000
1466874.000000
1902697.000000
1461151.000000
3667681.000000
4663785.000000
70472.000000
2922753.000000
1184197.000000
4913895.000000
4160877.000000
4184466.000000
4818914.000000
1040233.000000
4826992.000000
284490.000000
4789087.000000
3265009.000000
5717222.000000
68185.000000
5217095.000000
1029386.000000
5288946.000000
953139.000000
364865.000000
3131687.000000
1923816.000000
3397484.000000
5164862.000000
2792948.000000
424835.000000
27933.000000
1098202.000000
1297891.000000
3171341.000000
849977.000000
83276.000000
4320112.000000
4823133.000000
2237656.000000
3832469.000000
5066480.000000
634452.000000
4350914.000000
488903.000000
4321246.000000
4351646.000000
4382935.000000
3957146.000000
542782.000000
419147.000000
6025875.000000
1907325.000000
1579330.000000
1748156.000000
3648822.000000
1227982.000000
4034675.000000
3778959.000000
4701107.000000
4670431.000000
659752.000000
432961.000000
3814146.000000
982894.000000
5335529.000000
3522801.000000
3382071.000000
2560452.000000
5879487.000000
4760844.000000
3242813.000000
4733337.000000
3236706.000000
189885.000000
29472.000000
1392368.000000
110169.000000
5280009.000000
2593884.000000
3604382.000000
2970775.000000
308540.000000
5064960.000000
509623.000000
226407.000000
3628099.000000
4469427.000000
3942428.000000
3315359.000000
3954683.000000
2015265.000000
366463.000000
969558.000000
147134.000000
4871193.000000
218303.000000
2479436.000000
3634994.000000
3563527.000000
4132611.000000
5544240.000000
4465311.000000
4891301.000000
6216469.000000
4003572.000000
4108526.000000
2729405.000000
2852712.000000
2282676.000000
894970.000000
216965.000000
4610346.000000
630721.000000
3992793.000000
3083615.000000
24666.000000
384460.000000
3910247.000000
3538272.000000
3397122.000000
2835387.000000
1447357.000000
4896609.000000
4527660.000000
5146241.000000
672878.000000
4571854.000000
4066814.000000
550242.000000
4799073.000000
3919970.000000
2935316.000000
61289.000000
4004578.000000
1816332.000000
3494011.000000
2329163.000000
3598530.000000
898555.000000
3389116.000000
3545486.000000
3936302.000000
4473617.000000
5565288.000000
5633914.000000
4373431.000000
2862205.000000
4127614.000000
2216669.000000
4536946.000000
1350567.000000
4213102.000000
2089291.000000
4229213.000000
1052848.000000
1073028.000000
5236408.000000
1186353.000000
5615660.000000
3042098.000000
390085.000000
4909688.000000
4837944.000000
4423894.000000
140904.000000
4040909.000000
2031667.000000
2627773.000000
1620745.000000
3333199.000000
2917914.000000
6133262.000000
3181821.000000
705020.000000
4655568.000000
3347739.000000
4136351.000000
3335887.000000
1072951.000000
498095.000000
4425903.000000
185233.000000
3305242.000000
3220253.000000
3889597.000000
3711024.000000
258705.000000
1142615.000000
3986248.000000
511260.000000
3052149.000000
5394397.000000
455567.000000
4621976.000000
3711864.000000
3542457.000000
4021505.000000
5324831.000000
2343712.000000
4972203.000000
5762801.000000
890745.000000
4029015.000000
759442.000000
5080928.000000
4858197.000000
3680427.000000
2681450.000000
596406.000000
790537.000000
5506419.000000
3467414.000000
1498770.000000
3106192.000000
4981265.000000
5312998.000000
464976.000000
2450584.000000
4884153.000000
2322362.000000
2318295.000000
1961411.000000
3278762.000000
2419412.000000
951002.000000
1093149.000000
1803822.000000
448505.000000
754936.000000
6200130.000000
276991.000000
166410.000000
200683.000000
6083297.000000
4508566.000000
3706896.000000
2790950.000000
3490461.000000
281466.000000
272779.000000
5039779.000000
4933438.000000
2717098.000000
3299255.000000
3556732.000000
2680180.000000
4378092.000000
5062795.000000
5751855.000000
363438.000000
503531.000000
2025377.000000
152211.000000
3207948.000000
2442952.000000
905102.000000
1692644.000000
5786800.000000
4305356.000000
3164160.000000
1096394.000000
2378443.000000
641709.000000
2800152.000000
4075451.000000
1327419.000000
325669.000000
4099649.000000
867304.000000
4216614.000000
700567.000000
5988540.000000
6178736.000000
3610052.000000
5243060.000000
3684585.000000
1797473.000000
632407.000000
3546504.000000
442274.000000
1381355.000000
911258.000000
5875512.000000
3714044.000000
1364186.000000
1791832.000000
741550.000000
4306752.000000
4188880.000000
5086128.000000
393591.000000
4123840.000000
2947120.000000
3876381.000000
195022.000000
3030863.000000
5015243.000000
4422244.000000
2648589.000000
2482845.000000
2441599.000000
2955060.000000
2355767.000000
312173.000000
3797343.000000
1302930.000000
4215013.000000
15433.000000
2533718.000000
4277251.000000
3915175.000000
4742201.000000
5490838.000000
151956.000000
4492395.000000
2313564.000000
2579503.000000
4612721.000000
5521295.000000
3168286.000000
3896757.000000
1562797.000000
997293.000000
2123963.000000
5377533.000000
4544407.000000
5256739.000000
674233.000000
5285558.000000
3854667.000000
424667.000000
5256538.000000
1838673.000000
2029260.000000
822898.000000
4129212.000000
3166386.000000
418760.000000
3521725.000000
4379256.000000
5701332.000000
3517603.000000
1107286.000000
5078913.000000
4341789.000000
3489974.000000
469914.000000
4552544.000000
4810636.000000
1388043.000000
5222659.000000
3024935.000000
4921659.000000
1537961.000000
3698123.000000
2989132.000000
2626882.000000
1184239.000000
3313821.000000
2584110.000000
4828683.000000
2526707.000000
920466.000000
5031156.000000
4400467.000000
5013808.000000
629857.000000
4296581.000000
2639208.000000
160061.000000
4367842.000000
3828406.000000
4664583.000000
4238544.000000
5899614.000000
5224039.000000
5480154.000000
2990875.000000
1410997.000000
5337620.000000
4202042.000000
2939304.000000
676088.000000
2070948.000000
3031605.000000
4697845.000000
4481485.000000
4786742.000000
4037983.000000
6221431.000000
4110028.000000
441265.000000
4345843.000000
3378244.000000
108070.000000
5610352.000000
3594358.000000
6051327.000000
2423788.000000
1524143.000000
208826.000000
1045333.000000
3498761.000000
3201342.000000
5452024.000000
4509276.000000
3725925.000000
2513011.000000
5786168.000000
3195299.000000
1174067.000000
4792661.000000
2815760.000000
5272494.000000
2008349.000000
1923300.000000
3888281.000000
1913345.000000
702449.000000
3454742.000000
2708920.000000
5206644.000000
5104657.000000
4849034.000000
4417384.000000
4299489.000000
1342858.000000
1729931.000000
5216052.000000
2392082.000000
5282483.000000
891441.000000
746702.000000
3479473.000000
4016814.000000
684727.000000
3092021.000000
2103612.000000
1685833.000000
6046265.000000
186712.000000
1291299.000000
3647400.000000
5189115.000000
4175150.000000
195493.000000
1877768.000000
4388306.000000
71280.000000
2210477.000000
889592.000000
2773912.000000
1951803.000000
4041021.000000
3079247.000000
607596.000000
1323277.000000
891455.000000
5005818.000000
3878757.000000
476038.000000
286922.000000
3367720.000000
98793.000000
4051968.000000
838787.000000
376604.000000
5256032.000000
4744991.000000
2480106.000000
5360369.000000
4851810.000000
2567814.000000
2346055.000000
2239078.000000
4037987.000000
1205500.000000
4821422.000000
387636.000000
2792008.000000
2312566.000000
5296810.000000
3010341.000000
4625079.000000
3144073.000000
6207487.000000
597239.000000
3955457.000000
1468751.000000
4627363.000000
1737260.000000
2734879.000000
4371934.000000
83623.000000
5373825.000000
3735722.000000
1369315.000000
3367246.000000
5746241.000000
5310969.000000
3102718.000000
4043235.000000
3591382.000000
1307267.000000
5565219.000000
4172812.000000
339684.000000
4589934.000000
2272589.000000
3565594.000000
3956704.000000
3549165.000000
120610.000000
3308708.000000
1897192.000000
4310888.000000
1317864.000000
5660531.000000
3835587.000000
102014.000000
4579065.000000
666358.000000
5920038.000000
5490769.000000
3385956.000000
3952841.000000
4718975.000000
3542124.000000
4090928.000000
1918179.000000
1118391.000000
492378.000000
4123365.000000
5181726.000000
98127.000000
668033.000000
2987525.000000
5631909.000000
3594555.000000
445883.000000
4828283.000000
231690.000000
1526945.000000
2488696.000000
2032258.000000
3142409.000000
2980462.000000
5078568.000000
3789150.000000
690795.000000
5111553.000000
1000180.000000
5512494.000000
4548957.000000
3493020.000000
2156946.000000
3263090.000000
4125607.000000
3519629.000000
5665494.000000
2576376.000000
148483.000000
124653.000000
3705321.000000
726370.000000
3499517.000000
3593164.000000
5119874.000000
26422.000000
3505593.000000
2392274.000000
95160.000000
3286067.000000
5315110.000000
4731678.000000
4590788.000000
354864.000000
3600364.000000
4699773.000000
3894077.000000
3784547.000000
5598728.000000
179081.000000
4020229.000000
1048055.000000
4824872.000000
4542872.000000
708175.000000
4206982.000000
75469.000000
276895.000000
3746481.000000
202907.000000
401783.000000
6502072.000000
3791041.000000
4609809.000000
2277250.000000
3564631.000000
1642308.000000
637634.000000
524949.000000
4556527.000000
2056739.000000
2914124.000000
3606424.000000
5622703.000000
398660.000000
4571070.000000
4376169.000000
80785.000000
4364099.000000
3235077.000000
1729119.000000
4295696.000000
661526.000000
4235942.000000
789233.000000
717963.000000
1182410.000000
5622249.000000
5257982.000000
1411706.000000
369753.000000
1476542.000000
653249.000000
2881682.000000
3352379.000000
5495331.000000
4802163.000000
3688041.000000
384153.000000
2956203.000000
3661184.000000
2875089.000000
4493251.000000
2733417.000000
1597006.000000
2513498.000000
777513.000000
315636.000000
4260803.000000
1820654.000000
4097772.000000
4268142.000000
1875171.000000
4078229.000000
5620966.000000
94326.000000
452640.000000
653049.000000
3363071.000000
1951897.000000
4228772.000000
3083799.000000
4029626.000000
2702595.000000
5325586.000000
5523857.000000
3396572.000000
3886727.000000
4702209.000000
4382243.000000
4254719.000000
948839.000000
2699806.000000
870576.000000
261226.000000
257903.000000
652755.000000
172319.000000
4180288.000000
1998373.000000
3069893.000000
3392955.000000
4851014.000000
1937598.000000
3735089.000000
4381196.000000
3097773.000000
1253503.000000
344795.000000
3635092.000000
4527633.000000
5013031.000000
5201915.000000
4378765.000000
5070673.000000
456846.000000
4486952.000000
2585980.000000
6246616.000000
4901356.000000
3143563.000000
2315505.000000
559307.000000
4103887.000000
1299192.000000
710415.000000
5367061.000000
175724.000000
391027.000000
3815990.000000
2394805.000000
5013805.000000
1349086.000000
4657926.000000
2916595.000000
4409370.000000
4096062.000000
3892630.000000
1007437.000000
3332653.000000
4968776.000000
446982.000000
998573.000000
2611555.000000
1645359.000000
2771255.000000
449927.000000
267269.000000
590484.000000
1503984.000000
5798476.000000
4136786.000000
3556408.000000
