0.000000
0.000000
0.000000
0.000000
0.000000
0.000000
0.000000
0.000000
0.000000
0.000000
0.000000
0.000000
0.000000
0.000000
0.000000
0.000000
0.000000
0.000000
0.000000
0.000000
0.000000
0.000000
0.000000
0.000000
0.000000
0.000000
0.000000
0.000000
0.000000
0.000000
0.000000
0.000000
0.000000
0.000000
0.000000
0.000000
0.000000
0.000000
0.000000
0.000000
0.000000
0.000000
0.000000
0.000000
0.000000
0.000000
0.000000
0.000000
0.000000
0.000000
0.000000
0.000000
0.000000
0.000000
0.000000
0.000000
0.000000
0.000000
0.000000
0.000000
0.000000
0.000000
0.000000
0.000000
0.000000
0.000000
0.000000
0.000000
0.000000
0.000000
0.000000
0.000000
0.000000
0.000000
0.000000
0.000000
0.000000
0.000000
0.000000
0.000000
0.000000
0.000000
0.000000
0.000000
0.000000
0.000000
0.000000
0.000000
0.000000
0.000000
0.000000
0.000000
0.000000
0.000000
0.000000
0.000000
0.000000
0.000000
0.000000
0.000000
0.000000
0.000000
0.000000
0.000000
0.000000
0.000000
0.000000
0.000000
0.000000
0.000000
0.000000
0.000000
0.000000
0.000000
0.000000
0.000000
0.000000
0.000000
0.000000
0.000000
0.000000
0.000000
0.000000
0.000000
0.000000
0.000000
0.000000
0.000000
0.000000
0.000000
0.000000
0.000000
0.000000
0.000000
0.000000
0.000000
0.000000
0.000000
0.000000
0.000000
0.000000
0.000000
0.000000
0.000000
0.000000
0.000000
0.000000
0.000000
0.000000
0.000000
0.000000
0.000000
0.000000
0.000000
0.000000
0.000000
0.000000
0.000000
0.000000
0.000000
0.000000
0.000000
0.000000
0.000000
0.000000
0.000000
0.000000
0.000000
0.000000
0.000000
0.000000
0.000000
0.000000
0.000000
0.000000
0.000000
0.000000
0.000000
0.000000
0.000000
0.000000
0.000000
0.000000
0.000000
0.000000
0.000000
0.000000
0.000000
0.000000
0.000000
0.000000
0.000000
0.000000
0.000000
0.000000
0.000000
0.000000
0.000000
0.000000
0.000000
0.000000
0.000000
0.000000
0.000000
0.000000
0.000000
0.000000
0.000000
0.000000
0.000000
0.000000
0.000000
0.000000
0.000000
0.000000
0.000000
0.000000
0.000000
0.000000
0.000000
0.000000
0.000000
0.000000
0.000000
0.000000
0.000000
0.000000
0.000000
0.000000
0.000000
0.000000
0.000000
0.000000
0.000000
0.000000
0.000000
0.000000
0.000000
0.000000
0.000000
0.000000
0.000000
0.000000
0.000000
0.000000
0.000000
0.000000
0.000000
0.000000
0.000000
0.000000
0.000000
685130.000000
249532.000000
385203.000000
262581.000000
401899.000000
399389.000000
360888.000000
478072.000000
373138.000000
386120.000000
399277.000000
432785.000000
412503.000000
136290.000000
350516.000000
375469.000000
436733.000000
372919.000000
433502.000000
459316.000000
244295.000000
371809.000000
425451.000000
372922.000000
422572.000000
360899.000000
384044.000000
358459.000000
393490.000000
485781.000000
378880.000000
328784.000000
338081.000000
443352.000000
147515.000000
382921.000000
385824.000000
451517.000000
394119.000000
406194.000000
504164.000000
101662.000000
418066.000000
9585.000000
433784.000000
445122.000000
401757.000000
400953.000000
341689.000000
439480.000000
447680.000000
420178.000000
404495.000000
436863.000000
400273.000000
310238.000000
411226.000000
392401.000000
404549.000000
475585.000000
417255.000000
384803.000000
259071.000000
348114.000000
363162.000000
222946.000000
376307.000000
422968.000000
419196.000000
373119.000000
384029.000000
134203.000000
422400.000000
421798.000000
427377.000000
438752.000000
411538.000000
440630.000000
441407.000000
513159.000000
367987.000000
429161.000000
313821.000000
468792.000000
368196.000000
350196.000000
447150.000000
386683.000000
382884.000000
387947.000000
405595.000000
401655.000000
384077.000000
430282.000000
479391.000000
455359.000000
442335.000000
382940.000000
387662.000000
397973.000000
389241.000000
391587.000000
446997.000000
456539.000000
404467.000000
414288.000000
322018.000000
391245.000000
468445.000000
347288.000000
348206.000000
427465.000000
441060.000000
454091.000000
375443.000000
348370.000000
398690.000000
379320.000000
431545.000000
423072.000000
345621.000000
409971.000000
407142.000000
415316.000000
391477.000000
375070.000000
289201.000000
407709.000000
400313.000000
510448.000000
400819.000000
387370.000000
401192.000000
520597.000000
321398.000000
363334.000000
378894.000000
469884.000000
372485.000000
415290.000000
390249.000000
332326.000000
400043.000000
393667.000000
393385.000000
419180.000000
364649.000000
452386.000000
462998.000000
428377.000000
393284.000000
404199.000000
308986.000000
403783.000000
416022.000000
392022.000000
435647.000000
450976.000000
427337.000000
364906.000000
401351.000000
418163.000000
166518.000000
494723.000000
470094.000000
442815.000000
424307.000000
437262.000000
409524.000000
417480.000000
424619.000000
358887.000000
404649.000000
372689.000000
437409.000000
451496.000000
353427.000000
430091.000000
443467.000000
321698.000000
476917.000000
490739.000000
387561.000000
219287.000000
210470.000000
373718.000000
339862.000000
376341.000000
333542.000000
362031.000000
380734.000000
466107.000000
387995.000000
411562.000000
454854.000000
459643.000000
395087.000000
349595.000000
374484.000000
440020.000000
438654.000000
310434.000000
243795.000000
394646.000000
338378.000000
350826.000000
430871.000000
400089.000000
393854.000000
215623.000000
427228.000000
509956.000000
387824.000000
408315.000000
323284.000000
295324.000000
468152.000000
344319.000000
418823.000000
337532.000000
431413.000000
370242.000000
256414.000000
389442.000000
385647.000000
461785.000000
77587.000000
408638.000000
384325.000000
153711.000000
410497.000000
460505.000000
419427.000000
123153.000000
458873.000000
396868.000000
414045.000000
349038.000000
392881.000000
137982.000000
363733.000000
422230.000000
402778.000000
407262.000000
437322.000000
416627.000000
73257.000000
458377.000000
445662.000000
414391.000000
380414.000000
414617.000000
287380.000000
288999.000000
414896.000000
464774.000000
389333.000000
449027.000000
356459.000000
444418.000000
96059.000000
329694.000000
434745.000000
355344.000000
441566.000000
367483.000000
457083.000000
398917.000000
373744.000000
359287.000000
280980.000000
271066.000000
371703.000000
469464.000000
395952.000000
370486.000000
448421.000000
426134.000000
416930.000000
392821.000000
412054.000000
437071.000000
434006.000000
405519.000000
394365.000000
323313.000000
342985.000000
414736.000000
459214.000000
217873.000000
410132.000000
391969.000000
361747.000000
378189.000000
427779.000000
235079.000000
398772.000000
433845.000000
369744.000000
437197.000000
410984.000000
397744.000000
408481.000000
400044.000000
257372.000000
495689.000000
400075.000000
301996.000000
298954.000000
409723.000000
351021.000000
423484.000000
363971.000000
385530.000000
243221.000000
392781.000000
345790.000000
395707.000000
242303.000000
132753.000000
371493.000000
410058.000000
300144.000000
488785.000000
417347.000000
435264.000000
424128.000000
425528.000000
454559.000000
390328.000000
441547.000000
325623.000000
374880.000000
393810.000000
443402.000000
392560.000000
415389.000000
428906.000000
374612.000000
443161.000000
409075.000000
415953.000000
368182.000000
460968.000000
409877.000000
472139.000000
459690.000000
362997.000000
445382.000000
237656.000000
324660.000000
369450.000000
336265.000000
407446.000000
427317.000000
477724.000000
492865.000000
409125.000000
231104.000000
468719.000000
349910.000000
422319.000000
422444.000000
363807.000000
446566.000000
432804.000000
428955.000000
410114.000000
374634.000000
438868.000000
332309.000000
301921.000000
414827.000000
490880.000000
473506.000000
376649.000000
450457.000000
375252.000000
433680.000000
415494.000000
338311.000000
418263.000000
344941.000000
366633.000000
399704.000000
413097.000000
316125.000000
432772.000000
389864.000000
401028.000000
391039.000000
148155.000000
382278.000000
381862.000000
377366.000000
360735.000000
362782.000000
377866.000000
439982.000000
452512.000000
524912.000000
374080.000000
392891.000000
98567.000000
315965.000000
403062.000000
415040.000000
344901.000000
410045.000000
394382.000000
417597.000000
64991.000000
383613.000000
412889.000000
385814.000000
386111.000000
339579.000000
375637.000000
335842.000000
400037.000000
399094.000000
452695.000000
403373.000000
393087.000000
404662.000000
451891.000000
443090.000000
486479.000000
488958.000000
430849.000000
431537.000000
449768.000000
418739.000000
376412.000000
407216.000000
134518.000000
455966.000000
401577.000000
263664.000000
371862.000000
346613.000000
427698.000000
413925.000000
438233.000000
386425.000000
368281.000000
407432.000000
326112.000000
326228.000000
151065.000000
432741.000000
432975.000000
392010.000000
466820.000000
438946.000000
455179.000000
397074.000000
454132.000000
420406.000000
293760.000000
375616.000000
400955.000000
355450.000000
393178.000000
462930.000000
176828.000000
437967.000000
389221.000000
438619.000000
382506.000000
386663.000000
355799.000000
246726.000000
381616.000000
95553.000000
405479.000000
14929.000000
299651.000000
378568.000000
364880.000000
368362.000000
307168.000000
430873.000000
405506.000000
366630.000000
421222.000000
296298.000000
323610.000000
355410.000000
409318.000000
420023.000000
424110.000000
477366.000000
410569.000000
419754.000000
360237.000000
416386.000000
336195.000000
262978.000000
328264.000000
376575.000000
408087.000000
346650.000000
451095.000000
321439.000000
429073.000000
313122.000000
438504.000000
434696.000000
202811.000000
390469.000000
374754.000000
447021.000000
440612.000000
218812.000000
433436.000000
425806.000000
360140.000000
417830.000000
391799.000000
437123.000000
334614.000000
359589.000000
461932.000000
135578.000000
376727.000000
388882.000000
365509.000000
442186.000000
388904.000000
388064.000000
381719.000000
306559.000000
400258.000000
436458.000000
386183.000000
340360.000000
396175.000000
402515.000000
446699.000000
434990.000000
290517.000000
358232.000000
415263.000000
452695.000000
416230.000000
492563.000000
422397.000000
430246.000000
26303.000000
399253.000000
83593.000000
427560.000000
354322.000000
392438.000000
242542.000000
260498.000000
366836.000000
451781.000000
8129.000000
450370.000000
359437.000000
411935.000000
86307.000000
396678.000000
389173.000000
332603.000000
147884.000000
502507.000000
416180.000000
440008.000000
382098.000000
377770.000000
436849.000000
402076.000000
411109.000000
441849.000000
450071.000000
191856.000000
113862.000000
382206.000000
429865.000000
424352.000000
424714.000000
49406.000000
340162.000000
366397.000000
208331.000000
458149.000000
387524.000000
371990.000000
432418.000000
501867.000000
370832.000000
354906.000000
317413.000000
216799.000000
437664.000000
482890.000000
397985.000000
443874.000000
214324.000000
404129.000000
469728.000000
376875.000000
301440.000000
215447.000000
395301.000000
292059.000000
524082.000000
420142.000000
372704.000000
499404.000000
460427.000000
342373.000000
398820.000000
414788.000000
433455.000000
344231.000000
371813.000000
430064.000000
514720.000000
195529.000000
359118.000000
370980.000000
306435.000000
412410.000000
170156.000000
55703.000000
414957.000000
419566.000000
509042.000000
396529.000000
169508.000000
469274.000000
394277.000000
550368.000000
429280.000000
395324.000000
402147.000000
458933.000000
253874.000000
391560.000000
176211.000000
423473.000000
445215.000000
368011.000000
121187.000000
431210.000000
426022.000000
383945.000000
375512.000000
391676.000000
312482.000000
421866.000000
329003.000000
421950.000000
226491.000000
251992.000000
500648.000000
425179.000000
414493.000000
398751.000000
393385.000000
422383.000000
395957.000000
473218.000000
337427.000000
135794.000000
435915.000000
424890.000000
367499.000000
490740.000000
390512.000000
398204.000000
369018.000000
436124.000000
239058.000000
89393.000000
378523.000000
381030.000000
419772.000000
234740.000000
394709.000000
187257.000000
408866.000000
266450.000000
343397.000000
391393.000000
442561.000000
367348.000000
383504.000000
442314.000000
436704.000000
372017.000000
366068.000000
451483.000000
403217.000000
404342.000000
389799.000000
64880.000000
396496.000000
401224.000000
467448.000000
297309.000000
440583.000000
401997.000000
347392.000000
417817.000000
449129.000000
357200.000000
360422.000000
394092.000000
433891.000000
453183.000000
407842.000000
324221.000000
171013.000000
439610.000000
402473.000000
400089.000000
404436.000000
374006.000000
393454.000000
75994.000000
440174.000000
483114.000000
386089.000000
411164.000000
412561.000000
364571.000000
430032.000000
373065.000000
385336.000000
367681.000000
409650.000000
394528.000000
159607.000000
476240.000000
419963.000000
408536.000000
366258.000000
313881.000000
441673.000000
441962.000000
417570.000000
382773.000000
387182.000000
429448.000000
448928.000000
418094.000000
484486.000000
383313.000000
396101.000000
421019.000000
423569.000000
452370.000000
246990.000000
402298.000000
405424.000000
399404.000000
379508.000000
368865.000000
376864.000000
454090.000000
446699.000000
405688.000000
414674.000000
308429.000000
439475.000000
335008.000000
409419.000000
398805.000000
469380.000000
355183.000000
421245.000000
415647.000000
404457.000000
347035.000000
348380.000000
437392.000000
367986.000000
405552.000000
428256.000000
375094.000000
305467.000000
458899.000000
432687.000000
398032.000000
83292.000000
352734.000000
352453.000000
280272.000000
136920.000000
379811.000000
494443.000000
397434.000000
459163.000000
434251.000000
393862.000000
428762.000000
399563.000000
370957.000000
375917.000000
457543.000000
235471.000000
421480.000000
465730.000000
403844.000000
114577.000000
417867.000000
426699.000000
406056.000000
451101.000000
368611.000000
422916.000000
412743.000000
404377.000000
329855.000000
360071.000000
325312.000000
390175.000000
329088.000000
248147.000000
194536.000000
357241.000000
409198.000000
444620.000000
407452.000000
419916.000000
316105.000000
429544.000000
431196.000000
406563.000000
367645.000000
415494.000000
185952.000000
423304.000000
524670.000000
416330.000000
462081.000000
190508.000000
437658.000000
325481.000000
430643.000000
486645.000000
387021.000000
383458.000000
284039.000000
390005.000000
196836.000000
371328.000000
403320.000000
198657.000000
395411.000000
390958.000000
414434.000000
443388.000000
481699.000000
180936.000000
453981.000000
276086.000000
402708.000000
415487.000000
400998.000000
453397.000000
421812.000000
317013.000000
379994.000000
404616.000000
354043.000000
456133.000000
439616.000000
448341.000000
448141.000000
372103.000000
466601.000000
408039.000000
396531.000000
399414.000000
361342.000000
226043.000000
440559.000000
386018.000000
113274.000000
386545.000000
206129.000000
379523.000000
409814.000000
365507.000000
399458.000000
31088.000000
433177.000000
460796.000000
410161.000000
376928.000000
360924.000000
442428.000000
413266.000000
426605.000000
440644.000000
282915.000000
186167.000000
421776.000000
441176.000000
398254.000000
235065.000000
403124.000000
24243.000000
71922.000000
462178.000000
115768.000000
428733.000000
384259.000000
172113.000000
317013.000000
427157.000000
436981.000000
246905.000000
457979.000000
434913.000000
385088.000000
392283.000000
184314.000000
363399.000000
372903.000000
440812.000000
373795.000000
449470.000000
369025.000000
382344.000000
429113.000000
467474.000000
487815.000000
442584.000000
334930.000000
430045.000000
72213.000000
333672.000000
430410.000000
22742.000000
413168.000000
406856.000000
398164.000000
346280.000000
412612.000000
319269.000000
324869.000000
371471.000000
105902.000000
422120.000000
477659.000000
396063.000000
375242.000000
456070.000000
404428.000000
373017.000000
399229.000000
386626.000000
464466.000000
270607.000000
339316.000000
462869.000000
243803.000000
167750.000000
401283.000000
445769.000000
329073.000000
374021.000000
442264.000000
323580.000000
440957.000000
477664.000000
379845.000000
507469.000000
488289.000000
399125.000000
433032.000000
414766.000000
434876.000000
366053.000000
494898.000000
91730.000000
449075.000000
361074.000000
402873.000000
259102.000000
440976.000000
382957.000000
117358.000000
132641.000000
415089.000000
444208.000000
369639.000000
372371.000000
470668.000000
365375.000000
440502.000000
462589.000000
388730.000000
316237.000000
355346.000000
430048.000000
409327.000000
314345.000000
511315.000000
512918.000000
431618.000000
416784.000000
421253.000000
428119.000000
265297.000000
396437.000000
343911.000000
389241.000000
209339.000000
330179.000000
334689.000000
500980.000000
379743.000000
399766.000000
422508.000000
420239.000000
407733.000000
408864.000000
174873.000000
331828.000000
395108.000000
464674.000000
333951.000000
433875.000000
403638.000000
458531.000000
440705.000000
431218.000000
460973.000000
422218.000000
335387.000000
403295.000000
29548.000000
432181.000000
135390.000000
250446.000000
421840.000000
484535.000000
392810.000000
401408.000000
454089.000000
402060.000000
125218.000000
464307.000000
352364.000000
424442.000000
435957.000000
396254.000000
466894.000000
435106.000000
405369.000000
418090.000000
414779.000000
422764.000000
359353.000000
331449.000000
433196.000000
345009.000000
339489.000000
478124.000000
436497.000000
391360.000000
392369.000000
362691.000000
442210.000000
419279.000000
453904.000000
138238.000000
412754.000000
379769.000000
413890.000000
296288.000000
424831.000000
416956.000000
400808.000000
377833.000000
379328.000000
413883.000000
489366.000000
431491.000000
442584.000000
479191.000000
424843.000000
390671.000000
13430.000000
367899.000000
373234.000000
24313.000000
394208.000000
479245.000000
440201.000000
437840.000000
434240.000000
414151.000000
369219.000000
372518.000000
98186.000000
368969.000000
380756.000000
398147.000000
369598.000000
413871.000000
377808.000000
459218.000000
417776.000000
89124.000000
435358.000000
305302.000000
442723.000000
194523.000000
368155.000000
431174.000000
436593.000000
395188.000000
401573.000000
288343.000000
430431.000000
289165.000000
433265.000000
426407.000000
219054.000000
388293.000000
416386.000000
343543.000000
123976.000000
440462.000000
400075.000000
377721.000000
321480.000000
397280.000000
426209.000000
258804.000000
303259.000000
356804.000000
370152.000000
459491.000000
397016.000000
322024.000000
340732.000000
377600.000000
403163.000000
317418.000000
403124.000000
74010.000000
472684.000000
339142.000000
389158.000000
347602.000000
267804.000000
423522.000000
418598.000000
421276.000000
511437.000000
363837.000000
436690.000000
358156.000000
136749.000000
349338.000000
283921.000000
381537.000000
131283.000000
346532.000000
452004.000000
294658.000000
360692.000000
498789.000000
469005.000000
384922.000000
381301.000000
404877.000000
361541.000000
405934.000000
427682.000000
352814.000000
319523.000000
396895.000000
436968.000000
24812.000000
25344.000000
398482.000000
351401.000000
7287.000000
384685.000000
424131.000000
433282.000000
235314.000000
380197.000000
457866.000000
348900.000000
415463.000000
372757.000000
305438.000000
438593.000000
426029.000000
408122.000000
390425.000000
381791.000000
461832.000000
357764.000000
442652.000000
396587.000000
418049.000000
380713.000000
391335.000000
376407.000000
421871.000000
369272.000000
480955.000000
437163.000000
372912.000000
307621.000000
441766.000000
379290.000000
26653.000000
350816.000000
440599.000000
444437.000000
377818.000000
389809.000000
421525.000000
409297.000000
426599.000000
323304.000000
365853.000000
431545.000000
404260.000000
432985.000000
209065.000000
393395.000000
391607.000000
396413.000000
319309.000000
349982.000000
317254.000000
403155.000000
325685.000000
404844.000000
411773.000000
462267.000000
301663.000000
356545.000000
383125.000000
381853.000000
347994.000000
474541.000000
335592.000000
448921.000000
345866.000000
182452.000000
405854.000000
425114.000000
419093.000000
395329.000000
404431.000000
380603.000000
358539.000000
192229.000000
436275.000000
422501.000000
424843.000000
328654.000000
305843.000000
444591.000000
417637.000000
409365.000000
436987.000000
395216.000000
383252.000000
208867.000000
377888.000000
449866.000000
374926.000000
436721.000000
435700.000000
443209.000000
421485.000000
397347.000000
466129.000000
424358.000000
475777.000000
404705.000000
471499.000000
100048.000000
392194.000000
388846.000000
432719.000000
388332.000000
409115.000000
467670.000000
432383.000000
451178.000000
145631.000000
449285.000000
405626.000000
452777.000000
364126.000000
463301.000000
381993.000000
402806.000000
466689.000000
437088.000000
348460.000000
292375.000000
433057.000000
363700.000000
81527.000000
486209.000000
370240.000000
415752.000000
471597.000000
428125.000000
338381.000000
491395.000000
442594.000000
458485.000000
374785.000000
22462.000000
406936.000000
300043.000000
356771.000000
375883.000000
205622.000000
383812.000000
358121.000000
461519.000000
526107.000000
369446.000000
223213.000000
442346.000000
448299.000000
427055.000000
353787.000000
463344.000000
179605.000000
394824.000000
467652.000000
288876.000000
492988.000000
186102.000000
445913.000000
509128.000000
430369.000000
480501.000000
405214.000000
344804.000000
402312.000000
440670.000000
460505.000000
416980.000000
339014.000000
428765.000000
346405.000000
445840.000000
23423.000000
425152.000000
381860.000000
410246.000000
395393.000000
291415.000000
279743.000000
472168.000000
438775.000000
410037.000000
396483.000000
381215.000000
387072.000000
409708.000000
364214.000000
396824.000000
325716.000000
405458.000000
457309.000000
394585.000000
480937.000000
235800.000000
17825.000000
335502.000000
378377.000000
436289.000000
318944.000000
230174.000000
441428.000000
289823.000000
396546.000000
413475.000000
243529.000000
306237.000000
504719.000000
165072.000000
389591.000000
421969.000000
413965.000000
315257.000000
214707.000000
450227.000000
455076.000000
412547.000000
323741.000000
454332.000000
371780.000000
398851.000000
294280.000000
452589.000000
442581.000000
178212.000000
424480.000000
419313.000000
368782.000000
251582.000000
435225.000000
420331.000000
441831.000000
320216.000000
418869.000000
399256.000000
276675.000000
391886.000000
371189.000000
359655.000000
390780.000000
431470.000000
369322.000000
401197.000000
366489.000000
474231.000000
318782.000000
383158.000000
425605.000000
378610.000000
393639.000000
407123.000000
436000.000000
352917.000000
378112.000000
396521.000000
409829.000000
93517.000000
429442.000000
234764.000000
367619.000000
384613.000000
383915.000000
376898.000000
336317.000000
395165.000000
392909.000000
374813.000000
526107.000000
420840.000000
401420.000000
319519.000000
418790.000000
406353.000000
420546.000000
355201.000000
415621.000000
377260.000000
77489.000000
438424.000000
444702.000000
439389.000000
436897.000000
410081.000000
393068.000000
220136.000000
387628.000000
450290.000000
342066.000000
65585.000000
397868.000000
337002.000000
300496.000000
345560.000000
429994.000000
357252.000000
256434.000000
459186.000000
469390.000000
446244.000000
355189.000000
464218.000000
390178.000000
33016.000000
153843.000000
335549.000000
274554.000000
421179.000000
373582.000000
411831.000000
380398.000000
425693.000000
394163.000000
446740.000000
440576.000000
302751.000000
399778.000000
439633.000000
367442.000000
504156.000000
372298.000000
413517.000000
86365.000000
333249.000000
76820.000000
301248.000000
424667.000000
429958.000000
438389.000000
427000.000000
380827.000000
366492.000000
495008.000000
362307.000000
420260.000000
384299.000000
404400.000000
400994.000000
433263.000000
391505.000000
349229.000000
436351.000000
507742.000000
327575.000000
365294.000000
382763.000000
425683.000000
385670.000000
481823.000000
443943.000000
473251.000000
327912.000000
446600.000000
379528.000000
439946.000000
364516.000000
356541.000000
19815.000000
368127.000000
390239.000000
353579.000000
398268.000000
338362.000000
165141.000000
419826.000000
420259.000000
392013.000000
374436.000000
274695.000000
481872.000000
295712.000000
414522.000000
400518.000000
339488.000000
367109.000000
443570.000000
402866.000000
280363.000000
414559.000000
279805.000000
413645.000000
409687.000000
411254.000000
413572.000000
337717.000000
389104.000000
403055.000000
398099.000000
374080.000000
406393.000000
434884.000000
350884.000000
349975.000000
359936.000000
342515.000000
385911.000000
62298.000000
390409.000000
354192.000000
392655.000000
371904.000000
430000.000000
400352.000000
390014.000000
380270.000000
224918.000000
434729.000000
367899.000000
409928.000000
101084.000000
442775.000000
397984.000000
430894.000000
425503.000000
247979.000000
431756.000000
375753.000000
344591.000000
410541.000000
416121.000000
314821.000000
23256.000000
385743.000000
406420.000000
387441.000000
353019.000000
47616.000000
386607.000000
425208.000000
431592.000000
359919.000000
425057.000000
317411.000000
404586.000000
353900.000000
433577.000000
441121.000000
383252.000000
416897.000000
340727.000000
235820.000000
500519.000000
364815.000000
421256.000000
462073.000000
385762.000000
383087.000000
452291.000000
351757.000000
445818.000000
440017.000000
362198.000000
322498.000000
443772.000000
368921.000000
375475.000000
374806.000000
319853.000000
424593.000000
438395.000000
439814.000000
406238.000000
403616.000000
372010.000000
137765.000000
27540.000000
403881.000000
106142.000000
431624.000000
437520.000000
439282.000000
327301.000000
230657.000000
390292.000000
289709.000000
213088.000000
461617.000000
458758.000000
389675.000000
432257.000000
468773.000000
433157.000000
310717.000000
374683.000000
121027.000000
430959.000000
220123.000000
406595.000000
365693.000000
453410.000000
394396.000000
483321.000000
368052.000000
384489.000000
415753.000000
411777.000000
423484.000000
384200.000000
394677.000000
410064.000000
393318.000000
166060.000000
352908.000000
330504.000000
424785.000000
394821.000000
18312.000000
235805.000000
491757.000000
399994.000000
394689.000000
428424.000000
341467.000000
402758.000000
430687.000000
482034.000000
361299.000000
418460.000000
466404.000000
332478.000000
402254.000000
454056.000000
375544.000000
66033.000000
435054.000000
415083.000000
432447.000000
335330.000000
382231.000000
408476.000000
376367.000000
398893.000000
466686.000000
374427.000000
433273.000000
438930.000000
468636.000000
374084.000000
394455.000000
347724.000000
462645.000000
425804.000000
385122.000000
486305.000000
384239.000000
390381.000000
347078.000000
440678.000000
411093.000000
487525.000000
402458.000000
267789.000000
463566.000000
377514.000000
427815.000000
104779.000000
396536.000000
362501.000000
423383.000000
405654.000000
459568.000000
388742.000000
434867.000000
367480.000000
346339.000000
440758.000000
450762.000000
471319.000000
408523.000000
375933.000000
298223.000000
426352.000000
186136.000000
377553.000000
359065.000000
451355.000000
428052.000000
190472.000000
399752.000000
380242.000000
307546.000000
412041.000000
406887.000000
269602.000000
427623.000000
390798.000000
375588.000000
400641.000000
415398.000000
427671.000000
440581.000000
462720.000000
361370.000000
411520.000000
329330.000000
391189.000000
430343.000000
400547.000000
406362.000000
336135.000000
370161.000000
426175.000000
391138.000000
362394.000000
346537.000000
476705.000000
500997.000000
280030.000000
409357.000000
425229.000000
337117.000000
390133.000000
396406.000000
463919.000000
356177.000000
372281.000000
351727.000000
325823.000000
254472.000000
375080.000000
498740.000000
222025.000000
165596.000000
194316.000000
449875.000000
468594.000000
419587.000000
427860.000000
435336.000000
263189.000000
248375.000000
349587.000000
454393.000000
417494.000000
375755.000000
449188.000000
378863.000000
405765.000000
452002.000000
415136.000000
244371.000000
302070.000000
333259.000000
162093.000000
372615.000000
448775.000000
350605.000000
422522.000000
417120.000000
362441.000000
386871.000000
382555.000000
367270.000000
351917.000000
397263.000000
447422.000000
363089.000000
227641.000000
426388.000000
309153.000000
450141.000000
343090.000000
496260.000000
448092.000000
389232.000000
443761.000000
410818.000000
399842.000000
326517.000000
478517.000000
305092.000000
368352.000000
381505.000000
431167.000000
440617.000000
431288.000000
429482.000000
281386.000000
484820.000000
411917.000000
396271.000000
289187.000000
421060.000000
403379.000000
424370.000000
154062.000000
393676.000000
434378.000000
396841.000000
320038.000000
425822.000000
362121.000000
363153.000000
362776.000000
227167.000000
375046.000000
361747.000000
364942.000000
14605.000000
436270.000000
403457.000000
378876.000000
452100.000000
429269.000000
140941.000000
440366.000000
451821.000000
428563.000000
384231.000000
398844.000000
430897.000000
465310.000000
387328.000000
411853.000000
355163.000000
473339.000000
461632.000000
401759.000000
351988.000000
407332.000000
465655.000000
321443.000000
462693.000000
420203.000000
359934.000000
350988.000000
345963.000000
406466.000000
287365.000000
468067.000000
361139.000000
422059.000000
399281.000000
398544.000000
443644.000000
361932.000000
416215.000000
282913.000000
409688.000000
420142.000000
432606.000000
390245.000000
397550.000000
388027.000000
387964.000000
455657.000000
377156.000000
445056.000000
435541.000000
427260.000000
418465.000000
414168.000000
386717.000000
374442.000000
419537.000000
385054.000000
481518.000000
372228.000000
437949.000000
405084.000000
151621.000000
418090.000000
408843.000000
391386.000000
446376.000000
455211.000000
415075.000000
419826.000000
391592.000000
441520.000000
449727.000000
386246.000000
484541.000000
345554.000000
319545.000000
382255.000000
354584.000000
397172.000000
424627.000000
501373.000000
436253.000000
438283.000000
259793.000000
405346.000000
390380.000000
105235.000000
407238.000000
419186.000000
434236.000000
403431.000000
355621.000000
216989.000000
381654.000000
388337.000000
390256.000000
425145.000000
422357.000000
419664.000000
294946.000000
485204.000000
413641.000000
415150.000000
449270.000000
373011.000000
395042.000000
361765.000000
415919.000000
479912.000000
371863.000000
317666.000000
459033.000000
362438.000000
401709.000000
414538.000000
422831.000000
373419.000000
356194.000000
383721.000000
409301.000000
407000.000000
501166.000000
460908.000000
336219.000000
354535.000000
410744.000000
369256.000000
344156.000000
434383.000000
448227.000000
452466.000000
500648.000000
177441.000000
401791.000000
444365.000000
400207.000000
381158.000000
189203.000000
409047.000000
351341.000000
71590.000000
395061.000000
380646.000000
424090.000000
405215.000000
379512.000000
397522.000000
373596.000000
387746.000000
392008.000000
449045.000000
337891.000000
297967.000000
257308.000000
430270.000000
54794.000000
375163.000000
327127.000000
219291.000000
393157.000000
423115.000000
350824.000000
458592.000000
481249.000000
379638.000000
405123.000000
362907.000000
373182.000000
337427.000000
396250.000000
277401.000000
312590.000000
361995.000000
458204.000000
458989.000000
417833.000000
365835.000000
469601.000000
311184.000000
381134.000000
362112.000000
446207.000000
418623.000000
415250.000000
426778.000000
83225.000000
408065.000000
402335.000000
404962.000000
407278.000000
483974.000000
451595.000000
419141.000000
380421.000000
412481.000000
317803.000000
482902.000000
408942.000000
278041.000000
422902.000000
439419.000000
425345.000000
459978.000000
458964.000000
109509.000000
384330.000000
421741.000000
416477.000000
344267.000000
404592.000000
490760.000000
94174.000000
416987.000000
300466.000000
439317.000000
408083.000000
384096.000000
433680.000000
387798.000000
350916.000000
443205.000000
335324.000000
320752.000000
351865.000000
391592.000000
424608.000000
102055.000000
309059.000000
387042.000000
408978.000000
358710.000000
291895.000000
395250.000000
165575.000000
382677.000000
431512.000000
394300.000000
363525.000000
435700.000000
434911.000000
427030.000000
398778.000000
425542.000000
386308.000000
457529.000000
387379.000000
375004.000000
363965.000000
360618.000000
440707.000000
390436.000000
402390.000000
339927.000000
151308.000000
114234.000000
411150.000000
348982.000000
403309.000000
369496.000000
443161.000000
26105.000000
441956.000000
391263.000000
127560.000000
382893.000000
393311.000000
416583.000000
421019.000000
259795.000000
382892.000000
401482.000000
434420.000000
466311.000000
468288.000000
158321.000000
487145.000000
424496.000000
380986.000000
426238.000000
373398.000000
434276.000000
65997.000000
229113.000000
474727.000000
179889.000000
279451.000000
472763.000000
334656.000000
423854.000000
386917.000000
356851.000000
415112.000000
340391.000000
320748.000000
449085.000000
360147.000000
399507.000000
429556.000000
402423.000000
284107.000000
407095.000000
412225.000000
86106.000000
390984.000000
379608.000000
414267.000000
415861.000000
335929.000000
401181.000000
334167.000000
308865.000000
414327.000000
450394.000000
451033.000000
402727.000000
288448.000000
373657.000000
376300.000000
408330.000000
443177.000000
415345.000000
441560.000000
414141.000000
278273.000000
387656.000000
439808.000000
323151.000000
381856.000000
383446.000000
385093.000000
442471.000000
356611.000000
274792.000000
380761.000000
396763.000000
373938.000000
418341.000000
449295.000000
403884.000000
418213.000000
110615.000000
275990.000000
351779.000000
380078.000000
456995.000000
359342.000000
349324.000000
415686.000000
441661.000000
496681.000000
438238.000000
488034.000000
465061.000000
420616.000000
366711.000000
453687.000000
383781.000000
406906.000000
398984.000000
208606.000000
210043.000000
311450.000000
174521.000000
360419.000000
489245.000000
382616.000000
382283.000000
387760.000000
332078.000000
384058.000000
411784.000000
384164.000000
430394.000000
242764.000000
365495.000000
420807.000000
472122.000000
520135.000000
473668.000000
443665.000000
272559.000000
472474.000000
388749.000000
468217.000000
453729.000000
423654.000000
451276.000000
289660.000000
425674.000000
396234.000000
325549.000000
437192.000000
188374.000000
271312.000000
338370.000000
465945.000000
411521.000000
330684.000000
403498.000000
386908.000000
402171.000000
386482.000000
453572.000000
362799.000000
429036.000000
399349.000000
294917.000000
385175.000000
383782.000000
424729.000000
425914.000000
286517.000000
239670.000000
343501.000000
366587.000000
524604.000000
359770.000000
364487.000000
