0.000000
0.000000
0.000000
0.000000
0.000000
0.000000
0.000000
0.000000
0.000000
0.000000
0.000000
0.000000
0.000000
0.000000
0.000000
0.000000
0.000000
0.000000
0.000000
0.000000
0.000000
0.000000
0.000000
0.000000
0.000000
0.000000
0.000000
0.000000
0.000000
0.000000
0.000000
0.000000
0.000000
0.000000
0.000000
0.000000
0.000000
0.000000
0.000000
0.000000
0.000000
0.000000
0.000000
0.000000
0.000000
0.000000
0.000000
0.000000
0.000000
0.000000
0.000000
0.000000
0.000000
0.000000
0.000000
0.000000
0.000000
0.000000
0.000000
0.000000
0.000000
0.000000
0.000000
0.000000
0.000000
0.000000
0.000000
0.000000
0.000000
0.000000
0.000000
0.000000
0.000000
0.000000
0.000000
0.000000
0.000000
0.000000
0.000000
0.000000
0.000000
0.000000
0.000000
0.000000
0.000000
0.000000
0.000000
0.000000
0.000000
0.000000
0.000000
0.000000
0.000000
0.000000
0.000000
0.000000
0.000000
0.000000
0.000000
0.000000
0.000000
0.000000
0.000000
0.000000
0.000000
0.000000
0.000000
0.000000
0.000000
0.000000
0.000000
0.000000
0.000000
0.000000
0.000000
0.000000
0.000000
0.000000
0.000000
0.000000
0.000000
0.000000
0.000000
0.000000
0.000000
0.000000
0.000000
0.000000
0.000000
0.000000
0.000000
0.000000
0.000000
0.000000
0.000000
0.000000
0.000000
0.000000
0.000000
0.000000
0.000000
0.000000
0.000000
0.000000
0.000000
0.000000
0.000000
0.000000
0.000000
0.000000
0.000000
0.000000
0.000000
0.000000
0.000000
0.000000
0.000000
0.000000
0.000000
0.000000
0.000000
0.000000
0.000000
0.000000
0.000000
0.000000
0.000000
0.000000
0.000000
0.000000
0.000000
0.000000
0.000000
0.000000
0.000000
0.000000
0.000000
0.000000
0.000000
0.000000
0.000000
0.000000
0.000000
0.000000
0.000000
0.000000
0.000000
0.000000
0.000000
0.000000
0.000000
0.000000
0.000000
0.000000
0.000000
0.000000
0.000000
0.000000
0.000000
0.000000
0.000000
0.000000
0.000000
0.000000
0.000000
0.000000
0.000000
0.000000
0.000000
0.000000
0.000000
0.000000
0.000000
0.000000
0.000000
0.000000
0.000000
0.000000
0.000000
0.000000
0.000000
0.000000
0.000000
0.000000
0.000000
0.000000
0.000000
0.000000
0.000000
0.000000
0.000000
0.000000
0.000000
0.000000
0.000000
0.000000
0.000000
0.000000
0.000000
0.000000
0.000000
0.000000
0.000000
0.000000
0.000000
0.000000
0.000000
0.000000
0.000000
0.000000
0.000000
0.000000
0.000000
0.000000
0.000000
0.000000
0.000000
0.000000
0.000000
0.000000
2945775.000000
1379557.000000
1724360.000000
1468183.000000
859426.000000
130608.000000
523692.000000
1079101.000000
1540829.000000
1216216.000000
1752360.000000
1650730.000000
311255.000000
1665824.000000
1532841.000000
635044.000000
1931036.000000
984657.000000
1352183.000000
1534015.000000
1374815.000000
1731218.000000
699036.000000
465033.000000
1022725.000000
1322611.000000
152892.000000
1218560.000000
1555279.000000
1546526.000000
1340933.000000
811552.000000
1932605.000000
99798.000000
1502395.000000
11818.000000
1569605.000000
1853133.000000
1528497.000000
1527623.000000
544191.000000
1835378.000000
1423273.000000
1979658.000000
1626241.000000
1551044.000000
1409775.000000
517155.000000
1572448.000000
1918654.000000
1564188.000000
1505093.000000
1652273.000000
1672994.000000
292629.000000
1624497.000000
1590033.000000
346678.000000
1794731.000000
1065666.000000
1395721.000000
1650290.000000
1113153.000000
158921.000000
1544987.000000
1641780.000000
1642675.000000
1673153.000000
1516700.000000
1544292.000000
1070061.000000
1973738.000000
936760.000000
1512176.000000
1482957.000000
1705723.000000
609191.000000
765199.000000
2026182.000000
1325830.000000
1714047.000000
1445603.000000
914167.000000
1449453.000000
1421761.000000
1803043.000000
1659949.000000
1765864.000000
1522944.000000
1849314.000000
1549364.000000
1476424.000000
1876760.000000
1747459.000000
1756034.000000
1929607.000000
1760199.000000
1507169.000000
670710.000000
1560659.000000
1093727.000000
1233968.000000
1102596.000000
1771857.000000
1862114.000000
1637712.000000
1032015.000000
1527648.000000
1633228.000000
771924.000000
1575045.000000
1800001.000000
1413352.000000
885168.000000
1588571.000000
1211500.000000
1593496.000000
988956.000000
506324.000000
1727341.000000
1578353.000000
1732769.000000
1551765.000000
1463446.000000
2926383.000000
1770401.000000
878214.000000
1381035.000000
1280871.000000
1544926.000000
1548016.000000
1776093.000000
1157480.000000
512460.000000
1896522.000000
658527.000000
1750299.000000
923411.000000
1142017.000000
1671027.000000
1890879.000000
1444326.000000
804098.000000
1561696.000000
992295.000000
1930332.000000
903684.000000
1528669.000000
1117729.000000
1556117.000000
1840664.000000
1350826.000000
1746020.000000
1710215.000000
179525.000000
1881475.000000
1760433.000000
1998409.000000
1321061.000000
1535373.000000
1312420.000000
1734973.000000
1800495.000000
1720256.000000
1657891.000000
1475867.000000
1846104.000000
1635826.000000
873053.000000
1834487.000000
1625303.000000
1482029.000000
1626151.000000
1570630.000000
1443389.000000
270959.000000
252046.000000
879134.000000
1757368.000000
1823852.000000
1213111.000000
1433435.000000
1740649.000000
1731619.000000
1636318.000000
1375326.000000
1809031.000000
1932294.000000
1603256.000000
1583935.000000
1472098.000000
1759285.000000
1839619.000000
488195.000000
309968.000000
1519408.000000
1470363.000000
999009.000000
1742582.000000
1595811.000000
1525982.000000
230219.000000
1808814.000000
877810.000000
1671437.000000
1318840.000000
742036.000000
568477.000000
1667463.000000
1435498.000000
1647340.000000
1326650.000000
1577394.000000
1599008.000000
287144.000000
1869184.000000
1837053.000000
1726674.000000
85879.000000
1860102.000000
1538778.000000
161964.000000
1626447.000000
1574276.000000
1510747.000000
115851.000000
1473117.000000
1533412.000000
1492151.000000
1624230.000000
1480317.000000
136998.000000
1207609.000000
1422221.000000
823003.000000
1288706.000000
1367192.000000
1373243.000000
97328.000000
1782372.000000
1770334.000000
1211093.000000
1531136.000000
1711219.000000
355898.000000
452610.000000
1918789.000000
1836981.000000
873364.000000
1973379.000000
973372.000000
2005269.000000
82704.000000
573939.000000
1789282.000000
975080.000000
1298607.000000
1153830.000000
1713764.000000
1841154.000000
1379776.000000
1503685.000000
435361.000000
379462.000000
1415092.000000
1814519.000000
1456479.000000
1776536.000000
1551508.000000
1726056.000000
1387865.000000
1554530.000000
1630890.000000
1183369.000000
1580179.000000
1619538.000000
1534091.000000
590353.000000
568147.000000
1631673.000000
1956591.000000
272804.000000
1677992.000000
1679430.000000
1865869.000000
1575578.000000
1513744.000000
314534.000000
1797426.000000
1620194.000000
1445706.000000
1864935.000000
1873906.000000
1867762.000000
1771917.000000
1832624.000000
364627.000000
1778424.000000
1849469.000000
395791.000000
513446.000000
1693434.000000
1314481.000000
1364367.000000
1221121.000000
1595937.000000
325946.000000
1556516.000000
1570493.000000
1072557.000000
246990.000000
122924.000000
1304350.000000
1888698.000000
879636.000000
1504543.000000
1639321.000000
1805001.000000
2069386.000000
1457609.000000
1856286.000000
1206942.000000
1532642.000000
643966.000000
1194628.000000
1388352.000000
1927612.000000
1986747.000000
1495325.000000
1782848.000000
1507325.000000
1708599.000000
643917.000000
1150648.000000
1656627.000000
1200781.000000
1722441.000000
1266735.000000
1589842.000000
1644469.000000
1842104.000000
264805.000000
886843.000000
1694101.000000
1344786.000000
1673506.000000
1836786.000000
1659718.000000
1590361.000000
1578854.000000
249990.000000
1614323.000000
1287888.000000
1773820.000000
1799455.000000
943254.000000
1770720.000000
1672725.000000
898211.000000
1770981.000000
1764813.000000
1033551.000000
1341278.000000
688457.000000
1239455.000000
1742201.000000
1510965.000000
1539060.000000
1365137.000000
1521579.000000
1819528.000000
1260153.000000
1628496.000000
1456774.000000
559600.000000
959253.000000
1400975.000000
1759691.000000
1070825.000000
1629545.000000
1714511.000000
1177092.000000
1130798.000000
134765.000000
1386606.000000
1519766.000000
1541397.000000
666280.000000
1571141.000000
1377567.000000
1687047.000000
1694189.000000
1251627.000000
1603512.000000
1953431.000000
95948.000000
1120299.000000
1950348.000000
1205088.000000
1383182.000000
1545153.000000
1215574.000000
1427691.000000
80334.000000
1783992.000000
1236489.000000
1400634.000000
1495404.000000
583922.000000
1737674.000000
1288488.000000
1794764.000000
1553433.000000
1606962.000000
1787609.000000
1715443.000000
1150354.000000
1317792.000000
1360308.000000
1663814.000000
1626044.000000
1739946.000000
993918.000000
1706909.000000
1578838.000000
1145586.000000
1722863.000000
143534.000000
1627974.000000
1770508.000000
397431.000000
1456720.000000
1247806.000000
1396604.000000
1549355.000000
1760549.000000
1534446.000000
1496282.000000
840708.000000
1485861.000000
457146.000000
128125.000000
1680079.000000
1496934.000000
1119088.000000
1913413.000000
1696128.000000
1937052.000000
1787317.000000
1654124.000000
1439770.000000
640850.000000
1715570.000000
1595296.000000
526535.000000
1552858.000000
1860438.000000
285046.000000
1596911.000000
1577668.000000
1660021.000000
2052847.000000
1782411.000000
1296139.000000
282101.000000
1773720.000000
112278.000000
1786724.000000
12252.000000
463682.000000
1555477.000000
1756408.000000
1473068.000000
513886.000000
1527185.000000
1545533.000000
1543041.000000
1479650.000000
373026.000000
501290.000000
708584.000000
1512170.000000
1814004.000000
1266502.000000
1730319.000000
1442426.000000
1715128.000000
1519096.000000
1722178.000000
791681.000000
360064.000000
605351.000000
1895749.000000
1841392.000000
654097.000000
1863178.000000
655894.000000
1809545.000000
1135113.000000
1601121.000000
1560004.000000
292618.000000
1596529.000000
993822.000000
1992343.000000
1162254.000000
247239.000000
1381975.000000
1403308.000000
1000767.000000
1801451.000000
1298910.000000
1932631.000000
1382655.000000
1322034.000000
1517223.000000
114152.000000
1691645.000000
1651184.000000
1154150.000000
1856878.000000
1276611.000000
1656156.000000
1755524.000000
503594.000000
1394098.000000
1813691.000000
1054169.000000
1319759.000000
1818599.000000
1530317.000000
1448521.000000
1595597.000000
416519.000000
1588378.000000
1617853.000000
1600618.000000
1584447.000000
2066236.000000
1442864.000000
1600044.000000
20213.000000
1682819.000000
63694.000000
1048765.000000
1781237.000000
1591863.000000
317814.000000
289829.000000
1678550.000000
1872483.000000
7591.000000
1863958.000000
1508055.000000
1189565.000000
97182.000000
1683274.000000
1750623.000000
493418.000000
122178.000000
1847282.000000
1672926.000000
996354.000000
1232621.000000
1397445.000000
1715420.000000
1307783.000000
1664379.000000
1648799.000000
1588439.000000
146322.000000
148507.000000
1381275.000000
1605063.000000
1946372.000000
1971053.000000
48208.000000
1681760.000000
1535933.000000
219459.000000
1907484.000000
1475937.000000
1741874.000000
1661848.000000
1803329.000000
1446737.000000
1299054.000000
1146590.000000
293957.000000
1996886.000000
1896381.000000
1527813.000000
1852021.000000
209661.000000
1704501.000000
1663318.000000
1613485.000000
573078.000000
207848.000000
1833856.000000
724937.000000
2069648.000000
1217616.000000
1337829.000000
1994287.000000
1758651.000000
1099400.000000
1090021.000000
1837763.000000
1576114.000000
720451.000000
1030265.000000
1644858.000000
1791032.000000
212810.000000
656638.000000
1530591.000000
537295.000000
1585140.000000
167087.000000
50201.000000
992842.000000
1901664.000000
1837894.000000
1916467.000000
153302.000000
1788346.000000
1363973.000000
1681066.000000
1588788.000000
1727812.000000
1555453.000000
1675853.000000
263268.000000
1404062.000000
174781.000000
1785571.000000
1596328.000000
1768363.000000
124557.000000
1451546.000000
1653137.000000
1466757.000000
1647313.000000
1565310.000000
396507.000000
1775235.000000
962580.000000
1595071.000000
242024.000000
274241.000000
2079284.000000
1654481.000000
1617360.000000
1259120.000000
1745064.000000
1798154.000000
1087659.000000
1675732.000000
1128847.000000
160924.000000
1595745.000000
1612423.000000
1194649.000000
1208999.000000
1403496.000000
1531317.000000
1435252.000000
1937087.000000
274286.000000
65338.000000
1489155.000000
1487739.000000
1851886.000000
264753.000000
1076991.000000
184878.000000
1784681.000000
294208.000000
1276482.000000
1702358.000000
1543194.000000
1094994.000000
1377977.000000
1786458.000000
1704753.000000
1594800.000000
1145508.000000
1554572.000000
1425038.000000
1720525.000000
854792.000000
71021.000000
1399261.000000
1715885.000000
1620970.000000
963319.000000
1706532.000000
1702070.000000
1410152.000000
1635461.000000
1733813.000000
1497678.000000
1478520.000000
1710559.000000
1791199.000000
1715047.000000
1511965.000000
1384638.000000
124120.000000
1625873.000000
1420527.000000
1638420.000000
1209291.000000
1130132.000000
1650747.000000
72699.000000
1878677.000000
1743483.000000
840880.000000
1460279.000000
1512443.000000
1052334.000000
1634369.000000
986788.000000
867893.000000
1862292.000000
1346328.000000
1884453.000000
126495.000000
2252761.000000
2048680.000000
1491631.000000
1011050.000000
833304.000000
1387649.000000
1897882.000000
1703092.000000
1054715.000000
1477885.000000
1651220.000000
1552393.000000
1564302.000000
1756526.000000
1507195.000000
1596100.000000
1156099.000000
1639760.000000
1554696.000000
242900.000000
1847344.000000
1568168.000000
1216991.000000
1355853.000000
1662446.000000
1243053.000000
1721111.000000
1815297.000000
1810294.000000
1652338.000000
1279179.000000
902263.000000
1056520.000000
1899165.000000
1443632.000000
1740063.000000
1482532.000000
1985620.000000
1721055.000000
1115133.000000
1287897.000000
1557019.000000
1674170.000000
1497795.000000
1856473.000000
1913982.000000
1644234.000000
501423.000000
1369121.000000
1856210.000000
1718400.000000
92227.000000
1477562.000000
670836.000000
399071.000000
148034.000000
855469.000000
1865371.000000
1355097.000000
1659035.000000
1715807.000000
1335487.000000
1694261.000000
1645585.000000
805777.000000
1263684.000000
2065686.000000
284510.000000
1699840.000000
2161826.000000
1384075.000000
161377.000000
1189057.000000
1501409.000000
1618667.000000
1848307.000000
1573763.000000
1724947.000000
1749109.000000
1789445.000000
571370.000000
1260485.000000
1026350.000000
698252.000000
1660472.000000
382070.000000
244188.000000
1521955.000000
875433.000000
1102088.000000
1411316.000000
1441032.000000
517513.000000
1661900.000000
1632099.000000
1648342.000000
1378857.000000
1630712.000000
156042.000000
1844542.000000
1826172.000000
1114289.000000
1923628.000000
228202.000000
1806539.000000
1165042.000000
1679985.000000
1806224.000000
1135561.000000
1024881.000000
417358.000000
1609259.000000
212995.000000
1754032.000000
1518358.000000
233890.000000
1753836.000000
1626430.000000
1640154.000000
1863189.000000
1587895.000000
195131.000000
1517643.000000
427580.000000
1846187.000000
1568402.000000
1479446.000000
1633437.000000
1921163.000000
461333.000000
826234.000000
1516081.000000
1627743.000000
1995970.000000
1312671.000000
1566934.000000
1374156.000000
1558417.000000
1779108.000000
1416328.000000
1602564.000000
1814466.000000
1413212.000000
245305.000000
802913.000000
1490935.000000
115233.000000
914007.000000
212497.000000
1737929.000000
1427769.000000
1623502.000000
1134443.000000
37803.000000
1491711.000000
1906237.000000
1774691.000000
1337700.000000
1849689.000000
1728869.000000
1913368.000000
1667354.000000
1712101.000000
368280.000000
258702.000000
1738407.000000
1150211.000000
1858144.000000
295142.000000
1816915.000000
23990.000000
61235.000000
1925554.000000
96269.000000
1846107.000000
708422.000000
181997.000000
583953.000000
1246386.000000
1977302.000000
347597.000000
1769907.000000
1591380.000000
1724528.000000
1654192.000000
208204.000000
1380781.000000
1491328.000000
1650949.000000
1448940.000000
1818452.000000
1613573.000000
1063602.000000
1976602.000000
1714847.000000
1478935.000000
1699987.000000
1104264.000000
1581760.000000
53991.000000
1405269.000000
1727179.000000
25197.000000
1383636.000000
1559570.000000
1656557.000000
1541521.000000
1720527.000000
602977.000000
1421168.000000
1852420.000000
125367.000000
735841.000000
1553352.000000
714824.000000
1632985.000000
1570998.000000
1685881.000000
703592.000000
1554289.000000
1475970.000000
1670583.000000
514225.000000
802653.000000
1826021.000000
357600.000000
215411.000000
1554254.000000
1298964.000000
1382195.000000
1525161.000000
1876044.000000
479881.000000
1896068.000000
1771917.000000
748605.000000
1570359.000000
1339156.000000
1713723.000000
1691943.000000
1880676.000000
1599167.000000
1606267.000000
1603866.000000
97664.000000
2020132.000000
1586757.000000
1831505.000000
299044.000000
1524118.000000
1813317.000000
125096.000000
83273.000000
1581818.000000
1687547.000000
1474886.000000
1652557.000000
1359184.000000
1630525.000000
1977391.000000
1076844.000000
1710541.000000
1149097.000000
1595554.000000
1293301.000000
1677968.000000
577924.000000
1879422.000000
2028722.000000
1892888.000000
1412026.000000
1703779.000000
1579468.000000
239494.000000
1816981.000000
454917.000000
1876760.000000
292058.000000
753888.000000
794141.000000
1788062.000000
888908.000000
1447513.000000
1681281.000000
1870082.000000
1619356.000000
1560049.000000
199570.000000
557042.000000
1606447.000000
1069859.000000
644617.000000
1910222.000000
1707072.000000
1742924.000000
1831859.000000
1523889.000000
1741788.000000
1691276.000000
1746862.000000
1848497.000000
21463.000000
1606496.000000
105825.000000
315966.000000
1641757.000000
1160205.000000
1186896.000000
1809637.000000
1810225.000000
1699120.000000
114443.000000
1571829.000000
1588521.000000
1437851.000000
1187691.000000
1711213.000000
1940710.000000
1103857.000000
1422233.000000
1761055.000000
1563319.000000
1924594.000000
1412004.000000
817108.000000
823952.000000
443983.000000
934390.000000
1869937.000000
1662305.000000
1683224.000000
1789624.000000
1531124.000000
1652432.000000
1606498.000000
1552983.000000
179328.000000
2016413.000000
1564843.000000
1604212.000000
418958.000000
1630089.000000
1567057.000000
1254708.000000
1672034.000000
944236.000000
1687668.000000
1666510.000000
1582062.000000
1838719.000000
1653553.000000
2031190.000000
1786835.000000
11242.000000
1313770.000000
1056281.000000
20749.000000
1652079.000000
1640396.000000
1838569.000000
1568891.000000
1705566.000000
1716626.000000
1262697.000000
1934263.000000
99498.000000
1495635.000000
1675383.000000
1562060.000000
750772.000000
1124068.000000
1717413.000000
1591196.000000
1616158.000000
90383.000000
1908366.000000
580945.000000
1445040.000000
183913.000000
1553447.000000
1121289.000000
1673690.000000
1754745.000000
1532837.000000
583205.000000
1648577.000000
379763.000000
1826493.000000
1864592.000000
221336.000000
1493767.000000
1722178.000000
1240511.000000
124010.000000
1445198.000000
1849469.000000
686933.000000
568357.000000
1674292.000000
1583966.000000
413997.000000
486028.000000
1469040.000000
1667583.000000
1196396.000000
1716984.000000
1025347.000000
512692.000000
872712.000000
1568778.000000
402366.000000
1816915.000000
59471.000000
1669178.000000
590782.000000
1439781.000000
1594861.000000
267089.000000
1875718.000000
1676922.000000
849840.000000
1855861.000000
1652932.000000
1494756.000000
1594728.000000
134031.000000
718422.000000
343409.000000
1712278.000000
112392.000000
601021.000000
1812151.000000
475740.000000
1260638.000000
1713783.000000
1878409.000000
1699423.000000
1058854.000000
1563946.000000
854557.000000
1594965.000000
1772476.000000
1651346.000000
789243.000000
1846906.000000
1845685.000000
25264.000000
19971.000000
1423040.000000
1331379.000000
7295.000000
1620843.000000
1760711.000000
1577251.000000
308474.000000
1311977.000000
1678694.000000
1664612.000000
1504312.000000
745945.000000
465247.000000
1907957.000000
1924952.000000
1821437.000000
1481545.000000
1653069.000000
1676778.000000
1517703.000000
1828912.000000
1606504.000000
1388408.000000
1766080.000000
1475531.000000
965816.000000
1539788.000000
591574.000000
1793240.000000
1642964.000000
1511261.000000
586395.000000
1637508.000000
1653484.000000
24915.000000
1549176.000000
1516174.000000
1624130.000000
1280326.000000
1722296.000000
1776378.000000
1686273.000000
933702.000000
594675.000000
1395095.000000
1812405.000000
1676937.000000
1481137.000000
211346.000000
1591153.000000
1453544.000000
1536813.000000
1717233.000000
1502293.000000
380167.000000
1459807.000000
435740.000000
1787667.000000
919865.000000
1812958.000000
483475.000000
1127981.000000
1838765.000000
1369807.000000
615154.000000
1506359.000000
1245156.000000
1554968.000000
1595747.000000
179261.000000
1863942.000000
1591670.000000
1521375.000000
1487170.000000
1696726.000000
1526497.000000
1481881.000000
263370.000000
1594244.000000
1658158.000000
1743806.000000
645403.000000
705548.000000
1711969.000000
1813572.000000
1635562.000000
1448945.000000
1406348.000000
1685478.000000
323456.000000
1323858.000000
1661142.000000
1651688.000000
1868409.000000
1274021.000000
1522803.000000
1903426.000000
1596244.000000
1289020.000000
1788875.000000
1827149.000000
1582265.000000
1868616.000000
106468.000000
1540487.000000
1857691.000000
1413775.000000
1746929.000000
1657843.000000
1754860.000000
1710661.000000
1674931.000000
127836.000000
1767407.000000
1652908.000000
1627579.000000
834321.000000
1792746.000000
1618744.000000
1549888.000000
1533221.000000
1340170.000000
1354665.000000
433419.000000
1816209.000000
1028628.000000
87149.000000
1873580.000000
1352354.000000
1628150.000000
1612798.000000
1793286.000000
1154381.000000
2038766.000000
1752584.000000
1809679.000000
1397510.000000
24028.000000
1722987.000000
345884.000000
1153397.000000
668684.000000
223292.000000
1656086.000000
637871.000000
1598936.000000
1804841.000000
603820.000000
195783.000000
1005768.000000
1677494.000000
1635849.000000
1254200.000000
1614831.000000
181831.000000
1756361.000000
1810051.000000
385382.000000
1482548.000000
216432.000000
1683569.000000
1653980.000000
1521778.000000
1805468.000000
1763246.000000
1070224.000000
1343335.000000
1574559.000000
1499544.000000
1202615.000000
954217.000000
1469532.000000
1238493.000000
1287943.000000
23363.000000
1798065.000000
1829005.000000
1705594.000000
1564585.000000
775517.000000
396680.000000
2001870.000000
1439449.000000
1554615.000000
1817769.000000
1358807.000000
1374397.000000
919640.000000
1750596.000000
1684642.000000
767716.000000
1636653.000000
1821085.000000
1627940.000000
1773672.000000
226213.000000
20974.000000
466224.000000
1632939.000000
1625351.000000
629401.000000
264528.000000
1611422.000000
359261.000000
1171135.000000
1783725.000000
245932.000000
558235.000000
1994287.000000
132069.000000
1241283.000000
1654081.000000
1707103.000000
1195921.000000
217824.000000
1509980.000000
1696574.000000
1800395.000000
419396.000000
1913451.000000
1594062.000000
1367767.000000
516973.000000
1702221.000000
1982052.000000
215220.000000
1896274.000000
1346118.000000
1482803.000000
366612.000000
1945673.000000
1655842.000000
1686374.000000
575719.000000
1363407.000000
1854303.000000
399558.000000
1773565.000000
624325.000000
1468436.000000
1509978.000000
1577763.000000
1861523.000000
1270933.000000
1371748.000000
1311540.000000
1011397.000000
1827279.000000
1762202.000000
1354561.000000
1260922.000000
1474381.000000
1600157.000000
1671964.000000
1363553.000000
760594.000000
983420.000000
154321.000000
1810172.000000
226734.000000
1232407.000000
1395219.000000
1549789.000000
544635.000000
1159552.000000
1203811.000000
684885.000000
1870368.000000
1774341.000000
1141427.000000
1519196.000000
1586533.000000
1728878.000000
1614531.000000
1856574.000000
1519758.000000
1754554.000000
1627441.000000
72728.000000
1576575.000000
1606315.000000
2019337.000000
1659330.000000
1693009.000000
1570447.000000
279206.000000
1649144.000000
1451369.000000
1486269.000000
64071.000000
1684843.000000
985647.000000
591739.000000
1872065.000000
1945109.000000
653003.000000
331220.000000
1705478.000000
1688627.000000
1734398.000000
1888853.000000
1766392.000000
1464057.000000
36989.000000
133438.000000
1613078.000000
447796.000000
1805709.000000
1684695.000000
1596526.000000
881165.000000
1735646.000000
1598910.000000
923536.000000
1846756.000000
574247.000000
1275597.000000
943097.000000
1477729.000000
1874783.000000
1481238.000000
1605003.000000
68353.000000
477018.000000
79405.000000
463530.000000
1727654.000000
1546058.000000
1605136.000000
1831352.000000
992201.000000
1650279.000000
1748173.000000
1507186.000000
943251.000000
1665650.000000
1830665.000000
1772583.000000
1646257.000000
992644.000000
1604936.000000
1714601.000000
2023493.000000
452242.000000
1642342.000000
1505556.000000
1829859.000000
968616.000000
1976039.000000
1585575.000000
1651024.000000
516130.000000
1676189.000000
2107261.000000
1589527.000000
1744830.000000
1029910.000000
30886.000000
1518611.000000
834268.000000
1230338.000000
648647.000000
1199973.000000
189095.000000
1645022.000000
1281445.000000
1970392.000000
1006880.000000
678965.000000
1589252.000000
372943.000000
1716973.000000
1680621.000000
550941.000000
1316411.000000
1613442.000000
1736674.000000
331735.000000
1579975.000000
381572.000000
1797159.000000
870834.000000
852586.000000
1506971.000000
1184288.000000
1789731.000000
1988924.000000
1704662.000000
1764560.000000
1706410.000000
1802348.000000
986069.000000
1285065.000000
1123898.000000
1284846.000000
1595245.000000
66202.000000
1379608.000000
1000169.000000
1698147.000000
1838720.000000
1652001.000000
1759707.000000
946853.000000
1884935.000000
234753.000000
1589531.000000
1223139.000000
1959986.000000
68296.000000
1686337.000000
867066.000000
1939003.000000
831243.000000
306022.000000
1658841.000000
1209900.000000
1666617.000000
1843862.000000
1456721.000000
476684.000000
21944.000000
908990.000000
1081171.000000
1616519.000000
884888.000000
73974.000000
2002150.000000
1670832.000000
1369749.000000
1505093.000000
1677950.000000
565724.000000
1743537.000000
517558.000000
1716749.000000
1813739.000000
1664937.000000
1498544.000000
537186.000000
425265.000000
1864402.000000
1143066.000000
1080953.000000
1328305.000000
1575359.000000
1031722.000000
1876134.000000
1447506.000000
1876815.000000
1795683.000000
610801.000000
477258.000000
1837372.000000
955746.000000
1741987.000000
1724406.000000
1233452.000000
1517666.000000
1953150.000000
1613531.000000
1615750.000000
1793415.000000
1570832.000000
163210.000000
25700.000000
1050926.000000
86205.000000
2018084.000000
1663598.000000
1651457.000000
1330732.000000
309870.000000
1791582.000000
473817.000000
216161.000000
1630496.000000
1908868.000000
1514834.000000
1585025.000000
1533287.000000
1204058.000000
377534.000000
837842.000000
154504.000000
1856033.000000
298457.000000
1414448.000000
1641870.000000
1670172.000000
1829364.000000
1641379.000000
1830880.000000
1843685.000000
1659233.000000
1761970.000000
1958768.000000
1466643.000000
1573419.000000
1345284.000000
893052.000000
200151.000000
1638978.000000
659099.000000
1517524.000000
1639722.000000
23855.000000
303389.000000
1835727.000000
1724258.000000
1470654.000000
1534017.000000
1125553.000000
2116830.000000
1705501.000000
1669631.000000
568775.000000
1793861.000000
1820695.000000
452519.000000
1866922.000000
1681830.000000
1593264.000000
54252.000000
1438594.000000
1190192.000000
1660885.000000
1386299.000000
1837480.000000
952254.000000
1583400.000000
1503495.000000
1705487.000000
1779911.000000
1908133.000000
1685557.000000
1601892.000000
1562983.000000
1613898.000000
1225915.000000
1974487.000000
1006957.000000
1388300.000000
1387764.000000
1608382.000000
940445.000000
835184.000000
2001949.000000
1035080.000000
1769904.000000
1675816.000000
473654.000000
1931916.000000
1823941.000000
1855074.000000
123543.000000
1762771.000000
1323037.000000
1566303.000000
1280308.000000
1433103.000000
1480156.000000
1948591.000000
1435755.000000
747219.000000
1785389.000000
1729623.000000
1584663.000000
1651740.000000
845247.000000
570965.000000
1881509.000000
185174.000000
1538100.000000
1491668.000000
1681016.000000
1532202.000000
251558.000000
924259.000000
1544898.000000
453812.000000
1392043.000000
1803789.000000
409198.000000
1686793.000000
1587682.000000
1666885.000000
1605793.000000
1738486.000000
1540034.000000
1858005.000000
2045111.000000
715190.000000
1746286.000000
808583.000000
1709671.000000
1800171.000000
1662882.000000
1529304.000000
503427.000000
623545.000000
1792481.000000
1749245.000000
1152828.000000
1273183.000000
1814324.000000
2006288.000000
491821.000000
1425118.000000
1434983.000000
1463498.000000
1501813.000000
1313509.000000
1565661.000000
1478412.000000
828431.000000
924498.000000
1220327.000000
386985.000000
654059.000000
2021340.000000
287485.000000
126905.000000
203411.000000
1779540.000000
1949651.000000
1820815.000000
1450640.000000
1531047.000000
294276.000000
284100.000000
1793498.000000
1755190.000000
1359503.000000
1395270.000000
1625132.000000
1645270.000000
1532178.000000
1597623.000000
1726893.000000
330083.000000
522322.000000
1320259.000000
151528.000000
1343792.000000
1487350.000000
812072.000000
1163481.000000
1832172.000000
1378176.000000
1376596.000000
944418.000000
1360365.000000
579127.000000
1379405.000000
1873761.000000
979071.000000
309981.000000
1646249.000000
933444.000000
1896750.000000
553611.000000
1807186.000000
1687293.000000
1603503.000000
1629349.000000
1916588.000000
1311750.000000
644026.000000
1853725.000000
328614.000000
1010219.000000
864070.000000
2044665.000000
1679981.000000
1125457.000000
1340224.000000
770284.000000
1863305.000000
1539641.000000
1801491.000000
436723.000000
1760734.000000
1477135.000000
1827418.000000
161351.000000
1466086.000000
1694553.000000
1401961.000000
1434988.000000
1402436.000000
1241698.000000
1526728.000000
1437712.000000
345289.000000
1585476.000000
1011056.000000
1800349.000000
17606.000000
1358403.000000
1850609.000000
1595101.000000
1737360.000000
1742931.000000
145025.000000
1846337.000000
1469293.000000
1443109.000000
1489273.000000
1965940.000000
1583015.000000
1859248.000000
1169628.000000
844236.000000
1366858.000000
1894175.000000
1689809.000000
1616198.000000
497335.000000
1929367.000000
1603174.000000
424632.000000
1821242.000000
1260634.000000
1263613.000000
797668.000000
1700228.000000
1408712.000000
369259.000000
1809137.000000
1567844.000000
2102033.000000
1686271.000000
892267.000000
1701227.000000
1622746.000000
1453830.000000
496380.000000
1689757.000000
1739795.000000
1190818.000000
1733486.000000
1548317.000000
1586203.000000
1215568.000000
1943874.000000
1332065.000000
1434813.000000
999429.000000
1721775.000000
1427712.000000
1515989.000000
1423101.000000
784070.000000
1625593.000000
1454913.000000
1735139.000000
625563.000000
1886673.000000
1405173.000000
179962.000000
1815171.000000
1416617.000000
1678113.000000
1787226.000000
1933758.000000
1763570.000000
1959303.000000
1571004.000000
1121352.000000
1741592.000000
1528808.000000
1706921.000000
551241.000000
1003282.000000
1569375.000000
1752556.000000
1527127.000000
1758923.000000
1630615.000000
1643766.000000
1584136.000000
356086.000000
1569222.000000
1660172.000000
105165.000000
1821732.000000
1647445.000000
1766933.000000
1584666.000000
1057522.000000
194952.000000
826699.000000
1448366.000000
1770214.000000
1806771.000000
1789746.000000
1594287.000000
1486025.000000
1668690.000000
1769483.000000
991269.000000
1580131.000000
1518097.000000
1639690.000000
1227230.000000
1215007.000000
1687909.000000
1295740.000000
653709.000000
1529985.000000
1428492.000000
1668353.000000
1800149.000000
1599632.000000
1735196.000000
1784207.000000
1110406.000000
1980671.000000
1834583.000000
1415002.000000
1690612.000000
794624.000000
763908.000000
1849294.000000
1545180.000000
662581.000000
1557734.000000
1396779.000000
1032036.000000
2150183.000000
197056.000000
1088591.000000
1630236.000000
1924887.000000
1607534.000000
199849.000000
1233348.000000
1481914.000000
72816.000000
1400928.000000
913082.000000
1601453.000000
1306963.000000
1996364.000000
1534076.000000
568654.000000
939510.000000
806884.000000
1910962.000000
1550556.000000
470624.000000
328395.000000
1774755.000000
60237.000000
1759705.000000
716311.000000
348051.000000
1658926.000000
1420429.000000
1470379.000000
1754943.000000
1915187.000000
1482601.000000
1340053.000000
1317052.000000
1410141.000000
1007049.000000
1714351.000000
416100.000000
1420372.000000
1507784.000000
1671245.000000
1787827.000000
1575962.000000
1462397.000000
1766824.000000
597963.000000
1478228.000000
1090790.000000
1887294.000000
1147263.000000
1613551.000000
1614744.000000
78741.000000
1801699.000000
1866445.000000
1031615.000000
1542286.000000
1874735.000000
1951225.000000
1825861.000000
1853181.000000
1609604.000000
1014921.000000
1681467.000000
1817862.000000
338838.000000
1774776.000000
1536532.000000
1483230.000000
1466926.000000
1684937.000000
115467.000000
1391855.000000
1307373.000000
1587904.000000
929645.000000
1663816.000000
1667585.000000
87436.000000
1668879.000000
783118.000000
1843310.000000
1898112.000000
1618440.000000
1947995.000000
1864229.000000
1281676.000000
1823317.000000
1276804.000000
854184.000000
448697.000000
1616873.000000
1904803.000000
87639.000000
561131.000000
1640407.000000
1764002.000000
1673158.000000
499538.000000
1676727.000000
173755.000000
1043875.000000
1505136.000000
1371740.000000
1512525.000000
1683703.000000
1764984.000000
1589715.000000
575655.000000
1739963.000000
824897.000000
1864507.000000
1522095.000000
1741328.000000
1408703.000000
1545583.000000
1515523.000000
1644376.000000
1634875.000000
1474789.000000
131744.000000
125204.000000
1621065.000000
684356.000000
1505352.000000
1422697.000000
1685775.000000
24915.000000
1700966.000000
1378703.000000
117502.000000
1462884.000000
1652115.000000
1569039.000000
1839721.000000
371012.000000
1335053.000000
2149624.000000
1687974.000000
1814327.000000
1743707.000000
167247.000000
1787041.000000
936237.000000
1547392.000000
1757973.000000
571558.000000
1664452.000000
76223.000000
251900.000000
1818105.000000
195225.000000
373782.000000
1995645.000000
1365354.000000
1999128.000000
1451100.000000
1234905.000000
1157263.000000
620054.000000
477626.000000
1720515.000000
1400379.000000
1444572.000000
1774466.000000
1697993.000000
429526.000000
1679628.000000
1806806.000000
73014.000000
1937480.000000
1586318.000000
1290688.000000
1846852.000000
592972.000000
1686277.000000
711030.000000
675205.000000
897881.000000
1709293.000000
1776589.000000
970386.000000
469660.000000
1145284.000000
565274.000000
1454571.000000
1635766.000000
1908382.000000
1879400.000000
1677143.000000
415955.000000
1244220.000000
1693643.000000
1357776.000000
1575387.000000
1304526.000000
1140635.000000
1486763.000000
723253.000000
318306.000000
1862696.000000
1261637.000000
1568906.000000
1677292.000000
1299115.000000
1426819.000000
1684831.000000
100613.000000
428298.000000
569020.000000
1664367.000000
1229446.000000
1692027.000000
1785656.000000
1678838.000000
1470049.000000
1836399.000000
1725821.000000
1487548.000000
1815270.000000
1503735.000000
1724887.000000
1644850.000000
839954.000000
1527225.000000
828955.000000
264194.000000
266807.000000
568389.000000
195801.000000
1600101.000000
1353848.000000
1575756.000000
1705363.000000
1968603.000000
1026644.000000
1787344.000000
1525692.000000
1577549.000000
1037632.000000
300607.000000
1448055.000000
1635514.000000
1681757.000000
1886130.000000
1980813.000000
1767633.000000
478689.000000
1788393.000000
1468527.000000
1957946.000000
1609248.000000
1567299.000000
1334779.000000
461791.000000
1774089.000000
1099597.000000
588220.000000
1976636.000000
144197.000000
440081.000000
1323263.000000
1433004.000000
1552934.000000
1003533.000000
1800651.000000
1399731.000000
1444106.000000
1870446.000000
1596789.000000
767822.000000
1708482.000000
1852674.000000
423081.000000
867393.000000
1488091.000000
1107857.000000
1539020.000000
449975.000000
280190.000000
551882.000000
1101184.000000
1889542.000000
1682616.000000
1422381.000000
