0.000000
0.000000
0.000000
0.000000
0.000000
0.000000
0.000000
0.000000
0.000000
0.000000
0.000000
0.000000
0.000000
0.000000
0.000000
0.000000
0.000000
0.000000
0.000000
0.000000
0.000000
0.000000
0.000000
0.000000
0.000000
0.000000
0.000000
0.000000
0.000000
0.000000
0.000000
0.000000
0.000000
0.000000
0.000000
0.000000
0.000000
0.000000
0.000000
0.000000
0.000000
0.000000
0.000000
0.000000
0.000000
0.000000
0.000000
0.000000
0.000000
0.000000
0.000000
0.000000
0.000000
0.000000
0.000000
0.000000
0.000000
0.000000
0.000000
0.000000
0.000000
0.000000
0.000000
0.000000
0.000000
0.000000
0.000000
0.000000
0.000000
0.000000
0.000000
0.000000
0.000000
0.000000
0.000000
0.000000
0.000000
0.000000
0.000000
0.000000
0.000000
0.000000
0.000000
0.000000
0.000000
0.000000
0.000000
0.000000
0.000000
0.000000
0.000000
0.000000
0.000000
0.000000
0.000000
0.000000
0.000000
0.000000
0.000000
0.000000
0.000000
0.000000
0.000000
0.000000
0.000000
0.000000
0.000000
0.000000
0.000000
0.000000
0.000000
0.000000
0.000000
0.000000
0.000000
0.000000
0.000000
0.000000
0.000000
0.000000
0.000000
0.000000
0.000000
0.000000
0.000000
0.000000
0.000000
0.000000
0.000000
0.000000
0.000000
0.000000
0.000000
0.000000
0.000000
0.000000
0.000000
0.000000
0.000000
0.000000
0.000000
0.000000
0.000000
0.000000
0.000000
0.000000
0.000000
0.000000
0.000000
0.000000
0.000000
0.000000
0.000000
0.000000
0.000000
0.000000
0.000000
0.000000
0.000000
0.000000
0.000000
0.000000
0.000000
0.000000
0.000000
0.000000
0.000000
0.000000
0.000000
0.000000
0.000000
0.000000
0.000000
0.000000
0.000000
0.000000
0.000000
0.000000
0.000000
0.000000
0.000000
0.000000
0.000000
0.000000
0.000000
0.000000
0.000000
0.000000
0.000000
0.000000
0.000000
0.000000
0.000000
0.000000
0.000000
0.000000
0.000000
0.000000
0.000000
0.000000
0.000000
0.000000
0.000000
0.000000
0.000000
0.000000
0.000000
0.000000
0.000000
0.000000
0.000000
0.000000
0.000000
0.000000
0.000000
0.000000
0.000000
0.000000
0.000000
0.000000
0.000000
0.000000
0.000000
0.000000
0.000000
0.000000
0.000000
0.000000
0.000000
0.000000
0.000000
0.000000
0.000000
0.000000
0.000000
0.000000
0.000000
0.000000
0.000000
0.000000
0.000000
0.000000
0.000000
0.000000
0.000000
0.000000
0.000000
0.000000
0.000000
0.000000
0.000000
0.000000
0.000000
0.000000
0.000000
0.000000
0.000000
0.000000
0.000000
0.000000
0.000000
0.000000
0.000000
0.000000
0.000000
0.000000
0.000000
2159925.000000
1231811.000000
870307.000000
1381065.000000
1026898.000000
322200.000000
1014077.000000
1148724.000000
545217.000000
1472017.000000
833177.000000
1186495.000000
1177366.000000
1141931.000000
1370997.000000
632111.000000
383054.000000
902012.000000
1004445.000000
101339.000000
1022926.000000
1283596.000000
1277754.000000
1005642.000000
543529.000000
1406911.000000
101042.000000
1181013.000000
8210.000000
1171997.000000
1361910.000000
1041987.000000
1224412.000000
532103.000000
1297657.000000
1100155.000000
1278253.000000
1146058.000000
1089188.000000
1027287.000000
417452.000000
971562.000000
1364095.000000
1088931.000000
1236644.000000
1131528.000000
1018542.000000
274896.000000
1108766.000000
1295125.000000
318794.000000
1183564.000000
821315.000000
1259595.000000
1159601.000000
926524.000000
114909.000000
1152457.000000
1244947.000000
1303115.000000
1421984.000000
1126259.000000
1357352.000000
921513.000000
1369521.000000
666792.000000
1036234.000000
1226925.000000
1403930.000000
631994.000000
625252.000000
1325618.000000
1091178.000000
1453684.000000
1214133.000000
800671.000000
1084694.000000
1149400.000000
1391980.000000
1273618.000000
1257333.000000
1039873.000000
1194857.000000
1217488.000000
1007628.000000
1171341.000000
1264927.000000
1197935.000000
1487450.000000
1259282.000000
1145006.000000
543319.000000
1269065.000000
858512.000000
935199.000000
735274.000000
1076687.000000
1310873.000000
1327529.000000
956116.000000
1145583.000000
1304383.000000
650540.000000
1327843.000000
1194045.000000
990353.000000
767302.000000
1097309.000000
1089869.000000
1249404.000000
799917.000000
448740.000000
1208696.000000
1048250.000000
1196282.000000
1001191.000000
1069785.000000
1071126.000000
1382822.000000
771355.000000
1009371.000000
1104269.000000
1181732.000000
1108846.000000
1375984.000000
930018.000000
432216.000000
1550193.000000
651647.000000
1287692.000000
723015.000000
819507.000000
1157422.000000
1317249.000000
1001149.000000
642405.000000
1022546.000000
876115.000000
1307948.000000
702344.000000
1230714.000000
901566.000000
1101588.000000
1462700.000000
1002098.000000
1306925.000000
1214759.000000
121235.000000
1342054.000000
1304864.000000
1294079.000000
1136975.000000
1049455.000000
1134542.000000
1123260.000000
1320034.000000
1076330.000000
1201697.000000
1096504.000000
1373917.000000
1258036.000000
804814.000000
1271439.000000
1271351.000000
983978.000000
1184594.000000
1134332.000000
1077680.000000
300245.000000
259956.000000
756459.000000
1241054.000000
1226503.000000
985194.000000
1243506.000000
1131824.000000
1401632.000000
1046747.000000
953127.000000
1436566.000000
1326236.000000
1068273.000000
1221381.000000
955133.000000
1169356.000000
1458390.000000
416423.000000
278741.000000
922107.000000
1084924.000000
775247.000000
1154897.000000
1426898.000000
1225897.000000
208231.000000
1095476.000000
824437.000000
1230063.000000
1049485.000000
645819.000000
412127.000000
1150513.000000
963183.000000
1243995.000000
1021543.000000
1214706.000000
1324591.000000
275097.000000
1333316.000000
1374402.000000
1230976.000000
91881.000000
1271658.000000
1037344.000000
168349.000000
1226854.000000
1224927.000000
1145622.000000
113497.000000
1110628.000000
1178122.000000
1159913.000000
1239187.000000
1183434.000000
95736.000000
1068194.000000
947026.000000
597442.000000
1142794.000000
1008457.000000
1192315.000000
94283.000000
1238454.000000
1185000.000000
936303.000000
1223597.000000
1315858.000000
369779.000000
372892.000000
1138160.000000
1198054.000000
807110.000000
1196373.000000
656894.000000
1577061.000000
76136.000000
556308.000000
1425815.000000
692710.000000
1144025.000000
912863.000000
1233059.000000
1170173.000000
1050935.000000
1039811.000000
337654.000000
379105.000000
921627.000000
1404032.000000
1123092.000000
1082379.000000
1107580.000000
1393425.000000
1194696.000000
1189701.000000
964931.000000
922116.000000
1273991.000000
1112064.000000
1058277.000000
469205.000000
483617.000000
1137747.000000
1246762.000000
230074.000000
1240188.000000
1270777.000000
1189010.000000
1185867.000000
983965.000000
243762.000000
1464975.000000
1321635.000000
1160098.000000
1167001.000000
1216374.000000
1171106.000000
1246249.000000
1151500.000000
335713.000000
1529669.000000
1262461.000000
337871.000000
400284.000000
1201511.000000
1044779.000000
888190.000000
863206.000000
1132487.000000
215219.000000
1089539.000000
1056218.000000
974059.000000
208122.000000
97367.000000
869195.000000
1376297.000000
696051.000000
1206760.000000
1110335.000000
1161276.000000
1354746.000000
1201717.000000
1379267.000000
932548.000000
1194285.000000
535478.000000
787572.000000
1111889.000000
1517508.000000
1402221.000000
1048635.000000
1270320.000000
1106846.000000
1438963.000000
501450.000000
863281.000000
1158651.000000
1028420.000000
1271930.000000
1129551.000000
1372794.000000
1046954.000000
1287680.000000
180554.000000
592610.000000
1266141.000000
910250.000000
1408048.000000
1386589.000000
1144208.000000
1092177.000000
1379114.000000
172169.000000
1412930.000000
888513.000000
1403614.000000
1355686.000000
753188.000000
1086127.000000
1354343.000000
779907.000000
1205243.000000
1134220.000000
795607.000000
1078675.000000
455326.000000
1099343.000000
1227635.000000
1252311.000000
1115076.000000
1207995.000000
1182752.000000
1271166.000000
1061836.000000
1027031.000000
1079827.000000
494839.000000
733349.000000
883852.000000
1298934.000000
991191.000000
1097623.000000
1253253.000000
941088.000000
838532.000000
121704.000000
994360.000000
1218706.000000
934583.000000
580264.000000
1033081.000000
977768.000000
1129289.000000
1281120.000000
933801.000000
1043524.000000
1321402.000000
78695.000000
715159.000000
1273901.000000
915637.000000
875720.000000
1051099.000000
1024446.000000
1070355.000000
64930.000000
1273153.000000
1133606.000000
1135918.000000
1166143.000000
436039.000000
1272677.000000
936811.000000
1199967.000000
1313723.000000
1391622.000000
1388662.000000
1406284.000000
830573.000000
1109330.000000
949779.000000
1393131.000000
1190094.000000
1192479.000000
705348.000000
1260243.000000
1183483.000000
972780.000000
1237824.000000
101707.000000
1329056.000000
1411865.000000
315497.000000
1063136.000000
1021883.000000
1077651.000000
1528404.000000
1153462.000000
1203674.000000
1146517.000000
797335.000000
898987.000000
445189.000000
96516.000000
1454073.000000
1330903.000000
1011646.000000
1347070.000000
1198092.000000
1408253.000000
1308726.000000
1171161.000000
1080682.000000
529296.000000
1285226.000000
1168449.000000
472687.000000
1129076.000000
1346311.000000
216391.000000
1208656.000000
1149519.000000
1307517.000000
1121191.000000
1409495.000000
847176.000000
271799.000000
1248553.000000
98017.000000
1195967.000000
13244.000000
361092.000000
1173352.000000
1307996.000000
906546.000000
378358.000000
1173814.000000
1201196.000000
1072707.000000
1225054.000000
374767.000000
417058.000000
635671.000000
1151298.000000
1267500.000000
1000388.000000
1350914.000000
1242382.000000
1495768.000000
1144452.000000
1237387.000000
656441.000000
360254.000000
460615.000000
1430930.000000
1470126.000000
641827.000000
1221659.000000
630113.000000
1243540.000000
840503.000000
1283816.000000
1220684.000000
256430.000000
1032210.000000
939013.000000
1324061.000000
954407.000000
221480.000000
1169320.000000
957959.000000
899440.000000
1223041.000000
991326.000000
1517287.000000
912006.000000
1112529.000000
1151135.000000
99266.000000
1012348.000000
1228241.000000
990602.000000
1283953.000000
1037367.000000
1397930.000000
1029703.000000
334018.000000
1057230.000000
1296355.000000
858238.000000
983971.000000
1229255.000000
1283455.000000
954869.000000
1130999.000000
325349.000000
1369284.000000
1358078.000000
1391622.000000
1123825.000000
1323186.000000
1116042.000000
1346897.000000
22024.000000
1140822.000000
64157.000000
857965.000000
1088558.000000
1005337.000000
267075.000000
286270.000000
1256609.000000
1214671.000000
6548.000000
1171661.000000
984456.000000
1034924.000000
95352.000000
1210753.000000
1153051.000000
379240.000000
101843.000000
1347586.000000
1217579.000000
754860.000000
955937.000000
906727.000000
1209730.000000
973452.000000
1166109.000000
1244474.000000
1245216.000000
146276.000000
154860.000000
919803.000000
1263445.000000
1277545.000000
1588129.000000
52585.000000
1266632.000000
1045301.000000
155249.000000
1334564.000000
1138647.000000
1297562.000000
1319155.000000
1370846.000000
1076907.000000
868424.000000
984883.000000
235289.000000
1375167.000000
1505370.000000
1123531.000000
1213853.000000
182450.000000
1073512.000000
1156208.000000
1158978.000000
455932.000000
188919.000000
1330913.000000
662337.000000
1319866.000000
996215.000000
916638.000000
1354132.000000
1494670.000000
860151.000000
917046.000000
1258589.000000
1082660.000000
535324.000000
901969.000000
1232357.000000
1276544.000000
139926.000000
525126.000000
1139703.000000
359727.000000
1060584.000000
146119.000000
42260.000000
858775.000000
1222361.000000
1578574.000000
1306167.000000
174420.000000
1381781.000000
889484.000000
1264358.000000
1173864.000000
1350295.000000
1113375.000000
1147710.000000
245545.000000
1180695.000000
153153.000000
1282817.000000
1292057.000000
1285002.000000
98305.000000
1047451.000000
1385697.000000
1169779.000000
1031525.000000
1243975.000000
355382.000000
1415940.000000
908479.000000
1149024.000000
220304.000000
323644.000000
1531487.000000
1173045.000000
1199595.000000
1014130.000000
1287692.000000
1255521.000000
881004.000000
1358688.000000
917443.000000
137680.000000
1340134.000000
1123958.000000
1079785.000000
876686.000000
918560.000000
1170710.000000
856506.000000
1318831.000000
184832.000000
77267.000000
1064064.000000
1124693.000000
1342193.000000
207028.000000
960530.000000
192668.000000
1107936.000000
235384.000000
1043364.000000
1139597.000000
1132271.000000
948447.000000
1157770.000000
1460923.000000
1299951.000000
1190884.000000
891715.000000
921814.000000
929616.000000
1279258.000000
727792.000000
73892.000000
1270785.000000
1465074.000000
1314871.000000
653523.000000
1283907.000000
1228523.000000
1188813.000000
1047793.000000
1170970.000000
1156270.000000
1097555.000000
1205816.000000
1351905.000000
1444753.000000
1275590.000000
1013895.000000
133670.000000
1299390.000000
1097669.000000
1273135.000000
964430.000000
882181.000000
1027312.000000
63411.000000
1430177.000000
1151330.000000
779973.000000
1255824.000000
1089395.000000
866522.000000
1247272.000000
856760.000000
796929.000000
1264253.000000
1151305.000000
1175939.000000
156804.000000
1309052.000000
1402942.000000
1430449.000000
783431.000000
719090.000000
1071675.000000
1243786.000000
1261788.000000
844752.000000
1093821.000000
1166166.000000
980337.000000
1014912.000000
1169571.000000
1042013.000000
1271500.000000
992383.000000
1269381.000000
1128309.000000
179368.000000
1202198.000000
1132839.000000
1015204.000000
1031924.000000
1265445.000000
891003.000000
1211970.000000
1233108.000000
1278300.000000
1311626.000000
1079082.000000
720286.000000
846775.000000
1484318.000000
1091348.000000
1450075.000000
1220926.000000
1353174.000000
1293819.000000
1012657.000000
891964.000000
1104190.000000
1300478.000000
949685.000000
1207358.000000
1339984.000000
991324.000000
442807.000000
1001217.000000
1419201.000000
1147267.000000
81007.000000
992040.000000
508397.000000
360907.000000
120517.000000
710279.000000
1350021.000000
1051184.000000
1210660.000000
1248494.000000
984518.000000
1350746.000000
1150008.000000
639078.000000
1073358.000000
1431236.000000
255518.000000
1243675.000000
1546211.000000
1074044.000000
134732.000000
812494.000000
1079049.000000
1238993.000000
1325971.000000
1156471.000000
1328639.000000
1332196.000000
1021707.000000
557024.000000
905163.000000
771815.000000
706237.000000
1135594.000000
282384.000000
241371.000000
938493.000000
648524.000000
848709.000000
1122097.000000
1119859.000000
406619.000000
1023071.000000
1276256.000000
1155236.000000
998045.000000
1394904.000000
156479.000000
1346166.000000
1342909.000000
979566.000000
1527055.000000
172440.000000
1254692.000000
783267.000000
1318993.000000
1456006.000000
843584.000000
920831.000000
399885.000000
1236074.000000
172422.000000
1063502.000000
1023450.000000
217317.000000
1144831.000000
1329775.000000
1168106.000000
1469479.000000
1258179.000000
217687.000000
1296760.000000
390410.000000
1124748.000000
986376.000000
1102637.000000
1361223.000000
1381214.000000
344524.000000
660768.000000
1108467.000000
1069291.000000
1335034.000000
1029029.000000
1230696.000000
1081992.000000
1214855.000000
1111685.000000
991580.000000
1266025.000000
1208308.000000
1203611.000000
253215.000000
717268.000000
1077253.000000
102324.000000
831178.000000
197817.000000
1256260.000000
1078851.000000
1224152.000000
861991.000000
22094.000000
1138301.000000
1151459.000000
1168248.000000
1116939.000000
1104665.000000
1250204.000000
1265854.000000
1317826.000000
1149972.000000
311801.000000
242029.000000
1210987.000000
962423.000000
1361414.000000
274226.000000
1290257.000000
22993.000000
54273.000000
1252338.000000
83498.000000
1074869.000000
645075.000000
124143.000000
486192.000000
1124314.000000
1399543.000000
331213.000000
1384603.000000
1164704.000000
1194822.000000
1212666.000000
135485.000000
1143473.000000
1048552.000000
1315951.000000
1109714.000000
1498948.000000
1132501.000000
911516.000000
1325989.000000
1169067.000000
1100769.000000
1415437.000000
914042.000000
1179259.000000
56570.000000
887580.000000
1229858.000000
22069.000000
943298.000000
1181932.000000
1199671.000000
1038828.000000
1186245.000000
515914.000000
1011763.000000
1128127.000000
124737.000000
685832.000000
1299806.000000
594973.000000
1256696.000000
1199757.000000
1061068.000000
583823.000000
1228632.000000
1214354.000000
1099211.000000
445251.000000
655669.000000
1342939.000000
305349.000000
134487.000000
1207122.000000
979199.000000
1033861.000000
1281729.000000
1285218.000000
493106.000000
1288176.000000
1280353.000000
665424.000000
1329798.000000
1140113.000000
1256162.000000
1465984.000000
1376303.000000
1089021.000000
889748.000000
1270020.000000
70511.000000
1241424.000000
1053490.000000
1124722.000000
281351.000000
1182206.000000
1218738.000000
86430.000000
89645.000000
1044590.000000
1340431.000000
1128440.000000
1211704.000000
1060828.000000
862306.000000
1444215.000000
976299.000000
1324733.000000
889088.000000
1096637.000000
1004865.000000
1604035.000000
544963.000000
1318139.000000
1460171.000000
1172149.000000
1168828.000000
1171085.000000
1323294.000000
206702.000000
1456831.000000
453098.000000
1226946.000000
247007.000000
583888.000000
682189.000000
1425000.000000
684297.000000
1194094.000000
1188993.000000
1285533.000000
1112147.000000
1282235.000000
177277.000000
462828.000000
1489673.000000
913962.000000
589119.000000
1260573.000000
1317812.000000
1235808.000000
1306020.000000
1260333.000000
1394518.000000
1244440.000000
1240782.000000
1068333.000000
21434.000000
1310886.000000
94863.000000
444846.000000
1264732.000000
996491.000000
889241.000000
1369129.000000
1239222.000000
1396740.000000
87621.000000
1364559.000000
1000248.000000
1214281.000000
1052101.000000
1180722.000000
1425104.000000
976504.000000
1202966.000000
1340978.000000
1355021.000000
1282131.000000
949323.000000
666623.000000
729478.000000
396796.000000
872280.000000
1449403.000000
1271629.000000
1210614.000000
1409840.000000
1307727.000000
1492366.000000
1168017.000000
1159098.000000
169088.000000
1136530.000000
1162456.000000
1162298.000000
417303.000000
1361973.000000
1252267.000000
1070989.000000
1017951.000000
865442.000000
1107598.000000
1330204.000000
1274644.000000
1514273.000000
1075932.000000
1383597.000000
1209740.000000
8727.000000
793923.000000
822689.000000
21138.000000
1349577.000000
1409290.000000
1173405.000000
1376474.000000
1094539.000000
1289592.000000
1050821.000000
1165729.000000
63180.000000
1248909.000000
1325199.000000
1283873.000000
627725.000000
897936.000000
1417346.000000
1117332.000000
1360635.000000
78626.000000
1231615.000000
503562.000000
1019363.000000
125957.000000
1072163.000000
914245.000000
1209329.000000
1326484.000000
1423366.000000
473694.000000
1130761.000000
277485.000000
1389158.000000
1440427.000000
195026.000000
994600.000000
1288910.000000
732360.000000
117575.000000
1118782.000000
1373765.000000
604979.000000
542278.000000
1273605.000000
1165960.000000
310424.000000
402807.000000
1011364.000000
1243649.000000
1091722.000000
1501028.000000
826133.000000
446960.000000
888322.000000
1120846.000000
348343.000000
1290257.000000
67958.000000
1368304.000000
499757.000000
1134670.000000
1361333.000000
252584.000000
1135397.000000
1231314.000000
748024.000000
1388479.000000
1245912.000000
1164180.000000
1197295.000000
94095.000000
713883.000000
371833.000000
1103376.000000
85236.000000
522457.000000
1282948.000000
450271.000000
1037829.000000
1357280.000000
1313288.000000
988280.000000
904632.000000
1115409.000000
695941.000000
1214934.000000
1033689.000000
1213595.000000
793123.000000
1390882.000000
1203158.000000
22522.000000
20421.000000
1185438.000000
1161878.000000
6260.000000
1072739.000000
1405043.000000
1378581.000000
291947.000000
851191.000000
1286655.000000
1395182.000000
1158757.000000
605063.000000
488703.000000
1296488.000000
1251545.000000
1166648.000000
922302.000000
1287327.000000
1235739.000000
1130974.000000
1193403.000000
1148047.000000
987669.000000
1223414.000000
921575.000000
673207.000000
1191855.000000
629935.000000
1313361.000000
1179563.000000
924887.000000
482058.000000
1236730.000000
1169463.000000
21140.000000
1195501.000000
942072.000000
1271562.000000
930343.000000
1353008.000000
1369097.000000
1270721.000000
763434.000000
544405.000000
1053379.000000
1369762.000000
1336787.000000
1211811.000000
234818.000000
1196349.000000
1157729.000000
1167290.000000
1166727.000000
1040256.000000
399666.000000
1364504.000000
407602.000000
1430607.000000
762420.000000
1277105.000000
379824.000000
845597.000000
1395497.000000
902646.000000
547434.000000
1206738.000000
1033285.000000
1044381.000000
1217419.000000
151231.000000
1397697.000000
1253435.000000
1020040.000000
1267078.000000
1247021.000000
1109417.000000
1139846.000000
246296.000000
1101299.000000
1253961.000000
1396141.000000
422110.000000
479217.000000
1060162.000000
1353288.000000
1293094.000000
1085233.000000
961950.000000
1286382.000000
257115.000000
1007778.000000
1165374.000000
1045653.000000
1111274.000000
1092283.000000
1168059.000000
1310305.000000
1187796.000000
968300.000000
1403165.000000
1304333.000000
1176015.000000
1315589.000000
80076.000000
1056691.000000
1387526.000000
1157035.000000
1145878.000000
1329582.000000
1387550.000000
1053833.000000
1431254.000000
100766.000000
1229059.000000
1144523.000000
1201673.000000
735299.000000
1256147.000000
1044921.000000
1283331.000000
1272973.000000
1161712.000000
1149861.000000
315830.000000
1418145.000000
748657.000000
61047.000000
1039485.000000
928393.000000
1355875.000000
1284105.000000
1285231.000000
847151.000000
1280316.000000
1308270.000000
1266637.000000
1165475.000000
18450.000000
1247084.000000
335162.000000
1025653.000000
698443.000000
220575.000000
1233492.000000
466972.000000
1055595.000000
1309943.000000
480799.000000
219013.000000
818656.000000
1351373.000000
1253455.000000
926388.000000
1213686.000000
180731.000000
1515871.000000
1263274.000000
361877.000000
1195003.000000
201263.000000
1263113.000000
1392547.000000
1143242.000000
1170160.000000
1362895.000000
867020.000000
964787.000000
1311672.000000
1282348.000000
936886.000000
810078.000000
1183243.000000
914141.000000
1026919.000000
21859.000000
1276570.000000
1332775.000000
1442800.000000
1136542.000000
648940.000000
371516.000000
1299771.000000
1130775.000000
1224729.000000
1111411.000000
848898.000000
1129367.000000
794108.000000
1378393.000000
1417012.000000
674567.000000
1185088.000000
1254993.000000
1030844.000000
1181072.000000
210870.000000
18312.000000
430525.000000
1247748.000000
1235784.000000
459870.000000
195333.000000
1282687.000000
371088.000000
821614.000000
1387308.000000
258482.000000
477293.000000
1354132.000000
103422.000000
928142.000000
1018725.000000
1312083.000000
944170.000000
201758.000000
1117856.000000
1378357.000000
1245648.000000
447587.000000
1338138.000000
1143759.000000
1062886.000000
456046.000000
1332686.000000
1411743.000000
140741.000000
1161334.000000
982094.000000
1016595.000000
306842.000000
1411462.000000
1362502.000000
1275085.000000
464177.000000
998110.000000
1366444.000000
324793.000000
1311963.000000
472936.000000
847852.000000
1072918.000000
1227160.000000
1191292.000000
929466.000000
1041337.000000
1112468.000000
793739.000000
1384668.000000
1239268.000000
1044148.000000
1114662.000000
983535.000000
1105689.000000
1217834.000000
1033611.000000
676966.000000
792487.000000
119494.000000
1265624.000000
212580.000000
932512.000000
953157.000000
1285934.000000
500512.000000
989516.000000
854578.000000
582679.000000
1370435.000000
1375995.000000
968855.000000
1133851.000000
1349941.000000
1297287.000000
1302173.000000
1432116.000000
1054588.000000
1227339.000000
1152433.000000
73665.000000
1123587.000000
1087059.000000
1165673.000000
1210170.000000
1258154.000000
1242431.000000
245651.000000
974876.000000
1195582.000000
889873.000000
54703.000000
840891.000000
883671.000000
536549.000000
1291658.000000
1225360.000000
642905.000000
280810.000000
1223358.000000
1216621.000000
1441508.000000
1118933.000000
1305902.000000
1343091.000000
28092.000000
116213.000000
1108193.000000
362411.000000
1304317.000000
1160978.000000
1194361.000000
793837.000000
1262815.000000
1058491.000000
658840.000000
1328950.000000
479418.000000
1110765.000000
775587.000000
1095446.000000
1384836.000000
973566.000000
1253345.000000
79883.000000
367448.000000
78221.000000
413094.000000
1284331.000000
1409845.000000
1403325.000000
1324673.000000
776204.000000
1111530.000000
1247177.000000
1251791.000000
776565.000000
1007565.000000
1291217.000000
1280792.000000
1221118.000000
818630.000000
1061395.000000
1206921.000000
1349721.000000
365680.000000
1146328.000000
1273516.000000
1370896.000000
794828.000000
1334119.000000
1256042.000000
1160439.000000
406892.000000
1225510.000000
1450528.000000
1144615.000000
1081943.000000
743844.000000
18300.000000
1251562.000000
693023.000000
745312.000000
583910.000000
923958.000000
157882.000000
1267364.000000
1035643.000000
1303079.000000
933047.000000
605619.000000
1194810.000000
355648.000000
1318179.000000
1302063.000000
452529.000000
811422.000000
1299107.000000
1135634.000000
380506.000000
1197078.000000
351679.000000
1306754.000000
584585.000000
644537.000000
1308044.000000
828708.000000
1213448.000000
1069468.000000
1166633.000000
1169447.000000
1310237.000000
1221045.000000
855786.000000
856419.000000
845675.000000
911592.000000
1190890.000000
72568.000000
1063189.000000
786441.000000
1210159.000000
1290115.000000
1205288.000000
1361910.000000
751680.000000
1184170.000000
230227.000000
1297329.000000
980038.000000
1435510.000000
69332.000000
1341980.000000
731882.000000
1375775.000000
656469.000000
287792.000000
1380975.000000
1157197.000000
1154584.000000
1127399.000000
1064100.000000
372108.000000
21125.000000
822395.000000
843411.000000
1213354.000000
688785.000000
76086.000000
1329067.000000
1410361.000000
1193794.000000
1008979.000000
1065665.000000
531461.000000
1221088.000000
432751.000000
1133067.000000
1366821.000000
1258089.000000
1153433.000000
447335.000000
366995.000000
1337011.000000
904455.000000
931307.000000
1072746.000000
1146297.000000
812427.000000
1189115.000000
942233.000000
1370932.000000
1133582.000000
542516.000000
426630.000000
1227849.000000
743787.000000
1246482.000000
1224483.000000
950035.000000
1107910.000000
1328881.000000
1531718.000000
1392488.000000
1291186.000000
920688.000000
146868.000000
22460.000000
981964.000000
77559.000000
1361183.000000
1071387.000000
1256177.000000
937331.000000
259204.000000
1248225.000000
497061.000000
160571.000000
1369019.000000
1428559.000000
940887.000000
1223321.000000
1313354.000000
1052147.000000
379582.000000
721074.000000
113009.000000
1474157.000000
204328.000000
1146015.000000
1061434.000000
1115130.000000
1247161.000000
1187437.000000
1236857.000000
1207801.000000
1361136.000000
1157396.000000
1465941.000000
1093628.000000
1266450.000000
1118593.000000
797687.000000
156675.000000
1285028.000000
514334.000000
1075049.000000
1293622.000000
20623.000000
213768.000000
1442273.000000
1218636.000000
774878.000000
1019396.000000
901795.000000
1262574.000000
1353628.000000
1469603.000000
548031.000000
1110145.000000
1256219.000000
466772.000000
1076544.000000
1293458.000000
1103866.000000
55506.000000
958852.000000
1020523.000000
1405166.000000
1247256.000000
1294231.000000
758068.000000
991110.000000
1004007.000000
1341818.000000
1401019.000000
1420550.000000
1227977.000000
1418131.000000
1142110.000000
1233888.000000
962241.000000
1310835.000000
784263.000000
1031066.000000
1102786.000000
1117019.000000
818945.000000
790465.000000
1258081.000000
882477.000000
1278528.000000
1214734.000000
342008.000000
1131907.000000
1234884.000000
1278464.000000
119987.000000
1391573.000000
944538.000000
1246382.000000
1143781.000000
1058569.000000
877501.000000
1313216.000000
884403.000000
647493.000000
1277076.000000
1438472.000000
1245025.000000
1158724.000000
619757.000000
482890.000000
1317196.000000
130963.000000
926226.000000
1091325.000000
1164219.000000
1244495.000000
259509.000000
765680.000000
1261462.000000
444210.000000
932993.000000
1339834.000000
334027.000000
1212039.000000
1109904.000000
1374051.000000
1113253.000000
1463160.000000
1201383.000000
1243710.000000
1260373.000000
651216.000000
1251370.000000
1174506.000000
1381415.000000
1173893.000000
1109957.000000
1114033.000000
498311.000000
587360.000000
1267357.000000
1091870.000000
938678.000000
791125.000000
1216036.000000
1264774.000000
352997.000000
1188150.000000
1187653.000000
1022980.000000
900372.000000
1081058.000000
1223365.000000
872231.000000
713212.000000
752621.000000
984051.000000
308467.000000
553860.000000
1312183.000000
217161.000000
119380.000000
180111.000000
1353572.000000
1351186.000000
1236927.000000
1143938.000000
1190068.000000
263420.000000
295656.000000
1272358.000000
1255322.000000
909210.000000
1162958.000000
1258452.000000
1160091.000000
1069130.000000
1336809.000000
1348983.000000
413811.000000
528664.000000
1002470.000000
116673.000000
1055821.000000
1155541.000000
655093.000000
976857.000000
1209408.000000
1316568.000000
1145541.000000
721455.000000
1104065.000000
481888.000000
1160059.000000
1207429.000000
815596.000000
272086.000000
1353458.000000
766345.000000
1238456.000000
541852.000000
1494496.000000
1628259.000000
1237001.000000
1193179.000000
1498336.000000
1029887.000000
602996.000000
1304516.000000
293272.000000
773415.000000
724515.000000
1429022.000000
1027427.000000
975089.000000
937110.000000
554774.000000
1196118.000000
1048723.000000
1241056.000000
351779.000000
1152313.000000
964787.000000
1190682.000000
170538.000000
988280.000000
1289317.000000
1138849.000000
1130691.000000
1237164.000000
958157.000000
1171143.000000
1086990.000000
354388.000000
1041634.000000
846306.000000
1209870.000000
17364.000000
1079531.000000
1191950.000000
1199713.000000
1116201.000000
1233942.000000
112108.000000
1049733.000000
1124728.000000
1116203.000000
1256663.000000
1407713.000000
1191167.000000
1216394.000000
1038495.000000
700658.000000
1073327.000000
1128794.000000
1201908.000000
1298593.000000
460604.000000
1332075.000000
1195492.000000
321979.000000
1262373.000000
1004024.000000
993492.000000
500719.000000
1286039.000000
955882.000000
392466.000000
1294587.000000
1098100.000000
1496868.000000
1228269.000000
773416.000000
1254953.000000
1191653.000000
1186217.000000
356378.000000
1199528.000000
1322125.000000
789496.000000
1255332.000000
1264442.000000
1300052.000000
930126.000000
1165463.000000
1219896.000000
1134700.000000
767815.000000
1182627.000000
1045990.000000
1157189.000000
1122040.000000
665729.000000
1234494.000000
993921.000000
1327196.000000
557332.000000
1421287.000000
968009.000000
126206.000000
1340978.000000
1096420.000000
1235928.000000
1290849.000000
1285742.000000
1083597.000000
1267364.000000
894654.000000
791845.000000
1352478.000000
1050447.000000
1228705.000000
555645.000000
972967.000000
1140902.000000
1372286.000000
1096594.000000
1393383.000000
1285692.000000
1359020.000000
1034430.000000
369937.000000
1042225.000000
1218033.000000
102276.000000
1229125.000000
1245849.000000
1484668.000000
1010326.000000
821310.000000
184851.000000
656873.000000
1059489.000000
1478608.000000
1245568.000000
1183073.000000
1138399.000000
952746.000000
1426614.000000
1291124.000000
790127.000000
1201831.000000
1271322.000000
1332311.000000
1020042.000000
1032174.000000
1199193.000000
1012532.000000
569626.000000
1304086.000000
1094901.000000
1300316.000000
1466895.000000
1246108.000000
1321438.000000
1189832.000000
909096.000000
940837.000000
1377642.000000
1089068.000000
1294127.000000
680035.000000
600693.000000
1015310.000000
1059943.000000
540992.000000
1298075.000000
1208274.000000
959398.000000
1531487.000000
155702.000000
915246.000000
1111123.000000
1285299.000000
1253707.000000
158059.000000
1061651.000000
1022279.000000
81805.000000
1023555.000000
758593.000000
1228864.000000
1101964.000000
1123391.000000
986583.000000
436904.000000
711043.000000
634972.000000
1407285.000000
959109.000000
380190.000000
262866.000000
1391713.000000
55853.000000
1193265.000000
569252.000000
289210.000000
1298116.000000
1153343.000000
1032042.000000
1051310.000000
1179605.000000
1117760.000000
859493.000000
1122080.000000
1184010.000000
795320.000000
1232290.000000
322249.000000
898389.000000
1155329.000000
1176274.000000
988413.000000
1262206.000000
1099399.000000
1406599.000000
442716.000000
1101321.000000
942359.000000
1333969.000000
1018172.000000
1017803.000000
1357119.000000
75094.000000
1330338.000000
1222190.000000
931861.000000
1046198.000000
1376332.000000
1276287.000000
1116448.000000
1240242.000000
1198252.000000
767205.000000
1177885.000000
1078829.000000
349947.000000
1015341.000000
1175642.000000
1237248.000000
938046.000000
1205910.000000
94637.000000
945684.000000
1069438.000000
1112592.000000
788725.000000
1113914.000000
1313524.000000
101591.000000
1187959.000000
689746.000000
1226679.000000
1402246.000000
1452065.000000
1400849.000000
1361730.000000
912226.000000
1108581.000000
1017048.000000
592994.000000
469507.000000
1138805.000000
1198702.000000
85260.000000
469558.000000
1216791.000000
1351322.000000
1190651.000000
429968.000000
1266452.000000
156989.000000
893913.000000
1117676.000000
1191095.000000
1185500.000000
1034020.000000
1294853.000000
1357299.000000
525038.000000
1452150.000000
724271.000000
1355915.000000
1328740.000000
1318305.000000
947990.000000
967530.000000
1070792.000000
999278.000000
1354468.000000
975389.000000
117314.000000
104818.000000
1176761.000000
576268.000000
1012656.000000
1033992.000000
1438963.000000
20985.000000
1161033.000000
969403.000000
89524.000000
1118372.000000
1294794.000000
1268973.000000
1311745.000000
355909.000000
1206083.000000
1331308.000000
1379694.000000
1294443.000000
1284504.000000
133667.000000
1226240.000000
760645.000000
1143101.000000
1139605.000000
565989.000000
1185023.000000
69405.000000
249055.000000
1216867.000000
188810.000000
287831.000000
1457329.000000
926451.000000
1283017.000000
1233338.000000
875168.000000
1024206.000000
516234.000000
420328.000000
1270328.000000
946102.000000
1230828.000000
1375787.000000
1416094.000000
413638.000000
1484218.000000
1064408.000000
77774.000000
1401275.000000
1280075.000000
1052684.000000
1332531.000000
615191.000000
1383136.000000
587303.000000
719938.000000
865652.000000
1315669.000000
1494754.000000
847719.000000
409399.000000
1014827.000000
452476.000000
1072417.000000
1160624.000000
1422520.000000
1253649.000000
1182385.000000
339676.000000
1172617.000000
1280785.000000
1289348.000000
1038200.000000
1031006.000000
1040813.000000
1025496.000000
704066.000000
258636.000000
1408400.000000
914114.000000
931753.000000
1329003.000000
985787.000000
1086408.000000
1270718.000000
99902.000000
383481.000000
535003.000000
1348461.000000
1121557.000000
1257764.000000
1359425.000000
1317764.000000
1100858.000000
1400564.000000
1342453.000000
1179670.000000
1307414.000000
1335116.000000
1234071.000000
1175802.000000
740201.000000
1296629.000000
612960.000000
200745.000000
274215.000000
518477.000000
150659.000000
1407420.000000
1127464.000000
1098076.000000
1145755.000000
1315488.000000
933063.000000
1229312.000000
1176850.000000
1017548.000000
749198.000000
344389.000000
925327.000000
1096107.000000
1358733.000000
1431170.000000
1286818.000000
1272312.000000
370207.000000
1129290.000000
805529.000000
1339862.000000
1191920.000000
1111279.000000
966116.000000
376394.000000
1222002.000000
838382.000000
591363.000000
1387250.000000
138507.000000
384040.000000
837810.000000
1052777.000000
1405464.000000
792846.000000
1262721.000000
957944.000000
1139195.000000
1214146.000000
1395175.000000
774266.000000
1140458.000000
1370065.000000
345751.000000
698557.000000
1029805.000000
915926.000000
1061607.000000
405120.000000
205341.000000
446976.000000
836100.000000
1285651.000000
1107378.000000
1110734.000000
