0.000000
0.000000
0.000000
0.000000
0.000000
0.000000
0.000000
0.000000
0.000000
0.000000
0.000000
0.000000
0.000000
0.000000
0.000000
0.000000
0.000000
0.000000
0.000000
0.000000
0.000000
0.000000
0.000000
0.000000
0.000000
0.000000
0.000000
0.000000
0.000000
0.000000
0.000000
0.000000
0.000000
0.000000
0.000000
0.000000
0.000000
0.000000
0.000000
0.000000
0.000000
0.000000
0.000000
0.000000
0.000000
0.000000
0.000000
0.000000
0.000000
0.000000
0.000000
0.000000
0.000000
0.000000
0.000000
0.000000
0.000000
0.000000
0.000000
0.000000
0.000000
0.000000
0.000000
0.000000
0.000000
0.000000
0.000000
0.000000
0.000000
0.000000
0.000000
0.000000
0.000000
0.000000
0.000000
0.000000
0.000000
0.000000
0.000000
0.000000
0.000000
0.000000
0.000000
0.000000
0.000000
0.000000
0.000000
0.000000
0.000000
0.000000
0.000000
0.000000
0.000000
0.000000
0.000000
0.000000
0.000000
0.000000
0.000000
0.000000
0.000000
0.000000
0.000000
0.000000
0.000000
0.000000
0.000000
0.000000
0.000000
0.000000
0.000000
0.000000
0.000000
0.000000
0.000000
0.000000
0.000000
0.000000
0.000000
0.000000
0.000000
0.000000
0.000000
0.000000
0.000000
0.000000
0.000000
0.000000
0.000000
0.000000
0.000000
0.000000
0.000000
0.000000
0.000000
0.000000
0.000000
0.000000
0.000000
0.000000
0.000000
0.000000
0.000000
0.000000
0.000000
0.000000
0.000000
0.000000
0.000000
0.000000
0.000000
0.000000
0.000000
0.000000
0.000000
0.000000
0.000000
0.000000
0.000000
0.000000
0.000000
0.000000
0.000000
0.000000
0.000000
0.000000
0.000000
0.000000
0.000000
0.000000
0.000000
0.000000
0.000000
0.000000
0.000000
0.000000
0.000000
0.000000
0.000000
0.000000
0.000000
0.000000
0.000000
0.000000
0.000000
0.000000
0.000000
0.000000
0.000000
0.000000
0.000000
0.000000
0.000000
0.000000
0.000000
0.000000
0.000000
0.000000
0.000000
0.000000
0.000000
0.000000
0.000000
0.000000
0.000000
0.000000
0.000000
0.000000
0.000000
0.000000
0.000000
0.000000
0.000000
0.000000
0.000000
0.000000
0.000000
0.000000
0.000000
0.000000
0.000000
0.000000
0.000000
0.000000
0.000000
0.000000
0.000000
0.000000
0.000000
0.000000
0.000000
0.000000
0.000000
0.000000
0.000000
0.000000
0.000000
0.000000
0.000000
0.000000
0.000000
0.000000
0.000000
0.000000
0.000000
0.000000
0.000000
0.000000
0.000000
0.000000
0.000000
0.000000
0.000000
0.000000
0.000000
0.000000
0.000000
0.000000
0.000000
0.000000
0.000000
0.000000
0.000000
0.000000
0.000000
0.000000
0.000000
0.000000
0.000000
0.000000
0.000000
0.000000
0.000000
0.000000
0.000000
0.000000
0.000000
0.000000
0.000000
0.000000
0.000000
0.000000
0.000000
0.000000
2467605.000000
1293903.000000
147883.000000
1208533.000000
1457151.000000
1206418.000000
1131469.000000
690090.000000
1558299.000000
118390.000000
1499403.000000
7694.000000
1476582.000000
1384460.000000
1463007.000000
1777802.000000
515223.000000
1280068.000000
1409666.000000
1442908.000000
1354490.000000
1272330.000000
1253247.000000
507918.000000
1329781.000000
1624037.000000
1447182.000000
1512082.000000
1615383.000000
1493505.000000
307412.000000
1502732.000000
1302530.000000
346440.000000
1425326.000000
1079430.000000
1465491.000000
1436614.000000
862537.000000
114362.000000
1297091.000000
1649774.000000
1387353.000000
1491610.000000
1234185.000000
1186730.000000
857663.000000
1436583.000000
840733.000000
1455657.000000
1469680.000000
1548682.000000
615103.000000
753338.000000
1461640.000000
1237960.000000
1516653.000000
1139810.000000
793927.000000
1397239.000000
1434468.000000
1460291.000000
1286488.000000
1387969.000000
1498543.000000
1190537.000000
1648732.000000
1370414.000000
1392955.000000
1505379.000000
1257910.000000
1667727.000000
1345398.000000
1430213.000000
537428.000000
1420675.000000
923840.000000
1319684.000000
982575.000000
1391800.000000
1475990.000000
1585753.000000
880609.000000
1225874.000000
1310044.000000
553126.000000
1239967.000000
1648979.000000
1293174.000000
721851.000000
1115570.000000
924191.000000
1234082.000000
854422.000000
477185.000000
1405664.000000
1343512.000000
1433228.000000
1314095.000000
1262371.000000
1104140.000000
1485839.000000
1054631.000000
1142096.000000
1095321.000000
1233185.000000
1270912.000000
1388919.000000
966325.000000
427070.000000
1728985.000000
552585.000000
1338327.000000
747033.000000
1039637.000000
1198825.000000
1669421.000000
1321720.000000
731144.000000
1283056.000000
715983.000000
1363961.000000
834414.000000
1011693.000000
891714.000000
1427852.000000
1387784.000000
1187197.000000
1226506.000000
1387253.000000
227012.000000
1615491.000000
1434655.000000
1410338.000000
1151024.000000
1422477.000000
1416357.000000
1475267.000000
1640948.000000
1372582.000000
1488641.000000
1215674.000000
1429092.000000
1371877.000000
779440.000000
1435207.000000
1609946.000000
1269249.000000
1464797.000000
1255168.000000
1406139.000000
267505.000000
246235.000000
817396.000000
1611917.000000
1643721.000000
1072170.000000
1425503.000000
1508491.000000
1367554.000000
1050899.000000
1373842.000000
1446597.000000
1651224.000000
1481403.000000
1238503.000000
1301952.000000
1393055.000000
1477458.000000
394186.000000
292309.000000
1432223.000000
1577658.000000
1091001.000000
1432273.000000
1304883.000000
1573236.000000
191382.000000
1456582.000000
744039.000000
1374405.000000
1227149.000000
595794.000000
551495.000000
1556055.000000
1195089.000000
1687290.000000
1343775.000000
1454769.000000
1502752.000000
369352.000000
1174599.000000
1339773.000000
1324079.000000
88429.000000
1306072.000000
1410135.000000
135574.000000
1746293.000000
1547434.000000
1543943.000000
117350.000000
1249909.000000
1247352.000000
1370495.000000
1640362.000000
1282643.000000
104829.000000
1279878.000000
1504209.000000
682181.000000
1167753.000000
1373343.000000
1169569.000000
88190.000000
1378524.000000
1471138.000000
1055045.000000
1346931.000000
1399949.000000
328781.000000
409120.000000
1323950.000000
1523454.000000
698205.000000
1620100.000000
800014.000000
1426392.000000
67488.000000
442240.000000
1558840.000000
934844.000000
1126428.000000
1139661.000000
1360469.000000
1500668.000000
1408051.000000
1242141.000000
333019.000000
349012.000000
1628272.000000
1672045.000000
1307004.000000
1310883.000000
1582984.000000
1290068.000000
1446982.000000
1421803.000000
1427956.000000
1012535.000000
1456694.000000
1528090.000000
1221072.000000
472265.000000
436698.000000
1343369.000000
1361493.000000
218274.000000
1479688.000000
1587237.000000
1401328.000000
1540439.000000
1395603.000000
243260.000000
1334962.000000
1374149.000000
1225956.000000
1550849.000000
1347140.000000
1357200.000000
1433510.000000
1578052.000000
332955.000000
1462408.000000
1504384.000000
346894.000000
390793.000000
1319091.000000
1248879.000000
1292928.000000
966118.000000
1562316.000000
292543.000000
1572515.000000
1342820.000000
947027.000000
176771.000000
134204.000000
1424122.000000
1553831.000000
830145.000000
1342808.000000
1439735.000000
1425326.000000
1507117.000000
1399277.000000
1495715.000000
1310262.000000
1409092.000000
653910.000000
1059110.000000
1476719.000000
1585141.000000
1436044.000000
1348003.000000
1595019.000000
1513807.000000
1441581.000000
498638.000000
864998.000000
1254458.000000
1020723.000000
1659182.000000
1077864.000000
1153408.000000
1491545.000000
1504700.000000
308959.000000
748950.000000
1233131.000000
1194724.000000
1374449.000000
1508656.000000
1271859.000000
1387552.000000
1550567.000000
261364.000000
1135831.000000
1287402.000000
1469853.000000
1507590.000000
634885.000000
1477179.000000
1542575.000000
668265.000000
1386125.000000
1705364.000000
998628.000000
865510.000000
477651.000000
1093093.000000
1481502.000000
1402370.000000
1498187.000000
1025726.000000
1172285.000000
1366504.000000
1072845.000000
1301162.000000
1307389.000000
427629.000000
995882.000000
1395397.000000
1487279.000000
1094221.000000
1359030.000000
1592493.000000
1015870.000000
880330.000000
132103.000000
1131109.000000
1197110.000000
1097655.000000
506473.000000
1453828.000000
1457562.000000
1507454.000000
1609946.000000
926033.000000
1292712.000000
1491350.000000
98342.000000
1226581.000000
1300510.000000
1002910.000000
1238437.000000
1415857.000000
1067021.000000
1346699.000000
59992.000000
1345055.000000
1235787.000000
1041018.000000
1451716.000000
508674.000000
1369095.000000
1427669.000000
1468350.000000
1286362.000000
1577723.000000
1385152.000000
1665336.000000
1077291.000000
1117503.000000
1457859.000000
1446035.000000
1563978.000000
1290629.000000
840836.000000
1239738.000000
1504978.000000
810321.000000
1352691.000000
110801.000000
1590269.000000
1487081.000000
320384.000000
1455518.000000
1148859.000000
1361635.000000
1402566.000000
1534981.000000
1400959.000000
1098652.000000
702758.000000
1326483.000000
421627.000000
114435.000000
1423563.000000
1170757.000000
843152.000000
1350062.000000
1379865.000000
1394826.000000
1338815.000000
1276920.000000
1465884.000000
665609.000000
1411485.000000
1358673.000000
500870.000000
1267148.000000
1447765.000000
164266.000000
1434730.000000
1365299.000000
1489422.000000
1280889.000000
1160731.000000
1066484.000000
249761.000000
1286922.000000
93663.000000
1469137.000000
11168.000000
418666.000000
1250143.000000
1237988.000000
1382456.000000
469745.000000
1460580.000000
1599731.000000
1377312.000000
991322.000000
297845.000000
421052.000000
760163.000000
1562756.000000
1693736.000000
1055777.000000
1495217.000000
1620159.000000
1464522.000000
1361466.000000
1423136.000000
785772.000000
303674.000000
498581.000000
1309823.000000
1324732.000000
617435.000000
1607119.000000
788092.000000
1414207.000000
1231548.000000
1573343.000000
1485757.000000
238009.000000
1453809.000000
994864.000000
1603340.000000
875258.000000
221601.000000
1053448.000000
1159439.000000
874637.000000
1418207.000000
1166941.000000
1502424.000000
1412414.000000
1057042.000000
1344418.000000
126291.000000
1496510.000000
1218879.000000
865035.000000
1543563.000000
1286723.000000
1247523.000000
1541332.000000
441812.000000
1266637.000000
1391594.000000
897623.000000
1189352.000000
1333861.000000
1442689.000000
1241260.000000
1685696.000000
307683.000000
1432905.000000
1299789.000000
1577723.000000
1269620.000000
1415782.000000
1430891.000000
1239689.000000
18722.000000
1335669.000000
65098.000000
831204.000000
1522330.000000
1358237.000000
270301.000000
299302.000000
1426864.000000
1539568.000000
6219.000000
1627545.000000
1435961.000000
887961.000000
76325.000000
1390036.000000
1534477.000000
451934.000000
109143.000000
1275506.000000
1277097.000000
993235.000000
1219698.000000
1008928.000000
1502505.000000
1172548.000000
1273248.000000
1482689.000000
1602433.000000
139841.000000
188699.000000
1443729.000000
1331517.000000
1425004.000000
1305808.000000
47489.000000
1276085.000000
1250389.000000
203577.000000
1645397.000000
1198028.000000
1269806.000000
1435206.000000
1562868.000000
1106413.000000
1342300.000000
979381.000000
183047.000000
1410655.000000
1451487.000000
1129813.000000
1531832.000000
153662.000000
1494501.000000
1194913.000000
1425888.000000
415899.000000
183489.000000
1333099.000000
564191.000000
1433997.000000
1182878.000000
1459538.000000
1268651.000000
1237657.000000
952535.000000
776664.000000
1214369.000000
1347257.000000
595010.000000
881904.000000
1441375.000000
1526653.000000
176295.000000
555458.000000
1338539.000000
483977.000000
1497440.000000
144950.000000
42024.000000
950931.000000
1173719.000000
1643226.000000
1253607.000000
148739.000000
1237543.000000
1303839.000000
1553792.000000
1351315.000000
1540747.000000
1415101.000000
1475330.000000
256111.000000
1329089.000000
150157.000000
1320334.000000
1392853.000000
1286320.000000
119009.000000
1124501.000000
1572166.000000
1399463.000000
1519826.000000
1301596.000000
335859.000000
1474407.000000
968700.000000
1356045.000000
231277.000000
254388.000000
1359697.000000
1413434.000000
1217573.000000
1114390.000000
1546177.000000
1465859.000000
923168.000000
1416746.000000
1085158.000000
128478.000000
1267589.000000
1307712.000000
1004260.000000
1079361.000000
1340156.000000
1392422.000000
1138608.000000
1448665.000000
229069.000000
78769.000000
1564495.000000
1303939.000000
1585193.000000
178364.000000
1059169.000000
162261.000000
1556629.000000
243898.000000
1352095.000000
1449417.000000
1299558.000000
961156.000000
1398647.000000
1284601.000000
1491943.000000
1275944.000000
1068545.000000
1448549.000000
1214920.000000
1277550.000000
661083.000000
48872.000000
1260462.000000
1363156.000000
1440824.000000
809230.000000
1486184.000000
1337316.000000
1197804.000000
1562586.000000
1482751.000000
1422594.000000
1563955.000000
1337853.000000
1277983.000000
1534337.000000
1365943.000000
1274381.000000
129762.000000
1678658.000000
961718.000000
1504015.000000
953697.000000
1039091.000000
1203264.000000
62097.000000
1416463.000000
1575829.000000
894657.000000
1355358.000000
1380003.000000
916898.000000
1568052.000000
725327.000000
910307.000000
1295345.000000
1221437.000000
1212802.000000
146404.000000
1486127.000000
1367849.000000
1461578.000000
865842.000000
690915.000000
1307180.000000
1376146.000000
1200817.000000
761929.000000
1453828.000000
1268753.000000
1573261.000000
1401594.000000
1647133.000000
1308772.000000
1338565.000000
830561.000000
1535868.000000
1405081.000000
229036.000000
1364226.000000
1278590.000000
1155048.000000
1187099.000000
1292295.000000
1056408.000000
1386033.000000
1582259.000000
1525085.000000
1614555.000000
1273712.000000
845049.000000
1000815.000000
1467633.000000
1402904.000000
1322564.000000
1477494.000000
1475378.000000
1268575.000000
875081.000000
1284319.000000
1486492.000000
1442015.000000
1543017.000000
1135372.000000
1711882.000000
1462303.000000
316396.000000
1235681.000000
1543548.000000
1510788.000000
85931.000000
1450998.000000
545800.000000
318478.000000
130806.000000
807212.000000
1542618.000000
1148102.000000
1677712.000000
1670376.000000
1289593.000000
1228762.000000
1427436.000000
728890.000000
967044.000000
1442347.000000
257901.000000
1626728.000000
1422855.000000
1132890.000000
166556.000000
1111544.000000
1381303.000000
1511752.000000
1409575.000000
1412187.000000
1335029.000000
1516758.000000
1464755.000000
515843.000000
1072403.000000
890434.000000
751423.000000
1477352.000000
264740.000000
213269.000000
1229418.000000
765778.000000
928310.000000
1014604.000000
1566598.000000
420390.000000
1423947.000000
1454458.000000
1511044.000000
1179233.000000
1502989.000000
128927.000000
1371193.000000
1381272.000000
829795.000000
1311076.000000
167149.000000
1554742.000000
936436.000000
1383145.000000
1441144.000000
953650.000000
1030647.000000
406854.000000
1370410.000000
200945.000000
1191297.000000
1514130.000000
229262.000000
1414261.000000
1445112.000000
1356841.000000
1467774.000000
1551010.000000
187713.000000
1424432.000000
336983.000000
1382898.000000
1542674.000000
1528916.000000
1570519.000000
1438554.000000
391168.000000
832729.000000
1271544.000000
1331591.000000
1469853.000000
1103704.000000
1553515.000000
1253249.000000
1374815.000000
1292641.000000
1169012.000000
1313737.000000
1431028.000000
1217722.000000
206190.000000
578640.000000
1196029.000000
80270.000000
785347.000000
155811.000000
1454181.000000
1579233.000000
1346521.000000
1045490.000000
20434.000000
1528556.000000
1616315.000000
1461774.000000
1196038.000000
1567507.000000
1571616.000000
1563581.000000
1245277.000000
1321212.000000
301862.000000
252886.000000
1468604.000000
871392.000000
1395621.000000
202371.000000
1564808.000000
24585.000000
61689.000000
1328166.000000
99879.000000
1231184.000000
558227.000000
168035.000000
495560.000000
941393.000000
1395252.000000
288140.000000
1408077.000000
1401146.000000
1382862.000000
1553128.000000
136296.000000
1291196.000000
1319035.000000
1251211.000000
1388817.000000
1331080.000000
1389215.000000
824913.000000
1461005.000000
1409487.000000
1432719.000000
1588130.000000
902524.000000
1295498.000000
51365.000000
1416804.000000
1495067.000000
14343.000000
1108113.000000
1405937.000000
1515788.000000
1230232.000000
1242986.000000
554033.000000
1091308.000000
1544361.000000
92080.000000
694382.000000
1243023.000000
671020.000000
1262906.000000
1331842.000000
1489457.000000
710659.000000
1432875.000000
1464221.000000
1322560.000000
596629.000000
813254.000000
1295598.000000
299436.000000
195321.000000
1279815.000000
1133648.000000
1207359.000000
1185470.000000
1685888.000000
432467.000000
1446144.000000
1510168.000000
580159.000000
1403479.000000
1144260.000000
1151307.000000
1630495.000000
1420470.000000
1490514.000000
1217991.000000
1586354.000000
80994.000000
1401103.000000
1433715.000000
1607206.000000
310615.000000
1254264.000000
1426829.000000
102102.000000
79552.000000
1462348.000000
1465548.000000
1264052.000000
1477442.000000
1279047.000000
1277319.000000
1208144.000000
878947.000000
1313137.000000
1088073.000000
1172943.000000
979381.000000
1423888.000000
434307.000000
1449567.000000
1375643.000000
1385855.000000
1357956.000000
1489363.000000
1590562.000000
195626.000000
1511130.000000
440953.000000
1396984.000000
216803.000000
593913.000000
795836.000000
1296491.000000
755883.000000
1297513.000000
1706284.000000
1375009.000000
1454097.000000
1483615.000000
167773.000000
571373.000000
1740896.000000
875669.000000
517668.000000
1333020.000000
1194898.000000
1437792.000000
1311832.000000
1425128.000000
1444048.000000
1485776.000000
1384546.000000
1226480.000000
17898.000000
1395543.000000
110834.000000
239465.000000
1661323.000000
881308.000000
1510538.000000
1500831.000000
1653265.000000
1439057.000000
99010.000000
1456076.000000
1128779.000000
1189203.000000
947564.000000
1363607.000000
1533204.000000
853176.000000
1401635.000000
1381903.000000
1522713.000000
1486247.000000
1332337.000000
623451.000000
711479.000000
422985.000000
937776.000000
1522621.000000
1435751.000000
1142036.000000
1506496.000000
1637456.000000
1300077.000000
1417686.000000
1477927.000000
121153.000000
1454856.000000
1339167.000000
1573152.000000
407121.000000
1414046.000000
1287294.000000
1071862.000000
1423300.000000
836285.000000
1238841.000000
1600481.000000
1395215.000000
1502289.000000
1459505.000000
1440904.000000
1340515.000000
9973.000000
1306762.000000
1036356.000000
21438.000000
1469520.000000
1295527.000000
1497691.000000
1459649.000000
1294619.000000
1579642.000000
947725.000000
1554661.000000
95037.000000
1342383.000000
1440268.000000
1362860.000000
682725.000000
1005462.000000
1586224.000000
1544936.000000
1295318.000000
56283.000000
1465039.000000
601077.000000
1382399.000000
253028.000000
1341667.000000
946159.000000
1392570.000000
1370770.000000
1400936.000000
485926.000000
1273542.000000
354918.000000
1347504.000000
1429335.000000
218745.000000
1394921.000000
1460075.000000
927892.000000
151683.000000
1360671.000000
1504384.000000
599888.000000
532113.000000
1598122.000000
1536715.000000
314312.000000
363521.000000
1304809.000000
1475988.000000
995386.000000
1622859.000000
840272.000000
507623.000000
729154.000000
1212626.000000
360164.000000
1564808.000000
59586.000000
1268302.000000
414774.000000
1278417.000000
1484320.000000
272831.000000
1516441.000000
1667977.000000
779674.000000
1406963.000000
1399345.000000
1348895.000000
1437074.000000
90887.000000
781845.000000
367755.000000
1505484.000000
86458.000000
620387.000000
1397029.000000
464739.000000
1333198.000000
1703351.000000
1532228.000000
1334321.000000
788908.000000
1291457.000000
747525.000000
1549416.000000
1237744.000000
1237170.000000
463696.000000
1496856.000000
1373232.000000
22626.000000
19939.000000
1411210.000000
1231014.000000
7185.000000
1455121.000000
1373444.000000
1426678.000000
248846.000000
1358991.000000
1319025.000000
1359973.000000
1356327.000000
568136.000000
456219.000000
1456855.000000
1590741.000000
1308623.000000
1227814.000000
1404788.000000
1054968.000000
1468270.000000
1604333.000000
1151568.000000
1276427.000000
1127501.000000
1285680.000000
859730.000000
1569485.000000
454825.000000
1521073.000000
1216342.000000
1386857.000000
625362.000000
1185617.000000
1260039.000000
21758.000000
1135178.000000
1498143.000000
1498767.000000
1251381.000000
1605364.000000
1571699.000000
1425702.000000
844207.000000
543583.000000
1373303.000000
1501580.000000
1381812.000000
1548902.000000
214034.000000
1383064.000000
1055487.000000
1454914.000000
1238101.000000
1208622.000000
360626.000000
1649619.000000
410929.000000
1279818.000000
836566.000000
1598396.000000
395912.000000
910474.000000
1598932.000000
1241776.000000
606274.000000
1233244.000000
929250.000000
1325544.000000
1079419.000000
196505.000000
1271369.000000
1516963.000000
1199592.000000
1373994.000000
1446524.000000
1489210.000000
1286404.000000
230308.000000
1183471.000000
1397842.000000
1448393.000000
438316.000000
784971.000000
1147884.000000
1685320.000000
1371641.000000
1145063.000000
1029155.000000
1523300.000000
282642.000000
1323065.000000
1403350.000000
1281236.000000
1362628.000000
1101192.000000
1304824.000000
1366845.000000
1247966.000000
1175259.000000
1461730.000000
1572433.000000
1621262.000000
1562416.000000
80897.000000
1526430.000000
1578778.000000
1326654.000000
1459380.000000
1458683.000000
1526176.000000
1351966.000000
1409290.000000
104459.000000
1571162.000000
1450442.000000
1392367.000000
688665.000000
1373293.000000
1372513.000000
1431563.000000
1467618.000000
1378682.000000
1131708.000000
420465.000000
1384910.000000
804758.000000
71086.000000
1472151.000000
1395022.000000
1530367.000000
1382423.000000
1611090.000000
957051.000000
1381435.000000
1504331.000000
1476538.000000
1446481.000000
20956.000000
1259430.000000
341183.000000
1228834.000000
612748.000000
231018.000000
1233844.000000
538805.000000
1473051.000000
1494499.000000
483057.000000
148532.000000
826193.000000
1475042.000000
1357397.000000
1338563.000000
1556377.000000
152998.000000
1518618.000000
1214738.000000
390924.000000
1178143.000000
184542.000000
1498425.000000
1408851.000000
1377452.000000
1472273.000000
1381998.000000
816068.000000
1148815.000000
1469988.000000
1547434.000000
1132865.000000
819646.000000
1487659.000000
1007422.000000
1072239.000000
20046.000000
1341734.000000
1454004.000000
1274637.000000
1405198.000000
917298.000000
334922.000000
1351004.000000
1552215.000000
1113418.000000
1302031.000000
1210815.000000
1236137.000000
848273.000000
1436295.000000
1491083.000000
535685.000000
1252990.000000
1417329.000000
1259612.000000
1292679.000000
213250.000000
15985.000000
384822.000000
1415480.000000
1677873.000000
507073.000000
243124.000000
1122610.000000
339038.000000
848175.000000
1499117.000000
199186.000000
503205.000000
1556962.000000
128594.000000
1213734.000000
1565532.000000
1419978.000000
1115825.000000
156118.000000
1355008.000000
1294823.000000
1540831.000000
462450.000000
1521986.000000
1391156.000000
1610272.000000
464825.000000
1237638.000000
1724968.000000
160418.000000
1447671.000000
1406172.000000
1402195.000000
330713.000000
1463915.000000
1638254.000000
1377593.000000
485931.000000
1210178.000000
1519731.000000
316295.000000
1472492.000000
601899.000000
1422947.000000
1255461.000000
1494065.000000
1290401.000000
1128043.000000
1176695.000000
1161652.000000
1060960.000000
1449461.000000
1594881.000000
1187903.000000
1175351.000000
1559141.000000
1473948.000000
1473853.000000
1413736.000000
680827.000000
856665.000000
134476.000000
1489269.000000
222396.000000
1035028.000000
1283470.000000
1277331.000000
526871.000000
1082791.000000
1032827.000000
652467.000000
1237357.000000
1494546.000000
758084.000000
1307360.000000
1509339.000000
1385754.000000
1304546.000000
1518903.000000
1138266.000000
1454491.000000
1354998.000000
68443.000000
1198690.000000
1444266.000000
1307593.000000
1378173.000000
1320871.000000
1581692.000000
190671.000000
1558408.000000
1332297.000000
1193267.000000
59339.000000
1531653.000000
700528.000000
510200.000000
1156097.000000
1234617.000000
629161.000000
284779.000000
1569376.000000
1275180.000000
1412111.000000
1418825.000000
1402715.000000
1303154.000000
31045.000000
104189.000000
1211291.000000
297552.000000
1424966.000000
1584331.000000
1387612.000000
761146.000000
1475708.000000
1280169.000000
814655.000000
1407366.000000
447259.000000
1173558.000000
696879.000000
1453920.000000
1245324.000000
1430197.000000
1248538.000000
64080.000000
484212.000000
78636.000000
363744.000000
1244525.000000
1214035.000000
1382601.000000
1129921.000000
842726.000000
1317027.000000
1439792.000000
1260987.000000
910413.000000
1360026.000000
1391089.000000
1549745.000000
1238494.000000
1097623.000000
948890.000000
1579214.000000
1371299.000000
417782.000000
854169.000000
1261354.000000
1453827.000000
700002.000000
1515300.000000
1199850.000000
1466567.000000
456092.000000
1435546.000000
1644288.000000
1360029.000000
1441858.000000
919459.000000
22739.000000
1305942.000000
634557.000000
1079600.000000
524513.000000
981198.000000
132730.000000
1289108.000000
1300114.000000
1459812.000000
945618.000000
463929.000000
1384887.000000
341175.000000
1581809.000000
1494648.000000
486862.000000
1345246.000000
1328476.000000
1357825.000000
301302.000000
1275361.000000
312655.000000
1485619.000000
634662.000000
814472.000000
1248478.000000
1304295.000000
1287608.000000
1020502.000000
1410063.000000
1423124.000000
1386152.000000
1476737.000000
813759.000000
1200009.000000
986905.000000
1122371.000000
1397769.000000
54080.000000
1283452.000000
763061.000000
1291796.000000
1315870.000000
1390909.000000
1273807.000000
831805.000000
1531880.000000
148061.000000
1407428.000000
1309981.000000
1531121.000000
67530.000000
1521277.000000
683191.000000
1399653.000000
733458.000000
252026.000000
1555085.000000
954172.000000
1280720.000000
1324841.000000
1353692.000000
338517.000000
19674.000000
899751.000000
919884.000000
1267499.000000
725982.000000
44630.000000
1064104.000000
1588710.000000
1087738.000000
1308666.000000
1456715.000000
510560.000000
1399992.000000
431093.000000
1412976.000000
1546047.000000
1516537.000000
1346137.000000
453937.000000
250306.000000
1657753.000000
1252677.000000
1102152.000000
1232250.000000
1459025.000000
897164.000000
1560076.000000
1117751.000000
1594941.000000
1519024.000000
566266.000000
477028.000000
1493563.000000
797452.000000
1539091.000000
1260030.000000
845063.000000
1262241.000000
1434864.000000
1346860.000000
1364208.000000
1539414.000000
1290297.000000
146042.000000
20950.000000
802948.000000
63449.000000
1553916.000000
1311384.000000
1483387.000000
1308220.000000
215880.000000
1290841.000000
502976.000000
216572.000000
1498309.000000
1177024.000000
1501245.000000
1412441.000000
1374192.000000
1159304.000000
294698.000000
593842.000000
122186.000000
1407190.000000
221384.000000
1059518.000000
1642490.000000
1532105.000000
1160965.000000
1526911.000000
1289251.000000
1372290.000000
1315760.000000
1594899.000000
1254347.000000
902154.000000
1194143.000000
1020699.000000
746143.000000
170940.000000
1350268.000000
402079.000000
1347836.000000
1268002.000000
22099.000000
371027.000000
1382715.000000
1505783.000000
1197632.000000
1303420.000000
769099.000000
1529894.000000
1540504.000000
1303626.000000
584682.000000
1425551.000000
1389205.000000
386716.000000
1307738.000000
1655441.000000
1117776.000000
48312.000000
1361441.000000
1016364.000000
1377887.000000
1145695.000000
1287075.000000
777736.000000
1479216.000000
1414973.000000
1518985.000000
1382819.000000
1258418.000000
1576896.000000
1510680.000000
1470675.000000
1592284.000000
1123478.000000
1452064.000000
859450.000000
1333376.000000
1207638.000000
1476271.000000
785925.000000
727069.000000
1879683.000000
899527.000000
1459769.000000
1357661.000000
339354.000000
1499998.000000
1642838.000000
1242711.000000
110631.000000
1359456.000000
1419213.000000
1216242.000000
1050238.000000
1372375.000000
1300577.000000
1199741.000000
1235236.000000
778836.000000
1327136.000000
1331998.000000
1373106.000000
1357391.000000
744880.000000
546667.000000
1490013.000000
209264.000000
1445566.000000
1492444.000000
1432177.000000
1555149.000000
190337.000000
900111.000000
940489.000000
365918.000000
1295210.000000
1295831.000000
342157.000000
1550185.000000
1403766.000000
1395649.000000
1369940.000000
1418535.000000
1228950.000000
1516002.000000
1444551.000000
707222.000000
1297262.000000
538764.000000
1629705.000000
1417826.000000
1417965.000000
1341447.000000
571406.000000
758069.000000
1488680.000000
1367826.000000
885967.000000
1163590.000000
1510327.000000
1493050.000000
341401.000000
1160069.000000
1566921.000000
1336630.000000
1349131.000000
1111169.000000
1196000.000000
1209098.000000
473923.000000
724766.000000
1067622.000000
214692.000000
577563.000000
1539679.000000
247157.000000
105394.000000
155276.000000
1501791.000000
1362704.000000
1394025.000000
1327910.000000
1495402.000000
270535.000000
294303.000000
1547596.000000
1598435.000000
1191217.000000
1183304.000000
1563651.000000
1310839.000000
1522552.000000
1388682.000000
1298457.000000
282707.000000
434782.000000
1005242.000000
149443.000000
1453107.000000
1353716.000000
731562.000000
988866.000000
1302908.000000
1414797.000000
1446753.000000
822107.000000
1163310.000000
492191.000000
1331214.000000
1558586.000000
940080.000000
182514.000000
1235131.000000
569207.000000
1353633.000000
539084.000000
1390328.000000
1508991.000000
1320659.000000
1411950.000000
1370330.000000
1036673.000000
484736.000000
1415186.000000
356888.000000
957982.000000
595250.000000
1464872.000000
1255464.000000
986031.000000
1140382.000000
468866.000000
1521023.000000
1258618.000000
1332563.000000
337674.000000
1377038.000000
1247513.000000
1242186.000000
146806.000000
1226868.000000
1600890.000000
1267095.000000
1108375.000000
1182799.000000
1308614.000000
1179379.000000
1108009.000000
303620.000000
1217635.000000
814914.000000
1355165.000000
14056.000000
1350227.000000
1352205.000000
1594011.000000
1453918.000000
1430088.000000
116963.000000
1603686.000000
1137615.000000
1195703.000000
1519445.000000
1486727.000000
1471037.000000
1590739.000000
1037408.000000
657187.000000
992855.000000
1372166.000000
1453403.000000
1635001.000000
472707.000000
1440768.000000
1345854.000000
306695.000000
1672881.000000
1020006.000000
1078329.000000
707599.000000
1428005.000000
1199339.000000
328793.000000
1364468.000000
1412192.000000
1581530.000000
1357921.000000
877053.000000
1517393.000000
1457095.000000
1491837.000000
473224.000000
1479952.000000
1201310.000000
956095.000000
1418694.000000
1310522.000000
1371568.000000
872851.000000
1480133.000000
1190418.000000
1292184.000000
805758.000000
1397059.000000
1307104.000000
1390719.000000
1188642.000000
754946.000000
1403630.000000
1324136.000000
1400759.000000
602140.000000
1528405.000000
1393297.000000
144626.000000
1415186.000000
1415499.000000
1510981.000000
1412869.000000
1463205.000000
1233823.000000
1447614.000000
1264592.000000
957946.000000
1289094.000000
1505592.000000
1500576.000000
531066.000000
1020990.000000
1420004.000000
1009300.000000
1475421.000000
1435646.000000
1771910.000000
1224909.000000
1221741.000000
373786.000000
1486847.000000
1180759.000000
122570.000000
1526106.000000
1473941.000000
1531292.000000
1404522.000000
1054006.000000
224483.000000
588624.000000
1174295.000000
1436312.000000
1545146.000000
1367404.000000
1445006.000000
1370856.000000
1282280.000000
1337667.000000
784623.000000
1641356.000000
1227305.000000
1475412.000000
1195302.000000
1101516.000000
1462843.000000
1064673.000000
591240.000000
1538220.000000
1096728.000000
1384248.000000
1277186.000000
1417138.000000
1576626.000000
1476295.000000
1025245.000000
943387.000000
1561192.000000
1237966.000000
1365876.000000
644583.000000
712527.000000
1388292.000000
1445541.000000
529430.000000
1402638.000000
1254713.000000
961571.000000
1359697.000000
174385.000000
842713.000000
1344526.000000
1391319.000000
1489648.000000
188643.000000
1006630.000000
1472843.000000
75758.000000
1181457.000000
693760.000000
1143762.000000
1025779.000000
1344646.000000
1197683.000000
536704.000000
895980.000000
671850.000000
1731131.000000
1361289.000000
402465.000000
301710.000000
1327626.000000
78181.000000
1238349.000000
709003.000000
287807.000000
1419525.000000
1727766.000000
1343258.000000
1419478.000000
1441856.000000
1310882.000000
1192209.000000
1010739.000000
1353327.000000
858506.000000
1387787.000000
387306.000000
1303985.000000
1186230.000000
1272060.000000
1281318.000000
1232427.000000
1396258.000000
1405167.000000
444149.000000
1436922.000000
798043.000000
1441289.000000
1088033.000000
1212707.000000
1315497.000000
66962.000000
1490597.000000
1188858.000000
966783.000000
1514395.000000
1475756.000000
1481507.000000
1281091.000000
1256420.000000
1425276.000000
752082.000000
1638815.000000
1414263.000000
294397.000000
1365966.000000
1083926.000000
1581040.000000
1295274.000000
1195361.000000
88796.000000
1333144.000000
1190757.000000
1554423.000000
1041692.000000
1338125.000000
1500945.000000
96523.000000
1379275.000000
596276.000000
1394065.000000
1516434.000000
1427123.000000
1615213.000000
1474354.000000
1339283.000000
1485546.000000
1158380.000000
714589.000000
476136.000000
1294873.000000
1331226.000000
80559.000000
433301.000000
1557118.000000
1494650.000000
1406322.000000
351444.000000
1307948.000000
156415.000000
933649.000000
1423223.000000
1203646.000000
1336902.000000
1399768.000000
1505337.000000
1285437.000000
486163.000000
1634252.000000
715200.000000
1403625.000000
1525350.000000
1257236.000000
1245583.000000
1349830.000000
1377795.000000
1413026.000000
1412632.000000
1240783.000000
142456.000000
86353.000000
1576434.000000
535410.000000
1243288.000000
1473588.000000
1384028.000000
21252.000000
1563709.000000
1200074.000000
206504.000000
1354353.000000
1422313.000000
1499114.000000
1463924.000000
283779.000000
1376313.000000
1411211.000000
1451645.000000
1597890.000000
1301798.000000
142444.000000
1309373.000000
853862.000000
1549989.000000
1507063.000000
567897.000000
1624235.000000
68471.000000
182526.000000
1265991.000000
172327.000000
292687.000000
1438463.000000
1275469.000000
1371370.000000
1177338.000000
1128175.000000
985464.000000
470724.000000
340686.000000
1428995.000000
1102343.000000
1138832.000000
1533694.000000
1529193.000000
420138.000000
1346665.000000
1510059.000000
76654.000000
1586385.000000
1447741.000000
1008748.000000
1375658.000000
536468.000000
1487421.000000
738369.000000
485330.000000
754184.000000
1609592.000000
1254194.000000
967788.000000
405854.000000
924477.000000
427790.000000
1570969.000000
1614761.000000
1510039.000000
1337727.000000
1272249.000000
462105.000000
1253630.000000
1259112.000000
1262936.000000
1462941.000000
1159264.000000
983783.000000
1383821.000000
623119.000000
317232.000000
1241976.000000
1028148.000000
1457958.000000
1683787.000000
1051753.000000
1467658.000000
1503860.000000
130328.000000
349531.000000
481306.000000
1414517.000000
1037673.000000
1633931.000000
1247331.000000
1405569.000000
1266661.000000
1384454.000000
1732744.000000
1408169.000000
1145569.000000
1574800.000000
1263955.000000
1462854.000000
664024.000000
1284373.000000
651605.000000
205763.000000
209979.000000
456580.000000
221226.000000
1432232.000000
1148594.000000
1351977.000000
1461759.000000
1376136.000000
1048753.000000
1436113.000000
1471333.000000
1276170.000000
930606.000000
201923.000000
1392343.000000
1474823.000000
1453466.000000
1470302.000000
1554601.000000
1379553.000000
352356.000000
1466708.000000
961171.000000
1260464.000000
1423027.000000
1498201.000000
1336524.000000
356746.000000
1515420.000000
892768.000000
526060.000000
1475726.000000
159358.000000
491989.000000
1518358.000000
1261053.000000
1647568.000000
984916.000000
1316660.000000
1207759.000000
1567551.000000
1574049.000000
1478782.000000
633476.000000
1247947.000000
1185793.000000
345404.000000
735255.000000
1433443.000000
835415.000000
1270482.000000
314765.000000
201963.000000
514272.000000
963737.000000
1307776.000000
1298762.000000
1413718.000000
