0.000000
0.000000
0.000000
0.000000
0.000000
0.000000
0.000000
0.000000
0.000000
0.000000
0.000000
0.000000
0.000000
0.000000
0.000000
0.000000
0.000000
0.000000
0.000000
0.000000
0.000000
0.000000
0.000000
0.000000
0.000000
0.000000
0.000000
0.000000
0.000000
0.000000
0.000000
0.000000
0.000000
0.000000
0.000000
0.000000
0.000000
0.000000
0.000000
0.000000
0.000000
0.000000
0.000000
0.000000
0.000000
0.000000
0.000000
0.000000
0.000000
0.000000
0.000000
0.000000
0.000000
0.000000
0.000000
0.000000
0.000000
0.000000
0.000000
0.000000
0.000000
0.000000
0.000000
0.000000
0.000000
0.000000
0.000000
0.000000
0.000000
0.000000
0.000000
0.000000
0.000000
0.000000
0.000000
0.000000
0.000000
0.000000
0.000000
0.000000
0.000000
0.000000
0.000000
0.000000
0.000000
0.000000
0.000000
0.000000
0.000000
0.000000
0.000000
0.000000
0.000000
0.000000
0.000000
0.000000
0.000000
0.000000
0.000000
0.000000
0.000000
0.000000
0.000000
0.000000
0.000000
0.000000
0.000000
0.000000
0.000000
0.000000
0.000000
0.000000
0.000000
0.000000
0.000000
0.000000
0.000000
0.000000
0.000000
0.000000
0.000000
0.000000
0.000000
0.000000
0.000000
0.000000
0.000000
0.000000
0.000000
0.000000
0.000000
0.000000
0.000000
0.000000
0.000000
0.000000
0.000000
0.000000
0.000000
0.000000
0.000000
0.000000
0.000000
0.000000
0.000000
0.000000
0.000000
0.000000
0.000000
0.000000
0.000000
0.000000
0.000000
0.000000
0.000000
0.000000
0.000000
0.000000
0.000000
0.000000
0.000000
0.000000
0.000000
0.000000
0.000000
0.000000
0.000000
0.000000
0.000000
0.000000
0.000000
0.000000
0.000000
0.000000
0.000000
0.000000
0.000000
0.000000
0.000000
0.000000
0.000000
0.000000
0.000000
0.000000
0.000000
0.000000
0.000000
0.000000
0.000000
0.000000
0.000000
0.000000
0.000000
0.000000
0.000000
0.000000
0.000000
0.000000
0.000000
0.000000
0.000000
0.000000
0.000000
0.000000
0.000000
0.000000
0.000000
0.000000
0.000000
0.000000
0.000000
0.000000
0.000000
0.000000
0.000000
0.000000
0.000000
0.000000
0.000000
0.000000
0.000000
0.000000
0.000000
0.000000
0.000000
0.000000
0.000000
0.000000
0.000000
0.000000
0.000000
0.000000
0.000000
0.000000
0.000000
0.000000
0.000000
0.000000
0.000000
0.000000
0.000000
0.000000
0.000000
0.000000
0.000000
0.000000
0.000000
0.000000
0.000000
0.000000
0.000000
0.000000
0.000000
0.000000
0.000000
0.000000
0.000000
0.000000
0.000000
0.000000
0.000000
0.000000
0.000000
0.000000
0.000000
0.000000
0.000000
0.000000
0.000000
0.000000
0.000000
0.000000
0.000000
0.000000
0.000000
0.000000
0.000000
0.000000
0.000000
0.000000
0.000000
0.000000
0.000000
0.000000
0.000000
0.000000
0.000000
0.000000
0.000000
0.000000
0.000000
0.000000
0.000000
0.000000
0.000000
0.000000
0.000000
0.000000
0.000000
0.000000
0.000000
0.000000
0.000000
0.000000
0.000000
0.000000
0.000000
0.000000
0.000000
13173300.000000
5269486.000000
5884573.000000
4275763.000000
4103085.000000
333590.000000
4337122.000000
4609815.000000
379340.000000
7847515.000000
1657537.000000
4168167.000000
5060038.000000
1300036.000000
151091.000000
5407722.000000
6743769.000000
4984083.000000
5294674.000000
4130613.000000
2571186.000000
1360322.000000
7590624.000000
1086379.000000
2862118.000000
5970024.000000
6020351.000000
745950.000000
971636.000000
6808397.000000
3078679.000000
8225965.000000
2258715.000000
1248584.000000
5581980.000000
5525321.000000
8075382.000000
4140144.000000
4509429.000000
6646437.000000
5517049.000000
7146426.000000
4084343.000000
5104243.000000
6867822.000000
6666177.000000
5467977.000000
7315365.000000
5174345.000000
744788.000000
3429825.000000
1499624.000000
3112521.000000
1623197.000000
6361133.000000
7193692.000000
6699304.000000
1395849.000000
3111721.000000
7683367.000000
861598.000000
2930372.000000
7494272.000000
3212286.000000
998161.000000
3796528.000000
1543478.000000
5909052.000000
1111715.000000
595774.000000
3966355.000000
5134173.000000
5561333.000000
4116147.000000
3475046.000000
2294962.000000
3972252.000000
1518677.000000
4280234.000000
1728897.000000
3711704.000000
2781586.000000
7865599.000000
1739427.000000
574769.000000
5860539.000000
707858.000000
6434852.000000
1048680.000000
1831002.000000
4247911.000000
6288075.000000
6371676.000000
935784.000000
4257065.000000
1143289.000000
5215343.000000
1173610.000000
3180650.000000
1344755.000000
4743049.000000
4699741.000000
4090214.000000
3778760.000000
5620198.000000
218459.000000
7415952.000000
5228291.000000
4993538.000000
2106744.000000
6342375.000000
4190928.000000
7319678.000000
7581672.000000
2749520.000000
7418268.000000
6213184.000000
11317735.000000
5011102.000000
1105184.000000
5316915.000000
6518452.000000
4257401.000000
5467239.000000
3229410.000000
5010347.000000
262676.000000
271868.000000
1189857.000000
6866867.000000
7063340.000000
1896327.000000
5319976.000000
6645357.000000
7943034.000000
3164428.000000
2935234.000000
8199423.000000
4784468.000000
5412110.000000
4205514.000000
4245571.000000
5283488.000000
8098866.000000
520626.000000
351555.000000
5052244.000000
4785762.000000
2025936.000000
4838301.000000
3738167.000000
4604982.000000
243346.000000
5654717.000000
1211061.000000
5554861.000000
2339141.000000
801214.000000
806024.000000
7932391.000000
2531906.000000
7325431.000000
4240529.000000
4497844.000000
6161282.000000
321414.000000
5136327.000000
5449488.000000
4343028.000000
94051.000000
4912294.000000
6046595.000000
135443.000000
4813012.000000
6612158.000000
5126022.000000
121632.000000
2459580.000000
2365629.000000
5620692.000000
6828700.000000
4279341.000000
109963.000000
2925681.000000
5147963.000000
803322.000000
1809843.000000
6165500.000000
2328685.000000
110733.000000
5520565.000000
6751402.000000
2067454.000000
3067607.000000
4334974.000000
454622.000000
523464.000000
5597645.000000
6211338.000000
1117392.000000
6878805.000000
1232116.000000
7684317.000000
90647.000000
619442.000000
7547540.000000
1310119.000000
2191582.000000
2435743.000000
5549452.000000
4739683.000000
4792767.000000
3600563.000000
492051.000000
468349.000000
3449455.000000
7753593.000000
6056534.000000
4174753.000000
6013538.000000
4772001.000000
4166137.000000
6380150.000000
3845221.000000
1699410.000000
5517424.000000
5946860.000000
3514216.000000
699713.000000
675592.000000
3482162.000000
4169342.000000
321172.000000
4506462.000000
6555812.000000
6600140.000000
3913253.000000
4165130.000000
358976.000000
5493148.000000
8427527.000000
4296091.000000
6434189.000000
6554704.000000
3848651.000000
6698728.000000
7146822.000000
400764.000000
4614811.000000
8090188.000000
430882.000000
572077.000000
6845492.000000
2199285.000000
4510688.000000
1678048.000000
6862122.000000
350258.000000
5885806.000000
3947789.000000
1407186.000000
272262.000000
134666.000000
4752376.000000
5566351.000000
1230953.000000
2614474.000000
4667977.000000
7454390.000000
7155223.000000
4416290.000000
5759491.000000
2624185.000000
7082300.000000
688303.000000
1619806.000000
4488798.000000
6839063.000000
7795388.000000
7114387.000000
8223518.000000
3985451.000000
5213876.000000
678730.000000
1483567.000000
3468407.000000
1689561.000000
7403789.000000
1779041.000000
3016105.000000
3659150.000000
3803099.000000
378410.000000
1023680.000000
3909560.000000
4945603.000000
6027235.000000
6870450.000000
3167172.000000
4332405.000000
5877839.000000
269065.000000
4593976.000000
2367991.000000
3579752.000000
6462011.000000
893823.000000
5251589.000000
3967732.000000
1033769.000000
6266787.000000
6503421.000000
1496156.000000
1801249.000000
705320.000000
1735423.000000
5267244.000000
6356826.000000
3793399.000000
2176839.000000
2520577.000000
3337368.000000
2120310.000000
3397812.000000
4923112.000000
799743.000000
1380233.000000
4736883.000000
3600812.000000
3545335.000000
4943520.000000
6891737.000000
1721155.000000
1583330.000000
168573.000000
3699383.000000
2525548.000000
3021848.000000
686835.000000
5850060.000000
3609979.000000
5807320.000000
7640644.000000
1508085.000000
5753980.000000
4454936.000000
112969.000000
2235450.000000
4659855.000000
1693583.000000
2971477.000000
4254031.000000
1797608.000000
5036935.000000
75487.000000
4054961.000000
2313193.000000
2248834.000000
6859285.000000
566399.000000
4562497.000000
3838836.000000
7113667.000000
2567586.000000
6090768.000000
5982306.000000
8437513.000000
1652131.000000
1820457.000000
3552360.000000
6001643.000000
4575564.000000
6700376.000000
1117764.000000
2564570.000000
6739817.000000
1437991.000000
4530269.000000
113233.000000
3810469.000000
5736637.000000
432967.000000
3285940.000000
3074465.000000
3962863.000000
5216070.000000
6643428.000000
6257159.000000
4913627.000000
942229.000000
4082526.000000
525618.000000
134174.000000
6531060.000000
2354374.000000
1588969.000000
4648809.000000
4117758.000000
5282018.000000
6687233.000000
2800233.000000
6657787.000000
798604.000000
4307479.000000
7297060.000000
675187.000000
6753486.000000
5690166.000000
255316.000000
6449229.000000
2422540.000000
7953142.000000
6461982.000000
4226793.000000
2109928.000000
309109.000000
5428218.000000
126314.000000
6568293.000000
12185.000000
567103.000000
5793239.000000
5502804.000000
3374527.000000
744683.000000
5905790.000000
7417205.000000
5626217.000000
2404491.000000
417092.000000
485999.000000
1114767.000000
6599458.000000
7399832.000000
1860793.000000
5521303.000000
5515838.000000
5398980.000000
4384348.000000
4156839.000000
1062025.000000
375039.000000
565310.000000
5809187.000000
5585174.000000
818678.000000
6635828.000000
1069222.000000
7707246.000000
3955323.000000
4150528.000000
6904191.000000
317520.000000
5380225.000000
1613393.000000
7447777.000000
1487744.000000
276649.000000
1867776.000000
3631042.000000
1243260.000000
4990290.000000
2029213.000000
6057104.000000
2962266.000000
2129453.000000
3355175.000000
129079.000000
4790410.000000
4980894.000000
1662950.000000
4925814.000000
4016823.000000
6498062.000000
5071990.000000
464511.000000
4809552.000000
5424092.000000
1483406.000000
2620440.000000
6688568.000000
5429386.000000
3043758.000000
6468740.000000
438854.000000
3605005.000000
6391519.000000
5333158.000000
4663279.000000
5449793.000000
5687297.000000
3589138.000000
23274.000000
4349375.000000
74149.000000
1344833.000000
6558243.000000
6168478.000000
388756.000000
351288.000000
6599277.000000
6336358.000000
6891.000000
5415202.000000
3705901.000000
1405351.000000
107392.000000
3108740.000000
5654114.000000
516327.000000
130716.000000
7497656.000000
4710120.000000
1509337.000000
2147937.000000
3329703.000000
4836814.000000
2196529.000000
5934375.000000
5397775.000000
7195137.000000
160451.000000
146465.000000
2783994.000000
3971395.000000
7780717.000000
5761868.000000
63342.000000
4231536.000000
4804584.000000
240752.000000
6872845.000000
2104325.000000
6185256.000000
4009905.000000
7808688.000000
2376958.000000
3269843.000000
2001641.000000
271793.000000
6796043.000000
5774455.000000
2412066.000000
7316136.000000
215939.000000
3828870.000000
3702638.000000
6644043.000000
674130.000000
213152.000000
4873279.000000
945647.000000
5998312.000000
2448749.000000
4038298.000000
4062260.000000
4187703.000000
1660898.000000
1396895.000000
5672244.000000
5484670.000000
829108.000000
1488778.000000
4360121.000000
5860488.000000
251290.000000
685453.000000
2859812.000000
658176.000000
3512275.000000
173026.000000
64641.000000
1418916.000000
5312365.000000
6524814.000000
4879829.000000
175829.000000
3451648.000000
6421250.000000
8066442.000000
3727269.000000
4342744.000000
3408874.000000
4108680.000000
262262.000000
6407864.000000
189769.000000
5010261.000000
3734925.000000
4743325.000000
112765.000000
2619794.000000
5368646.000000
4834760.000000
4641689.000000
3305015.000000
465124.000000
5016200.000000
1828039.000000
3620074.000000
276929.000000
414403.000000
7071135.000000
4824102.000000
4933468.000000
1803019.000000
6544230.000000
7346873.000000
1527132.000000
7648776.000000
2990028.000000
157257.000000
2596159.000000
2872402.000000
1709077.000000
2603782.000000
3551914.000000
5460100.000000
3288141.000000
7665712.000000
251153.000000
79377.000000
4695320.000000
2857715.000000
7248883.000000
237127.000000
1589793.000000
204814.000000
6685937.000000
318427.000000
2620507.000000
3376902.000000
6886004.000000
1789361.000000
3425032.000000
7735015.000000
5712702.000000
3312644.000000
1797864.000000
3343151.000000
5592022.000000
4017553.000000
1055899.000000
71320.000000
2735409.000000
5789671.000000
6373229.000000
1369486.000000
4167869.000000
5947345.000000
2469698.000000
5953527.000000
5555262.000000
4365391.000000
3508702.000000
6681411.000000
8166155.000000
7113782.000000
2943880.000000
3214943.000000
180311.000000
5384070.000000
1970961.000000
5512935.000000
1510954.000000
1517791.000000
4243049.000000
70099.000000
7915501.000000
5112715.000000
1389168.000000
3509584.000000
5414369.000000
1807313.000000
6603382.000000
1310266.000000
1246927.000000
5591871.000000
2573020.000000
5734411.000000
155941.000000
7138158.000000
7530604.000000
4119398.000000
1407739.000000
1008125.000000
2935301.000000
4890008.000000
3288006.000000
1291551.000000
5900918.000000
3008024.000000
4448605.000000
3202887.000000
5890461.000000
3847145.000000
5348634.000000
1404517.000000
6922602.000000
5729158.000000
271665.000000
5652659.000000
3291734.000000
2111231.000000
2375504.000000
5963360.000000
2346111.000000
2993672.000000
7184306.000000
6614000.000000
4680563.000000
4102671.000000
1118371.000000
1794683.000000
6009566.000000
4319862.000000
7382010.000000
3555674.000000
6005339.000000
4400729.000000
1817612.000000
4787319.000000
3341073.000000
7066941.000000
4238725.000000
4722382.000000
6644217.000000
4045673.000000
465437.000000
2378666.000000
6783141.000000
5673615.000000
85677.000000
6333178.000000
874350.000000
432342.000000
118616.000000
1130259.000000
4824750.000000
2819766.000000
5936085.000000
4984302.000000
2710340.000000
4064783.000000
7242158.000000
948253.000000
1604596.000000
5702659.000000
300601.000000
6576864.000000
8131080.000000
2370000.000000
173818.000000
1807593.000000
4810961.000000
6277674.000000
5160084.000000
6257283.000000
4142317.000000
7808939.000000
4271226.000000
733669.000000
1799957.000000
1487093.000000
969904.000000
5252259.000000
345495.000000
313896.000000
5884601.000000
945887.000000
1668876.000000
2174724.000000
4693347.000000
524920.000000
6804045.000000
5227986.000000
3880276.000000
2399345.000000
5755122.000000
202883.000000
6435106.000000
7457916.000000
1409102.000000
5090222.000000
221391.000000
7483047.000000
1791739.000000
3792314.000000
5270512.000000
1754976.000000
1542978.000000
452954.000000
3722754.000000
192305.000000
3526225.000000
6207670.000000
225617.000000
5529015.000000
6614835.000000
4466104.000000
6032623.000000
5720410.000000
233168.000000
5899502.000000
505285.000000
7250910.000000
6690107.000000
7004478.000000
5211065.000000
6444313.000000
448948.000000
927305.000000
2787646.000000
4361152.000000
3861746.000000
1725673.000000
6320849.000000
2374287.000000
3297840.000000
6356316.000000
3675670.000000
3868073.000000
4668696.000000
3303557.000000
269220.000000
993916.000000
2479949.000000
116664.000000
1029202.000000
248823.000000
5866240.000000
6071935.000000
5084261.000000
1647082.000000
24522.000000
5964147.000000
5450356.000000
4709222.000000
2563774.000000
6319168.000000
5416058.000000
4688114.000000
3447508.000000
3777311.000000
301230.000000
307502.000000
6184013.000000
1649987.000000
5233140.000000
307433.000000
5193314.000000
27184.000000
59680.000000
6286204.000000
107800.000000
3273803.000000
854367.000000
170365.000000
626007.000000
1599402.000000
5672787.000000
332081.000000
6528429.000000
4320132.000000
3896319.000000
6346287.000000
187902.000000
2507422.000000
4823174.000000
5773434.000000
4104680.000000
5447087.000000
5720768.000000
1156292.000000
3864855.000000
3319316.000000
4035402.000000
5089642.000000
1524188.000000
3608495.000000
72987.000000
3538385.000000
7324057.000000
24329.000000
2152528.000000
3602357.000000
6650790.000000
4418908.000000
6258543.000000
768530.000000
2334399.000000
7140606.000000
135422.000000
1082465.000000
2673409.000000
820195.000000
3701121.000000
6099229.000000
6242626.000000
913508.000000
5305927.000000
5844413.000000
3538507.000000
737575.000000
1136734.000000
5174655.000000
348174.000000
203176.000000
3002369.000000
2404936.000000
4434310.000000
5345266.000000
6001627.000000
528875.000000
5092735.000000
5996532.000000
972024.000000
8028227.000000
1906105.000000
3646638.000000
6075556.000000
6605223.000000
5273197.000000
3224532.000000
6363612.000000
97759.000000
4678534.000000
5381098.000000
5835399.000000
307698.000000
3294273.000000
5047699.000000
115969.000000
84187.000000
5516273.000000
5973295.000000
4910188.000000
7267347.000000
5813697.000000
3264129.000000
6073678.000000
1296057.000000
5056034.000000
2260931.000000
5066040.000000
1751820.000000
7383214.000000
562785.000000
6302462.000000
7679808.000000
5693325.000000
2610654.000000
5109832.000000
7053264.000000
302200.000000
8282214.000000
646809.000000
7235039.000000
233238.000000
691742.000000
1042576.000000
4313953.000000
1062139.000000
4960988.000000
7223153.000000
6241082.000000
5137727.000000
5705039.000000
194253.000000
600658.000000
7749405.000000
1511448.000000
702948.000000
4985365.000000
6075187.000000
6197643.000000
6323078.000000
3038313.000000
5900032.000000
5342285.000000
6830883.000000
5676163.000000
25129.000000
2801332.000000
113377.000000
279890.000000
3775171.000000
1479616.000000
5895406.000000
7752246.000000
7657050.000000
6575109.000000
132101.000000
3228086.000000
4005715.000000
2658093.000000
1807175.000000
5785935.000000
4600038.000000
1296522.000000
6027595.000000
7033482.000000
5912262.000000
5496251.000000
4620081.000000
885074.000000
931084.000000
553532.000000
1460394.000000
3944956.000000
5727720.000000
5638827.000000
7338099.000000
5787617.000000
3923607.000000
4891791.000000
4583612.000000
160199.000000
5173005.000000
3625066.000000
6598417.000000
511641.000000
4951951.000000
6725934.000000
1856293.000000
4467362.000000
1157785.000000
4919234.000000
6642765.000000
3139077.000000
4641325.000000
3376290.000000
7734836.000000
7445721.000000
12016.000000
4045195.000000
1884605.000000
23925.000000
5646017.000000
3866643.000000
5145564.000000
4737760.000000
3918404.000000
8440210.000000
1919787.000000
6983090.000000
88855.000000
6519289.000000
3476848.000000
2914613.000000
831897.000000
1783911.000000
5764957.000000
4022708.000000
3682243.000000
93126.000000
6050033.000000
717554.000000
4671651.000000
276112.000000
5346887.000000
1320285.000000
6034275.000000
5415596.000000
5510214.000000
657535.000000
4916043.000000
419232.000000
5213167.000000
7687645.000000
227268.000000
5874786.000000
5502826.000000
4408730.000000
139806.000000
6601511.000000
6515851.000000
678942.000000
683981.000000
7523561.000000
4533339.000000
397789.000000
523200.000000
4266292.000000
5924143.000000
1722294.000000
6886079.000000
1450278.000000
709075.000000
1203859.000000
5548911.000000
509216.000000
5261181.000000
67293.000000
5644782.000000
559993.000000
5127918.000000
7029190.000000
350782.000000
6019895.000000
5397559.000000
1077416.000000
5476209.000000
5046638.000000
4312119.000000
4359417.000000
105040.000000
867078.000000
335651.000000
4857691.000000
119147.000000
747832.000000
6633226.000000
637895.000000
4391428.000000
7868186.000000
6386721.000000
4742983.000000
1352033.000000
6144038.000000
1002241.000000
5290559.000000
3240853.000000
3425430.000000
823379.000000
5961773.000000
4928832.000000
27354.000000
25138.000000
6479830.000000
2267300.000000
7511.000000
6679110.000000
5064407.000000
3433453.000000
325319.000000
2388596.000000
4530172.000000
3564914.000000
4382916.000000
803065.000000
485381.000000
6276584.000000
4341178.000000
4268684.000000
5485421.000000
5207482.000000
3513482.000000
6428860.000000
6557711.000000
3065666.000000
2954832.000000
5907492.000000
4726539.000000
1298836.000000
6646980.000000
684665.000000
6187390.000000
5654836.000000
3465608.000000
819637.000000
3895261.000000
4117841.000000
29139.000000
2970066.000000
3216140.000000
3421237.000000
2952942.000000
5385781.000000
7825823.000000
4695864.000000
1187245.000000
781611.000000
5787737.000000
4815163.000000
4953379.000000
5854994.000000
246048.000000
4054390.000000
2683460.000000
5877584.000000
4331598.000000
3003577.000000
396109.000000
5776442.000000
550215.000000
4995211.000000
1406664.000000
7559876.000000
549834.000000
1546132.000000
7834449.000000
2992508.000000
787126.000000
3724138.000000
1782998.000000
4537489.000000
2604720.000000
200474.000000
4965574.000000
4571345.000000
4073718.000000
6391395.000000
4797698.000000
5177590.000000
6460418.000000
247034.000000
3005906.000000
4700921.000000
6387852.000000
607698.000000
985414.000000
5103606.000000
5958728.000000
3312277.000000
2527086.000000
2470944.000000
6292268.000000
253063.000000
5716837.000000
6253820.000000
5433695.000000
4569754.000000
2268431.000000
3472508.000000
5276632.000000
2592775.000000
2065414.000000
6599474.000000
6845140.000000
7213046.000000
3784240.000000
91588.000000
6975412.000000
7560288.000000
2938331.000000
5630211.000000
6942868.000000
7645146.000000
5524870.000000
4145778.000000
132190.000000
5342485.000000
6791925.000000
5246864.000000
909591.000000
4626012.000000
5255141.000000
4665993.000000
7341885.000000
2727066.000000
2115185.000000
475646.000000
6503579.000000
971803.000000
83665.000000
5728865.000000
3579419.000000
7557070.000000
3037929.000000
7136978.000000
1470911.000000
7047658.000000
4892664.000000
6614310.000000
7028295.000000
22231.000000
5194995.000000
436748.000000
2153696.000000
795134.000000
217363.000000
5952982.000000
701472.000000
6924085.000000
4699271.000000
590994.000000
240076.000000
1307308.000000
5894320.000000
5203033.000000
3792658.000000
4275096.000000
151938.000000
4647397.000000
4092574.000000
486298.000000
5192192.000000
236107.000000
7737937.000000
3968632.000000
6048828.000000
3944211.000000
6794382.000000
1289132.000000
3396915.000000
4731138.000000
6912334.000000
1952037.000000
1362284.000000
5607821.000000
1785228.000000
1892855.000000
22709.000000
7312205.000000
7420848.000000
4323633.000000
7464993.000000
1246823.000000
493585.000000
7801181.000000
6492567.000000
3162113.000000
4407958.000000
3640089.000000
2301330.000000
1198489.000000
6234771.000000
7184856.000000
664452.000000
3865650.000000
7833363.000000
5389574.000000
6707755.000000
267403.000000
20963.000000
593306.000000
4221405.000000
6238350.000000
663594.000000
285235.000000
2932404.000000
425674.000000
1554019.000000
6645407.000000
291361.000000
536267.000000
5638365.000000
147867.000000
4331760.000000
5373487.000000
4908520.000000
2172976.000000
263098.000000
4733242.000000
7114270.000000
5707881.000000
587313.000000
6455860.000000
5508327.000000
4806069.000000
493706.000000
6089371.000000
8368895.000000
210274.000000
6663885.000000
3350250.000000
2614868.000000
364519.000000
6450048.000000
5623314.000000
7484037.000000
876422.000000
2570290.000000
5608692.000000
417592.000000
5283681.000000
814301.000000
3884237.000000
4140976.000000
4899763.000000
4236548.000000
2039816.000000
2114974.000000
2256493.000000
2445579.000000
4592405.000000
4911232.000000
2013745.000000
2058270.000000
4392745.000000
7422029.000000
5408591.000000
3831026.000000
780580.000000
1242452.000000
128727.000000
6806593.000000
300358.000000
2022190.000000
4304890.000000
6595156.000000
615321.000000
1901388.000000
2185253.000000
781136.000000
4707834.000000
4930588.000000
1534181.000000
2621264.000000
5000478.000000
6595383.000000
5811464.000000
5310733.000000
4625355.000000
4258897.000000
6376218.000000
89864.000000
3482263.000000
6672358.000000
4236155.000000
3516572.000000
4558793.000000
6124070.000000
277044.000000
4572484.000000
3760647.000000
3947730.000000
67121.000000
3996424.000000
1104629.000000
579792.000000
4146309.000000
3850041.000000
729254.000000
356147.000000
7212533.000000
4345875.000000
4462100.000000
7342309.000000
5610920.000000
2668210.000000
36951.000000
140924.000000
4376851.000000
459864.000000
5424595.000000
6676099.000000
3275139.000000
995179.000000
7248835.000000
5673603.000000
1061314.000000
6748695.000000
492945.000000
2009737.000000
1079500.000000
6361042.000000
7022793.000000
3300135.000000
4694177.000000
96121.000000
708462.000000
96290.000000
482565.000000
6628514.000000
4343071.000000
4799952.000000
4241823.000000
1261516.000000
4379715.000000
6689769.000000
7013007.000000
1164100.000000
6920666.000000
4446498.000000
7286561.000000
4024511.000000
1880560.000000
4212288.000000
5709841.000000
7170836.000000
538559.000000
5167580.000000
2787376.000000
5590902.000000
1083705.000000
5325258.000000
3513219.000000
6221207.000000
520831.000000
4859432.000000
7224528.000000
4167515.000000
3306547.000000
1666792.000000
30574.000000
5728249.000000
896849.000000
2766778.000000
715979.000000
2063752.000000
156623.000000
5224964.000000
2472059.000000
5233347.000000
1467671.000000
562423.000000
4291178.000000
387466.000000
8116001.000000
4753986.000000
615043.000000
4348287.000000
4317696.000000
4218609.000000
396365.000000
6661616.000000
404758.000000
7677336.000000
947765.000000
1018802.000000
3323313.000000
1825826.000000
5590828.000000
4308960.000000
3923947.000000
7601873.000000
5643806.000000
5364761.000000
1435434.000000
2217001.000000
1568785.000000
5335156.000000
6734897.000000
68682.000000
3582022.000000
1171516.000000
5603261.000000
4354564.000000
5144063.000000
5934363.000000
1054623.000000
5892846.000000
228422.000000
7406142.000000
6070486.000000
7296502.000000
81302.000000
7432262.000000
1070027.000000
7426635.000000
877341.000000
346671.000000
3464898.000000
1847569.000000
4159287.000000
6604202.000000
3567071.000000
445607.000000
25242.000000
1282750.000000
1402988.000000
3836476.000000
882001.000000
73901.000000
4380619.000000
7191092.000000
2385034.000000
5014238.000000
6983561.000000
584570.000000
5030431.000000
619522.000000
5846001.000000
6450395.000000
5840319.000000
5495976.000000
584377.000000
424371.000000
7843788.000000
2263453.000000
1751664.000000
2018924.000000
4541450.000000
1161589.000000
5445126.000000
5198836.000000
5969357.000000
5819170.000000
674241.000000
538155.000000
4339114.000000
1256831.000000
6461462.000000
3841744.000000
3029254.000000
2762187.000000
8075197.000000
5483893.000000
3588372.000000
6450311.000000
4634219.000000
191094.000000
29139.000000
1315442.000000
93422.000000
7849209.000000
2805045.000000
4448952.000000
4500050.000000
293043.000000
7506161.000000
590434.000000
248092.000000
4438453.000000
4654586.000000
5579973.000000
3755179.000000
5519384.000000
2327878.000000
471105.000000
911421.000000
138734.000000
5144774.000000
246643.000000
2676218.000000
4639027.000000
4350249.000000
4519175.000000
6640307.000000
4965375.000000
5667278.000000
6874733.000000
4717479.000000
4252610.000000
2167091.000000
2739640.000000
2088041.000000
1056479.000000
191950.000000
5034150.000000
588460.000000
5352893.000000
3322648.000000
23634.000000
349789.000000
4819821.000000
3894118.000000
4276556.000000
2900411.000000
1339350.000000
8167127.000000
5342222.000000
6002880.000000
662942.000000
5472257.000000
4553050.000000
479073.000000
6804185.000000
5196979.000000
3462427.000000
65805.000000
5491128.000000
1847953.000000
3459950.000000
2364296.000000
4596509.000000
1047685.000000
5331725.000000
5079590.000000
4990560.000000
5276609.000000
6968690.000000
7014084.000000
5526269.000000
3129161.000000
5167156.000000
2076433.000000
5293030.000000
1182692.000000
5363143.000000
2544449.000000
5516815.000000
1105320.000000
996836.000000
6266221.000000
1266105.000000
6947563.000000
3072339.000000
412107.000000
6311001.000000
5455271.000000
4907000.000000
110960.000000
4391171.000000
2542954.000000
2505090.000000
1785047.000000
4143642.000000
3551345.000000
7687648.000000
4583961.000000
872192.000000
8365835.000000
3469974.000000
4875229.000000
4430946.000000
1142872.000000
636429.000000
5460793.000000
205026.000000
5108008.000000
4157361.000000
4542272.000000
4751368.000000
291752.000000
1379569.000000
4125411.000000
486992.000000
3665978.000000
6375133.000000
406922.000000
5579241.000000
4523040.000000
4313687.000000
4890471.000000
6898227.000000
2172626.000000
6133999.000000
6702808.000000
959096.000000
5095776.000000
694768.000000
6311569.000000
6715858.000000
5078145.000000
3567133.000000
659762.000000
880321.000000
7211885.000000
4047209.000000
1600796.000000
4470083.000000
6143939.000000
7304566.000000
466338.000000
2594492.000000
6544082.000000
3154171.000000
2865498.000000
1933115.000000
2837539.000000
2780819.000000
898849.000000
1048466.000000
1721693.000000
367049.000000
759399.000000
7661143.000000
308953.000000
157465.000000
196782.000000
7739191.000000
5222372.000000
4243164.000000
3378310.000000
4189006.000000
378192.000000
427641.000000
6219149.000000
6260699.000000
3582273.000000
4376107.000000
4244522.000000
3354801.000000
7229630.000000
6549004.000000
6256350.000000
312113.000000
449543.000000
2139169.000000
171080.000000
4514195.000000
2630102.000000
1035435.000000
1661887.000000
7156976.000000
5074963.000000
4033709.000000
1169736.000000
2459929.000000
719554.000000
3792660.000000
4746358.000000
1452312.000000
299454.000000
4826676.000000
959808.000000
4801971.000000
652239.000000
7433566.000000
7383186.000000
4585189.000000
6378478.000000
4126593.000000
1835956.000000
793234.000000
3823634.000000
444464.000000
1639249.000000
909917.000000
6782113.000000
4732026.000000
1337644.000000
2173773.000000
709843.000000
5345416.000000
6355692.000000
6200151.000000
403902.000000
5349039.000000
3595269.000000
4247696.000000
173013.000000
3950099.000000
6536376.000000
5660282.000000
2738447.000000
2302213.000000
3159112.000000
2681037.000000
2401488.000000
443687.000000
4980698.000000
1227885.000000
4989948.000000
16725.000000
3424735.000000
5233627.000000
5165221.000000
5968776.000000
7333452.000000
159675.000000
5614586.000000
2267594.000000
2558483.000000
5597957.000000
7876425.000000
3676402.000000
4465083.000000
1648395.000000
981308.000000
1829282.000000
6869786.000000
6838604.000000
7306318.000000
581162.000000
7287042.000000
4519585.000000
436302.000000
6482087.000000
1720800.000000
2079447.000000
738451.000000
6730527.000000
3870949.000000
542876.000000
3458889.000000
6746288.000000
6944420.000000
4234238.000000
1342985.000000
6620636.000000
6439162.000000
4367993.000000
501757.000000
5648902.000000
5557956.000000
1415144.000000
6772216.000000
2785928.000000
5977504.000000
1384308.000000
4636244.000000
3622417.000000
2999896.000000
1152204.000000
4018762.000000
2704251.000000
6646863.000000
2639968.000000
1024327.000000
6127402.000000
6582342.000000
7061310.000000
706815.000000
4819545.000000
3746957.000000
180266.000000
5528462.000000
5160467.000000
5608115.000000
5524175.000000
7566810.000000
6630265.000000
6812518.000000
3387749.000000
1578031.000000
6240636.000000
6643725.000000
3072863.000000
697997.000000
2324707.000000
3948879.000000
5182127.000000
6094164.000000
6345210.000000
5062358.000000
7601247.000000
5566056.000000
399140.000000
6262127.000000
3334057.000000
118393.000000
6192324.000000
4198384.000000
7034982.000000
3351698.000000
1644521.000000
202454.000000
1061202.000000
4584372.000000
3661471.000000
6937233.000000
5186519.000000
5705082.000000
3174588.000000
7332071.000000
3491627.000000
1303192.000000
6568013.000000
3329558.000000
6408249.000000
2206617.000000
2178213.000000
5011559.000000
2132351.000000
782952.000000
4569147.000000
2930257.000000
6443485.000000
8191146.000000
6464898.000000
7197846.000000
6665432.000000
1691694.000000
1695802.000000
7926922.000000
2409504.000000
8140896.000000
916629.000000
835159.000000
4636954.000000
5643861.000000
806523.000000
3694197.000000
2214697.000000
1605000.000000
7792770.000000
197681.000000
1248044.000000
4570657.000000
6081123.000000
4878276.000000
208556.000000
1972977.000000
6055517.000000
81562.000000
2823641.000000
1013159.000000
2922597.000000
1858838.000000
4740896.000000
3726158.000000
673386.000000
1431527.000000
902644.000000
6306634.000000
5418741.000000
361330.000000
346240.000000
3926282.000000
87155.000000
5092859.000000
893996.000000
322145.000000
6118970.000000
6158919.000000
3279479.000000
6517364.000000
6449469.000000
2660668.000000
3105177.000000
1915196.000000
5097895.000000
1438090.000000
6208967.000000
402935.000000
3348965.000000
2536826.000000
6445575.000000
4043559.000000
5489185.000000
4212535.000000
7404074.000000
525523.000000
4825887.000000
1374063.000000
5276662.000000
1659612.000000
3506333.000000
4961507.000000
88194.000000
6403787.000000
4092837.000000
1371789.000000
4597584.000000
7058290.000000
6465856.000000
3615488.000000
5250353.000000
4342256.000000
1194531.000000
7672023.000000
5968290.000000
359453.000000
5997815.000000
2152315.000000
4895591.000000
4916519.000000
3658996.000000
119692.000000
4342612.000000
2172079.000000
5918607.000000
1773216.000000
7227976.000000
4752903.000000
105137.000000
5694450.000000
693019.000000
8281057.000000
7488890.000000
3782396.000000
4605560.000000
6180929.000000
4953307.000000
5374414.000000
1941528.000000
871168.000000
606256.000000
5368361.000000
6056258.000000
97208.000000
521560.000000
2916532.000000
6857480.000000
4648778.000000
493112.000000
5601688.000000
184621.000000
1636879.000000
2770818.000000
2389355.000000
3593866.000000
3725047.000000
7346148.000000
4196670.000000
692383.000000
6907706.000000
938488.000000
7063773.000000
5596400.000000
4679502.000000
2565246.000000
4731264.000000
5280863.000000
4845149.000000
6509624.000000
3167687.000000
165609.000000
105763.000000
4330575.000000
679998.000000
4667986.000000
4903019.000000
7599832.000000
29139.000000
4173135.000000
2539617.000000
100195.000000
3680053.000000
6417802.000000
6844158.000000
5669617.000000
324375.000000
5085858.000000
5422885.000000
4528200.000000
4444268.000000
8082068.000000
189043.000000
4757170.000000
1238056.000000
6673690.000000
6788627.000000
814956.000000
7231011.000000
92152.000000
253382.000000
4280550.000000
176970.000000
333865.000000
8417870.000000
5748779.000000
5521903.000000
2040457.000000
5004865.000000
1798302.000000
706194.000000
533344.000000
5608984.000000
2071174.000000
2595981.000000
4644493.000000
6771018.000000
495640.000000
5282971.000000
5580088.000000
82195.000000
4839023.000000
4109842.000000
1823948.000000
5525290.000000
743977.000000
5426043.000000
991916.000000
610618.000000
1172328.000000
7407829.000000
7088798.000000
1445841.000000
432036.000000
1580699.000000
592332.000000
3815153.000000
3941878.000000
7347019.000000
5864281.000000
4163981.000000
520053.000000
3774890.000000
4265248.000000
3615207.000000
6322594.000000
2933256.000000
1628228.000000
2742168.000000
877641.000000
351498.000000
4811895.000000
1895568.000000
4843595.000000
5473201.000000
2397867.000000
5477611.000000
6502023.000000
111070.000000
474435.000000
580031.000000
4354677.000000
1886370.000000
5477861.000000
3869836.000000
4859011.000000
3069231.000000
7344556.000000
7754492.000000
3866313.000000
4001194.000000
6929199.000000
6021443.000000
6229127.000000
979073.000000
3214350.000000
897013.000000
261877.000000
287976.000000
641574.000000
220511.000000
4401955.000000
2080532.000000
3626978.000000
3778389.000000
6015435.000000
2013418.000000
4009676.000000
5656059.000000
4482384.000000
1631239.000000
279949.000000
6417536.000000
5430737.000000
6141981.000000
6476181.000000
6363801.000000
5962695.000000
449122.000000
5860586.000000
3467064.000000
8406484.000000
6021484.000000
4119027.000000
2856601.000000
446337.000000
4895247.000000
1358952.000000
738091.000000
6481238.000000
171636.000000
574260.000000
5795208.000000
2632434.000000
7444483.000000
1501706.000000
5499308.000000
3760870.000000
6881137.000000
4533798.000000
4460666.000000
904040.000000
3323151.000000
5962782.000000
417399.000000
1174994.000000
3333525.000000
1530721.000000
3134683.000000
450305.000000
238997.000000
691495.000000
1376390.000000
7034316.000000
4670469.000000
4302092.000000
