0.000000
0.000000
0.000000
0.000000
0.000000
0.000000
0.000000
0.000000
0.000000
0.000000
0.000000
0.000000
0.000000
0.000000
0.000000
0.000000
0.000000
0.000000
0.000000
0.000000
0.000000
0.000000
0.000000
0.000000
0.000000
0.000000
0.000000
0.000000
0.000000
0.000000
0.000000
0.000000
0.000000
0.000000
0.000000
0.000000
0.000000
0.000000
0.000000
0.000000
0.000000
0.000000
0.000000
0.000000
0.000000
0.000000
0.000000
0.000000
0.000000
0.000000
0.000000
0.000000
0.000000
0.000000
0.000000
0.000000
0.000000
0.000000
0.000000
0.000000
0.000000
0.000000
0.000000
0.000000
0.000000
0.000000
0.000000
0.000000
0.000000
0.000000
0.000000
0.000000
0.000000
0.000000
0.000000
0.000000
0.000000
0.000000
0.000000
0.000000
0.000000
0.000000
0.000000
0.000000
0.000000
0.000000
0.000000
0.000000
0.000000
0.000000
0.000000
0.000000
0.000000
0.000000
0.000000
0.000000
0.000000
0.000000
0.000000
0.000000
0.000000
0.000000
0.000000
0.000000
0.000000
0.000000
0.000000
0.000000
0.000000
0.000000
0.000000
0.000000
0.000000
0.000000
0.000000
0.000000
0.000000
0.000000
0.000000
0.000000
0.000000
0.000000
0.000000
0.000000
0.000000
0.000000
0.000000
0.000000
0.000000
0.000000
0.000000
0.000000
0.000000
0.000000
0.000000
0.000000
0.000000
0.000000
0.000000
0.000000
0.000000
0.000000
0.000000
0.000000
0.000000
0.000000
0.000000
0.000000
0.000000
0.000000
0.000000
0.000000
0.000000
0.000000
0.000000
0.000000
0.000000
0.000000
0.000000
0.000000
0.000000
0.000000
0.000000
0.000000
0.000000
0.000000
0.000000
0.000000
0.000000
0.000000
0.000000
0.000000
0.000000
0.000000
0.000000
0.000000
0.000000
0.000000
0.000000
0.000000
0.000000
0.000000
0.000000
0.000000
0.000000
0.000000
0.000000
0.000000
0.000000
0.000000
0.000000
0.000000
0.000000
0.000000
0.000000
0.000000
0.000000
0.000000
0.000000
0.000000
0.000000
0.000000
0.000000
0.000000
0.000000
0.000000
0.000000
0.000000
0.000000
0.000000
0.000000
0.000000
0.000000
0.000000
0.000000
0.000000
0.000000
0.000000
0.000000
0.000000
0.000000
0.000000
0.000000
0.000000
0.000000
0.000000
0.000000
0.000000
0.000000
0.000000
0.000000
0.000000
0.000000
0.000000
0.000000
0.000000
0.000000
0.000000
0.000000
0.000000
0.000000
0.000000
0.000000
0.000000
0.000000
0.000000
0.000000
0.000000
0.000000
0.000000
0.000000
0.000000
0.000000
0.000000
0.000000
0.000000
0.000000
0.000000
0.000000
0.000000
0.000000
0.000000
0.000000
0.000000
0.000000
0.000000
0.000000
0.000000
0.000000
0.000000
0.000000
0.000000
0.000000
0.000000
0.000000
0.000000
0.000000
0.000000
0.000000
0.000000
0.000000
0.000000
0.000000
0.000000
0.000000
0.000000
0.000000
0.000000
0.000000
0.000000
0.000000
0.000000
0.000000
0.000000
0.000000
0.000000
0.000000
0.000000
0.000000
0.000000
0.000000
0.000000
0.000000
0.000000
0.000000
0.000000
0.000000
0.000000
0.000000
0.000000
0.000000
0.000000
0.000000
0.000000
0.000000
0.000000
0.000000
0.000000
0.000000
0.000000
0.000000
0.000000
0.000000
0.000000
0.000000
0.000000
0.000000
0.000000
0.000000
0.000000
0.000000
0.000000
2063430.000000
1322293.000000
1170920.000000
1025196.000000
638532.000000
711584.000000
1229186.000000
1089538.000000
1343663.000000
1000078.000000
734240.000000
1148224.000000
1211398.000000
1173642.000000
1282549.000000
1301689.000000
1561929.000000
1196634.000000
1272819.000000
1132030.000000
1517480.000000
1417682.000000
1041899.000000
1280171.000000
1161365.000000
1251772.000000
522494.000000
1343632.000000
946673.000000
1175306.000000
962504.000000
1464382.000000
1508932.000000
1229303.000000
823566.000000
1292927.000000
1241564.000000
617708.000000
1162447.000000
1407678.000000
1082147.000000
684031.000000
1026096.000000
852456.000000
1241984.000000
808251.000000
585400.000000
1257191.000000
1158659.000000
1326926.000000
1256483.000000
1174998.000000
1059278.000000
1151300.000000
966896.000000
1118793.000000
1048141.000000
1214658.000000
1119016.000000
1148058.000000
897941.000000
466873.000000
1287644.000000
644261.000000
1448090.000000
798556.000000
1009312.000000
1178737.000000
1334730.000000
1174446.000000
717392.000000
1027695.000000
498435.000000
1283108.000000
852680.000000
1135109.000000
902860.000000
1245311.000000
1269807.000000
1092179.000000
1283566.000000
1377321.000000
220476.000000
1261306.000000
1085697.000000
1568926.000000
1067439.000000
1266312.000000
979721.000000
1273866.000000
1424409.000000
1184362.000000
1589542.000000
1306774.000000
1091587.000000
1166203.000000
732330.000000
1150296.000000
1392950.000000
1173339.000000
1022761.000000
1201520.000000
1210500.000000
245665.000000
268773.000000
701159.000000
1183337.000000
1147345.000000
942807.000000
1120405.000000
1223354.000000
1137399.000000
1214581.000000
1207424.000000
1230821.000000
1294144.000000
1101945.000000
1620649.000000
1057231.000000
1212219.000000
1368791.000000
427846.000000
274993.000000
1094295.000000
1289776.000000
915588.000000
1250803.000000
1088064.000000
1404993.000000
200593.000000
1155314.000000
770840.000000
1412747.000000
964273.000000
622872.000000
574386.000000
1359861.000000
1447929.000000
1122136.000000
1170894.000000
1198469.000000
1691412.000000
329504.000000
1088706.000000
1173762.000000
1134710.000000
91812.000000
1235360.000000
1293136.000000
99758.000000
1263766.000000
1227363.000000
1112022.000000
115656.000000
1449381.000000
1038970.000000
1109970.000000
1249050.000000
1279000.000000
117887.000000
1102207.000000
1173203.000000
609510.000000
947762.000000
1176765.000000
1169258.000000
102189.000000
1196534.000000
1306918.000000
988114.000000
1187673.000000
1098822.000000
413791.000000
407985.000000
1242898.000000
1162135.000000
704767.000000
1281360.000000
891852.000000
1142722.000000
83585.000000
429797.000000
1344957.000000
885234.000000
1055456.000000
1271983.000000
1150531.000000
1310189.000000
1187864.000000
1157240.000000
423802.000000
426986.000000
1537018.000000
1334854.000000
1260122.000000
1181083.000000
1403459.000000
1094137.000000
1138820.000000
1177475.000000
1172114.000000
960734.000000
1230048.000000
1285571.000000
923526.000000
505335.000000
542392.000000
1168207.000000
1198975.000000
249768.000000
1257086.000000
1216682.000000
1063983.000000
1277776.000000
1311172.000000
293751.000000
946563.000000
1505509.000000
1376226.000000
1130186.000000
1001650.000000
1127911.000000
1498476.000000
1270541.000000
363120.000000
1363673.000000
1323702.000000
395709.000000
363946.000000
1264843.000000
1219417.000000
1220460.000000
893713.000000
1152314.000000
334621.000000
1269684.000000
1211132.000000
812739.000000
234652.000000
127872.000000
1242457.000000
1320282.000000
754760.000000
1223530.000000
1113370.000000
1483675.000000
1363642.000000
1547371.000000
1230668.000000
1235833.000000
1352916.000000
729585.000000
902264.000000
1251337.000000
1336949.000000
1109988.000000
1231632.000000
1304192.000000
1043668.000000
1354220.000000
613796.000000
854660.000000
1166685.000000
843540.000000
1294022.000000
998283.000000
1097468.000000
1318513.000000
1155215.000000
353483.000000
780356.000000
1060916.000000
1310877.000000
1431461.000000
1190986.000000
1071726.000000
1286171.000000
1373119.000000
283934.000000
1116680.000000
945761.000000
1213828.000000
1319267.000000
608631.000000
1413102.000000
1292929.000000
760451.000000
1134726.000000
1307708.000000
904084.000000
862382.000000
517216.000000
1073323.000000
1411664.000000
1143631.000000
1149823.000000
1010323.000000
1050028.000000
1118845.000000
1049663.000000
1231451.000000
1218057.000000
294005.000000
923131.000000
1221806.000000
1101091.000000
937028.000000
1222596.000000
1144517.000000
883457.000000
911898.000000
141321.000000
1209478.000000
1031893.000000
1035347.000000
557938.000000
1515271.000000
1660695.000000
1237513.000000
1392950.000000
910568.000000
1669459.000000
1113328.000000
90678.000000
1023122.000000
1085070.000000
877641.000000
1131517.000000
1182379.000000
887608.000000
1207239.000000
61312.000000
1135472.000000
1054498.000000
1032809.000000
1253401.000000
495249.000000
1314131.000000
1147814.000000
1501517.000000
1087492.000000
1229896.000000
1667984.000000
1310530.000000
1084572.000000
954389.000000
1233711.000000
1135003.000000
1488136.000000
1064144.000000
805650.000000
1043613.000000
1317925.000000
757205.000000
1080598.000000
129017.000000
1216734.000000
1153939.000000
360490.000000
1145412.000000
1241838.000000
1167058.000000
1189807.000000
1148898.000000
1280589.000000
1157038.000000
636793.000000
1184278.000000
438192.000000
103826.000000
1464843.000000
1203002.000000
841455.000000
1111865.000000
1138216.000000
1016677.000000
1288165.000000
1155385.000000
1335905.000000
575918.000000
1270159.000000
1550553.000000
563302.000000
1173397.000000
1352761.000000
190104.000000
1244997.000000
1216718.000000
1158636.000000
1305607.000000
1032014.000000
948252.000000
322367.000000
1315203.000000
84418.000000
1134949.000000
12049.000000
466796.000000
1453400.000000
1475687.000000
1334323.000000
456841.000000
1214961.000000
1307839.000000
1183244.000000
913019.000000
334888.000000
465909.000000
814112.000000
1178440.000000
1321158.000000
985812.000000
1440894.000000
1124096.000000
1125201.000000
1036729.000000
1085318.000000
691800.000000
307927.000000
526332.000000
1250732.000000
1372545.000000
571266.000000
1281765.000000
711279.000000
1226583.000000
1096860.000000
1199577.000000
1296172.000000
195169.000000
1255272.000000
930928.000000
1349774.000000
875685.000000
225218.000000
1027422.000000
1235329.000000
785681.000000
1013314.000000
999753.000000
1275760.000000
1064381.000000
982084.000000
1149013.000000
128820.000000
1274328.000000
1533283.000000
759130.000000
1051796.000000
1082045.000000
1438704.000000
1228948.000000
415490.000000
1176677.000000
1182725.000000
951270.000000
1041084.000000
1854179.000000
1147381.000000
1143934.000000
1394908.000000
346002.000000
1207388.000000
1644963.000000
1237826.000000
1069372.000000
1209975.000000
1290579.000000
1165010.000000
28023.000000
1241228.000000
77014.000000
850338.000000
1183573.000000
1448306.000000
267080.000000
286295.000000
1068336.000000
1146839.000000
7626.000000
1216958.000000
1239838.000000
841421.000000
78314.000000
1076779.000000
1489364.000000
401270.000000
97587.000000
1367097.000000
1367837.000000
911801.000000
949552.000000
840587.000000
1304903.000000
1060586.000000
1302125.000000
1747908.000000
1384687.000000
128884.000000
143146.000000
1289837.000000
1135067.000000
1123991.000000
1190235.000000
50103.000000
1257085.000000
1239886.000000
221396.000000
1235617.000000
1142789.000000
1160641.000000
1415909.000000
1436840.000000
1106561.000000
1253409.000000
875758.000000
246371.000000
1357547.000000
1210213.000000
1060593.000000
1333468.000000
189044.000000
1293647.000000
1003604.000000
1098311.000000
424900.000000
159976.000000
1233971.000000
526482.000000
1153859.000000
1156712.000000
1109610.000000
1272581.000000
1183459.000000
1055111.000000
788065.000000
1267084.000000
1119125.000000
552772.000000
876718.000000
1137930.000000
1307227.000000
213933.000000
589036.000000
1000233.000000
537598.000000
1194541.000000
159524.000000
44707.000000
871529.000000
1157257.000000
1358996.000000
1068484.000000
140263.000000
1092274.000000
1400747.000000
1246756.000000
1209675.000000
1162518.000000
1051311.000000
1241554.000000
290917.000000
1175437.000000
151924.000000
1198806.000000
1305167.000000
1234349.000000
120794.000000
1162555.000000
1087567.000000
1135954.000000
1158877.000000
1144738.000000
453097.000000
1248252.000000
859814.000000
1099243.000000
221040.000000
366533.000000
1160810.000000
1244085.000000
968225.000000
982600.000000
1171654.000000
1294512.000000
831313.000000
1281528.000000
1025530.000000
120875.000000
1204799.000000
1149140.000000
979909.000000
967524.000000
1140768.000000
1094718.000000
1238288.000000
1304867.000000
357128.000000
79107.000000
1439233.000000
1182399.000000
1615643.000000
218906.000000
1022853.000000
182555.000000
1484307.000000
291233.000000
1172463.000000
1206747.000000
1167762.000000
937567.000000
1275102.000000
1130007.000000
1344418.000000
1181684.000000
1370903.000000
1118579.000000
1151027.000000
1130741.000000
669875.000000
63764.000000
1014512.000000
1240988.000000
1179064.000000
912405.000000
1268258.000000
1131281.000000
917432.000000
1372686.000000
1150867.000000
1170793.000000
1158106.000000
1669940.000000
1121298.000000
1278878.000000
1183029.000000
1044000.000000
134044.000000
1331746.000000
916112.000000
1193109.000000
951359.000000
960033.000000
1191756.000000
59259.000000
1188865.000000
1362381.000000
756166.000000
1059329.000000
1310127.000000
849132.000000
1251304.000000
754291.000000
432272.000000
1398467.000000
1102470.000000
1586982.000000
143173.000000
1069589.000000
1163765.000000
1291567.000000
842282.000000
677128.000000
1127455.000000
1230721.000000
1029575.000000
724552.000000
1546047.000000
1166980.000000
1248869.000000
1291684.000000
1090120.000000
1193578.000000
834870.000000
862831.000000
1179279.000000
1092473.000000
261277.000000
1193974.000000
1171524.000000
1030153.000000
1133002.000000
1117114.000000
1141281.000000
1062632.000000
1665522.000000
1278860.000000
1323744.000000
1059161.000000
766608.000000
991272.000000
1424838.000000
1220159.000000
1222243.000000
1196083.000000
1220599.000000
938113.000000
797645.000000
1009662.000000
1264780.000000
1182645.000000
1336671.000000
1456109.000000
1568272.000000
1426434.000000
391250.000000
1140010.000000
1452224.000000
1386800.000000
92350.000000
1145492.000000
639990.000000
317985.000000
129459.000000
778137.000000
1209002.000000
947677.000000
1285117.000000
1100149.000000
1166742.000000
1076488.000000
1121613.000000
720878.000000
853652.000000
1361802.000000
247006.000000
1231287.000000
1310829.000000
1187336.000000
144370.000000
1020559.000000
1279444.000000
1255305.000000
1328989.000000
1153222.000000
1025954.000000
1277957.000000
1331561.000000
599531.000000
1016237.000000
856681.000000
619594.000000
1218522.000000
301760.000000
280041.000000
1261858.000000
631578.000000
925872.000000
963727.000000
1208674.000000
588429.000000
1343869.000000
1214225.000000
1228059.000000
1105504.000000
1276293.000000
168545.000000
1079290.000000
1453616.000000
850096.000000
1020169.000000
176102.000000
1194101.000000
844224.000000
1166624.000000
1277777.000000
970512.000000
975751.000000
400037.000000
1169541.000000
175315.000000
1091166.000000
1184143.000000
212736.000000
1189976.000000
1501682.000000
1226108.000000
1327909.000000
1166210.000000
237846.000000
1209537.000000
444297.000000
1091050.000000
1631622.000000
1191712.000000
1346634.000000
1240496.000000
431092.000000
925033.000000
926827.000000
1208226.000000
1271116.000000
980534.000000
1183503.000000
1019742.000000
1140772.000000
1156753.000000
1055612.000000
1064028.000000
1762739.000000
1127698.000000
263497.000000
630120.000000
1207386.000000
93745.000000
696609.000000
166737.000000
1233692.000000
1233309.000000
1267666.000000
967452.000000
22956.000000
1197840.000000
1370214.000000
1240254.000000
1069519.000000
1455192.000000
1228457.000000
1108068.000000
1056537.000000
1258770.000000
331683.000000
265748.000000
1178307.000000
859166.000000
1744854.000000
236978.000000
1285700.000000
26044.000000
61337.000000
1208445.000000
99747.000000
1022379.000000
607779.000000
165279.000000
554946.000000
962819.000000
1249727.000000
265133.000000
1277121.000000
1209950.000000
1162080.000000
1354349.000000
197831.000000
1120275.000000
1166126.000000
1011848.000000
1364610.000000
1201652.000000
1140337.000000
801178.000000
1399106.000000
1338873.000000
1215064.000000
1492034.000000
872816.000000
1247241.000000
60495.000000
1257877.000000
1234173.000000
24950.000000
1057559.000000
1156160.000000
1536726.000000
1229955.000000
1395058.000000
491826.000000
982616.000000
1379318.000000
103332.000000
758397.000000
1025102.000000
564219.000000
1031338.000000
1092044.000000
1370532.000000
659397.000000
1346250.000000
1264242.000000
921698.000000
553636.000000
716475.000000
1297533.000000
344462.000000
215187.000000
1124213.000000
1029846.000000
1066516.000000
1284349.000000
1330214.000000
493987.000000
1204798.000000
1170620.000000
607115.000000
1374716.000000
1056525.000000
879117.000000
1632199.000000
1319026.000000
1170875.000000
1248838.000000
1358224.000000
106008.000000
1415936.000000
1242635.000000
1111616.000000
295684.000000
1154468.000000
1161017.000000
93367.000000
80083.000000
1106360.000000
1299399.000000
1214728.000000
1830701.000000
1246208.000000
1038544.000000
1077904.000000
840233.000000
1255575.000000
994408.000000
1250182.000000
887232.000000
1247348.000000
518974.000000
1183603.000000
1277624.000000
1166319.000000
1161688.000000
1123932.000000
1198266.000000
205306.000000
1246142.000000
452210.000000
1517480.000000
223787.000000
595176.000000
730810.000000
1149040.000000
722726.000000
1064400.000000
1261973.000000
1235164.000000
1202418.000000
1154894.000000
156707.000000
531701.000000
1266879.000000
935584.000000
546457.000000
1240604.000000
1056327.000000
1179551.000000
1426409.000000
1203223.000000
1245605.000000
1253284.000000
1140098.000000
1173298.000000
20904.000000
1207459.000000
119819.000000
285625.000000
1165736.000000
848845.000000
1154093.000000
1574288.000000
1324115.000000
1310873.000000
110467.000000
1193227.000000
1222161.000000
1428605.000000
926478.000000
1108395.000000
1326511.000000
815809.000000
1340439.000000
1277379.000000
1254728.000000
1283499.000000
1083237.000000
610684.000000
679062.000000
440560.000000
922920.000000
1300375.000000
1300276.000000
1364617.000000
1243201.000000
1560955.000000
1307512.000000
1112403.000000
1200374.000000
124972.000000
1239837.000000
1378613.000000
1291826.000000
391178.000000
1150916.000000
1259889.000000
1037884.000000
1128710.000000
736664.000000
1106962.000000
1281623.000000
1316665.000000
1037148.000000
1297837.000000
1394901.000000
1198718.000000
11788.000000
1145573.000000
861379.000000
26296.000000
1351577.000000
1172943.000000
1369968.000000
1165440.000000
1271549.000000
1486329.000000
881656.000000
1306503.000000
87387.000000
1317607.000000
1263915.000000
1237156.000000
673892.000000
953820.000000
1193302.000000
1172523.000000
1052757.000000
71981.000000
1412655.000000
610380.000000
1106798.000000
231014.000000
1180836.000000
844196.000000
1333903.000000
1252394.000000
1354265.000000
549445.000000
1296683.000000
377224.000000
1197823.000000
1255584.000000
206259.000000
1189371.000000
1085318.000000
976027.000000
144058.000000
1226072.000000
1323702.000000
511279.000000
554664.000000
1514061.000000
1315647.000000
307942.000000
421825.000000
1406870.000000
1157640.000000
920562.000000
1280312.000000
799649.000000
571665.000000
526017.000000
1105445.000000
424189.000000
1285700.000000
75000.000000
1069794.000000
450661.000000
1038486.000000
1578986.000000
289816.000000
1138404.000000
1334904.000000
681943.000000
1531266.000000
1291253.000000
1316126.000000
1242246.000000
115656.000000
726944.000000
294935.000000
1081318.000000
101062.000000
593948.000000
1277384.000000
547527.000000
1195406.000000
1350588.000000
1423954.000000
1148309.000000
730615.000000
1188404.000000
690991.000000
1205730.000000
1086032.000000
1159849.000000
526648.000000
1298291.000000
997933.000000
23952.000000
26110.000000
1289495.000000
990051.000000
7086.000000
1077348.000000
1174550.000000
1104050.000000
218881.000000
1066390.000000
1086074.000000
1235800.000000
1269011.000000
629949.000000
450519.000000
1208694.000000
1342182.000000
1136396.000000
988623.000000
1137270.000000
906230.000000
1315312.000000
1322038.000000
1246362.000000
1146096.000000
1297445.000000
1125697.000000
894163.000000
1954507.000000
543334.000000
1281599.000000
1017220.000000
1178315.000000
593073.000000
988279.000000
803117.000000
26971.000000
1084068.000000
1293149.000000
1239676.000000
1054953.000000
1316856.000000
1246051.000000
1496015.000000
831119.000000
596240.000000
1226546.000000
1316347.000000
1063158.000000
1620649.000000
155895.000000
1064534.000000
1067915.000000
1201638.000000
1192603.000000
1095738.000000
405948.000000
1426607.000000
518600.000000
1146081.000000
861656.000000
1371930.000000
441387.000000
905979.000000
1144138.000000
1116401.000000
687534.000000
1085315.000000
783714.000000
1210688.000000
923832.000000
192499.000000
1063568.000000
1608296.000000
941271.000000
1233129.000000
1334378.000000
1388969.000000
1153212.000000
193778.000000
1174234.000000
1452671.000000
1411853.000000
508249.000000
817520.000000
1190559.000000
1199285.000000
1284742.000000
1091132.000000
1093835.000000
1255651.000000
309136.000000
1242605.000000
1286872.000000
1629539.000000
1261141.000000
1049905.000000
1108969.000000
1214610.000000
1003450.000000
1182616.000000
1279646.000000
1561241.000000
1302277.000000
1171130.000000
104081.000000
1036096.000000
1062290.000000
1167473.000000
1179308.000000
1201197.000000
1271356.000000
1560723.000000
1268215.000000
86439.000000
1207173.000000
1208692.000000
1231833.000000
649352.000000
1275523.000000
1191799.000000
1144376.000000
1228271.000000
1172459.000000
1021041.000000
461516.000000
1217633.000000
808762.000000
69596.000000
1235372.000000
1053214.000000
1454951.000000
1195158.000000
1150328.000000
792235.000000
1245003.000000
1096468.000000
1062778.000000
1303255.000000
26215.000000
1076220.000000
394666.000000
1107796.000000
596557.000000
219575.000000
1110417.000000
568868.000000
1248906.000000
1134164.000000
512118.000000
137312.000000
833936.000000
1345783.000000
1417198.000000
1182787.000000
1125085.000000
162275.000000
1097789.000000
913073.000000
416830.000000
995646.000000
197059.000000
1209433.000000
1226613.000000
1092723.000000
1215325.000000
1257029.000000
727065.000000
1187735.000000
1321395.000000
1194156.000000
875750.000000
856281.000000
1181542.000000
1000052.000000
954273.000000
29091.000000
1293617.000000
1319131.000000
970333.000000
1225023.000000
840899.000000
391872.000000
1558403.000000
1246941.000000
1271306.000000
1177822.000000
1076087.000000
998272.000000
755159.000000
1395776.000000
1288188.000000
589976.000000
1183018.000000
1781554.000000
1348316.000000
1161334.000000
273943.000000
16911.000000
476761.000000
1096262.000000
1264963.000000
531966.000000
273614.000000
1131336.000000
422051.000000
879991.000000
1355831.000000
195033.000000
466621.000000
1301826.000000
140196.000000
1173526.000000
1148927.000000
1315309.000000
1054969.000000
215654.000000
1281779.000000
1271865.000000
1434483.000000
442586.000000
1237043.000000
1273779.000000
1172432.000000
421313.000000
1250847.000000
1465454.000000
134727.000000
1240165.000000
1347767.000000
1191932.000000
330776.000000
1212335.000000
1356098.000000
1173299.000000
608855.000000
1075246.000000
1412588.000000
302413.000000
1289491.000000
740232.000000
1195620.000000
1094780.000000
1252750.000000
1270496.000000
1044146.000000
1104445.000000
1090182.000000
968350.000000
1229075.000000
1566586.000000
1050613.000000
1047215.000000
1247426.000000
1710444.000000
1100763.000000
1077951.000000
722897.000000
769762.000000
124173.000000
1279707.000000
278425.000000
1113414.000000
1055785.000000
1264395.000000
526655.000000
1058847.000000
962867.000000
553857.000000
1054755.000000
1121445.000000
851343.000000
1171014.000000
1238802.000000
1156782.000000
1121022.000000
1389725.000000
1118748.000000
1066370.000000
1279725.000000
66212.000000
1141247.000000
1267571.000000
1058720.000000
1108787.000000
1127718.000000
1321576.000000
222659.000000
1314386.000000
1221553.000000
1176962.000000
60080.000000
1204648.000000
779956.000000
523514.000000
934020.000000
1098530.000000
609701.000000
291641.000000
1232664.000000
1277157.000000
1275130.000000
1123990.000000
1278846.000000
1244920.000000
36099.000000
125608.000000
1089330.000000
377019.000000
1037320.000000
1161626.000000
1162670.000000
654588.000000
1478934.000000
1216090.000000
744410.000000
1330769.000000
433344.000000
955934.000000
679532.000000
1104505.000000
1131654.000000
1120237.000000
1063757.000000
94413.000000
525316.000000
70238.000000
475383.000000
1176473.000000
1222297.000000
1130254.000000
1046774.000000
806555.000000
1135862.000000
1236944.000000
1153826.000000
789272.000000
1334024.000000
1047325.000000
1353412.000000
1123558.000000
1034334.000000
823550.000000
1276990.000000
1198052.000000
458685.000000
948771.000000
1081731.000000
1298084.000000
703264.000000
1229990.000000
1128415.000000
1402600.000000
557134.000000
1311976.000000
1123411.000000
1182376.000000
1231201.000000
975348.000000
19203.000000
1252374.000000
613001.000000
1096982.000000
593475.000000
862278.000000
167459.000000
1147988.000000
1075296.000000
1754483.000000
922129.000000
481114.000000
1096016.000000
373307.000000
1291646.000000
1049805.000000
474331.000000
1190948.000000
1375093.000000
1261206.000000
323926.000000
1192344.000000
483390.000000
1297063.000000
653421.000000
819654.000000
1155669.000000
1093910.000000
1364361.000000
1092994.000000
1452443.000000
1669459.000000
1215774.000000
1235669.000000
745395.000000
1241975.000000
1001059.000000
1202954.000000
1237157.000000
62586.000000
1421090.000000
646292.000000
1121424.000000
958690.000000
1322048.000000
1188039.000000
761239.000000
1283503.000000
141129.000000
1317951.000000
1037565.000000
1379004.000000
61941.000000
1376486.000000
701878.000000
1350339.000000
716500.000000
253654.000000
1542127.000000
860196.000000
1221094.000000
1290649.000000
1103349.000000
405927.000000
26705.000000
855027.000000
940869.000000
1253943.000000
698031.000000
60209.000000
973962.000000
1214055.000000
1086967.000000
1245626.000000
1308740.000000
440311.000000
1354056.000000
519464.000000
1243322.000000
1151931.000000
1326156.000000
1297325.000000
468691.000000
317718.000000
1249015.000000
1042298.000000
1001393.000000
1287426.000000
1159883.000000
841388.000000
1367284.000000
1272344.000000
1123241.000000
1237104.000000
531555.000000
440064.000000
1122715.000000
766005.000000
1333641.000000
1209151.000000
613919.000000
924818.000000
1349729.000000
1219080.000000
1128918.000000
1236861.000000
1116262.000000
164740.000000
28598.000000
745592.000000
90329.000000
1214954.000000
1312121.000000
1236184.000000
1043646.000000
269759.000000
1560993.000000
798436.000000
213522.000000
1288476.000000
1484985.000000
1284166.000000
1222269.000000
1262091.000000
1084191.000000
410960.000000
640461.000000
136487.000000
1255758.000000
250403.000000
1081560.000000
1144138.000000
1173388.000000
1138927.000000
1405302.000000
1125044.000000
1249467.000000
1071931.000000
1370961.000000
1320957.000000
690829.000000
965650.000000
821674.000000
676422.000000
180307.000000
1144156.000000
455985.000000
1381402.000000
1123998.000000
26440.000000
339409.000000
1208235.000000
1305235.000000
1137675.000000
1266100.000000
677967.000000
1289626.000000
1198243.000000
1271434.000000
503572.000000
1126560.000000
1197344.000000
424594.000000
1205420.000000
1212007.000000
1069651.000000
60811.000000
1221439.000000
948465.000000
1178667.000000
1048925.000000
1197271.000000
809455.000000
1213353.000000
1124812.000000
1398244.000000
1238958.000000
1121758.000000
1236285.000000
1316085.000000
1119386.000000
1147854.000000
1070921.000000
1224866.000000
805192.000000
1254593.000000
1016850.000000
1151394.000000
784256.000000
728596.000000
1267474.000000
878286.000000
1322296.000000
1090360.000000
344854.000000
1339333.000000
1147345.000000
1062421.000000
114971.000000
1091618.000000
1066256.000000
1240295.000000
1273645.000000
1190318.000000
1132216.000000
1106069.000000
1070855.000000
722510.000000
1457136.000000
1109188.000000
1451375.000000
1264227.000000
728673.000000
573592.000000
1266467.000000
196664.000000
1108146.000000
1388133.000000
1473180.000000
1600606.000000
216547.000000
891373.000000
848494.000000
384710.000000
1151873.000000
1276877.000000
408933.000000
1323931.000000
1211200.000000
1108187.000000
1423223.000000
1289610.000000
1109337.000000
1316630.000000
1167668.000000
711444.000000
1232795.000000
569095.000000
1311997.000000
1348272.000000
1109437.000000
1160717.000000
540134.000000
757023.000000
1492703.000000
1120651.000000
791915.000000
1045032.000000
1155003.000000
1177570.000000
424038.000000
1005420.000000
1194116.000000
1514253.000000
1122781.000000
1121258.000000
1045419.000000
1126681.000000
539614.000000
690117.000000
1027396.000000
284014.000000
544875.000000
1301084.000000
256425.000000
111581.000000
190847.000000
1616032.000000
1170494.000000
1283353.000000
1048319.000000
1635205.000000
326837.000000
304923.000000
1232388.000000
1135072.000000
1213106.000000
1301643.000000
1115690.000000
1131935.000000
1158919.000000
1134853.000000
1513745.000000
283759.000000
559703.000000
985693.000000
139822.000000
1317084.000000
996120.000000
780976.000000
1007354.000000
1428758.000000
1262437.000000
1299135.000000
814889.000000
978975.000000
484863.000000
1493071.000000
1420376.000000
899856.000000
220410.000000
1077535.000000
662326.000000
1383489.000000
510960.000000
1211902.000000
1595452.000000
1194856.000000
1439165.000000
1097807.000000
1013624.000000
594028.000000
1177266.000000
354031.000000
898170.000000
626233.000000
1640373.000000
1327872.000000
891938.000000
942963.000000
541275.000000
1247478.000000
1174426.000000
1247964.000000
385135.000000
1256765.000000
1350584.000000
1066215.000000
154962.000000
955994.000000
1299951.000000
1345645.000000
873024.000000
1115777.000000
1228759.000000
834753.000000
1142176.000000
350552.000000
1226252.000000
821465.000000
1331550.000000
14003.000000
1175301.000000
1273546.000000
1286474.000000
1369540.000000
1233484.000000
111083.000000
1184448.000000
1074692.000000
1266062.000000
1110276.000000
1358869.000000
1386518.000000
1495924.000000
835846.000000
787507.000000
879473.000000
1228825.000000
1204451.000000
1294575.000000
502083.000000
1484935.000000
1190736.000000
389751.000000
1267139.000000
844817.000000
977363.000000
655884.000000
1578783.000000
1176755.000000
392910.000000
1132958.000000
1080980.000000
1316767.000000
1074338.000000
789968.000000
1414729.000000
1315197.000000
1164851.000000
522307.000000
1355157.000000
1152822.000000
908601.000000
1074409.000000
1121649.000000
1195505.000000
841974.000000
1270166.000000
1050251.000000
1148016.000000
800237.000000
1236586.000000
1214080.000000
1167819.000000
1345945.000000
637382.000000
1277759.000000
1215020.000000
1239685.000000
642446.000000
1200592.000000
1157246.000000
140108.000000
1441535.000000
1151568.000000
1222527.000000
1490648.000000
1358322.000000
972360.000000
1147988.000000
1096354.000000
952989.000000
1457167.000000
1204266.000000
1214901.000000
569439.000000
828656.000000
1165670.000000
976798.000000
1295745.000000
1169519.000000
1184040.000000
1210061.000000
1320407.000000
346381.000000
1266170.000000
892392.000000
101979.000000
1151083.000000
983640.000000
1247014.000000
1273127.000000
962950.000000
150946.000000
622669.000000
1386087.000000
1191135.000000
1302884.000000
1187338.000000
1227135.000000
1031905.000000
1231441.000000
1169367.000000
763464.000000
1381056.000000
1090763.000000
976762.000000
957955.000000
1033645.000000
1340915.000000
966972.000000
543476.000000
1265004.000000
1158225.000000
1172129.000000
1289888.000000
1502515.000000
1335077.000000
1263989.000000
1000698.000000
891798.000000
1311454.000000
1062695.000000
1310653.000000
645336.000000
638878.000000
1202823.000000
1110899.000000
573383.000000
1135281.000000
1044207.000000
958908.000000
1160810.000000
161453.000000
788045.000000
1391429.000000
1416716.000000
1167654.000000
256916.000000
1071690.000000
1251631.000000
68612.000000
1106026.000000
652165.000000
955255.000000
992064.000000
1367059.000000
1062783.000000
526069.000000
925032.000000
625904.000000
1232248.000000
1121004.000000
382578.000000
336865.000000
1193458.000000
56184.000000
1568903.000000
733166.000000
306856.000000
1067033.000000
1394777.000000
1203020.000000
1131867.000000
1336531.000000
1099711.000000
992566.000000
946144.000000
1184454.000000
748964.000000
1173330.000000
410551.000000
1113021.000000
924818.000000
1199583.000000
1281301.000000
1170153.000000
1178033.000000
1401531.000000
538717.000000
1186985.000000
853699.000000
1261594.000000
950927.000000
1052195.000000
1083456.000000
94966.000000
1206293.000000
859152.000000
824293.000000
1346351.000000
1382143.000000
1634604.000000
1414351.000000
1181368.000000
1133865.000000
702425.000000
1387016.000000
1214827.000000
332519.000000
1276354.000000
864539.000000
1355068.000000
1055263.000000
1246423.000000
83815.000000
1235996.000000
1089616.000000
1316320.000000
1162132.000000
1378199.000000
1213295.000000
94192.000000
1192318.000000
552697.000000
1220882.000000
1145959.000000
1142065.000000
1223006.000000
1798702.000000
1069673.000000
1181490.000000
1025094.000000
704517.000000
520845.000000
1277166.000000
1026970.000000
85911.000000
451719.000000
1304228.000000
1117666.000000
1191641.000000
381692.000000
1240165.000000
130770.000000
924643.000000
1349363.000000
969116.000000
1065992.000000
1417699.000000
1320993.000000
1260624.000000
562463.000000
1393266.000000
700242.000000
1176627.000000
1352011.000000
1356889.000000
1152935.000000
1193390.000000
1259384.000000
1239479.000000
1102784.000000
1085708.000000
154820.000000
93650.000000
1289872.000000
556436.000000
1109310.000000
1263034.000000
1598956.000000
26971.000000
1191855.000000
1181087.000000
193651.000000
1065157.000000
1181398.000000
1277263.000000
1329834.000000
280139.000000
1258018.000000
1267401.000000
1206863.000000
1226837.000000
1347589.000000
176984.000000
1104309.000000
927251.000000
1405511.000000
1269677.000000
543906.000000
1268201.000000
64960.000000
187545.000000
1184014.000000
165285.000000
261078.000000
1340601.000000
1048939.000000
1267179.000000
1038615.000000
1271217.000000
941120.000000
495889.000000
407272.000000
1216057.000000
1120193.000000
1048792.000000
1181449.000000
1323551.000000
407558.000000
961484.000000
1348964.000000
88532.000000
1298329.000000
1191349.000000
943728.000000
1208147.000000
559730.000000
1272232.000000
763458.000000
551431.000000
685674.000000
1814202.000000
1110814.000000
988983.000000
356290.000000
883379.000000
542900.000000
1188607.000000
1240397.000000
1546188.000000
1117167.000000
1006414.000000
458787.000000
1167882.000000
1121301.000000
1081955.000000
1231590.000000
1130416.000000
911363.000000
1225000.000000
696811.000000
387683.000000
1080159.000000
921423.000000
955474.000000
1227729.000000
905572.000000
1188334.000000
1280070.000000
115929.000000
402541.000000
640136.000000
1079879.000000
920453.000000
1301825.000000
1041772.000000
1384343.000000
1006997.000000
1310380.000000
1180310.000000
1227324.000000
1103924.000000
1303412.000000
1225506.000000
1483363.000000
680848.000000
1267051.000000
728307.000000
213031.000000
266056.000000
483603.000000
192269.000000
1181578.000000
1087971.000000
1103284.000000
1195654.000000
1221356.000000
843035.000000
1081606.000000
1067757.000000
1102853.000000
897218.000000
278230.000000
1072482.000000
1065939.000000
1308436.000000
1242496.000000
1305974.000000
1268558.000000
429187.000000
1422232.000000
1109058.000000
1104192.000000
1137373.000000
1145702.000000
1125810.000000
436489.000000
1434308.000000
897738.000000
603028.000000
1339057.000000
129573.000000
495190.000000
1095337.000000
1266498.000000
1341021.000000
1064889.000000
1081213.000000
1215670.000000
1183787.000000
1175139.000000
1186685.000000
629512.000000
907121.000000
1117363.000000
365500.000000
802224.000000
1251591.000000
864415.000000
1299349.000000
371945.000000
185316.000000
576148.000000
919025.000000
1104499.000000
1296856.000000
1709277.000000
