0.000000
0.000000
0.000000
0.000000
0.000000
0.000000
0.000000
0.000000
0.000000
0.000000
0.000000
0.000000
0.000000
0.000000
0.000000
0.000000
0.000000
0.000000
0.000000
0.000000
0.000000
0.000000
0.000000
0.000000
0.000000
0.000000
0.000000
0.000000
0.000000
0.000000
0.000000
0.000000
0.000000
0.000000
0.000000
0.000000
0.000000
0.000000
0.000000
0.000000
0.000000
0.000000
0.000000
0.000000
0.000000
0.000000
0.000000
0.000000
0.000000
0.000000
0.000000
0.000000
0.000000
0.000000
0.000000
0.000000
0.000000
0.000000
0.000000
0.000000
0.000000
0.000000
0.000000
0.000000
0.000000
0.000000
0.000000
0.000000
0.000000
0.000000
0.000000
0.000000
0.000000
0.000000
0.000000
0.000000
0.000000
0.000000
0.000000
0.000000
0.000000
0.000000
0.000000
0.000000
0.000000
0.000000
0.000000
0.000000
0.000000
0.000000
0.000000
0.000000
0.000000
0.000000
0.000000
0.000000
0.000000
0.000000
0.000000
0.000000
0.000000
0.000000
0.000000
0.000000
0.000000
0.000000
0.000000
0.000000
0.000000
0.000000
0.000000
0.000000
0.000000
0.000000
0.000000
0.000000
0.000000
0.000000
0.000000
0.000000
0.000000
0.000000
0.000000
0.000000
0.000000
0.000000
0.000000
0.000000
0.000000
0.000000
0.000000
0.000000
0.000000
0.000000
0.000000
0.000000
0.000000
0.000000
0.000000
0.000000
0.000000
0.000000
0.000000
0.000000
0.000000
0.000000
0.000000
0.000000
0.000000
0.000000
0.000000
0.000000
0.000000
0.000000
0.000000
0.000000
0.000000
0.000000
0.000000
0.000000
0.000000
0.000000
0.000000
0.000000
0.000000
0.000000
0.000000
0.000000
0.000000
0.000000
0.000000
0.000000
0.000000
0.000000
0.000000
0.000000
0.000000
0.000000
0.000000
0.000000
0.000000
0.000000
0.000000
0.000000
0.000000
0.000000
0.000000
0.000000
0.000000
0.000000
0.000000
0.000000
0.000000
0.000000
0.000000
0.000000
0.000000
0.000000
0.000000
0.000000
0.000000
0.000000
0.000000
0.000000
0.000000
0.000000
0.000000
0.000000
0.000000
0.000000
0.000000
0.000000
0.000000
0.000000
0.000000
0.000000
0.000000
0.000000
0.000000
0.000000
0.000000
0.000000
0.000000
0.000000
0.000000
0.000000
0.000000
0.000000
0.000000
0.000000
0.000000
0.000000
0.000000
0.000000
0.000000
0.000000
0.000000
0.000000
0.000000
0.000000
0.000000
0.000000
0.000000
0.000000
0.000000
0.000000
0.000000
0.000000
0.000000
0.000000
0.000000
0.000000
0.000000
0.000000
0.000000
0.000000
0.000000
0.000000
0.000000
0.000000
0.000000
0.000000
0.000000
0.000000
0.000000
0.000000
0.000000
0.000000
0.000000
0.000000
0.000000
0.000000
0.000000
0.000000
0.000000
0.000000
0.000000
0.000000
0.000000
0.000000
0.000000
0.000000
0.000000
0.000000
0.000000
0.000000
0.000000
0.000000
0.000000
0.000000
0.000000
0.000000
0.000000
0.000000
0.000000
0.000000
0.000000
0.000000
0.000000
0.000000
0.000000
0.000000
0.000000
0.000000
0.000000
0.000000
0.000000
0.000000
0.000000
0.000000
0.000000
0.000000
0.000000
0.000000
0.000000
0.000000
0.000000
0.000000
0.000000
0.000000
0.000000
0.000000
0.000000
0.000000
0.000000
0.000000
0.000000
0.000000
0.000000
0.000000
0.000000
0.000000
0.000000
0.000000
0.000000
0.000000
0.000000
0.000000
20916390.000000
3697134.000000
10245962.000000
2427130.000000
1187718.000000
7198214.000000
6683850.000000
10468193.000000
4999648.000000
4424008.000000
9703155.000000
6388211.000000
10834609.000000
5737040.000000
6586817.000000
9163144.000000
8048527.000000
6927871.000000
10438178.000000
7279824.000000
720315.000000
3885986.000000
1481964.000000
3705354.000000
1977016.000000
9449275.000000
9238266.000000
10305110.000000
1469136.000000
3418948.000000
10833053.000000
703487.000000
3007526.000000
10653786.000000
3610846.000000
973736.000000
3255430.000000
1742895.000000
7225202.000000
1106558.000000
609721.000000
5106502.000000
7024467.000000
7198904.000000
4011044.000000
4373833.000000
2439442.000000
3977556.000000
1738192.000000
5578673.000000
2067475.000000
3802631.000000
2983733.000000
9525660.000000
1721496.000000
601884.000000
7093823.000000
669250.000000
9257471.000000
1046910.000000
1938296.000000
4648166.000000
9398073.000000
8891639.000000
1005239.000000
4796487.000000
1118936.000000
6054374.000000
1227428.000000
2483760.000000
1384966.000000
4911756.000000
5219437.000000
5604474.000000
3766349.000000
6776591.000000
227768.000000
11332836.000000
6952329.000000
5712345.000000
2340442.000000
8864651.000000
4466414.000000
8889750.000000
10868645.000000
3056175.000000
10896159.000000
9518127.000000
9095972.000000
6924632.000000
1048525.000000
5722566.000000
8367794.000000
4781803.000000
6866632.000000
3698214.000000
6331770.000000
306914.000000
262407.000000
1234466.000000
9790249.000000
10607163.000000
1851903.000000
6358086.000000
9131295.000000
9887119.000000
3640198.000000
2967518.000000
10308690.000000
5616604.000000
7273063.000000
4360061.000000
6173231.000000
6317506.000000
11149204.000000
462395.000000
319255.000000
6667649.000000
5936125.000000
1925929.000000
6166474.000000
4031816.000000
5508055.000000
250531.000000
7066386.000000
1138825.000000
7797804.000000
2060889.000000
752270.000000
810800.000000
10964022.000000
2651968.000000
8951478.000000
5054120.000000
5778350.000000
7830868.000000
305402.000000
5967237.000000
6515315.000000
6327757.000000
92190.000000
5619782.000000
8164521.000000
150378.000000
5833247.000000
8098816.000000
6311996.000000
124287.000000
2801955.000000
2771436.000000
8500154.000000
11150545.000000
4702698.000000
139443.000000
2714612.000000
7173830.000000
935177.000000
1814457.000000
9389830.000000
2610053.000000
93555.000000
6730340.000000
9618863.000000
2175212.000000
3418806.000000
4937044.000000
514676.000000
521807.000000
6644020.000000
7182635.000000
1065677.000000
10349608.000000
1490482.000000
9692945.000000
104815.000000
664171.000000
11052450.000000
1256900.000000
2004606.000000
2345874.000000
6975291.000000
6448670.000000
6551597.000000
4068839.000000
514216.000000
444025.000000
3771270.000000
10065511.000000
6783261.000000
5069580.000000
9328004.000000
6245651.000000
5385219.000000
8362774.000000
5023137.000000
1629282.000000
7841876.000000
9863120.000000
3812124.000000
655223.000000
715142.000000
3503321.000000
4506962.000000
328793.000000
5592822.000000
10105494.000000
8441854.000000
4457900.000000
5903372.000000
282940.000000
6200167.000000
10911459.000000
5528202.000000
8141660.000000
8289925.000000
4735381.000000
10619253.000000
9678533.000000
416041.000000
5080190.000000
10136042.000000
486946.000000
473222.000000
8354535.000000
2136120.000000
6724898.000000
1820059.000000
9324474.000000
395965.000000
8150712.000000
5595054.000000
1375620.000000
283994.000000
121207.000000
6824881.000000
6915444.000000
1344334.000000
2729024.000000
5727749.000000
11150875.000000
9409863.000000
5724492.000000
7079417.000000
2436510.000000
10768331.000000
786957.000000
1800838.000000
5690925.000000
8473264.000000
9973872.000000
11031865.000000
11560634.000000
4215680.000000
6195664.000000
816493.000000
1361086.000000
3538501.000000
1473642.000000
9515627.000000
1896317.000000
2703988.000000
4470128.000000
3795963.000000
431954.000000
1143946.000000
3825974.000000
7002324.000000
7722098.000000
10633892.000000
2751031.000000
6008772.000000
7348431.000000
340226.000000
4487117.000000
2537086.000000
3693648.000000
8928986.000000
917420.000000
6244819.000000
4937817.000000
1144084.000000
7063581.000000
7347020.000000
1577410.000000
1948301.000000
761195.000000
1877190.000000
6239551.000000
7562259.000000
4487025.000000
2160388.000000
2487124.000000
3761887.000000
2122376.000000
4235888.000000
7047722.000000
768416.000000
1350469.000000
7094523.000000
3844282.000000
3367723.000000
5921718.000000
8832309.000000
2028801.000000
1335930.000000
161810.000000
3917881.000000
2501928.000000
3624294.000000
602317.000000
7052038.000000
4145387.000000
7631931.000000
10788389.000000
1524778.000000
7354866.000000
5057063.000000
97314.000000
2521036.000000
4931551.000000
1673303.000000
3799513.000000
5040651.000000
1898449.000000
6576215.000000
71629.000000
4651054.000000
2341879.000000
2354847.000000
10987254.000000
540287.000000
4978155.000000
5381005.000000
11023568.000000
2722942.000000
7253200.000000
6876812.000000
10729568.000000
1586469.000000
2062540.000000
4721328.000000
7724683.000000
5607322.000000
9858356.000000
1193528.000000
2820358.000000
7765151.000000
1321067.000000
5612395.000000
123148.000000
3487508.000000
6825838.000000
392076.000000
3839808.000000
2838620.000000
4849837.000000
5924755.000000
9508033.000000
8609531.000000
5336188.000000
995858.000000
4947284.000000
511715.000000
131980.000000
8108267.000000
2431924.000000
1490348.000000
5290123.000000
4386496.000000
5565161.000000
11583370.000000
3154019.000000
10046070.000000
735373.000000
4288359.000000
11434759.000000
659081.000000
10369977.000000
8036132.000000
272892.000000
7913496.000000
2796679.000000
10897747.000000
8427120.000000
3895485.000000
2250948.000000
315819.000000
6888291.000000
109624.000000
9730437.000000
18515.000000
565788.000000
8216156.000000
7017253.000000
4244426.000000
594454.000000
10305659.000000
10713551.000000
8854241.000000
2446421.000000
438842.000000
465712.000000
964848.000000
9243869.000000
11023114.000000
1986891.000000
6527729.000000
7105529.000000
6526593.000000
4504439.000000
4984687.000000
1096655.000000
425479.000000
508680.000000
7099497.000000
7151549.000000
886310.000000
8903727.000000
873433.000000
10353652.000000
5138216.000000
5649995.000000
9437327.000000
332163.000000
7022392.000000
1477924.000000
10027221.000000
1599725.000000
251927.000000
1900613.000000
3871154.000000
1344823.000000
5087589.000000
2014487.000000
7303116.000000
2972789.000000
1922604.000000
3400391.000000
172763.000000
6490806.000000
5653331.000000
1288673.000000
5727725.000000
5608154.000000
7300207.000000
7064348.000000
517881.000000
7048998.000000
6141657.000000
1393630.000000
2580121.000000
9485613.000000
7163555.000000
3108383.000000
8995397.000000
481102.000000
3578961.000000
9108980.000000
6471049.000000
5390747.000000
7041866.000000
7432715.000000
3246567.000000
26095.000000
4859949.000000
72205.000000
1284167.000000
8763439.000000
10196468.000000
386132.000000
339005.000000
7928333.000000
11418326.000000
9056.000000
7565242.000000
3693259.000000
1417094.000000
87882.000000
2794075.000000
7581404.000000
546976.000000
136914.000000
11164592.000000
5444058.000000
1614598.000000
2467487.000000
3834520.000000
6066304.000000
2238872.000000
8796126.000000
7219899.000000
11557174.000000
165120.000000
163027.000000
3250248.000000
4743403.000000
12012840.000000
6544490.000000
66107.000000
4271206.000000
6206038.000000
210773.000000
8376189.000000
2038055.000000
8406360.000000
4864072.000000
10405598.000000
2307229.000000
4099862.000000
1593759.000000
267398.000000
8172755.000000
7486864.000000
2608753.000000
9466759.000000
238921.000000
4155676.000000
3853413.000000
9156676.000000
627619.000000
219095.000000
5507704.000000
786432.000000
6478369.000000
2293935.000000
5186016.000000
4765251.000000
3914587.000000
1767288.000000
1443644.000000
7313997.000000
7326900.000000
681771.000000
1467672.000000
5181108.000000
7121290.000000
252534.000000
778997.000000
3316585.000000
709300.000000
3852755.000000
208390.000000
56915.000000
1302255.000000
6674296.000000
8507749.000000
5314151.000000
176761.000000
3643980.000000
8476699.000000
11412148.000000
3948018.000000
4815282.000000
3783794.000000
4709519.000000
267665.000000
10815566.000000
160202.000000
6736977.000000
4404698.000000
5307869.000000
120618.000000
2399830.000000
6983548.000000
6360924.000000
6035578.000000
3460818.000000
441564.000000
6177473.000000
1616550.000000
4145940.000000
255784.000000
455897.000000
8599832.000000
6183846.000000
6656110.000000
1940440.000000
8216737.000000
8878704.000000
1632021.000000
10539547.000000
3213588.000000
152406.000000
3105819.000000
2750843.000000
1561509.000000
3252398.000000
4322648.000000
7121933.000000
3380198.000000
10926219.000000
322833.000000
94402.000000
5974435.000000
2588835.000000
10562489.000000
267339.000000
1673188.000000
186227.000000
10740233.000000
298229.000000
2658018.000000
3898127.000000
8412631.000000
1567242.000000
3213968.000000
10826174.000000
6686844.000000
3798785.000000
1844350.000000
3416188.000000
7531893.000000
4584986.000000
817730.000000
65081.000000
2528805.000000
7127850.000000
7663725.000000
1338551.000000
3993962.000000
7754114.000000
2586008.000000
8069489.000000
6766761.000000
5618545.000000
3789188.000000
9367180.000000
11195800.000000
10350973.000000
2673001.000000
3305008.000000
149912.000000
6049104.000000
2052948.000000
7957058.000000
1670118.000000
1652765.000000
5317116.000000
71743.000000
11191685.000000
7673738.000000
1208888.000000
3942982.000000
7711260.000000
1851749.000000
8845629.000000
1143451.000000
1535239.000000
7046653.000000
2645032.000000
7415210.000000
144805.000000
9025825.000000
10278342.000000
4412325.000000
1442347.000000
962698.000000
2741043.000000
5765543.000000
3473578.000000
1299080.000000
7130837.000000
3292089.000000
6148590.000000
3148606.000000
7907615.000000
3740034.000000
7174978.000000
1471369.000000
8858966.000000
6796785.000000
271666.000000
7632793.000000
2993844.000000
2303218.000000
2158929.000000
6843830.000000
2094796.000000
3066726.000000
10196836.000000
7731800.000000
5704239.000000
5134549.000000
1227122.000000
1894445.000000
8037392.000000
5047239.000000
9645171.000000
3966156.000000
7916958.000000
5281769.000000
1530290.000000
6917171.000000
3542869.000000
11559407.000000
6252533.000000
5635080.000000
9254015.000000
5091408.000000
519156.000000
2262122.000000
8676198.000000
7252000.000000
90828.000000
10627607.000000
900385.000000
384951.000000
132502.000000
1129320.000000
5403967.000000
3190783.000000
6507796.000000
5415048.000000
2698714.000000
4235422.000000
10679445.000000
857391.000000
1893854.000000
7108704.000000
279724.000000
9492791.000000
10441960.000000
2500462.000000
164657.000000
2187697.000000
6502877.000000
8326207.000000
5825808.000000
8152098.000000
5069194.000000
9744970.000000
5512184.000000
718749.000000
1959957.000000
1449332.000000
911398.000000
6133969.000000
385234.000000
341238.000000
8921350.000000
840774.000000
1531443.000000
2232053.000000
6475399.000000
507420.000000
8947154.000000
6401435.000000
4601674.000000
2976903.000000
6752738.000000
184830.000000
7168187.000000
10077870.000000
1292927.000000
5829298.000000
174964.000000
11510810.000000
2002917.000000
3344016.000000
5956143.000000
1631394.000000
1447693.000000
474424.000000
3428818.000000
206374.000000
4458330.000000
9257049.000000
233741.000000
7775432.000000
10734094.000000
5398557.000000
7333093.000000
7033032.000000
235485.000000
6918348.000000
506052.000000
10791319.000000
9532547.000000
9501004.000000
6768475.000000
8161784.000000
543882.000000
1041914.000000
2993048.000000
5743644.000000
4243806.000000
1886525.000000
8699546.000000
2593250.000000
3125069.000000
8263669.000000
4792962.000000
3700081.000000
6066102.000000
3065467.000000
271506.000000
940983.000000
2946256.000000
99499.000000
1017141.000000
278973.000000
6414029.000000
9459195.000000
6736259.000000
1868590.000000
29055.000000
9251418.000000
6568889.000000
6281367.000000
2688646.000000
8339658.000000
6322360.000000
5631484.000000
3474019.000000
3724539.000000
405292.000000
320420.000000
8415194.000000
1392389.000000
6613710.000000
253614.000000
6433914.000000
27147.000000
72213.000000
8125375.000000
107853.000000
4088016.000000
765796.000000
190933.000000
550245.000000
1611339.000000
6862105.000000
357849.000000
9452966.000000
5072259.000000
4392530.000000
10842914.000000
202618.000000
2801511.000000
6688775.000000
7566811.000000
5577796.000000
6030265.000000
7687965.000000
1122064.000000
4345399.000000
3710068.000000
4408880.000000
5640692.000000
1792490.000000
4825070.000000
79736.000000
4913788.000000
9353886.000000
21532.000000
2090384.000000
4269741.000000
8904847.000000
5632057.000000
7580336.000000
727032.000000
2271811.000000
10948646.000000
129448.000000
1038783.000000
2452746.000000
797369.000000
3958748.000000
7800481.000000
10711807.000000
951096.000000
7082281.000000
10334884.000000
2931303.000000
686319.000000
1258267.000000
6462501.000000
404808.000000
205630.000000
2729430.000000
2210844.000000
6365208.000000
7278276.000000
7215248.000000
588972.000000
6086798.000000
8594479.000000
875745.000000
10169656.000000
2106304.000000
3774888.000000
8156667.000000
8289742.000000
7080239.000000
3991652.000000
8151258.000000
100417.000000
4879125.000000
7700602.000000
8098139.000000
351943.000000
3132058.000000
6898061.000000
128862.000000
80438.000000
7553490.000000
9023553.000000
5885821.000000
8677419.000000
7618401.000000
4001552.000000
7775454.000000
1256808.000000
5690162.000000
2733190.000000
6767080.000000
1575425.000000
8735717.000000
556605.000000
8923115.000000
10831785.000000
7284282.000000
2690854.000000
6640654.000000
8472875.000000
245494.000000
9746077.000000
661691.000000
9961464.000000
299567.000000
765199.000000
976595.000000
4540806.000000
1165098.000000
6407916.000000
10777092.000000
7469990.000000
6571335.000000
7354168.000000
171412.000000
579168.000000
10286839.000000
1458433.000000
712161.000000
5885769.000000
8165535.000000
8499430.000000
9168985.000000
3389820.000000
7202943.000000
7570490.000000
8301675.000000
7868815.000000
23497.000000
3261592.000000
107693.000000
280866.000000
3875266.000000
1373078.000000
8765930.000000
10879325.000000
10677878.000000
9357606.000000
125936.000000
3377287.000000
4475047.000000
2791107.000000
1699858.000000
8481884.000000
4992464.000000
1198417.000000
8303885.000000
8236777.000000
8374619.000000
6058601.000000
6080466.000000
860605.000000
953367.000000
485072.000000
1306905.000000
3790180.000000
7396866.000000
7065009.000000
10600185.000000
7672500.000000
4215590.000000
4919057.000000
5271406.000000
157154.000000
6612650.000000
3631847.000000
9302313.000000
503078.000000
6718177.000000
8200288.000000
2081944.000000
5530360.000000
1098750.000000
6680132.000000
8701345.000000
3630828.000000
5714776.000000
3395771.000000
11278795.000000
9643111.000000
14075.000000
5999828.000000
1806828.000000
22923.000000
7564179.000000
3885411.000000
5688807.000000
6028487.000000
4668162.000000
11437963.000000
1759611.000000
9121323.000000
91606.000000
9183332.000000
3184115.000000
2813298.000000
852624.000000
1981113.000000
6527770.000000
5345257.000000
3717776.000000
105971.000000
7731095.000000
725488.000000
6625599.000000
336846.000000
7499750.000000
1499848.000000
7513473.000000
7076599.000000
6614971.000000
637118.000000
6251180.000000
403818.000000
6826530.000000
9556318.000000
274461.000000
6970918.000000
6652989.000000
6000667.000000
157001.000000
8809103.000000
8330672.000000
618924.000000
549101.000000
9925362.000000
5934239.000000
441007.000000
563435.000000
5419669.000000
7234640.000000
1582528.000000
8562012.000000
1440411.000000
695770.000000
1072863.000000
7383145.000000
562237.000000
6417120.000000
81835.000000
7555665.000000
615115.000000
6001599.000000
9646150.000000
345420.000000
7807535.000000
6758672.000000
891398.000000
7036891.000000
5666008.000000
5169526.000000
5065231.000000
159577.000000
1044629.000000
370170.000000
6884128.000000
135025.000000
820617.000000
9135398.000000
577590.000000
6755386.000000
11130247.000000
7627858.000000
5232516.000000
1408242.000000
7724809.000000
1088115.000000
6254701.000000
3780384.000000
3930469.000000
732014.000000
6975182.000000
5594159.000000
21280.000000
25874.000000
8702786.000000
2492871.000000
8035.000000
9128966.000000
4628981.000000
3403621.000000
285002.000000
1964483.000000
5819975.000000
3601432.000000
6638226.000000
746050.000000
463808.000000
8549439.000000
4870001.000000
4610281.000000
8229247.000000
5862786.000000
3537565.000000
8462257.000000
7696825.000000
3821404.000000
2998253.000000
7254040.000000
5706597.000000
1405065.000000
10057421.000000
670758.000000
7724803.000000
7424055.000000
3945852.000000
780781.000000
3828750.000000
3946772.000000
24956.000000
2796288.000000
3656060.000000
3884243.000000
3580977.000000
7085050.000000
10613418.000000
5800642.000000
1173198.000000
881169.000000
8860002.000000
5750671.000000
5337632.000000
8094778.000000
210845.000000
4433763.000000
3178786.000000
8017819.000000
4974298.000000
2479731.000000
497471.000000
6937202.000000
547466.000000
5913708.000000
1411786.000000
9725289.000000
534622.000000
1595546.000000
10537380.000000
2824362.000000
711634.000000
4696283.000000
1715205.000000
5396266.000000
2396572.000000
178930.000000
5267581.000000
6099365.000000
5115209.000000
8453989.000000
5574676.000000
7218580.000000
9838947.000000
197204.000000
2928491.000000
5944863.000000
8511385.000000
656353.000000
1257676.000000
6900622.000000
8152730.000000
3367154.000000
2615774.000000
2386694.000000
8573136.000000
306588.000000
8907706.000000
8168779.000000
6478733.000000
5191351.000000
2429575.000000
4551140.000000
6237903.000000
2730470.000000
2319059.000000
9714584.000000
8900770.000000
9784530.000000
4465695.000000
127323.000000
9347056.000000
9801412.000000
2771836.000000
7610510.000000
9556735.000000
10324206.000000
7439168.000000
3998761.000000
113402.000000
6246947.000000
9609630.000000
6402177.000000
1033671.000000
4513306.000000
7124226.000000
6021486.000000
10791752.000000
2815518.000000
2081580.000000
427214.000000
7253832.000000
1129980.000000
86580.000000
7286147.000000
4191732.000000
10962287.000000
2843334.000000
8398343.000000
1614318.000000
9531126.000000
5972472.000000
8247444.000000
10144154.000000
22049.000000
6112810.000000
435526.000000
2105576.000000
837705.000000
268305.000000
6139127.000000
741614.000000
9635937.000000
5596064.000000
758021.000000
217850.000000
1157193.000000
7927268.000000
6314140.000000
4857292.000000
4833662.000000
186832.000000
5762705.000000
3950938.000000
451542.000000
7622418.000000
213419.000000
11704676.000000
4332597.000000
9097998.000000
4511264.000000
8509262.000000
1318126.000000
3879652.000000
5631216.000000
8799503.000000
1830138.000000
1456399.000000
7091913.000000
1806682.000000
1817150.000000
28457.000000
9913265.000000
11484716.000000
4160055.000000
11281500.000000
1332784.000000
429157.000000
10105058.000000
10039743.000000
3286098.000000
4966059.000000
4651148.000000
2669574.000000
1113370.000000
8973956.000000
8358075.000000
677516.000000
4621776.000000
9699977.000000
7518526.000000
8774161.000000
277259.000000
20613.000000
511159.000000
4445811.000000
9138871.000000
644367.000000
292799.000000
3202428.000000
422433.000000
1485856.000000
8498098.000000
292221.000000
503829.000000
7184159.000000
136994.000000
6174075.000000
6907278.000000
5361268.000000
2372092.000000
216921.000000
5945650.000000
10711617.000000
7648367.000000
497993.000000
7667538.000000
5915741.000000
6353261.000000
568168.000000
6745216.000000
12664256.000000
168922.000000
8783222.000000
3817630.000000
2721113.000000
357607.000000
8346578.000000
7098238.000000
10378842.000000
655564.000000
2686818.000000
7079817.000000
418981.000000
6689128.000000
770665.000000
5814003.000000
4897315.000000
5433987.000000
5063580.000000
1944891.000000
2218295.000000
2238766.000000
2373423.000000
5808697.000000
6438360.000000
1912657.000000
2094239.000000
5975904.000000
11234241.000000
6626123.000000
4881955.000000
791094.000000
1435829.000000
119088.000000
10376717.000000
307931.000000
2221515.000000
6524987.000000
10420676.000000
672186.000000
1901191.000000
1904310.000000
686433.000000
5570228.000000
5729100.000000
1567853.000000
2760874.000000
4795055.000000
9000520.000000
7537693.000000
6091903.000000
6618991.000000
4553821.000000
8875682.000000
81608.000000
3638782.000000
9784830.000000
4937544.000000
3383754.000000
5779900.000000
8583663.000000
241193.000000
6422450.000000
4704675.000000
5139690.000000
65627.000000
4976776.000000
1052355.000000
599256.000000
4879495.000000
3996404.000000
698527.000000
315777.000000
8953206.000000
5185629.000000
4659868.000000
9602047.000000
6926956.000000
2697839.000000
31001.000000
129265.000000
5757770.000000
450513.000000
6553913.000000
8935327.000000
3838533.000000
943555.000000
12287374.000000
7669002.000000
1121323.000000
9723507.000000
456395.000000
1733118.000000
939204.000000
8298975.000000
7520240.000000
3323363.000000
5785017.000000
88585.000000
709906.000000
98663.000000
556540.000000
9105523.000000
3944843.000000
6129362.000000
4386449.000000
1189211.000000
5156839.000000
8974933.000000
9160904.000000
1354615.000000
10546931.000000
5057872.000000
9315916.000000
3639160.000000
2059122.000000
4874835.000000
7384778.000000
10885981.000000
548258.000000
6930763.000000
2657084.000000
8041040.000000
895275.000000
6892640.000000
4238302.000000
8190284.000000
515541.000000
5533508.000000
11385140.000000
5512509.000000
4117511.000000
1636711.000000
27776.000000
6286636.000000
685391.000000
2849777.000000
690466.000000
1715938.000000
169198.000000
5493291.000000
2466425.000000
6900887.000000
1618671.000000
571997.000000
5062306.000000
386122.000000
12048727.000000
6587775.000000
556157.000000
6721114.000000
4849256.000000
5074403.000000
434243.000000
9662007.000000
431708.000000
11150421.000000
853499.000000
982652.000000
3333924.000000
2308632.000000
7147491.000000
5660501.000000
4352782.000000
9933171.000000
6431841.000000
6448182.000000
1346411.000000
2159908.000000
1680845.000000
7338953.000000
9302527.000000
83478.000000
3687921.000000
1075672.000000
7155949.000000
3984888.000000
6348961.000000
7349454.000000
1263433.000000
7718781.000000
269059.000000
9622872.000000
9161810.000000
9965206.000000
86137.000000
9613540.000000
964682.000000
8536405.000000
1035420.000000
295278.000000
3619657.000000
1830552.000000
4222712.000000
8522436.000000
4248324.000000
444122.000000
23702.000000
1081735.000000
1362765.000000
3817738.000000
924430.000000
77031.000000
5106624.000000
10750576.000000
2447719.000000
7295811.000000
10255951.000000
585901.000000
6632084.000000
633177.000000
7429770.000000
8929975.000000
7355334.000000
7061249.000000
557756.000000
393694.000000
11354734.000000
2510923.000000
1655546.000000
2152847.000000
6137275.000000
1173219.000000
6597612.000000
6872804.000000
7256592.000000
7754818.000000
632351.000000
634569.000000
4942736.000000
1123293.000000
8708822.000000
4296094.000000
4098238.000000
2476087.000000
11020563.000000
6425258.000000
4095541.000000
7609814.000000
5951345.000000
134261.000000
25145.000000
1211621.000000
102637.000000
10899039.000000
2991584.000000
4471429.000000
7154778.000000
291894.000000
9230077.000000
472948.000000
240756.000000
5003630.000000
5462123.000000
7936336.000000
3724526.000000
8321511.000000
2285144.000000
439989.000000
1062991.000000
149567.000000
6549225.000000
275277.000000
2520215.000000
5786572.000000
5560834.000000
4919064.000000
9619130.000000
5480372.000000
7115480.000000
10376614.000000
5637689.000000
4690613.000000
2395158.000000
2911968.000000
1907671.000000
961357.000000
179415.000000
6473455.000000
593807.000000
7216361.000000
3319242.000000
23496.000000
463511.000000
5282279.000000
5178804.000000
5910672.000000
3521445.000000
1325227.000000
11782086.000000
6195722.000000
6647126.000000
644792.000000
7148240.000000
4970917.000000
509726.000000
9674368.000000
6088026.000000
3590902.000000
66933.000000
10586005.000000
1652887.000000
4168983.000000
2472500.000000
4960941.000000
1148235.000000
8181067.000000
7197964.000000
6257831.000000
6462307.000000
7897490.000000
11185872.000000
6332868.000000
3628446.000000
7495625.000000
2075224.000000
6246378.000000
1204745.000000
7671985.000000
2670839.000000
6985342.000000
1085924.000000
873928.000000
7634133.000000
1310523.000000
9951691.000000
3345633.000000
469439.000000
8807538.000000
6961786.000000
5101969.000000
119997.000000
4591202.000000
3125641.000000
2974269.000000
1835857.000000
5496307.000000
5409373.000000
9458541.000000
6659609.000000
858788.000000
11184556.000000
3189350.000000
6271643.000000
4934506.000000
1107567.000000
718322.000000
6757290.000000
227021.000000
7193307.000000
6017871.000000
5209429.000000
5891877.000000
198243.000000
1587849.000000
4954158.000000
506542.000000
5311940.000000
7829636.000000
430441.000000
6775716.000000
5882909.000000
5694752.000000
6962682.000000
7529543.000000
2723724.000000
7735608.000000
8941521.000000
1019159.000000
6387528.000000
738659.000000
7971200.000000
9216015.000000
7407033.000000
3848139.000000
598831.000000
887516.000000
9906475.000000
4850696.000000
1448991.000000
6462079.000000
9466637.000000
9624718.000000
468856.000000
2529275.000000
8085071.000000
3405016.000000
2570117.000000
2152143.000000
3532133.000000
3330745.000000
788053.000000
950776.000000
2145487.000000
366885.000000
677108.000000
10897073.000000
259369.000000
134098.000000
194093.000000
10318424.000000
6754384.000000
4735069.000000
4287350.000000
4479877.000000
388861.000000
432504.000000
8059639.000000
9303540.000000
4793213.000000
5758641.000000
4579206.000000
3258798.000000
10583257.000000
8176442.000000
8067691.000000
299667.000000
478046.000000
2431821.000000
161587.000000
6025759.000000
2738277.000000
967222.000000
1675736.000000
11619935.000000
5529286.000000
4044853.000000
1271761.000000
2453590.000000
664625.000000
3897426.000000
5110957.000000
1330837.000000
275962.000000
5809178.000000
892280.000000
5875047.000000
667634.000000
10213141.000000
9966825.000000
4857733.000000
8059580.000000
4685449.000000
1859020.000000
697371.000000
4122561.000000
395369.000000
1692317.000000
861883.000000
9668686.000000
6119399.000000
1645291.000000
2419233.000000
768772.000000
6598692.000000
9419329.000000
8970805.000000
371896.000000
6478179.000000
4230998.000000
5052524.000000
170562.000000
4488723.000000
7879911.000000
7306988.000000
2268499.000000
2527084.000000
3644340.000000
2806980.000000
2556585.000000
426850.000000
7125092.000000
1380322.000000
5873059.000000
16805.000000
3261855.000000
6515188.000000
7064739.000000
8008672.000000
9659715.000000
144573.000000
7023697.000000
2536421.000000
2820353.000000
6523589.000000
10621418.000000
4237662.000000
5227593.000000
1607515.000000
1054361.000000
1644247.000000
9386887.000000
10833373.000000
11827065.000000
603113.000000
10180737.000000
5479632.000000
422387.000000
8554596.000000
1729382.000000
1885732.000000
730383.000000
9119395.000000
5128772.000000
401386.000000
3508941.000000
9267744.000000
9258207.000000
4545025.000000
1259022.000000
8802854.000000
9670938.000000
5588298.000000
552863.000000
6886978.000000
6782872.000000
1686853.000000
10440153.000000
2853432.000000
6754642.000000
1453148.000000
5814149.000000
4294001.000000
3120181.000000
1435690.000000
4503764.000000
3008954.000000
8326499.000000
2490004.000000
1000780.000000
8742795.000000
9936795.000000
10355247.000000
617033.000000
5427987.000000
4237019.000000
176846.000000
6285105.000000
6413962.000000
7392827.000000
6768854.000000
11166295.000000
8781904.000000
8159988.000000
3554550.000000
1679360.000000
8781818.000000
9719225.000000
3390604.000000
702176.000000
2204288.000000
4568482.000000
6088910.000000
8745172.000000
11144818.000000
5376120.000000
10749902.000000
7957142.000000
399004.000000
10976448.000000
3237907.000000
123082.000000
8388871.000000
4375385.000000
9556091.000000
3731851.000000
1748625.000000
196478.000000
844358.000000
5671280.000000
4039838.000000
8951215.000000
6793695.000000
8332131.000000
3649251.000000
8182316.000000
3623415.000000
1361095.000000
10190150.000000
3285281.000000
7505080.000000
2575592.000000
2075471.000000
5689154.000000
1833008.000000
798056.000000
4645610.000000
3705120.000000
8504872.000000
10686446.000000
8633527.000000
9728049.000000
9763258.000000
1467532.000000
1757683.000000
10181313.000000
2371998.000000
10844684.000000
797365.000000
777305.000000
6639590.000000
7559002.000000
915985.000000
3175352.000000
2331602.000000
1560510.000000
10076039.000000
173994.000000
1308740.000000
6369919.000000
7489071.000000
5529452.000000
219372.000000
2132320.000000
8818835.000000
93036.000000
2921270.000000
908196.000000
3163737.000000
2128758.000000
6211422.000000
3439161.000000
739169.000000
1784012.000000
936585.000000
8264823.000000
7853482.000000
488595.000000
359172.000000
4203436.000000
79122.000000
6511320.000000
1097826.000000
296538.000000
6801567.000000
8127795.000000
3205416.000000
12109593.000000
8934169.000000
3180517.000000
3675357.000000
1758518.000000
5637104.000000
1266116.000000
8964389.000000
448134.000000
4783296.000000
2227158.000000
7653049.000000
4620209.000000
7123281.000000
5536950.000000
9864511.000000
652992.000000
7493316.000000
1221034.000000
5978196.000000
1634943.000000
4301947.000000
4934479.000000
93731.000000
7567290.000000
3976809.000000
1554783.000000
6310978.000000
8259670.000000
8138856.000000
3817797.000000
6335372.000000
5201782.000000
1043400.000000
10190075.000000
9253152.000000
430636.000000
8178746.000000
2091067.000000
6343876.000000
6503530.000000
4038717.000000
104309.000000
6066047.000000
2492434.000000
10322703.000000
1464954.000000
9321536.000000
5346722.000000
115486.000000
7688600.000000
639891.000000
10285575.000000
10122659.000000
3714728.000000
5212603.000000
7807223.000000
7055427.000000
6349529.000000
2325825.000000
819428.000000
515717.000000
7301958.000000
7626646.000000
93089.000000
535233.000000
3297489.000000
7673231.000000
5228319.000000
474104.000000
6710135.000000
199722.000000
1510671.000000
2898638.000000
2060298.000000
3938384.000000
4282549.000000
11049386.000000
4632256.000000
765912.000000
9307810.000000
982208.000000
9384835.000000
6286872.000000
6373534.000000
2654829.000000
6467693.000000
7441482.000000
5788490.000000
7721284.000000
3941660.000000
155045.000000
107181.000000
5527789.000000
677440.000000
5784392.000000
6568439.000000
9680412.000000
24021.000000
5114315.000000
2888346.000000
169844.000000
4084046.000000
8907545.000000
8590491.000000
6814415.000000
339832.000000
6726987.000000
6769888.000000
5405288.000000
6016634.000000
10680821.000000
211241.000000
4905501.000000
1447231.000000
8771332.000000
9217556.000000
707696.000000
9643878.000000
73997.000000
230635.000000
4833613.000000
162674.000000
402335.000000
11771154.000000
9080364.000000
6715848.000000
2449480.000000
7105862.000000
1744329.000000
656771.000000
505416.000000
6644933.000000
2438089.000000
2380189.000000
4723314.000000
8331179.000000
492906.000000
5674410.000000
7637404.000000
86729.000000
5299189.000000
4519873.000000
1847204.000000
7728777.000000
723585.000000
6891879.000000
1054587.000000
608247.000000
987259.000000
11749338.000000
8451716.000000
1727117.000000
444618.000000
1488110.000000
600467.000000
4956326.000000
4839805.000000
10004450.000000
6396339.000000
4258614.000000
499680.000000
3235239.000000
5719338.000000
3517845.000000
10215540.000000
2825448.000000
1597244.000000
2648571.000000
795323.000000
361991.000000
5920920.000000
1742480.000000
6959437.000000
7692186.000000
2320797.000000
7328681.000000
8558058.000000
116984.000000
424282.000000
671321.000000
4326653.000000
1817097.000000
7422646.000000
3944965.000000
6555992.000000
3495252.000000
8733631.000000
10597248.000000
5078653.000000
4003770.000000
9228520.000000
6932132.000000
9024892.000000
1016068.000000
3104398.000000
915877.000000
221894.000000
290130.000000
632738.000000
217153.000000
4635354.000000
2125923.000000
3938869.000000
4319187.000000
7519561.000000
1925719.000000
5348362.000000
6865886.000000
6404016.000000
1459098.000000
268257.000000
10023423.000000
5998294.000000
7482359.000000
7859009.000000
7926039.000000
7940973.000000
443277.000000
8234146.000000
3685302.000000
11432615.000000
10324275.000000
5008069.000000
3045351.000000
422474.000000
5434017.000000
1664278.000000
679803.000000
8477936.000000
175478.000000
547909.000000
9959701.000000
2370604.000000
9680146.000000
1434294.000000
6427100.000000
5177674.000000
8660305.000000
4961314.000000
4932742.000000
848956.000000
3785316.000000
8111675.000000
445578.000000
1287021.000000
3999932.000000
1422386.000000
3920935.000000
515533.000000
253856.000000
611502.000000
1260211.000000
10882647.000000
6080215.000000
5518875.000000
