0.000000
0.000000
0.000000
0.000000
0.000000
0.000000
0.000000
0.000000
0.000000
0.000000
0.000000
0.000000
0.000000
0.000000
0.000000
0.000000
0.000000
0.000000
0.000000
0.000000
0.000000
0.000000
0.000000
0.000000
0.000000
0.000000
0.000000
0.000000
0.000000
0.000000
0.000000
0.000000
0.000000
0.000000
0.000000
0.000000
0.000000
0.000000
0.000000
0.000000
0.000000
0.000000
0.000000
0.000000
0.000000
0.000000
0.000000
0.000000
0.000000
0.000000
0.000000
0.000000
0.000000
0.000000
0.000000
0.000000
0.000000
0.000000
0.000000
0.000000
0.000000
0.000000
0.000000
0.000000
0.000000
0.000000
0.000000
0.000000
0.000000
0.000000
0.000000
0.000000
0.000000
0.000000
0.000000
0.000000
0.000000
0.000000
0.000000
0.000000
0.000000
0.000000
0.000000
0.000000
0.000000
0.000000
0.000000
0.000000
0.000000
0.000000
0.000000
0.000000
0.000000
0.000000
0.000000
0.000000
0.000000
0.000000
0.000000
0.000000
0.000000
0.000000
0.000000
0.000000
0.000000
0.000000
0.000000
0.000000
0.000000
0.000000
0.000000
0.000000
0.000000
0.000000
0.000000
0.000000
0.000000
0.000000
0.000000
0.000000
0.000000
0.000000
0.000000
0.000000
0.000000
0.000000
0.000000
0.000000
0.000000
0.000000
0.000000
0.000000
0.000000
0.000000
0.000000
0.000000
0.000000
0.000000
0.000000
0.000000
0.000000
0.000000
0.000000
0.000000
0.000000
0.000000
0.000000
0.000000
0.000000
0.000000
0.000000
0.000000
0.000000
0.000000
0.000000
0.000000
0.000000
0.000000
0.000000
0.000000
0.000000
0.000000
0.000000
0.000000
0.000000
0.000000
0.000000
0.000000
0.000000
0.000000
0.000000
0.000000
0.000000
0.000000
0.000000
0.000000
0.000000
0.000000
0.000000
0.000000
0.000000
0.000000
0.000000
0.000000
0.000000
0.000000
0.000000
0.000000
0.000000
0.000000
0.000000
0.000000
0.000000
0.000000
0.000000
0.000000
0.000000
0.000000
0.000000
0.000000
0.000000
0.000000
0.000000
0.000000
0.000000
0.000000
0.000000
0.000000
0.000000
0.000000
0.000000
0.000000
0.000000
0.000000
0.000000
0.000000
0.000000
0.000000
0.000000
0.000000
0.000000
0.000000
0.000000
0.000000
0.000000
0.000000
0.000000
0.000000
0.000000
0.000000
0.000000
0.000000
0.000000
0.000000
0.000000
0.000000
0.000000
0.000000
0.000000
0.000000
0.000000
0.000000
0.000000
0.000000
0.000000
0.000000
0.000000
0.000000
0.000000
0.000000
0.000000
0.000000
0.000000
0.000000
0.000000
0.000000
0.000000
0.000000
0.000000
0.000000
0.000000
0.000000
0.000000
0.000000
0.000000
0.000000
0.000000
0.000000
0.000000
0.000000
0.000000
0.000000
0.000000
0.000000
0.000000
0.000000
0.000000
0.000000
0.000000
0.000000
0.000000
0.000000
0.000000
0.000000
0.000000
0.000000
0.000000
0.000000
0.000000
0.000000
0.000000
0.000000
0.000000
0.000000
0.000000
0.000000
0.000000
0.000000
0.000000
0.000000
0.000000
0.000000
0.000000
0.000000
0.000000
0.000000
0.000000
0.000000
0.000000
0.000000
0.000000
0.000000
0.000000
0.000000
0.000000
0.000000
0.000000
0.000000
0.000000
0.000000
0.000000
0.000000
0.000000
0.000000
0.000000
0.000000
0.000000
0.000000
0.000000
0.000000
0.000000
0.000000
0.000000
0.000000
0.000000
0.000000
0.000000
0.000000
0.000000
0.000000
0.000000
0.000000
0.000000
0.000000
0.000000
0.000000
0.000000
0.000000
27813900.000000
6374400.000000
12912589.000000
5511356.000000
6565413.000000
10636530.000000
8225252.000000
6134143.000000
11642632.000000
7369963.000000
729687.000000
3972776.000000
1516803.000000
3592654.000000
2028353.000000
11664273.000000
9639461.000000
11275110.000000
1114833.000000
2023370.000000
11870325.000000
661063.000000
2607280.000000
12986561.000000
3693623.000000
769842.000000
3054872.000000
1178390.000000
6676620.000000
1294033.000000
580544.000000
4077180.000000
7223557.000000
6763225.000000
3533131.000000
4511748.000000
1855041.000000
2492689.000000
1734690.000000
4931954.000000
1845512.000000
3207607.000000
3249607.000000
9605402.000000
1455121.000000
567716.000000
7090018.000000
641344.000000
10547665.000000
869959.000000
1891322.000000
4179242.000000
9768179.000000
10456267.000000
985087.000000
4643244.000000
827156.000000
5228571.000000
1232633.000000
1715034.000000
1336296.000000
5044148.000000
5111397.000000
5793907.000000
3153576.000000
7303114.000000
260482.000000
11117885.000000
6486618.000000
6219913.000000
1952805.000000
10601700.000000
4700383.000000
9942330.000000
11409563.000000
2543546.000000
13169975.000000
11785290.000000
9877311.000000
7767098.000000
920057.000000
4988594.000000
8237736.000000
5333040.000000
6898727.000000
3357774.000000
7369544.000000
286870.000000
290754.000000
1183568.000000
10800588.000000
12280223.000000
1723598.000000
5392989.000000
11340798.000000
10670638.000000
3229614.000000
2982254.000000
10197773.000000
5052723.000000
7158237.000000
4764735.000000
6284696.000000
5170163.000000
13207239.000000
513708.000000
313601.000000
7187395.000000
6750369.000000
1878197.000000
6154679.000000
2964491.000000
5347845.000000
253212.000000
7217741.000000
1034239.000000
8715403.000000
1980513.000000
735568.000000
903272.000000
13356293.000000
2638886.000000
9953558.000000
4933643.000000
4824755.000000
9528763.000000
332941.000000
6040320.000000
5560890.000000
5832145.000000
96836.000000
4860039.000000
8020289.000000
137557.000000
6862820.000000
9614738.000000
5972249.000000
106076.000000
1955529.000000
1819149.000000
9947857.000000
13569608.000000
4568394.000000
115018.000000
2601199.000000
7934966.000000
845285.000000
1505689.000000
11300516.000000
2140061.000000
96129.000000
6916406.000000
10097073.000000
1798747.000000
2389707.000000
4245974.000000
454725.000000
360422.000000
6489317.000000
7113595.000000
830571.000000
12780231.000000
1277959.000000
10293014.000000
77709.000000
536650.000000
10721482.000000
1169964.000000
1458964.000000
2568387.000000
6855063.000000
7018352.000000
6007125.000000
4843856.000000
518398.000000
451162.000000
4487663.000000
10998833.000000
7212120.000000
4128733.000000
10511502.000000
5533213.000000
5974395.000000
8194741.000000
4629880.000000
1720770.000000
8147177.000000
11671873.000000
3351074.000000
534962.000000
685075.000000
3197092.000000
3796721.000000
306590.000000
5336325.000000
11903048.000000
7154133.000000
3546322.000000
5028641.000000
244551.000000
6798891.000000
11681357.000000
6324752.000000
8686480.000000
8320003.000000
4429087.000000
11752091.000000
11587246.000000
444105.000000
4091421.000000
11780780.000000
566514.000000
454253.000000
8642052.000000
2421882.000000
6714468.000000
1612556.000000
11168228.000000
376058.000000
9019845.000000
5925951.000000
1171283.000000
229585.000000
108017.000000
7660406.000000
7362170.000000
1361790.000000
2280480.000000
5640295.000000
12617059.000000
10228221.000000
6055693.000000
6231294.000000
2418600.000000
14105166.000000
943614.000000
1673799.000000
5457236.000000
8064865.000000
9947761.000000
13615696.000000
11953837.000000
3944474.000000
5454112.000000
777919.000000
1188934.000000
3383706.000000
1407440.000000
10734958.000000
1405070.000000
2401964.000000
4608229.000000
3007279.000000
403705.000000
1204103.000000
3645046.000000
8087262.000000
8210518.000000
13386866.000000
2530364.000000
5606131.000000
7789598.000000
327939.000000
3715923.000000
3053544.000000
3021301.000000
8776238.000000
770049.000000
6322518.000000
4711636.000000
987727.000000
7916656.000000
8119107.000000
1372033.000000
1139543.000000
533561.000000
1846138.000000
5979895.000000
8563099.000000
3992806.000000
1618538.000000
1988334.000000
3451459.000000
1965451.000000
4328618.000000
7640288.000000
648288.000000
1080928.000000
7212790.000000
3352645.000000
2707388.000000
5533231.000000
9229502.000000
1796213.000000
1241554.000000
109807.000000
4154600.000000
1673847.000000
3024695.000000
812951.000000
9312350.000000
5617525.000000
8633115.000000
12573995.000000
1385898.000000
8354294.000000
4598360.000000
109818.000000
2588866.000000
4742024.000000
1452967.000000
3056259.000000
4051836.000000
1292744.000000
5890842.000000
70045.000000
4114545.000000
2167844.000000
2388727.000000
13269496.000000
516546.000000
5214147.000000
5306393.000000
12009179.000000
2346276.000000
6977870.000000
7394513.000000
12057139.000000
1537244.000000
1767104.000000
3674383.000000
7997584.000000
5744271.000000
11349443.000000
988790.000000
2252871.000000
8757500.000000
873253.000000
5278093.000000
120390.000000
3099177.000000
6508822.000000
345067.000000
3673143.000000
2768280.000000
4826284.000000
5574232.000000
10141430.000000
9886157.000000
4569527.000000
824067.000000
5527903.000000
451332.000000
119555.000000
8541894.000000
2388820.000000
1105906.000000
4665831.000000
4057233.000000
5501677.000000
13276002.000000
1734544.000000
12407239.000000
705670.000000
3846724.000000
12125790.000000
561451.000000
13152007.000000
8523119.000000
146257.000000
8235075.000000
2304503.000000
10035606.000000
9132256.000000
3319052.000000
1616347.000000
307965.000000
6992074.000000
90058.000000
11253282.000000
12028.000000
594575.000000
9080737.000000
7128381.000000
4382233.000000
659571.000000
12751268.000000
14373664.000000
10413725.000000
1448192.000000
372052.000000
525652.000000
980339.000000
11171954.000000
12155857.000000
1587846.000000
6376301.000000
7872505.000000
5903206.000000
3650502.000000
5197703.000000
1022996.000000
339039.000000
522872.000000
6095486.000000
7003798.000000
685001.000000
10037533.000000
847949.000000
12450947.000000
5763034.000000
4901802.000000
11121645.000000
201636.000000
7897371.000000
1406054.000000
11064332.000000
1231695.000000
265663.000000
1490416.000000
4199355.000000
1317257.000000
3969625.000000
1679155.000000
7602186.000000
3384270.000000
1947670.000000
3676654.000000
158402.000000
6604586.000000
6235647.000000
1029456.000000
5594376.000000
5804790.000000
8489351.000000
6413108.000000
496594.000000
8063594.000000
6123440.000000
1613420.000000
3020486.000000
11321452.000000
7689937.000000
3235616.000000
10443604.000000
448911.000000
3297343.000000
9921302.000000
7045917.000000
4951992.000000
6384423.000000
7867750.000000
2821212.000000
26232.000000
5133353.000000
75143.000000
1222079.000000
9991364.000000
11588846.000000
321645.000000
334343.000000
7651633.000000
11413459.000000
9847.000000
8086397.000000
3649209.000000
1516330.000000
86139.000000
2819433.000000
8777877.000000
568424.000000
132132.000000
12328545.000000
5181905.000000
1197465.000000
2409429.000000
3218554.000000
5979050.000000
2330041.000000
9020617.000000
8262356.000000
14450904.000000
164361.000000
134553.000000
3486449.000000
3965849.000000
12895434.000000
6276304.000000
59979.000000
3974643.000000
5776328.000000
234274.000000
8685278.000000
1880290.000000
9238226.000000
3871358.000000
10876899.000000
1673600.000000
3628113.000000
1436376.000000
272723.000000
8817398.000000
6672754.000000
2001207.000000
9574046.000000
205989.000000
4090318.000000
2891547.000000
9275421.000000
455718.000000
214789.000000
4854717.000000
573501.000000
6044689.000000
1613388.000000
4758476.000000
3863708.000000
3056344.000000
2008007.000000
1096767.000000
7248218.000000
8371492.000000
688220.000000
1403460.000000
4549498.000000
7837316.000000
241982.000000
767407.000000
2678485.000000
541494.000000
3642322.000000
168311.000000
64101.000000
1127276.000000
5337814.000000
8877386.000000
5257070.000000
159192.000000
3312424.000000
10076489.000000
13091034.000000
3620255.000000
4371534.000000
3459983.000000
5103362.000000
267068.000000
14503426.000000
150003.000000
5710815.000000
4081971.000000
4314608.000000
104264.000000
2185702.000000
6780780.000000
6841959.000000
7089087.000000
2555055.000000
380849.000000
3170072.000000
1360559.000000
3885065.000000
230306.000000
396359.000000
8038582.000000
7249990.000000
6483290.000000
2170788.000000
8693255.000000
9884388.000000
1079820.000000
11968078.000000
3262370.000000
144552.000000
2189472.000000
3032710.000000
1454979.000000
3093085.000000
4171984.000000
8418364.000000
3392064.000000
11126010.000000
326926.000000
75974.000000
6134440.000000
2214087.000000
11553530.000000
197950.000000
1768211.000000
177039.000000
14067416.000000
326211.000000
2702989.000000
3027608.000000
9175796.000000
1608486.000000
3276912.000000
11087796.000000
7572853.000000
2838673.000000
1880121.000000
3623589.000000
9108338.000000
4200210.000000
890345.000000
60766.000000
1781560.000000
6941413.000000
6571010.000000
1639619.000000
3705511.000000
8235126.000000
2363498.000000
8880938.000000
6570047.000000
6110765.000000
3774269.000000
10947682.000000
11138067.000000
11962594.000000
1834959.000000
3305322.000000
121222.000000
4826160.000000
1292217.000000
8497684.000000
1395517.000000
1725863.000000
5057694.000000
62987.000000
11461095.000000
8181675.000000
1392184.000000
3372031.000000
8555977.000000
1808341.000000
9890453.000000
979769.000000
1171713.000000
6762053.000000
2397380.000000
7776079.000000
150536.000000
9231978.000000
10435173.000000
3798673.000000
987581.000000
962353.000000
2653253.000000
4632883.000000
2750924.000000
1036309.000000
9593998.000000
2443669.000000
5874048.000000
3254711.000000
8092087.000000
4356160.000000
7340296.000000
1247753.000000
9380768.000000
7632251.000000
274558.000000
8158627.000000
3339711.000000
2126532.000000
2041038.000000
5689688.000000
2114475.000000
2751439.000000
11272721.000000
7576244.000000
5971150.000000
4971494.000000
963668.000000
1851808.000000
8927200.000000
5050881.000000
9543112.000000
3506688.000000
7631238.000000
4257074.000000
1210899.000000
8268404.000000
3243861.000000
13182121.000000
6326539.000000
4823695.000000
9605114.000000
5082001.000000
630630.000000
2249518.000000
9068905.000000
7162724.000000
99254.000000
13868203.000000
1007211.000000
320672.000000
105751.000000
964481.000000
4689107.000000
3101851.000000
5955195.000000
4656308.000000
2824360.000000
3881572.000000
11234225.000000
851850.000000
1440060.000000
7265902.000000
329578.000000
10501161.000000
10874420.000000
2453009.000000
184759.000000
2421979.000000
6526936.000000
9495927.000000
4701820.000000
9545890.000000
3797827.000000
9896493.000000
4626050.000000
744332.000000
2065234.000000
1604277.000000
864657.000000
5725760.000000
265591.000000
337231.000000
10653055.000000
831455.000000
1507297.000000
1684436.000000
5671344.000000
532886.000000
9993476.000000
6042993.000000
5190344.000000
3088262.000000
6326406.000000
227953.000000
7467804.000000
11328623.000000
1072411.000000
5567324.000000
221426.000000
10933048.000000
2111492.000000
2959659.000000
6233860.000000
1484944.000000
1296759.000000
373339.000000
2867228.000000
221605.000000
4539493.000000
11159097.000000
203059.000000
8206533.000000
13729728.000000
5295485.000000
7427783.000000
6397853.000000
265784.000000
6007012.000000
473306.000000
10764922.000000
12584444.000000
11063744.000000
7112482.000000
8934777.000000
637921.000000
1137753.000000
2313054.000000
5275228.000000
3792563.000000
1756185.000000
8975813.000000
2261776.000000
3046541.000000
9244423.000000
4118724.000000
3403925.000000
5816364.000000
2972957.000000
204147.000000
529240.000000
2768279.000000
99290.000000
1014384.000000
177325.000000
7597042.000000
11338681.000000
6453828.000000
1978129.000000
28236.000000
11555817.000000
6536026.000000
5848385.000000
2157820.000000
10024980.000000
6103869.000000
5060057.000000
3288037.000000
3182503.000000
299420.000000
306114.000000
9194780.000000
1261088.000000
6838373.000000
226108.000000
5996613.000000
25465.000000
59141.000000
8319810.000000
117745.000000
3030323.000000
744336.000000
246211.000000
573190.000000
1556109.000000
5839181.000000
277965.000000
9714341.000000
4362142.000000
3495733.000000
13348797.000000
210913.000000
2605153.000000
7282879.000000
7881697.000000
4830114.000000
5497988.000000
8743655.000000
1015594.000000
4137483.000000
3588587.000000
4055378.000000
4612015.000000
1436631.000000
4492183.000000
71518.000000
5133914.000000
10496330.000000
25707.000000
1770226.000000
3593839.000000
10840061.000000
6021795.000000
6840602.000000
690720.000000
2236993.000000
12981060.000000
121123.000000
976007.000000
2233833.000000
771611.000000
3350218.000000
7419447.000000
12988175.000000
868848.000000
7907164.000000
11554907.000000
2547000.000000
706570.000000
701597.000000
5021417.000000
426562.000000
187740.000000
2163267.000000
2477539.000000
6701825.000000
7173426.000000
7447929.000000
478744.000000
5733274.000000
9390757.000000
699568.000000
12428885.000000
1842883.000000
2937649.000000
8279769.000000
7916155.000000
7565956.000000
2399467.000000
8551481.000000
131533.000000
5236056.000000
8233538.000000
7638748.000000
271717.000000
3012125.000000
6526095.000000
117833.000000
73219.000000
9240349.000000
9949760.000000
6858055.000000
10735400.000000
8982781.000000
3371073.000000
7612937.000000
1012933.000000
5177732.000000
2541461.000000
7374236.000000
1343784.000000
8625722.000000
491603.000000
9229711.000000
10932149.000000
7210072.000000
3158974.000000
8117530.000000
8849187.000000
299441.000000
12300443.000000
627807.000000
9146714.000000
230837.000000
894361.000000
1006146.000000
3549090.000000
966280.000000
6810086.000000
13479540.000000
8059158.000000
7620233.000000
7361962.000000
143997.000000
585139.000000
11007200.000000
1218835.000000
728397.000000
5068720.000000
7448785.000000
9835580.000000
10788342.000000
2800855.000000
7405108.000000
8621019.000000
8767068.000000
6893887.000000
22294.000000
2885396.000000
111344.000000
210224.000000
2531007.000000
1195628.000000
10889976.000000
13216427.000000
12171427.000000
11371283.000000
134207.000000
2736908.000000
4402604.000000
2758303.000000
1500886.000000
9698186.000000
4180553.000000
974353.000000
9229656.000000
8530986.000000
10024197.000000
5394259.000000
6527733.000000
811336.000000
895823.000000
536112.000000
1297600.000000
3521094.000000
7779900.000000
7792375.000000
12835633.000000
8544414.000000
3196034.000000
4144532.000000
6180241.000000
151496.000000
6518560.000000
3734577.000000
10530679.000000
523877.000000
6417709.000000
9337595.000000
1771801.000000
6002903.000000
811496.000000
6927740.000000
8465247.000000
3311261.000000
4920099.000000
2874600.000000
12866197.000000
10785908.000000
13264.000000
5541723.000000
1997062.000000
26439.000000
8963949.000000
3233780.000000
5290005.000000
4944042.000000
4299434.000000
12586225.000000
1797215.000000
9656765.000000
80856.000000
11129102.000000
3019610.000000
2952939.000000
743253.000000
1850102.000000
6355004.000000
4216766.000000
3150788.000000
88790.000000
7977408.000000
809153.000000
7103984.000000
298953.000000
8759692.000000
1353899.000000
7510160.000000
6407716.000000
6226714.000000
622788.000000
6022598.000000
419235.000000
7102790.000000
9299472.000000
222540.000000
7859907.000000
6106637.000000
7099704.000000
143136.000000
10119935.000000
9267424.000000
502917.000000
546565.000000
11399164.000000
5448106.000000
373195.000000
591118.000000
4754326.000000
8003588.000000
1260246.000000
9186692.000000
1216355.000000
763011.000000
1070747.000000
7958616.000000
522539.000000
6026174.000000
72864.000000
6501598.000000
645961.000000
6721081.000000
11449041.000000
243999.000000
9111579.000000
7981819.000000
842337.000000
5351199.000000
6314433.000000
5064836.000000
4657648.000000
118181.000000
1048359.000000
335347.000000
6744769.000000
105037.000000
881578.000000
9267405.000000
608727.000000
7138576.000000
12974870.000000
6824483.000000
5601009.000000
1136943.000000
8320884.000000
866289.000000
6048873.000000
3194966.000000
3245311.000000
528244.000000
6495205.000000
5095890.000000
19416.000000
24764.000000
10254776.000000
2173845.000000
9162.000000
10755232.000000
5713687.000000
3108046.000000
214878.000000
1992011.000000
5583225.000000
3422443.000000
6030986.000000
917401.000000
423258.000000
8594508.000000
4010383.000000
4334126.000000
9635193.000000
6039080.000000
3039071.000000
9732988.000000
7638993.000000
3534311.000000
3215981.000000
8003024.000000
6833160.000000
1290242.000000
12759681.000000
553075.000000
8488841.000000
6609138.000000
4059336.000000
805317.000000
3011402.000000
3471259.000000
26400.000000
2608713.000000
3305361.000000
3022389.000000
3657712.000000
8017236.000000
11992497.000000
6386725.000000
1161359.000000
880966.000000
11547615.000000
4988880.000000
4970094.000000
9677436.000000
174455.000000
3643664.000000
2313251.000000
8956868.000000
4271740.000000
2228171.000000
423182.000000
7383971.000000
709743.000000
5054999.000000
1347037.000000
10688178.000000
545244.000000
1254139.000000
11908194.000000
2661210.000000
692371.000000
4513738.000000
1288027.000000
3141923.000000
2061794.000000
202843.000000
5002533.000000
7118971.000000
4795086.000000
9806201.000000
5036463.000000
7135037.000000
12367260.000000
183443.000000
2280317.000000
5700075.000000
8649330.000000
492643.000000
1440589.000000
6696805.000000
8498207.000000
2848903.000000
3080888.000000
2641571.000000
9634188.000000
274968.000000
12158313.000000
8528427.000000
7222289.000000
4113257.000000
2178863.000000
4281282.000000
6630955.000000
1919242.000000
2261326.000000
10579497.000000
9515997.000000
11001949.000000
4171366.000000
103296.000000
11553553.000000
9989739.000000
2309171.000000
7954764.000000
10564354.000000
11026657.000000
9177575.000000
4015433.000000
93406.000000
6126433.000000
11022678.000000
6891243.000000
887070.000000
4620615.000000
8439854.000000
5404020.000000
11859895.000000
2822867.000000
1666919.000000
451599.000000
7509668.000000
1106271.000000
88315.000000
6808882.000000
4173332.000000
12600953.000000
2394386.000000
7474815.000000
1286532.000000
10122302.000000
4425613.000000
7751638.000000
12190935.000000
26554.000000
5941897.000000
495346.000000
2042112.000000
715854.000000
298078.000000
5963884.000000
634842.000000
11205948.000000
4035962.000000
768902.000000
140687.000000
1176921.000000
8862957.000000
6671834.000000
4982634.000000
4430962.000000
147991.000000
5898975.000000
3238691.000000
550817.000000
8691484.000000
207664.000000
12929880.000000
3519192.000000
10593556.000000
4193978.000000
8760043.000000
988799.000000
4119926.000000
5313204.000000
10521316.000000
1942089.000000
1118879.000000
7608283.000000
1519630.000000
1478176.000000
28497.000000
10302715.000000
13533257.000000
3938917.000000
13180572.000000
1407642.000000
469925.000000
12596120.000000
12637618.000000
3346255.000000
4377960.000000
4589726.000000
2546660.000000
1049909.000000
10165652.000000
10300661.000000
526260.000000
4224732.000000
11130186.000000
8816714.000000
8571401.000000
212969.000000
14980.000000
469487.000000
4604725.000000
10686035.000000
856812.000000
257701.000000
2458534.000000
433863.000000
1494847.000000
8210680.000000
242813.000000
452575.000000
6203887.000000
156941.000000
6934324.000000
6376867.000000
6201534.000000
2399019.000000
215593.000000
6279163.000000
10315563.000000
7574440.000000
465890.000000
7699940.000000
6155296.000000
5789623.000000
429158.000000
6364012.000000
11495564.000000
123270.000000
8780609.000000
3829800.000000
2390519.000000
318099.000000
9116424.000000
7408754.000000
12173276.000000
888264.000000
2855854.000000
8308530.000000
354294.000000
6170562.000000
725950.000000
4680713.000000
4274259.000000
4613202.000000
4874373.000000
2243799.000000
2000198.000000
2118221.000000
2131011.000000
5358502.000000
5633569.000000
2069090.000000
1629698.000000
6099300.000000
13785107.000000
7150541.000000
5009007.000000
752609.000000
1193222.000000
149121.000000
11502267.000000
266779.000000
1958248.000000
6834052.000000
12955117.000000
692536.000000
1671525.000000
1922151.000000
701990.000000
4103651.000000
4095885.000000
1105800.000000
2456019.000000
5018611.000000
10078705.000000
6586268.000000
5566853.000000
7656090.000000
3921045.000000
9557264.000000
92735.000000
3338839.000000
11018423.000000
4622501.000000
3157436.000000
5052376.000000
9616286.000000
192137.000000
5469136.000000
4138059.000000
4874766.000000
59555.000000
4822477.000000
1076301.000000
553839.000000
3632127.000000
3878426.000000
757690.000000
316596.000000
9997294.000000
5182410.000000
4362394.000000
10839361.000000
5409791.000000
2640148.000000
36717.000000
146461.000000
5824866.000000
430891.000000
6741399.000000
10437228.000000
3212374.000000
666652.000000
14040831.000000
8622251.000000
1237105.000000
10489508.000000
413780.000000
1519444.000000
852225.000000
9454848.000000
7302709.000000
3290993.000000
5583322.000000
91283.000000
595298.000000
97959.000000
474272.000000
9321587.000000
3734779.000000
5697281.000000
3212970.000000
1372536.000000
5192543.000000
9901345.000000
10518085.000000
1217749.000000
13509764.000000
4485074.000000
10055254.000000
3623421.000000
1799367.000000
3247724.000000
8245011.000000
12159815.000000
566804.000000
6250618.000000
2109578.000000
8491147.000000
956410.000000
7265639.000000
3514520.000000
9099309.000000
547298.000000
5758900.000000
11882323.000000
4949644.000000
3622926.000000
1416443.000000
28980.000000
7345792.000000
677329.000000
2572713.000000
568880.000000
1347582.000000
168792.000000
4918117.000000
1913999.000000
8367018.000000
1292025.000000
361942.000000
4274234.000000
322263.000000
13943428.000000
6472786.000000
529204.000000
8016933.000000
4234238.000000
4899508.000000
355128.000000
11272041.000000
456754.000000
12971791.000000
765877.000000
1163365.000000
3112027.000000
1969170.000000
7135797.000000
4318589.000000
4906836.000000
12479661.000000
5463840.000000
6252900.000000
933026.000000
2395077.000000
1722232.000000
8641941.000000
11239997.000000
53968.000000
3460698.000000
771057.000000
7661734.000000
4029512.000000
6746791.000000
7881823.000000
1086594.000000
7543483.000000
193018.000000
11455433.000000
11985882.000000
10802271.000000
80041.000000
10352260.000000
810675.000000
9300824.000000
777910.000000
288495.000000
3694882.000000
1342901.000000
3710740.000000
8991544.000000
4211940.000000
406737.000000
26307.000000
1310300.000000
1369252.000000
3628778.000000
919030.000000
70861.000000
3933367.000000
13061334.000000
1770197.000000
8084155.000000
10887909.000000
497864.000000
6086441.000000
631750.000000
9342977.000000
10607479.000000
8174640.000000
7572207.000000
613203.000000
262902.000000
12507032.000000
2202341.000000
1453869.000000
2392384.000000
5713170.000000
1069359.000000
7119971.000000
7043665.000000
7628750.000000
8001896.000000
622231.000000
698702.000000
4893993.000000
1153434.000000
9837381.000000
4257306.000000
3307597.000000
2255616.000000
12302273.000000
5891427.000000
3180476.000000
8624614.000000
5971845.000000
171606.000000
28383.000000
916533.000000
87058.000000
11996064.000000
2028084.000000
4671863.000000
7954470.000000
251233.000000
10751786.000000
660206.000000
263209.000000
4220913.000000
4559613.000000
9795527.000000
3328944.000000
9377105.000000
2145187.000000
451022.000000
887308.000000
146692.000000
5903550.000000
255430.000000
2066300.000000
5598949.000000
5297890.000000
4357067.000000
10385150.000000
5700938.000000
6681549.000000
10410047.000000
5822854.000000
3991466.000000
1238902.000000
2429909.000000
1217453.000000
845338.000000
150988.000000
6102367.000000
589923.000000
8257318.000000
3127940.000000
26140.000000
440459.000000
4459809.000000
4247095.000000
6545237.000000
2917827.000000
909534.000000
13618725.000000
6216559.000000
6426193.000000
549293.000000
7130891.000000
4300649.000000
507983.000000
11837972.000000
5176223.000000
3604843.000000
63772.000000
12788125.000000
1609194.000000
3058527.000000
2419533.000000
4953210.000000
976607.000000
9988245.000000
8731003.000000
5238922.000000
5831973.000000
7361175.000000
12963358.000000
5857392.000000
3107895.000000
8534515.000000
1966411.000000
5735983.000000
1061461.000000
8341632.000000
2414573.000000
6514211.000000
945075.000000
927327.000000
7990653.000000
1267489.000000
10497773.000000
2976030.000000
394527.000000
10145038.000000
6653829.000000
4652819.000000
115649.000000
4073479.000000
3597160.000000
2418431.000000
1767581.000000
4701207.000000
5324700.000000
9195004.000000
8299086.000000
929975.000000
12663189.000000
2863927.000000
6074955.000000
4921859.000000
958730.000000
738514.000000
6523727.000000
257548.000000
8490794.000000
5783515.000000
5489315.000000
6336236.000000
186170.000000
1722542.000000
3645565.000000
416607.000000
5073866.000000
7514710.000000
394824.000000
6394229.000000
5608025.000000
4924670.000000
7036249.000000
8095418.000000
2288911.000000
8780644.000000
8485512.000000
814489.000000
7456079.000000
599660.000000
8226096.000000
10627207.000000
8352541.000000
3476472.000000
605769.000000
1126718.000000
12639936.000000
5195319.000000
1171569.000000
7565715.000000
10442792.000000
10515674.000000
406030.000000
2094581.000000
9117686.000000
4779565.000000
2739456.000000
1716673.000000
2662712.000000
3258538.000000
712664.000000
771242.000000
2100398.000000
222808.000000
806809.000000
10873863.000000
260093.000000
108893.000000
187427.000000
9525578.000000
5967274.000000
4015643.000000
4141833.000000
5747675.000000
410010.000000
471189.000000
8579931.000000
10630965.000000
4715870.000000
4989224.000000
3924959.000000
2906891.000000
12967369.000000
8410530.000000
8290225.000000
250155.000000
604933.000000
2009640.000000
146596.000000
6538734.000000
2244216.000000
1141662.000000
1589220.000000
12163709.000000
5421934.000000
3768237.000000
1340129.000000
2174587.000000
702903.000000
4087368.000000
4703045.000000
1220208.000000
200669.000000
4742488.000000
778112.000000
4319720.000000
551649.000000
10615572.000000
11413549.000000
4145601.000000
9304708.000000
3891838.000000
1727738.000000
631543.000000
3568766.000000
356834.000000
1573618.000000
733614.000000
9756516.000000
5994570.000000
1245684.000000
2310694.000000
523014.000000
6768465.000000
12101581.000000
9295541.000000
329767.000000
6400848.000000
3870796.000000
3995023.000000
137940.000000
4026363.000000
9089621.000000
8186260.000000
2052089.000000
2161727.000000
3714193.000000
2164418.000000
2204842.000000
522492.000000
8104319.000000
1108712.000000
4793387.000000
14195.000000
3115138.000000
7223092.000000
7295535.000000
8853603.000000
11676919.000000
115756.000000
6619181.000000
2296702.000000
2799013.000000
5319682.000000
11843876.000000
3997076.000000
5193939.000000
1327252.000000
841042.000000
1361465.000000
10264467.000000
11805640.000000
13780044.000000
525955.000000
14206085.000000
5102927.000000
472258.000000
9318575.000000
1506939.000000
1808963.000000
708234.000000
12084297.000000
3914645.000000
371227.000000
3154628.000000
11787249.000000
8935450.000000
4945408.000000
1332817.000000
8992292.000000
11250246.000000
6297438.000000
563408.000000
6837185.000000
6507808.000000
1499582.000000
12187089.000000
2583524.000000
7199058.000000
1177426.000000
5376208.000000
3665086.000000
2869425.000000
1263437.000000
3737835.000000
3030981.000000
9089025.000000
1839456.000000
971383.000000
9418285.000000
12470820.000000
11934677.000000
733148.000000
4492046.000000
3805760.000000
171310.000000
6011052.000000
6195532.000000
7918699.000000
8236868.000000
11983915.000000
9185252.000000
6823346.000000
3802257.000000
1592449.000000
9372015.000000
11570958.000000
2998752.000000
727823.000000
1554208.000000
4124853.000000
5123702.000000
10621439.000000
11348644.000000
4798730.000000
10059169.000000
9051164.000000
387805.000000
14009204.000000
3045249.000000
110799.000000
8197585.000000
3422298.000000
9618102.000000
3613686.000000
1888241.000000
188090.000000
794739.000000
6028011.000000
3164722.000000
10034511.000000
6813608.000000
10084663.000000
3364694.000000
7750125.000000
2240381.000000
1175863.000000
13669890.000000
3130941.000000
7768951.000000
2590062.000000
1400579.000000
4893222.000000
1348516.000000
847624.000000
4822154.000000
4034456.000000
8206478.000000
12563163.000000
10975988.000000
11538388.000000
12654355.000000
1400254.000000
1473881.000000
11384702.000000
1865929.000000
10149656.000000
675548.000000
787243.000000
6865940.000000
7659532.000000
888845.000000
2936343.000000
2127699.000000
1310927.000000
10003096.000000
196839.000000
1188542.000000
6232704.000000
6320901.000000
5058951.000000
219820.000000
1998266.000000
9544245.000000
83219.000000
3041769.000000
928024.000000
2105246.000000
1761069.000000
6491429.000000
2702041.000000
678089.000000
1722966.000000
964475.000000
8801551.000000
9014902.000000
373166.000000
332799.000000
3402256.000000
67598.000000
7437749.000000
1190370.000000
285085.000000
6582862.000000
9505896.000000
2790523.000000
13581352.000000
9769574.000000
3410905.000000
3742307.000000
1383932.000000
5916661.000000
1053893.000000
9496106.000000
394280.000000
5759379.000000
2080202.000000
8233350.000000
4305378.000000
6974723.000000
5472344.000000
9828311.000000
552629.000000
8854760.000000
1022098.000000
5999069.000000
1245791.000000
3545803.000000
4733842.000000
84479.000000
7398090.000000
3109496.000000
1455964.000000
6052479.000000
8424617.000000
7480098.000000
3802724.000000
5884778.000000
5228189.000000
1079017.000000
12671510.000000
11977315.000000
367055.000000
8443121.000000
1725199.000000
6506515.000000
6423594.000000
3132372.000000
111442.000000
6805346.000000
2376525.000000
13277859.000000
2033943.000000
10485524.000000
4798069.000000
82641.000000
7030981.000000
629436.000000
10268663.000000
11032728.000000
2978155.000000
4782333.000000
7251806.000000
8627903.000000
6165692.000000
2404994.000000
605055.000000
537836.000000
7155856.000000
6650351.000000
87917.000000
451771.000000
2957992.000000
7694424.000000
4783056.000000
582268.000000
6101237.000000
169266.000000
1235192.000000
2789957.000000
1946182.000000
3875502.000000
4353479.000000
10785471.000000
4051360.000000
556859.000000
10080614.000000
869182.000000
9426424.000000
6224770.000000
7067685.000000
2653490.000000
7522167.000000
7926206.000000
5874769.000000
7345470.000000
3389532.000000
182283.000000
101788.000000
4671140.000000
652785.000000
5704396.000000
6657749.000000
10474986.000000
26400.000000
4044473.000000
2435352.000000
306820.000000
4054338.000000
9837835.000000
9585021.000000
6790800.000000
372567.000000
7969373.000000
6305365.000000
5265297.000000
5409707.000000
13480608.000000
164657.000000
4749283.000000
1332831.000000
11254956.000000
10933209.000000
582909.000000
11240367.000000
80750.000000
161797.000000
3997740.000000
185090.000000
318442.000000
12375086.000000
11733730.000000
7109710.000000
2400974.000000
8333743.000000
1430533.000000
649031.000000
438172.000000
7871051.000000
1962934.000000
1905945.000000
4410279.000000
8452720.000000
499056.000000
4873698.000000
7519779.000000
87427.000000
4214619.000000
4817117.000000
1349035.000000
8865712.000000
651448.000000
6553738.000000
1168992.000000
475202.000000
929757.000000
14029638.000000
7436883.000000
1499579.000000
385983.000000
1136521.000000
549433.000000
4309310.000000
3449875.000000
10837301.000000
7253279.000000
3642662.000000
492990.000000
3391376.000000
4934023.000000
3037107.000000
12615358.000000
2769649.000000
1468040.000000
2358006.000000
752597.000000
330557.000000
4829730.000000
1480831.000000
7199038.000000
8258967.000000
2081076.000000
8568103.000000
9051588.000000
142122.000000
401129.000000
686347.000000
4014179.000000
1423823.000000
7074789.000000
3252320.000000
6169812.000000
3197666.000000
9189802.000000
11456247.000000
3956290.000000
3363400.000000
10256149.000000
7629528.000000
11222569.000000
884658.000000
3206439.000000
777821.000000
252995.000000
294281.000000
571250.000000
224642.000000
3662406.000000
1766791.000000
4437001.000000
3351871.000000
7486414.000000
1747399.000000
3575425.000000
8307646.000000
7063162.000000
1142819.000000
226755.000000
13553129.000000
6293522.000000
7058197.000000
7646096.000000
8323593.000000
7996013.000000
296198.000000
9105982.000000
3653390.000000
11287175.000000
11975133.000000
4460707.000000
3140259.000000
414161.000000
5761956.000000
1296977.000000
639306.000000
8174063.000000
179640.000000
604612.000000
12731242.000000
1726946.000000
10584579.000000
1609528.000000
5865825.000000
5926248.000000
11031849.000000
4392877.000000
4416224.000000
685012.000000
2347895.000000
6996995.000000
381870.000000
1184800.000000
3716418.000000
1300092.000000
3794100.000000
383147.000000
254126.000000
520985.000000
1338512.000000
11988161.000000
5303998.000000
6561166.000000
