0.000000
0.000000
0.000000
0.000000
0.000000
0.000000
0.000000
0.000000
0.000000
0.000000
0.000000
0.000000
0.000000
0.000000
0.000000
0.000000
0.000000
0.000000
0.000000
0.000000
0.000000
0.000000
0.000000
0.000000
0.000000
0.000000
0.000000
0.000000
0.000000
0.000000
0.000000
0.000000
0.000000
0.000000
777015.000000
475274.000000
54651.000000
387291.000000
501757.000000
289116.000000
443480.000000
415699.000000
358810.000000
214659.000000
556586.000000
485853.000000
255188.000000
397168.000000
436647.000000
227507.000000
233323.000000
282650.000000
560955.000000
169972.000000
255458.000000
328061.000000
198237.000000
269605.000000
291791.000000
387120.000000
238982.000000
529923.000000
379999.000000
442088.000000
416993.000000
448968.000000
463574.000000
362525.000000
146139.000000
203457.000000
42396.000000
355207.000000
290126.000000
562693.000000
259004.000000
312773.000000
557134.000000
54687.000000
502059.000000
440932.000000
147059.000000
434216.000000
323080.000000
524138.000000
394628.000000
403968.000000
431938.000000
62435.000000
290674.000000
252370.000000
312987.000000
343676.000000
288728.000000
275758.000000
427247.000000
435585.000000
541520.000000
210136.000000
80346.000000
349276.000000
271563.000000
361869.000000
403753.000000
519682.000000
502814.000000
397580.000000
402538.000000
497703.000000
347426.000000
431996.000000
415152.000000
532658.000000
455726.000000
408266.000000
371342.000000
380659.000000
423976.000000
266942.000000
334016.000000
340116.000000
340432.000000
360140.000000
554461.000000
388507.000000
187581.000000
149005.000000
486762.000000
388576.000000
413435.000000
284883.000000
391415.000000
585527.000000
531483.000000
319392.000000
510890.000000
269475.000000
320482.000000
7367.000000
401237.000000
176143.000000
313605.000000
281753.000000
311130.000000
396399.000000
251955.000000
443948.000000
220929.000000
297895.000000
394111.000000
73596.000000
411917.000000
275300.000000
206593.000000
136048.000000
214717.000000
298825.000000
429388.000000
406519.000000
250170.000000
391706.000000
74177.000000
388300.000000
429702.000000
2873.000000
34468.000000
438827.000000
535830.000000
463092.000000
236417.000000
45689.000000
316621.000000
314242.000000
355638.000000
431408.000000
481178.000000
288558.000000
310665.000000
205380.000000
461825.000000
439763.000000
496367.000000
396098.000000
18946.000000
432374.000000
401605.000000
552025.000000
330934.000000
170974.000000
311901.000000
258146.000000
527706.000000
211894.000000
321204.000000
558104.000000
393663.000000
320765.000000
171452.000000
207624.000000
404751.000000
250634.000000
400979.000000
295339.000000
273894.000000
34230.000000
416933.000000
468202.000000
540498.000000
304448.000000
223291.000000
410459.000000
214705.000000
289136.000000
14965.000000
390078.000000
147242.000000
204490.000000
42890.000000
518582.000000
406336.000000
552394.000000
170613.000000
529445.000000
537111.000000
473224.000000
190723.000000
283670.000000
351467.000000
399955.000000
210264.000000
316694.000000
216234.000000
322066.000000
483932.000000
429047.000000
423240.000000
542993.000000
397773.000000
374064.000000
136093.000000
156614.000000
388887.000000
335835.000000
321860.000000
335186.000000
462491.000000
356929.000000
452150.000000
363936.000000
522774.000000
491067.000000
267149.000000
530285.000000
242534.000000
96498.000000
386654.000000
277300.000000
319502.000000
397291.000000
245087.000000
536769.000000
469860.000000
386617.000000
347771.000000
314789.000000
347654.000000
123536.000000
380983.000000
397535.000000
455789.000000
245589.000000
384066.000000
352047.000000
98942.000000
371470.000000
341204.000000
205113.000000
468650.000000
264633.000000
438054.000000
411362.000000
228676.000000
509161.000000
299855.000000
302052.000000
236039.000000
341789.000000
26822.000000
264120.000000
451287.000000
506309.000000
356738.000000
352861.000000
563274.000000
47335.000000
421931.000000
7769.000000
456842.000000
519737.000000
334864.000000
325191.000000
206688.000000
598874.000000
310162.000000
458357.000000
470430.000000
339713.000000
330980.000000
124762.000000
312637.000000
396714.000000
234551.000000
444461.000000
326610.000000
259078.000000
170841.000000
245698.000000
558652.000000
192306.000000
515038.000000
272331.000000
299543.000000
168583.000000
383601.000000
97426.000000
238711.000000
454035.000000
367822.000000
447754.000000
385514.000000
501894.000000
353693.000000
500906.000000
300016.000000
379105.000000
408096.000000
530352.000000
292476.000000
191272.000000
412855.000000
313734.000000
502649.000000
462703.000000
357505.000000
260824.000000
325485.000000
476697.000000
390486.000000
486539.000000
296355.000000
620330.000000
400620.000000
244314.000000
414640.000000
457470.000000
543993.000000
482233.000000
351334.000000
318227.000000
258370.000000
488973.000000
295197.000000
198136.000000
142900.000000
297406.000000
364143.000000
405872.000000
415267.000000
387920.000000
377641.000000
315135.000000
533606.000000
456442.000000
155098.000000
313140.000000
451887.000000
593164.000000
449437.000000
211430.000000
184386.000000
315468.000000
295521.000000
444792.000000
427464.000000
223913.000000
478072.000000
445031.000000
253857.000000
497108.000000
381644.000000
384758.000000
269747.000000
485222.000000
408916.000000
162380.000000
563278.000000
376569.000000
450441.000000
392321.000000
234256.000000
534893.000000
482353.000000
315383.000000
206131.000000
330452.000000
440194.000000
592133.000000
332316.000000
462914.000000
339401.000000
405968.000000
475980.000000
200508.000000
467275.000000
373685.000000
16439.000000
479137.000000
447717.000000
345116.000000
377188.000000
283481.000000
355208.000000
340133.000000
436240.000000
378809.000000
360556.000000
174186.000000
508368.000000
409072.000000
348179.000000
483274.000000
362442.000000
232428.000000
384647.000000
339227.000000
285295.000000
135537.000000
122115.000000
253683.000000
457896.000000
471138.000000
337397.000000
366150.000000
259347.000000
548371.000000
213976.000000
326672.000000
475123.000000
484415.000000
394616.000000
459353.000000
285008.000000
333613.000000
397062.000000
186175.000000
169000.000000
286888.000000
303222.000000
145323.000000
359439.000000
480781.000000
417284.000000
93376.000000
555161.000000
406391.000000
362298.000000
338336.000000
384466.000000
70203.000000
398514.000000
374920.000000
455798.000000
310319.000000
353987.000000
438604.000000
155837.000000
541468.000000
570151.000000
444015.000000
38928.000000
533387.000000
300128.000000
87135.000000
463098.000000
339476.000000
323656.000000
76595.000000
414835.000000
391794.000000
196054.000000
417831.000000
302930.000000
65753.000000
210206.000000
265771.000000
313190.000000
412806.000000
271846.000000
460723.000000
101592.000000
518223.000000
608013.000000
308550.000000
398635.000000
431461.000000
111926.000000
208321.000000
502432.000000
562484.000000
356840.000000
386647.000000
225498.000000
581044.000000
65360.000000
402041.000000
505707.000000
177818.000000
512451.000000
129877.000000
511344.000000
280989.000000
243735.000000
274617.000000
151062.000000
175871.000000
224512.000000
500634.000000
379453.000000
435683.000000
267616.000000
500820.000000
262205.000000
335766.000000
238775.000000
374202.000000
327587.000000
329155.000000
474843.000000
210455.000000
179077.000000
319727.000000
545255.000000
135165.000000
347416.000000
327396.000000
697130.000000
357729.000000
385950.000000
136030.000000
482593.000000
347851.000000
142799.000000
494343.000000
442319.000000
400457.000000
419144.000000
300374.000000
161890.000000
488811.000000
356885.000000
140304.000000
195808.000000
477106.000000
227078.000000
280105.000000
271893.000000
360249.000000
52587.000000
312093.000000
202080.000000
447514.000000
153188.000000
59811.000000
303033.000000
463112.000000
167946.000000
419921.000000
407279.000000
561393.000000
427554.000000
239816.000000
492489.000000
339934.000000
245007.000000
192110.000000
310814.000000
406336.000000
559146.000000
572873.000000
284960.000000
519666.000000
382615.000000
440763.000000
280401.000000
376389.000000
332729.000000
461611.000000
416114.000000
455332.000000
530577.000000
270597.000000
479931.000000
21838.000000
102182.000000
406251.000000
185196.000000
306161.000000
360551.000000
413214.000000
261200.000000
466177.000000
80083.000000
595677.000000
149741.000000
467479.000000
504061.000000
470931.000000
402740.000000
342017.000000
352464.000000
510571.000000
534118.000000
291995.000000
584956.000000
253983.000000
360913.000000
409069.000000
276013.000000
360255.000000
521660.000000
389796.000000
449372.000000
381616.000000
284217.000000
247710.000000
123519.000000
252506.000000
253434.000000
479778.000000
259025.000000
539220.000000
574038.000000
331815.000000
383435.000000
91778.000000
326439.000000
491715.000000
272958.000000
300703.000000
281128.000000
189361.000000
470772.000000
348106.000000
403522.000000
395835.000000
454208.000000
44932.000000
175371.000000
585527.000000
396369.000000
231615.000000
250801.000000
468282.000000
384547.000000
50071.000000
460556.000000
285608.000000
359655.000000
255661.000000
279747.000000
515613.000000
155517.000000
355995.000000
503848.000000
513761.000000
434223.000000
585242.000000
384497.000000
472470.000000
360818.000000
525796.000000
467901.000000
405801.000000
412965.000000
405188.000000
397787.000000
520984.000000
389759.000000
91974.000000
495590.000000
441591.000000
133281.000000
201181.000000
245946.000000
244455.000000
542614.000000
429271.000000
437854.000000
592347.000000
327825.000000
156477.000000
242085.000000
80039.000000
460505.000000
528642.000000
568343.000000
525948.000000
323882.000000
582664.000000
370847.000000
385424.000000
321923.000000
171384.000000
454954.000000
382538.000000
210747.000000
244751.000000
443168.000000
176202.000000
456212.000000
490013.000000
661535.000000
361548.000000
570115.000000
362735.000000
176447.000000
362503.000000
70040.000000
321213.000000
8121.000000
148212.000000
326319.000000
492674.000000
332835.000000
111359.000000
313452.000000
384696.000000
231830.000000
516899.000000
188124.000000
253315.000000
193891.000000
294676.000000
438790.000000
389428.000000
494446.000000
410928.000000
486877.000000
631415.000000
410332.000000
273466.000000
163169.000000
221626.000000
524137.000000
447604.000000
247636.000000
448130.000000
129237.000000
416711.000000
193565.000000
297088.000000
366203.000000
223138.000000
273446.000000
305782.000000
419651.000000
438532.000000
176755.000000
609222.000000
335975.000000
393617.000000
620861.000000
468630.000000
432297.000000
186740.000000
425284.000000
263898.000000
27297.000000
353444.000000
440675.000000
428284.000000
498676.000000
219126.000000
476740.000000
453137.000000
178233.000000
251227.000000
508051.000000
296145.000000
156448.000000
339154.000000
298005.000000
216665.000000
290164.000000
170781.000000
475371.000000
450902.000000
513761.000000
336575.000000
444622.000000
340916.000000
466394.000000
18789.000000
311972.000000
38517.000000
360615.000000
295547.000000
264763.000000
104573.000000
115827.000000
579069.000000
514326.000000
3872.000000
334160.000000
281633.000000
454669.000000
69582.000000
452682.000000
351052.000000
167222.000000
69160.000000
535308.000000
373765.000000
408252.000000
222596.000000
222716.000000
425399.000000
382064.000000
468639.000000
502337.000000
400749.000000
90642.000000
73631.000000
285246.000000
496431.000000
517814.000000
560247.000000
33838.000000
370073.000000
308817.000000
128627.000000
496025.000000
432088.000000
435078.000000
460621.000000
493430.000000
337287.000000
144866.000000
366918.000000
205605.000000
575296.000000
568448.000000
501264.000000
548695.000000
116485.000000
452628.000000
518701.000000
505398.000000
267348.000000
147805.000000
515725.000000
354719.000000
609225.000000
411578.000000
253583.000000
417913.000000
500759.000000
142383.000000
498014.000000
421069.000000
307290.000000
323325.000000
279382.000000
396689.000000
370061.000000
38776.000000
278782.000000
437150.000000
85560.000000
401835.000000
100072.000000
38398.000000
424223.000000
434090.000000
505418.000000
459474.000000
89125.000000
441289.000000
135349.000000
444689.000000
243251.000000
527424.000000
333393.000000
432050.000000
105721.000000
212373.000000
94076.000000
546447.000000
265289.000000
480506.000000
59064.000000
560899.000000
339636.000000
202875.000000
217632.000000
453940.000000
220288.000000
535363.000000
259025.000000
321722.000000
144439.000000
154103.000000
465229.000000
377304.000000
428874.000000
336583.000000
450441.000000
455271.000000
416960.000000
490739.000000
252312.000000
91088.000000
405371.000000
354542.000000
532831.000000
227203.000000
152732.000000
405424.000000
186410.000000
429647.000000
57367.000000
27633.000000
292037.000000
507581.000000
411208.000000
140619.000000
320424.000000
99138.000000
316883.000000
108756.000000
218651.000000
353223.000000
423278.000000
471907.000000
324352.000000
550490.000000
336700.000000
383612.000000
338499.000000
328911.000000
219033.000000
459852.000000
379839.000000
82208.000000
460264.000000
439359.000000
447614.000000
180995.000000
508437.000000
441754.000000
324851.000000
214705.000000
410581.000000
378571.000000
418071.000000
346004.000000
555462.000000
322456.000000
549279.000000
164223.000000
85073.000000
413997.000000
508128.000000
480781.000000
451232.000000
197711.000000
284423.000000
33875.000000
552586.000000
317362.000000
235401.000000
385980.000000
217349.000000
200700.000000
431125.000000
404197.000000
317404.000000
463267.000000
339223.000000
373650.000000
79969.000000
481995.000000
514761.000000
543660.000000
289091.000000
309479.000000
354253.000000
465065.000000
455272.000000
398714.000000
332792.000000
423219.000000
265426.000000
303922.000000
423671.000000
424047.000000
324177.000000
500287.000000
534747.000000
438788.000000
120634.000000
462546.000000
328492.000000
290364.000000
404742.000000
533281.000000
188950.000000
480957.000000
362864.000000
572987.000000
360834.000000
154593.000000
361220.000000
213435.000000
478389.000000
197722.000000
544417.000000
343083.000000
555990.000000
608482.000000
605325.000000
126478.000000
359857.000000
361042.000000
143811.000000
495780.000000
501842.000000
293975.000000
183611.000000
392929.000000
433617.000000
374237.000000
57562.000000
277830.000000
122380.000000
249195.000000
96808.000000
273077.000000
415291.000000
240347.000000
514087.000000
545124.000000
312369.000000
469310.000000
359308.000000
280830.000000
532003.000000
447787.000000
114110.000000
369533.000000
630941.000000
392463.000000
32293.000000
261444.000000
318840.000000
304749.000000
575360.000000
292909.000000
478550.000000
545225.000000
284029.000000
260926.000000
239759.000000
198160.000000
231316.000000
486931.000000
275565.000000
7509.000000
396945.000000
149557.000000
315914.000000
518786.000000
250309.000000
205257.000000
382363.000000
512569.000000
415489.000000
251845.000000
446207.000000
110063.000000
666004.000000
447669.000000
567647.000000
463603.000000
93967.000000
503488.000000
269529.000000
474639.000000
434404.000000
221208.000000
249214.000000
246625.000000
428332.000000
84064.000000
338248.000000
218969.000000
42928.000000
308522.000000
371962.000000
416421.000000
497432.000000
431090.000000
23283.000000
552048.000000
116511.000000
427728.000000
364715.000000
282122.000000
447562.000000
488392.000000
81904.000000
132361.000000
452816.000000
346339.000000
420939.000000
417638.000000
429450.000000
333507.000000
293717.000000
349881.000000
263123.000000
376394.000000
479148.000000
205103.000000
236542.000000
371261.000000
321151.000000
86575.000000
391619.000000
147655.000000
434056.000000
215194.000000
338546.000000
226847.000000
11435.000000
340334.000000
357919.000000
345894.000000
374870.000000
409486.000000
429139.000000
496338.000000
466233.000000
503050.000000
172984.000000
89900.000000
385568.000000
433629.000000
415112.000000
152491.000000
372574.000000
16931.000000
48530.000000
460979.000000
61630.000000
528179.000000
341081.000000
26999.000000
252725.000000
433296.000000
492730.000000
251789.000000
502718.000000
405058.000000
415500.000000
397624.000000
76040.000000
329534.000000
230969.000000
468186.000000
297271.000000
457735.000000
259077.000000
466385.000000
384609.000000
486721.000000
387010.000000
503805.000000
311017.000000
231636.000000
48286.000000
201723.000000
427262.000000
17355.000000
481083.000000
449091.000000
404329.000000
161699.000000
469146.000000
193008.000000
381075.000000
398647.000000
73158.000000
253885.000000
480438.000000
273055.000000
513853.000000
527005.000000
281116.000000
267302.000000
334915.000000
278485.000000
544943.000000
113649.000000
250367.000000
441289.000000
63253.000000
65267.000000
502430.000000
353243.000000
218271.000000
426695.000000
400398.000000
252081.000000
389661.000000
420601.000000
309292.000000
444576.000000
455457.000000
554203.000000
390027.000000
525528.000000
392482.000000
412596.000000
451593.000000
62192.000000
543319.000000
305110.000000
360529.000000
195648.000000
339106.000000
393870.000000
83352.000000
43601.000000
292747.000000
394526.000000
265249.000000
508423.000000
365206.000000
270272.000000
541716.000000
507466.000000
424611.000000
121810.000000
291350.000000
488321.000000
365319.000000
386017.000000
390860.000000
585698.000000
364108.000000
434659.000000
351434.000000
545193.000000
140293.000000
565872.000000
150698.000000
450922.000000
177640.000000
219443.000000
261070.000000
583115.000000
311665.000000
249374.000000
285912.000000
443180.000000
214818.000000
413808.000000
153103.000000
207204.000000
466473.000000
392609.000000
170372.000000
395024.000000
492033.000000
306751.000000
368133.000000
489346.000000
343247.000000
310245.000000
451022.000000
356277.000000
14981.000000
504730.000000
67431.000000
237605.000000
477359.000000
512760.000000
222825.000000
425160.000000
457224.000000
473872.000000
74928.000000
471069.000000
399269.000000
396372.000000
417389.000000
372555.000000
519561.000000
594616.000000
315919.000000
498065.000000
268071.000000
516578.000000
163834.000000
199539.000000
364566.000000
208590.000000
289377.000000
498427.000000
352992.000000
286899.000000
460326.000000
435920.000000
429339.000000
510939.000000
433772.000000
104137.000000
435669.000000
422967.000000
434309.000000
183915.000000
368226.000000
549259.000000
407282.000000
356317.000000
486278.000000
274788.000000
480310.000000
458529.000000
545801.000000
408969.000000
473076.000000
418815.000000
6903.000000
156849.000000
147338.000000
17971.000000
291482.000000
461597.000000
455186.000000
562823.000000
365650.000000
483789.000000
406933.000000
437984.000000
46754.000000
311111.000000
493581.000000
246955.000000
262843.000000
238900.000000
494008.000000
406376.000000
531598.000000
78501.000000
440828.000000
65325.000000
179028.000000
37206.000000
285869.000000
358162.000000
384499.000000
384849.000000
500785.000000
239405.000000
400179.000000
182437.000000
347269.000000
533446.000000
62821.000000
375027.000000
410332.000000
271806.000000
41174.000000
273534.000000
356885.000000
355473.000000
321771.000000
405772.000000
441324.000000
150972.000000
225133.000000
266363.000000
475086.000000
503417.000000
533390.000000
246080.000000
169078.000000
341492.000000
274722.000000
155760.000000
372574.000000
41281.000000
524415.000000
219625.000000
443433.000000
399586.000000
202602.000000
310196.000000
406598.000000
393224.000000
440440.000000
496512.000000
287365.000000
403255.000000
47661.000000
169181.000000
185778.000000
460591.000000
86828.000000
158498.000000
400718.000000
170539.000000
136475.000000
563105.000000
611399.000000
375076.000000
495541.000000
368143.000000
405953.000000
478935.000000
351558.000000
396840.000000
438267.000000
474270.000000
549754.000000
17418.000000
20125.000000
331076.000000
388440.000000
3775.000000
377175.000000
417255.000000
560625.000000
256654.000000
265996.000000
415663.000000
336506.000000
283933.000000
287294.000000
241058.000000
461453.000000
485698.000000
456676.000000
236923.000000
437498.000000
560720.000000
337426.000000
529905.000000
318034.000000
309004.000000
539605.000000
296004.000000
236913.000000
398282.000000
316663.000000
408442.000000
394577.000000
281350.000000
132402.000000
505166.000000
449437.000000
19046.000000
425749.000000
311561.000000
393604.000000
275740.000000
388947.000000
520297.000000
417470.000000
269345.000000
80471.000000
136057.000000
477162.000000
515955.000000
333048.000000
145237.000000
469897.000000
313990.000000
301951.000000
440713.000000
421179.000000
236039.000000
556347.000000
152756.000000
549576.000000
211178.000000
477301.000000
87492.000000
298496.000000
521690.000000
178417.000000
185383.000000
433560.000000
528967.000000
404498.000000
461594.000000
71950.000000
598366.000000
359421.000000
317018.000000
308784.000000
356313.000000
291867.000000
294288.000000
145708.000000
452753.000000
335147.000000
473076.000000
366785.000000
114033.000000
473817.000000
492624.000000
379413.000000
280517.000000
291538.000000
348658.000000
148087.000000
221223.000000
354268.000000
418958.000000
437178.000000
299180.000000
246109.000000
527633.000000
417011.000000
362130.000000
404656.000000
529268.000000
376598.000000
471186.000000
67998.000000
317893.000000
532188.000000
440458.000000
335841.000000
505345.000000
364271.000000
488730.000000
486573.000000
71574.000000
403778.000000
334523.000000
355182.000000
320819.000000
498613.000000
283231.000000
325772.000000
482532.000000
325755.000000
450560.000000
194635.000000
492986.000000
151313.000000
45043.000000
298598.000000
142415.000000
455587.000000
460389.000000
500676.000000
344907.000000
452184.000000
479262.000000
610079.000000
320269.000000
17892.000000
398009.000000
103164.000000
284097.000000
294076.000000
74382.000000
505205.000000
263793.000000
364852.000000
586537.000000
229392.000000
175572.000000
418318.000000
310895.000000
414925.000000
196427.000000
393646.000000
109436.000000
474837.000000
523311.000000
132982.000000
373736.000000
92274.000000
476502.000000
386832.000000
327134.000000
355728.000000
379577.000000
442535.000000
341969.000000
505796.000000
429735.000000
376063.000000
229505.000000
300356.000000
348766.000000
560734.000000
20060.000000
436662.000000
383478.000000
535107.000000
382015.000000
86906.000000
195717.000000
455921.000000
320785.000000
376519.000000
370879.000000
102536.000000
309310.000000
345324.000000
440698.000000
498102.000000
278442.000000
316262.000000
597583.000000
289363.000000
453833.000000
101438.000000
10112.000000
175631.000000
316623.000000
376631.000000
109686.000000
136725.000000
457241.000000
103946.000000
278059.000000
481156.000000
130974.000000
267351.000000
453928.000000
52308.000000
133486.000000
213598.000000
390211.000000
198328.000000
111827.000000
379514.000000
519579.000000
266661.000000
126702.000000
611680.000000
439191.000000
344785.000000
302456.000000
476867.000000
573234.000000
108843.000000
415069.000000
226003.000000
318553.000000
175825.000000
379074.000000
442804.000000
360158.000000
104697.000000
325424.000000
343962.000000
287870.000000
399922.000000
249808.000000
188434.000000
444355.000000
376153.000000
364334.000000
228996.000000
358058.000000
412972.000000
96337.000000
356675.000000
358584.000000
260261.000000
477684.000000
278513.000000
289543.000000
427861.000000
189606.000000
304966.000000
309456.000000
29917.000000
480735.000000
100194.000000
288319.000000
109228.000000
297061.000000
187355.000000
334637.000000
231789.000000
271325.000000
513044.000000
594792.000000
524407.000000
456777.000000
424853.000000
411193.000000
510134.000000
390395.000000
131115.000000
382768.000000
312435.000000
33118.000000
351376.000000
285152.000000
397562.000000
543300.000000
437555.000000
363235.000000
225145.000000
278435.000000
333857.000000
223082.000000
39671.000000
247894.000000
330968.000000
216453.000000
565017.000000
527871.000000
214540.000000
159823.000000
507041.000000
390998.000000
491235.000000
536076.000000
513227.000000
341685.000000
18970.000000
45697.000000
306628.000000
187808.000000
494767.000000
368077.000000
422490.000000
433848.000000
472326.000000
290360.000000
301355.000000
357185.000000
309004.000000
474397.000000
403841.000000
265207.000000
555978.000000
296724.000000
495107.000000
62015.000000
155130.000000
25071.000000
203392.000000
460684.000000
528064.000000
528196.000000
574083.000000
278437.000000
407464.000000
447976.000000
338014.000000
284283.000000
289755.000000
590198.000000
425012.000000
576780.000000
183207.000000
527529.000000
356852.000000
479879.000000
209618.000000
515038.000000
520890.000000
488287.000000
437462.000000
451276.000000
484784.000000
308578.000000
207117.000000
344867.000000
524286.000000
265968.000000
289450.000000
159425.000000
10987.000000
495543.000000
341712.000000
255750.000000
357948.000000
391369.000000
151290.000000
465979.000000
296015.000000
455923.000000
284981.000000
370100.000000
506417.000000
209229.000000
350285.000000
524961.000000
291633.000000
123480.000000
409540.000000
292842.000000
175822.000000
263341.000000
147667.000000
402097.000000
303114.000000
293900.000000
454350.000000
176355.000000
374648.000000
475161.000000
312096.000000
395835.000000
470973.000000
396003.000000
535957.000000
313009.000000
259571.000000
173699.000000
380569.000000
37248.000000
310348.000000
486267.000000
480802.000000
624408.000000
329075.000000
553557.000000
322103.000000
399203.000000
205128.000000
434943.000000
138057.000000
494711.000000
29703.000000
386572.000000
379638.000000
545034.000000
327320.000000
244289.000000
498991.000000
501146.000000
360086.000000
412340.000000
423612.000000
217500.000000
20265.000000
314804.000000
390317.000000
339766.000000
208954.000000
42653.000000
589585.000000
400791.000000
445012.000000
214512.000000
394906.000000
357234.000000
420892.000000
184378.000000
329868.000000
403252.000000
412860.000000
304428.000000
237817.000000
291937.000000
504157.000000
276197.000000
427431.000000
357480.000000
303886.000000
325246.000000
389674.000000
344380.000000
449610.000000
363407.000000
292638.000000
65836.000000
384351.000000
300993.000000
443197.000000
425694.000000
320466.000000
386792.000000
550308.000000
534401.000000
516024.000000
291384.000000
141287.000000
85635.000000
19616.000000
532106.000000
79679.000000
500425.000000
464494.000000
416906.000000
183828.000000
194239.000000
427070.000000
90538.000000
86557.000000
363793.000000
505616.000000
244313.000000
583691.000000
428745.000000
340259.000000
170795.000000
377355.000000
76556.000000
524060.000000
125124.000000
413985.000000
300682.000000
357290.000000
516511.000000
374003.000000
536424.000000
453183.000000
426374.000000
365714.000000
471901.000000
475713.000000
426392.000000
543277.000000
412213.000000
92857.000000
526902.000000
275109.000000
299106.000000
569228.000000
15865.000000
96085.000000
450710.000000
332073.000000
141401.000000
367588.000000
507616.000000
413797.000000
456082.000000
418712.000000
274411.000000
362953.000000
475561.000000
274227.000000
321737.000000
421081.000000
352717.000000
38321.000000
210239.000000
448779.000000
490659.000000
421213.000000
542196.000000
276663.000000
294520.000000
193685.000000
386193.000000
555734.000000
510528.000000
361341.000000
500561.000000
347061.000000
254516.000000
244463.000000
484586.000000
326028.000000
269610.000000
421275.000000
359865.000000
378301.000000
483153.000000
506794.000000
379919.000000
350814.000000
444344.000000
204392.000000
349553.000000
483924.000000
530423.000000
106613.000000
476092.000000
207093.000000
410993.000000
467252.000000
349764.000000
171423.000000
553029.000000
203372.000000
184688.000000
471495.000000
479391.000000
446211.000000
379134.000000
204963.000000
114365.000000
402560.000000
41742.000000
200419.000000
225048.000000
455729.000000
359906.000000
212212.000000
199653.000000
495290.000000
258583.000000
200875.000000
441301.000000
168740.000000
483502.000000
333022.000000
486481.000000
338937.000000
516886.000000
507167.000000
480327.000000
500840.000000
239602.000000
443123.000000
415795.000000
473982.000000
402341.000000
229313.000000
325749.000000
132703.000000
81234.000000
399909.000000
276098.000000
450789.000000
116291.000000
386621.000000
474638.000000
194979.000000
369567.000000
418182.000000
181146.000000
358128.000000
447615.000000
536688.000000
244665.000000
401327.000000
453981.000000
333243.000000
298485.000000
231503.000000
435195.000000
214975.000000
133678.000000
117064.000000
431170.000000
567513.000000
447036.000000
321411.000000
346650.000000
78733.000000
74517.000000
520935.000000
500908.000000
222466.000000
306144.000000
472605.000000
471737.000000
275273.000000
437569.000000
576865.000000
287094.000000
237578.000000
316135.000000
86003.000000
146972.000000
543812.000000
225779.000000
324880.000000
531096.000000
354376.000000
484337.000000
272374.000000
371029.000000
132786.000000
303138.000000
521691.000000
334529.000000
223916.000000
496388.000000
386653.000000
370095.000000
239630.000000
525170.000000
547094.000000
369811.000000
350904.000000
513703.000000
380935.000000
149463.000000
426935.000000
184875.000000
249453.000000
348495.000000
520340.000000
315355.000000
413427.000000
239760.000000
333305.000000
402044.000000
302142.000000
379435.000000
196906.000000
370862.000000
284206.000000
435452.000000
136168.000000
353204.000000
524833.000000
314069.000000
486525.000000
486012.000000
191368.000000
484235.000000
476958.000000
36249.000000
352237.000000
409001.000000
452941.000000
8892.000000
400912.000000
437146.000000
353561.000000
331817.000000
347912.000000
84050.000000
296563.000000
404100.000000
482266.000000
511023.000000
319131.000000
350500.000000
370433.000000
459816.000000
392628.000000
487826.000000
436939.000000
430997.000000
354611.000000
200642.000000
444916.000000
417516.000000
230237.000000
440428.000000
368956.000000
452023.000000
285920.000000
383951.000000
374791.000000
187912.000000
499923.000000
441012.000000
531185.000000
453010.000000
305680.000000
379171.000000
335732.000000
232405.000000
61341.000000
380737.000000
461174.000000
379413.000000
453815.000000
499831.000000
568158.000000
400622.000000
363885.000000
276805.000000
352728.000000
339223.000000
387576.000000
320290.000000
425876.000000
290835.000000
228233.000000
477883.000000
258775.000000
380916.000000
240672.000000
574575.000000
156797.000000
98988.000000
498065.000000
254733.000000
384022.000000
515952.000000
435382.000000
456088.000000
490706.000000
332055.000000
317748.000000
412715.000000
302062.000000
363048.000000
168156.000000
259025.000000
299712.000000
548259.000000
268689.000000
487567.000000
373663.000000
537111.000000
296721.000000
159937.000000
326466.000000
438260.000000
63721.000000
550425.000000
428790.000000
474685.000000
212203.000000
179844.000000
83755.000000
337452.000000
177657.000000
480797.000000
590237.000000
405033.000000
342137.000000
240524.000000
572020.000000
537592.000000
351997.000000
283307.000000
475518.000000
499486.000000
238948.000000
472103.000000
478647.000000
449578.000000
257916.000000
438911.000000
347314.000000
488266.000000
472420.000000
295606.000000
433469.000000
283136.000000
287221.000000
542354.000000
480391.000000
500245.000000
414668.000000
416892.000000
241818.000000
258339.000000
411571.000000
141304.000000
450906.000000
387027.000000
392581.000000
508915.000000
60920.000000
405598.000000
390035.000000
470535.000000
501352.000000
70853.000000
393556.000000
196688.000000
17739.000000
209027.000000
420210.000000
635410.000000
366702.000000
350011.000000
422884.000000
257611.000000
100013.000000
207305.000000
437180.000000
150727.000000
247457.000000
112444.000000
385281.000000
26603.000000
376282.000000
72583.000000
184662.000000
502223.000000
379089.000000
333709.000000
408583.000000
431533.000000
196238.000000
151697.000000
625213.000000
481659.000000
395784.000000
373134.000000
116984.000000
222002.000000
412136.000000
585393.000000
295261.000000
443589.000000
253318.000000
498453.000000
251359.000000
246923.000000
321522.000000
555871.000000
464493.000000
322956.000000
614422.000000
56115.000000
483359.000000
545122.000000
354485.000000
211902.000000
507322.000000
464487.000000
321723.000000
377789.000000
449936.000000
377466.000000
480536.000000
258323.000000
135910.000000
298523.000000
500819.000000
300548.000000
279273.000000
482913.000000
73162.000000
209900.000000
320469.000000
401516.000000
162139.000000
300937.000000
389600.000000
49292.000000
410345.000000
284636.000000
465270.000000
462259.000000
550440.000000
527297.000000
453581.000000
209095.000000
339453.000000
210400.000000
391869.000000
99966.000000
253500.000000
632314.000000
65542.000000
283918.000000
434937.000000
385724.000000
462018.000000
127419.000000
517942.000000
147328.000000
351853.000000
296230.000000
423647.000000
403845.000000
374222.000000
487174.000000
508312.000000
246114.000000
421612.000000
366150.000000
421222.000000
406461.000000
427170.000000
234264.000000
170107.000000
469894.000000
349384.000000
553513.000000
273219.000000
44823.000000
94217.000000
439167.000000
340855.000000
233465.000000
283398.000000
489855.000000
19046.000000
329326.000000
326379.000000
9530.000000
402829.000000
388343.000000
360557.000000
488048.000000
126013.000000
243190.000000
524680.000000
415882.000000
386878.000000
421084.000000
77573.000000
541880.000000
227339.000000
457907.000000
339760.000000
244653.000000
383098.000000
32147.000000
166332.000000
580254.000000
102205.000000
190810.000000
583890.000000
175031.000000
457223.000000
367853.000000
188812.000000
406383.000000
214291.000000
317322.000000
408232.000000
413569.000000
545363.000000
411309.000000
567230.000000
134763.000000
568523.000000
386065.000000
48261.000000
448997.000000
379407.000000
425372.000000
332168.000000
235338.000000
491100.000000
149599.000000
418793.000000
488195.000000
346885.000000
502403.000000
273309.000000
223696.000000
465615.000000
277512.000000
278243.000000
402301.000000
412863.000000
511516.000000
589884.000000
93632.000000
445727.000000
357341.000000
408389.000000
163482.000000
493498.000000
307939.000000
496160.000000
300732.000000
145736.000000
442644.000000
475585.000000
352283.000000
292142.000000
336437.000000
226184.000000
484078.000000
19013.000000
182602.000000
255427.000000
395578.000000
461726.000000
336785.000000
375710.000000
366900.000000
386015.000000
502473.000000
471594.000000
417092.000000
545501.000000
468398.000000
487769.000000
285950.000000
361868.000000
505189.000000
371423.000000
137627.000000
127681.000000
311609.000000
56412.000000
538230.000000
460601.000000
282252.000000
381623.000000
518391.000000
244513.000000
458094.000000
452861.000000
260654.000000
453249.000000
235911.000000
154655.000000
495865.000000
490739.000000
520129.000000
330732.000000
470068.000000
325384.000000
422109.000000
233793.000000
572603.000000
373161.000000
298083.000000
199963.000000
222653.000000
503516.000000
321606.000000
222661.000000
367568.000000
75686.000000
77209.000000
192218.000000
383791.000000
411411.000000
218898.000000
423009.000000
280014.000000
355908.000000
438029.000000
450080.000000
524961.000000
485138.000000
511908.000000
192198.000000
141006.000000
285757.000000
444988.000000
261717.000000
262023.000000
130414.000000
292195.000000
389285.000000
473143.000000
441220.000000
302940.000000
