0.000000
0.000000
0.000000
0.000000
0.000000
0.000000
0.000000
0.000000
0.000000
0.000000
0.000000
0.000000
0.000000
0.000000
0.000000
0.000000
0.000000
0.000000
0.000000
0.000000
0.000000
0.000000
0.000000
0.000000
0.000000
0.000000
0.000000
0.000000
0.000000
0.000000
0.000000
0.000000
0.000000
0.000000
0.000000
0.000000
0.000000
0.000000
0.000000
0.000000
0.000000
0.000000
0.000000
0.000000
0.000000
0.000000
0.000000
0.000000
0.000000
0.000000
0.000000
0.000000
0.000000
0.000000
0.000000
0.000000
0.000000
0.000000
0.000000
0.000000
0.000000
0.000000
0.000000
0.000000
0.000000
0.000000
0.000000
0.000000
0.000000
0.000000
0.000000
0.000000
0.000000
0.000000
0.000000
0.000000
0.000000
0.000000
0.000000
0.000000
0.000000
0.000000
0.000000
0.000000
0.000000
0.000000
0.000000
0.000000
0.000000
0.000000
0.000000
0.000000
0.000000
0.000000
0.000000
0.000000
0.000000
0.000000
0.000000
0.000000
0.000000
0.000000
0.000000
0.000000
0.000000
0.000000
0.000000
0.000000
0.000000
0.000000
0.000000
0.000000
0.000000
0.000000
0.000000
0.000000
0.000000
0.000000
0.000000
0.000000
0.000000
0.000000
0.000000
0.000000
0.000000
0.000000
0.000000
0.000000
0.000000
0.000000
0.000000
0.000000
0.000000
0.000000
0.000000
0.000000
0.000000
0.000000
0.000000
0.000000
0.000000
0.000000
0.000000
0.000000
0.000000
0.000000
0.000000
0.000000
0.000000
0.000000
0.000000
0.000000
0.000000
0.000000
0.000000
0.000000
0.000000
0.000000
0.000000
0.000000
0.000000
0.000000
0.000000
0.000000
0.000000
0.000000
0.000000
0.000000
0.000000
0.000000
0.000000
0.000000
0.000000
0.000000
0.000000
0.000000
0.000000
0.000000
0.000000
0.000000
0.000000
0.000000
0.000000
0.000000
0.000000
0.000000
0.000000
0.000000
0.000000
0.000000
0.000000
0.000000
0.000000
0.000000
0.000000
0.000000
0.000000
0.000000
0.000000
0.000000
0.000000
0.000000
0.000000
0.000000
0.000000
0.000000
0.000000
0.000000
0.000000
0.000000
0.000000
0.000000
0.000000
0.000000
0.000000
0.000000
0.000000
0.000000
0.000000
0.000000
0.000000
0.000000
0.000000
0.000000
0.000000
0.000000
0.000000
0.000000
0.000000
0.000000
0.000000
0.000000
0.000000
0.000000
0.000000
0.000000
0.000000
0.000000
0.000000
0.000000
0.000000
0.000000
0.000000
0.000000
0.000000
0.000000
0.000000
0.000000
0.000000
0.000000
0.000000
0.000000
0.000000
0.000000
0.000000
0.000000
0.000000
0.000000
0.000000
0.000000
0.000000
0.000000
0.000000
0.000000
0.000000
0.000000
0.000000
0.000000
0.000000
0.000000
0.000000
0.000000
0.000000
0.000000
0.000000
0.000000
0.000000
0.000000
0.000000
0.000000
0.000000
0.000000
0.000000
0.000000
0.000000
0.000000
0.000000
0.000000
0.000000
0.000000
0.000000
0.000000
0.000000
0.000000
0.000000
0.000000
0.000000
0.000000
0.000000
0.000000
0.000000
0.000000
0.000000
0.000000
0.000000
0.000000
0.000000
0.000000
0.000000
0.000000
0.000000
0.000000
0.000000
0.000000
0.000000
0.000000
0.000000
0.000000
0.000000
0.000000
0.000000
0.000000
0.000000
0.000000
0.000000
0.000000
0.000000
0.000000
0.000000
0.000000
0.000000
0.000000
0.000000
0.000000
0.000000
0.000000
0.000000
0.000000
0.000000
0.000000
0.000000
0.000000
0.000000
0.000000
0.000000
0.000000
0.000000
0.000000
0.000000
0.000000
0.000000
0.000000
0.000000
0.000000
0.000000
0.000000
0.000000
0.000000
0.000000
0.000000
0.000000
0.000000
0.000000
0.000000
0.000000
0.000000
0.000000
0.000000
0.000000
0.000000
0.000000
29747625.000000
4234473.000000
930084.000000
3897846.000000
1302396.000000
7329794.000000
1358874.000000
593771.000000
4605765.000000
7242743.000000
8147195.000000
4030100.000000
4331637.000000
2211641.000000
4194217.000000
1810217.000000
6072467.000000
1787571.000000
3944335.000000
3531162.000000
10848457.000000
1484577.000000
718652.000000
7883755.000000
737271.000000
11481016.000000
850949.000000
2202688.000000
4630653.000000
11043448.000000
11582469.000000
994063.000000
5110586.000000
1048764.000000
6112083.000000
1343418.000000
2646154.000000
1363028.000000
5626355.000000
5664819.000000
5832833.000000
3696484.000000
7854524.000000
275549.000000
12986806.000000
7515459.000000
5566529.000000
2051865.000000
11657127.000000
5135214.000000
11592021.000000
12743663.000000
2472825.000000
14454553.000000
12098372.000000
10765486.000000
7665530.000000
1109203.000000
6220200.000000
9827036.000000
5940792.000000
7905683.000000
3926439.000000
7023880.000000
282225.000000
240269.000000
1369344.000000
11281088.000000
13056143.000000
1830280.000000
7570609.000000
12055200.000000
11899412.000000
3806935.000000
2912045.000000
12014943.000000
5480437.000000
8242597.000000
4951570.000000
7387406.000000
6598909.000000
13557073.000000
613170.000000
298673.000000
7813863.000000
6718084.000000
2004814.000000
6859159.000000
3723700.000000
5702252.000000
232532.000000
7308911.000000
1172123.000000
9073308.000000
2434352.000000
796808.000000
866847.000000
14126725.000000
3001406.000000
10937172.000000
5190812.000000
5503616.000000
10041198.000000
354889.000000
5931875.000000
6115878.000000
6591225.000000
84253.000000
5104829.000000
8802204.000000
119567.000000
6938666.000000
10276694.000000
7057604.000000
140882.000000
2975401.000000
2608365.000000
10541787.000000
14002122.000000
5038535.000000
148429.000000
3329195.000000
8641239.000000
906806.000000
1877713.000000
12149336.000000
2298043.000000
96792.000000
7404081.000000
11247017.000000
2386433.000000
3691450.000000
5554256.000000
480708.000000
457751.000000
6360355.000000
8242606.000000
952846.000000
12978449.000000
1237942.000000
11532051.000000
104543.000000
591485.000000
12226288.000000
1292631.000000
1787265.000000
2599217.000000
6647694.000000
7312652.000000
6509149.000000
4643927.000000
511431.000000
477701.000000
4036870.000000
12136847.000000
8451022.000000
4543933.000000
12060296.000000
6256211.000000
6699388.000000
10107733.000000
5639664.000000
1623773.000000
8588117.000000
12625944.000000
3938128.000000
601768.000000
726713.000000
3872758.000000
4208378.000000
309961.000000
5857154.000000
11983122.000000
8362033.000000
4405721.000000
6002940.000000
322603.000000
7627341.000000
13174125.000000
7069659.000000
9157786.000000
9341480.000000
5293646.000000
12451882.000000
12349210.000000
426111.000000
4725263.000000
13513461.000000
513382.000000
418051.000000
9762303.000000
2689328.000000
7645134.000000
1640314.000000
11853491.000000
400919.000000
9809157.000000
5544378.000000
1381794.000000
261407.000000
103135.000000
8483442.000000
7424389.000000
1408156.000000
2697871.000000
6619651.000000
13918785.000000
11245428.000000
5854192.000000
7294901.000000
2503144.000000
14756234.000000
891421.000000
2153792.000000
6082752.000000
9114382.000000
11226123.000000
14455895.000000
13189646.000000
4021013.000000
6944117.000000
771975.000000
1447035.000000
3963512.000000
1550510.000000
11737394.000000
1843588.000000
2780559.000000
4780560.000000
3228893.000000
411850.000000
1452939.000000
3658390.000000
8978301.000000
9201515.000000
14475458.000000
3149420.000000
5864783.000000
8431039.000000
325707.000000
4269604.000000
3167981.000000
3744017.000000
9806263.000000
701677.000000
7185181.000000
4874752.000000
1166098.000000
8462742.000000
9198372.000000
1503850.000000
1576814.000000
621662.000000
1918753.000000
7052921.000000
9059239.000000
4321139.000000
1975619.000000
2323756.000000
3873880.000000
2097035.000000
4210903.000000
7798775.000000
804220.000000
1267303.000000
8800842.000000
3598087.000000
3393887.000000
6499283.000000
10650173.000000
2129606.000000
1339937.000000
134194.000000
4020295.000000
2250555.000000
3600285.000000
769287.000000
9445606.000000
5451246.000000
9216173.000000
13454103.000000
1340559.000000
8993714.000000
4803058.000000
124526.000000
3011703.000000
5233320.000000
1486700.000000
4023085.000000
5552236.000000
1845107.000000
7034399.000000
63315.000000
4263731.000000
2596867.000000
2396047.000000
14246768.000000
548885.000000
5082183.000000
5303384.000000
13361714.000000
2478048.000000
8458751.000000
7409487.000000
14271767.000000
2003130.000000
1956164.000000
3972196.000000
8339692.000000
6006654.000000
12053603.000000
1259341.000000
2729950.000000
9723455.000000
1381508.000000
5465347.000000
144293.000000
3630755.000000
7410438.000000
371428.000000
3936886.000000
3401211.000000
5106440.000000
6058373.000000
11127876.000000
10242478.000000
5333219.000000
988666.000000
6025784.000000
507141.000000
140329.000000
9185320.000000
2460196.000000
1552242.000000
5064818.000000
5033170.000000
5909224.000000
13698675.000000
3056242.000000
12562354.000000
764228.000000
4679733.000000
13885573.000000
629207.000000
13952667.000000
9132141.000000
239126.000000
8944256.000000
2487769.000000
12133061.000000
10366848.000000
3708223.000000
1950194.000000
307543.000000
7421796.000000
108931.000000
11720976.000000
10335.000000
574509.000000
9718138.000000
7937355.000000
4631067.000000
675321.000000
13297994.000000
14762874.000000
10737076.000000
2298696.000000
386034.000000
496059.000000
1029680.000000
11605279.000000
13483558.000000
1970236.000000
7027732.000000
8098610.000000
6623414.000000
4153648.000000
5469322.000000
1005847.000000
363847.000000
616918.000000
7047774.000000
7347081.000000
859677.000000
11025852.000000
1023500.000000
13532057.000000
6918753.000000
5827340.000000
11648790.000000
227904.000000
8592030.000000
1424372.000000
12052451.000000
1367382.000000
287725.000000
1607479.000000
3908421.000000
1224476.000000
4790183.000000
1768318.000000
7980114.000000
3580563.000000
1910090.000000
3376865.000000
189256.000000
7810372.000000
6199542.000000
1275180.000000
5423622.000000
6806417.000000
8633019.000000
7257170.000000
551381.000000
8417374.000000
6658581.000000
1407022.000000
3172532.000000
11879875.000000
8824808.000000
3530247.000000
11013257.000000
470177.000000
4220888.000000
11327519.000000
7924886.000000
5996533.000000
7025403.000000
8779619.000000
3453785.000000
20911.000000
5532744.000000
81366.000000
1253686.000000
10085705.000000
13050236.000000
315127.000000
321423.000000
8781124.000000
13280913.000000
9828.000000
8341302.000000
4120078.000000
1480367.000000
112113.000000
2759154.000000
8875638.000000
572518.000000
125015.000000
13345551.000000
5672985.000000
1072949.000000
2171024.000000
4092480.000000
6236586.000000
2669386.000000
10132280.000000
9207021.000000
14349710.000000
169104.000000
180562.000000
3292776.000000
4649722.000000
14041488.000000
6534491.000000
61692.000000
4491356.000000
6372571.000000
248315.000000
9564689.000000
2143521.000000
10121311.000000
4111129.000000
12212387.000000
2629582.000000
3557735.000000
1964169.000000
243564.000000
9451829.000000
8024197.000000
2442181.000000
11220806.000000
211388.000000
4446331.000000
3263407.000000
10286271.000000
443488.000000
220517.000000
5579683.000000
629895.000000
6927446.000000
2480986.000000
5027922.000000
3722676.000000
3666924.000000
2029775.000000
1097091.000000
8038919.000000
8397306.000000
819789.000000
1742182.000000
5213617.000000
7814876.000000
224569.000000
926318.000000
3224944.000000
590704.000000
3637257.000000
168233.000000
59951.000000
1381068.000000
6667611.000000
10049208.000000
5921947.000000
193619.000000
3587113.000000
11735869.000000
14107907.000000
4026124.000000
4545287.000000
4204359.000000
4862250.000000
277162.000000
14594388.000000
211627.000000
6743631.000000
4375075.000000
4425450.000000
130341.000000
2262552.000000
7551742.000000
8018369.000000
7188212.000000
3249798.000000
431610.000000
5790828.000000
1625502.000000
3908644.000000
242876.000000
408473.000000
9618877.000000
6596208.000000
7281906.000000
2334516.000000
9773986.000000
11093364.000000
1484958.000000
13277742.000000
3729703.000000
141567.000000
3128524.000000
3005228.000000
1630716.000000
3110702.000000
4343796.000000
9122402.000000
3814377.000000
12592970.000000
309105.000000
88025.000000
7114353.000000
2903590.000000
12192998.000000
245277.000000
1816785.000000
215335.000000
14127091.000000
327582.000000
2590265.000000
3575714.000000
11036706.000000
1519818.000000
3952415.000000
12225578.000000
7423091.000000
3709275.000000
2132057.000000
3875506.000000
9905988.000000
4963001.000000
894303.000000
52684.000000
2812001.000000
7627806.000000
7762055.000000
1493236.000000
4432275.000000
8084673.000000
2706294.000000
9719405.000000
7950967.000000
7322696.000000
3888060.000000
11940518.000000
12969159.000000
12871390.000000
2696133.000000
3597562.000000
161097.000000
6233918.000000
1900769.000000
8899212.000000
1528744.000000
1757170.000000
5903153.000000
78960.000000
13201270.000000
8662116.000000
1309774.000000
3704200.000000
8623223.000000
1783690.000000
10186293.000000
1132266.000000
1083181.000000
7269261.000000
2678378.000000
8737859.000000
155229.000000
9980984.000000
12327185.000000
4338817.000000
1444146.000000
908284.000000
3078202.000000
4791759.000000
2940968.000000
1181042.000000
9702425.000000
3021797.000000
6993866.000000
3621577.000000
8543766.000000
4620162.000000
8080589.000000
1309878.000000
10849890.000000
8150550.000000
260433.000000
9237540.000000
3642876.000000
2187172.000000
2022927.000000
7270708.000000
2491636.000000
3091775.000000
12118337.000000
8375151.000000
5718708.000000
6561235.000000
1043610.000000
1919405.000000
9823302.000000
5922189.000000
10543291.000000
4011579.000000
8251681.000000
5259479.000000
1440430.000000
9051105.000000
3570119.000000
14209115.000000
6770889.000000
4901548.000000
10813604.000000
5543225.000000
575015.000000
2450121.000000
9666410.000000
8231966.000000
90080.000000
13888421.000000
933070.000000
351058.000000
133287.000000
1152059.000000
6059004.000000
3141882.000000
7774049.000000
4897836.000000
3071406.000000
4349808.000000
12230760.000000
858951.000000
1315775.000000
7708584.000000
297684.000000
11031365.000000
12933402.000000
2475591.000000
165626.000000
2416327.000000
7487588.000000
9348069.000000
5433997.000000
10368356.000000
5032978.000000
11008768.000000
6269541.000000
862045.000000
1935837.000000
1513383.000000
954008.000000
6757801.000000
274851.000000
340138.000000
11488522.000000
955424.000000
1649286.000000
1843783.000000
7074464.000000
656775.000000
10568487.000000
6237468.000000
5738406.000000
2998650.000000
7400688.000000
173817.000000
8281629.000000
12151280.000000
1224226.000000
5998501.000000
171734.000000
12240112.000000
2072340.000000
3737851.000000
6246087.000000
1514251.000000
1466510.000000
467890.000000
3528009.000000
235218.000000
3938413.000000
12066449.000000
269344.000000
8110832.000000
13547627.000000
5905184.000000
8005246.000000
8212018.000000
266762.000000
7871603.000000
552722.000000
11698475.000000
12646388.000000
11607771.000000
6913721.000000
9147094.000000
599291.000000
1359703.000000
2653272.000000
6808593.000000
4611777.000000
2031012.000000
10875551.000000
2769850.000000
3648437.000000
9405643.000000
5177183.000000
3482264.000000
6301642.000000
3028219.000000
239836.000000
880460.000000
2798589.000000
91569.000000
1094434.000000
269774.000000
7687375.000000
12104057.000000
7137002.000000
2058804.000000
27051.000000
12511388.000000
7732235.000000
7157243.000000
2651572.000000
10651459.000000
6360605.000000
6053741.000000
3813227.000000
3560085.000000
319270.000000
328882.000000
9403014.000000
1302599.000000
7034224.000000
264551.000000
6825637.000000
20870.000000
71937.000000
9062353.000000
114430.000000
3386976.000000
767701.000000
228964.000000
568648.000000
1617197.000000
7584344.000000
311975.000000
10703487.000000
4839526.000000
3643527.000000
14353124.000000
208811.000000
2794095.000000
7997268.000000
8321301.000000
6044011.000000
5859487.000000
9501553.000000
1172791.000000
4282343.000000
3666760.000000
4270908.000000
5437007.000000
1554491.000000
5291501.000000
70002.000000
4537762.000000
11017777.000000
18899.000000
1892691.000000
3315728.000000
11281660.000000
6160536.000000
8631788.000000
774880.000000
2212739.000000
13760010.000000
132249.000000
947318.000000
2766190.000000
804257.000000
3138221.000000
7804035.000000
13922726.000000
883751.000000
9040644.000000
12289590.000000
3091765.000000
815749.000000
1061690.000000
6643320.000000
406994.000000
203443.000000
2308407.000000
2640086.000000
7403452.000000
8193215.000000
8460877.000000
561719.000000
7247880.000000
10696567.000000
760429.000000
13400501.000000
2171458.000000
3256736.000000
8653594.000000
8721337.000000
8322751.000000
3950859.000000
10123240.000000
105682.000000
5529224.000000
9380039.000000
8622540.000000
301570.000000
3495596.000000
7529654.000000
100513.000000
85092.000000
10036087.000000
10340457.000000
7614299.000000
10912132.000000
9005407.000000
3767128.000000
8621020.000000
1306754.000000
5847409.000000
2900192.000000
8161373.000000
1537837.000000
9894500.000000
518228.000000
10061606.000000
12437484.000000
7001798.000000
3146730.000000
8587663.000000
10225926.000000
308181.000000
13357184.000000
675393.000000
11693012.000000
209195.000000
680155.000000
964995.000000
4153748.000000
1064291.000000
7051799.000000
15058719.000000
8270168.000000
7799605.000000
7880834.000000
182974.000000
622215.000000
12027516.000000
1422128.000000
748815.000000
6340955.000000
8713789.000000
9923054.000000
11755290.000000
3215848.000000
8199841.000000
8355228.000000
9921954.000000
9502848.000000
23869.000000
3028525.000000
113865.000000
295726.000000
3548349.000000
1507059.000000
11525747.000000
14084403.000000
12914644.000000
12435504.000000
116388.000000
3278381.000000
4840505.000000
3242545.000000
1761457.000000
10381952.000000
4879910.000000
1102583.000000
10114782.000000
9809863.000000
10302353.000000
5720399.000000
7465750.000000
811247.000000
918960.000000
468134.000000
1473133.000000
3621050.000000
8529915.000000
8042521.000000
13902324.000000
10044244.000000
3984068.000000
5535340.000000
5861609.000000
137111.000000
6958925.000000
4038275.000000
11279701.000000
526722.000000
7576651.000000
9813225.000000
1872681.000000
6116881.000000
1048757.000000
7120671.000000
9199912.000000
3502454.000000
5324692.000000
3544393.000000
13855281.000000
12115262.000000
12234.000000
6655211.000000
1904629.000000
21204.000000
9031731.000000
3715742.000000
5135244.000000
5924841.000000
4957632.000000
13356123.000000
1930224.000000
11503252.000000
97336.000000
12226573.000000
3990054.000000
2895216.000000
809505.000000
2077907.000000
6669943.000000
4996395.000000
3677968.000000
78593.000000
9144288.000000
871504.000000
7511279.000000
291445.000000
8580456.000000
1523335.000000
9005654.000000
7428816.000000
7718541.000000
746588.000000
6330828.000000
433706.000000
7641158.000000
11308906.000000
241143.000000
8941821.000000
7763801.000000
7720699.000000
164440.000000
11268926.000000
9700700.000000
658816.000000
609289.000000
11629664.000000
5500235.000000
364658.000000
580742.000000
5319575.000000
8561288.000000
1472107.000000
10719242.000000
1478106.000000
740970.000000
1124894.000000
9089579.000000
498528.000000
7814495.000000
84403.000000
7767238.000000
596887.000000
6532989.000000
12242214.000000
277269.000000
8739526.000000
8365083.000000
998871.000000
6916559.000000
6686773.000000
5244321.000000
4732904.000000
139083.000000
1097725.000000
400272.000000
7946460.000000
115417.000000
908214.000000
10022073.000000
611460.000000
7826820.000000
14180476.000000
8325938.000000
6747298.000000
1265210.000000
9382862.000000
1027827.000000
7173380.000000
3865611.000000
3484876.000000
833292.000000
7188581.000000
4800090.000000
25882.000000
21027.000000
10929734.000000
2264671.000000
9128.000000
11306014.000000
6019080.000000
3245440.000000
275179.000000
2470946.000000
5576608.000000
3940488.000000
7333313.000000
912643.000000
465035.000000
8835707.000000
4683892.000000
4550248.000000
10334554.000000
6793264.000000
3457067.000000
10424397.000000
9073382.000000
4093384.000000
3493183.000000
8720785.000000
6284589.000000
1255952.000000
13429747.000000
529393.000000
9285897.000000
7928652.000000
4526210.000000
834983.000000
3308696.000000
4226830.000000
20120.000000
2587098.000000
3545370.000000
3591904.000000
3533455.000000
7725401.000000
13163840.000000
6356989.000000
1208449.000000
903830.000000
11819210.000000
5356596.000000
6038038.000000
10508059.000000
246490.000000
3960593.000000
3013425.000000
9498272.000000
4613219.000000
2778927.000000
391146.000000
7564980.000000
683045.000000
5579208.000000
1341423.000000
11566391.000000
519031.000000
1799847.000000
13289982.000000
3182164.000000
869266.000000
4448563.000000
1626900.000000
5047019.000000
2223811.000000
215482.000000
5033610.000000
7644743.000000
5644928.000000
10184844.000000
6071730.000000
7148711.000000
12950445.000000
227847.000000
3278027.000000
6532641.000000
10081329.000000
531878.000000
1202232.000000
7807637.000000
8837973.000000
3428146.000000
2724091.000000
2343501.000000
10476044.000000
306751.000000
12763497.000000
9363972.000000
7704296.000000
5627917.000000
2164616.000000
4712072.000000
7099462.000000
2635685.000000
2316291.000000
11624230.000000
10637612.000000
11990512.000000
4408044.000000
96903.000000
12153024.000000
11116123.000000
2987666.000000
9318788.000000
11758960.000000
11835038.000000
8948009.000000
4162902.000000
106067.000000
7225371.000000
11459542.000000
6529268.000000
882262.000000
4455131.000000
8316968.000000
7049775.000000
12249983.000000
2811791.000000
1925844.000000
519208.000000
8649501.000000
1243942.000000
80318.000000
7991213.000000
4816833.000000
13316443.000000
2724060.000000
9122014.000000
1127533.000000
11209681.000000
5809326.000000
8991247.000000
12583864.000000
19790.000000
6690451.000000
553004.000000
1971947.000000
756596.000000
285466.000000
6119547.000000
708738.000000
12114349.000000
5834270.000000
675404.000000
209036.000000
1313973.000000
8946134.000000
7658671.000000
4825112.000000
4382969.000000
188915.000000
6380248.000000
2953762.000000
484205.000000
9610539.000000
278881.000000
13588549.000000
4033806.000000
11047276.000000
4109702.000000
10255406.000000
1216768.000000
4572939.000000
5814176.000000
11369927.000000
1957260.000000
1336194.000000
8292827.000000
1838959.000000
1478916.000000
22277.000000
11513583.000000
14746311.000000
3976654.000000
14362174.000000
1508364.000000
437826.000000
13898195.000000
13261185.000000
3563593.000000
5232560.000000
4377459.000000
2877908.000000
1114016.000000
11321472.000000
11114349.000000
741056.000000
4507838.000000
11286882.000000
8596218.000000
9517785.000000
297469.000000
19208.000000
544634.000000
5051856.000000
10863160.000000
661546.000000
300208.000000
2902843.000000
523154.000000
1555267.000000
9957542.000000
264733.000000
521098.000000
7172235.000000
159017.000000
6698469.000000
7811040.000000
6376501.000000
2431883.000000
237362.000000
6986916.000000
11399559.000000
8676571.000000
608360.000000
8568916.000000
7587653.000000
6378999.000000
476736.000000
7760108.000000
14890392.000000
197029.000000
9798407.000000
4015588.000000
2839482.000000
351194.000000
9390897.000000
7933012.000000
13051631.000000
1041338.000000
2596888.000000
8071109.000000
356591.000000
6666969.000000
703803.000000
6114263.000000
4299548.000000
4990847.000000
5169872.000000
2258813.000000
2414355.000000
2661865.000000
2798648.000000
5683351.000000
7172579.000000
2068266.000000
1915809.000000
6841703.000000
14264073.000000
7288794.000000
5593678.000000
896181.000000
1314996.000000
135434.000000
12159801.000000
312243.000000
2342350.000000
8299232.000000
13510258.000000
683725.000000
1992143.000000
2009779.000000
706850.000000
4973755.000000
5824315.000000
1226788.000000
2575103.000000
5344125.000000
10694341.000000
6886848.000000
6768194.000000
7782954.000000
4162637.000000
10312497.000000
91312.000000
3818594.000000
11745993.000000
5278388.000000
3456935.000000
6064579.000000
10155377.000000
268911.000000
6588188.000000
4672342.000000
6184529.000000
55101.000000
5216820.000000
1088017.000000
568228.000000
4407831.000000
3723570.000000
720269.000000
315849.000000
10962336.000000
5613470.000000
4505143.000000
11797265.000000
7479925.000000
3427106.000000
37486.000000
136704.000000
6255975.000000
426551.000000
6975652.000000
11014259.000000
3342314.000000
771355.000000
14371405.000000
8858546.000000
1252127.000000
11387600.000000
529255.000000
1994930.000000
952802.000000
10316266.000000
8856563.000000
3529716.000000
5587733.000000
74894.000000
613247.000000
96241.000000
533135.000000
10705618.000000
3328529.000000
6464705.000000
4106079.000000
1367433.000000
5720752.000000
10150226.000000
11407677.000000
1133741.000000
14052638.000000
4999296.000000
10726663.000000
3471490.000000
2173353.000000
4482576.000000
8386930.000000
13195517.000000
525285.000000
6671772.000000
2817756.000000
8710524.000000
922204.000000
7567014.000000
4612045.000000
9474218.000000
516194.000000
6305521.000000
12989204.000000
5841300.000000
4266634.000000
1297351.000000
24259.000000
7521288.000000
696872.000000
3349408.000000
712723.000000
1668616.000000
166868.000000
5385559.000000
2452919.000000
8236715.000000
1488969.000000
505680.000000
5179384.000000
391572.000000
15496821.000000
7039245.000000
575457.000000
8201628.000000
4737042.000000
5738978.000000
371139.000000
12199166.000000
507553.000000
13620524.000000
876657.000000
1204947.000000
2994848.000000
2189196.000000
8246548.000000
5020220.000000
4627966.000000
12174431.000000
7124969.000000
6351782.000000
964983.000000
2407846.000000
1885285.000000
9008225.000000
12032961.000000
62048.000000
4122473.000000
769952.000000
7861367.000000
4143010.000000
6928989.000000
8346355.000000
941154.000000
9148466.000000
203617.000000
12217449.000000
11916886.000000
11341747.000000
81948.000000
11476099.000000
1005307.000000
10531041.000000
813195.000000
290119.000000
3699769.000000
1685929.000000
4186565.000000
10058593.000000
4774513.000000
484220.000000
20520.000000
1351761.000000
1578821.000000
4249646.000000
1125720.000000
76032.000000
4339151.000000
13947842.000000
2494518.000000
8645730.000000
12937149.000000
514127.000000
5831556.000000
711689.000000
9125481.000000
10597958.000000
8461461.000000
8358899.000000
616169.000000
304972.000000
13861998.000000
2251998.000000
1704741.000000
2130315.000000
6165157.000000
1226314.000000
7766403.000000
7265958.000000
7632259.000000
8755904.000000
673986.000000
641840.000000
5290453.000000
1198889.000000
11146292.000000
4598649.000000
3517126.000000
2912389.000000
13854030.000000
6871849.000000
3782805.000000
9380916.000000
7019824.000000
227913.000000
21055.000000
1048214.000000
90191.000000
13199133.000000
2765695.000000
5002769.000000
8725984.000000
287725.000000
11942143.000000
647218.000000
270670.000000
4869439.000000
5113218.000000
9930542.000000
3558900.000000
10191729.000000
2346888.000000
540198.000000
998006.000000
151397.000000
6646234.000000
234071.000000
2360591.000000
6586609.000000
6491620.000000
4523547.000000
11424444.000000
5618204.000000
7097852.000000
11815911.000000
6627971.000000
4401142.000000
1907030.000000
2917580.000000
1865276.000000
821902.000000
159693.000000
6463016.000000
631657.000000
8967345.000000
3269282.000000
23865.000000
415458.000000
4960932.000000
4760228.000000
6821349.000000
3103325.000000
1202774.000000
14589158.000000
6392898.000000
7431688.000000
669488.000000
7890339.000000
5016619.000000
514302.000000
12661068.000000
6125519.000000
3589060.000000
61694.000000
13831401.000000
1919168.000000
3618101.000000
2741166.000000
5201811.000000
1129869.000000
10468470.000000
8035623.000000
6147960.000000
7212672.000000
8720632.000000
14051384.000000
6505988.000000
3410900.000000
8697761.000000
2493679.000000
6620861.000000
1194659.000000
8668160.000000
2589905.000000
7828360.000000
1043018.000000
986086.000000
8633870.000000
1247503.000000
11704249.000000
2926250.000000
437497.000000
10673954.000000
6381872.000000
5764848.000000
119650.000000
4538158.000000
3313060.000000
2637545.000000
1612698.000000
5138726.000000
6068517.000000
10815428.000000
7956180.000000
995621.000000
14379027.000000
3273719.000000
7389424.000000
5539779.000000
1013424.000000
741248.000000
6933855.000000
221849.000000
9490935.000000
6083175.000000
6540013.000000
6665571.000000
208964.000000
1416049.000000
4409926.000000
434369.000000
5717367.000000
9013088.000000
480926.000000
7316442.000000
6374486.000000
5491507.000000
7753640.000000
8492581.000000
2553539.000000
9381785.000000
9746100.000000
1021016.000000
7182401.000000
654085.000000
8675989.000000
10695227.000000
9331855.000000
4323539.000000
740814.000000
1150977.000000
12905521.000000
5546739.000000
1383711.000000
8384303.000000
11361131.000000
11388204.000000
498247.000000
2352147.000000
9432606.000000
4359138.000000
3013685.000000
1955619.000000
2761691.000000
3706272.000000
730410.000000
810039.000000
2009699.000000
267764.000000
766884.000000
12139921.000000
248199.000000
168341.000000
224813.000000
12012385.000000
6173694.000000
5042525.000000
3964323.000000
4623915.000000
470961.000000
436562.000000
9406254.000000
11277971.000000
5187724.000000
5974831.000000
4359355.000000
3232590.000000
13956765.000000
8982923.000000
8787939.000000
298486.000000
557168.000000
1909644.000000
181719.000000
6783412.000000
2537655.000000
990780.000000
1636239.000000
13166211.000000
6710945.000000
4428998.000000
1341329.000000
2169773.000000
778244.000000
4189404.000000
5566271.000000
1343808.000000
237985.000000
5667658.000000
867288.000000
5498531.000000
666558.000000
11708145.000000
12698437.000000
4581472.000000
10123409.000000
4458776.000000
1858926.000000
781837.000000
3842673.000000
374936.000000
1638789.000000
877047.000000
10385056.000000
5928009.000000
1683366.000000
2657427.000000
736949.000000
7181090.000000
11764495.000000
10197622.000000
412433.000000
7621873.000000
4305466.000000
4889873.000000
183635.000000
5010180.000000
10326338.000000
8894580.000000
2199527.000000
2453477.000000
3645375.000000
2808072.000000
2369399.000000
526940.000000
9134178.000000
1151106.000000
5953344.000000
18524.000000
3223058.000000
6486742.000000
7524580.000000
9049900.000000
12222205.000000
145855.000000
8044478.000000
2134650.000000
3339156.000000
6476172.000000
12907310.000000
4339925.000000
5026728.000000
1622314.000000
923252.000000
1567437.000000
10817176.000000
13549938.000000
14452580.000000
582202.000000
13600361.000000
5962995.000000
431305.000000
9943911.000000
1545994.000000
1925903.000000
913224.000000
11243119.000000
5808243.000000
512456.000000
3197632.000000
12685539.000000
10263597.000000
4808280.000000
1245789.000000
9765368.000000
11186558.000000
6902955.000000
547053.000000
7125823.000000
7418133.000000
1628724.000000
13256206.000000
3129526.000000
7930698.000000
1277279.000000
5545833.000000
5818851.000000
2909326.000000
1272917.000000
4051533.000000
2879690.000000
9753890.000000
2907449.000000
1012130.000000
10005199.000000
13292050.000000
12606657.000000
833893.000000
5433528.000000
4503855.000000
161111.000000
6450803.000000
6735158.000000
8003057.000000
8302304.000000
12824322.000000
10011196.000000
9234766.000000
4174016.000000
1775142.000000
10072313.000000
12505836.000000
3908185.000000
662744.000000
2120544.000000
4964490.000000
6232384.000000
10720868.000000
13555022.000000
5654614.000000
12216157.000000
9757452.000000
409085.000000
14205796.000000
2675148.000000
127502.000000
9615948.000000
4003242.000000
10767604.000000
3934537.000000
2310677.000000
217970.000000
809787.000000
7201057.000000
3932929.000000
10726479.000000
7629767.000000
10470134.000000
4027961.000000
9545657.000000
3303504.000000
1147399.000000
14219184.000000
3253068.000000
9424252.000000
2661567.000000
1996070.000000
5684821.000000
1771113.000000
816265.000000
4761047.000000
3723753.000000
9216833.000000
12980377.000000
11207088.000000
12482329.000000
13149479.000000
1817074.000000
1379195.000000
12497493.000000
2109393.000000
13861592.000000
848863.000000
824726.000000
7395717.000000
9137261.000000
843383.000000
3407553.000000
2216565.000000
1469098.000000
11462898.000000
185987.000000
1244447.000000
6804502.000000
7978063.000000
5186014.000000
221035.000000
1960140.000000
10873664.000000
102927.000000
3128925.000000
991976.000000
2563881.000000
2027565.000000
6420551.000000
3245026.000000
643079.000000
1852213.000000
897259.000000
8536847.000000
9563984.000000
411017.000000
351869.000000
4182923.000000
85502.000000
7758661.000000
1195078.000000
327782.000000
7963247.000000
9201976.000000
3071078.000000
13934713.000000
11102320.000000
3830306.000000
4269420.000000
1776267.000000
6224380.000000
1175944.000000
10412695.000000
395630.000000
5465077.000000
2212734.000000
8512537.000000
4623406.000000
8202819.000000
6454075.000000
11152659.000000
520223.000000
8759061.000000
1348095.000000
6300416.000000
1672260.000000
4566045.000000
4910821.000000
86438.000000
8900518.000000
4027869.000000
1386701.000000
7152682.000000
9991284.000000
8806208.000000
4755061.000000
6606553.000000
5992709.000000
1027220.000000
13518816.000000
12054889.000000
407782.000000
9563895.000000
2163293.000000
7569601.000000
7976549.000000
4577211.000000
111267.000000
6814867.000000
2422696.000000
13928548.000000
1852145.000000
11448478.000000
5375753.000000
84406.000000
8336611.000000
691770.000000
11075434.000000
12343508.000000
3535067.000000
4932032.000000
8141063.000000
9734496.000000
7169492.000000
2232172.000000
839580.000000
616408.000000
8506221.000000
7820465.000000
98546.000000
451765.000000
2987947.000000
8649434.000000
4782797.000000
563910.000000
7573010.000000
156114.000000
1527955.000000
3189290.000000
2112819.000000
3902989.000000
4595009.000000
13179987.000000
4960033.000000
553991.000000
10989100.000000
990175.000000
10177849.000000
6826640.000000
7376184.000000
2817227.000000
7212336.000000
8615183.000000
7545756.000000
8044115.000000
3863669.000000
168698.000000
107017.000000
5218351.000000
706114.000000
7670953.000000
6736481.000000
12200680.000000
20120.000000
5097044.000000
2737792.000000
327279.000000
4179817.000000
10587516.000000
10453072.000000
7651974.000000
400253.000000
8389760.000000
6130817.000000
5287115.000000
5752562.000000
14421010.000000
179746.000000
4751013.000000
1483050.000000
11360748.000000
11601627.000000
686432.000000
12336632.000000
78474.000000
208837.000000
4188509.000000
215444.000000
384569.000000
13853002.000000
12194121.000000
7741860.000000
2084039.000000
9253247.000000
1638773.000000
768043.000000
463378.000000
7767736.000000
2360868.000000
2123987.000000
4489543.000000
9932529.000000
476448.000000
5807766.000000
8394455.000000
75426.000000
5550152.000000
5136554.000000
1790299.000000
9498455.000000
667823.000000
7415205.000000
1136908.000000
541257.000000
1039929.000000
13916393.000000
8941299.000000
1578948.000000
431268.000000
1508425.000000
535995.000000
5057748.000000
4164775.000000
11899656.000000
7644054.000000
3905368.000000
493899.000000
3820505.000000
5696602.000000
3910093.000000
13095110.000000
2759567.000000
1593027.000000
2712866.000000
920532.000000
416563.000000
4938219.000000
1671465.000000
7455088.000000
9433401.000000
2596804.000000
8878036.000000
9267556.000000
157897.000000
415094.000000
654010.000000
5052008.000000
1678888.000000
7931056.000000
3826602.000000
6526975.000000
3072544.000000
10424488.000000
12057436.000000
4603603.000000
3662260.000000
10691183.000000
8407028.000000
11611065.000000
984381.000000
3318873.000000
986098.000000
207460.000000
302722.000000
601374.000000
249487.000000
4530586.000000
2061348.000000
4804330.000000
4771736.000000
8555662.000000
1856473.000000
5971354.000000
9169083.000000
6423397.000000
1392611.000000
226066.000000
14300512.000000
7154549.000000
8839666.000000
8884967.000000
9101288.000000
8270765.000000
437266.000000
10356553.000000
4090686.000000
12845519.000000
12127440.000000
4602416.000000
3645922.000000
398433.000000
5629608.000000
1658806.000000
609894.000000
9714345.000000
187331.000000
649093.000000
12842051.000000
2436394.000000
11405513.000000
1674976.000000
6828920.000000
5605071.000000
11655066.000000
5211440.000000
5254292.000000
691463.000000
3177862.000000
9033176.000000
434623.000000
1151876.000000
3762786.000000
1344764.000000
4140825.000000
420590.000000
246481.000000
578310.000000
1400226.000000
12572066.000000
6152127.000000
6601193.000000
