0.000000
0.000000
0.000000
0.000000
0.000000
0.000000
0.000000
0.000000
0.000000
0.000000
0.000000
0.000000
0.000000
0.000000
0.000000
0.000000
0.000000
0.000000
0.000000
0.000000
0.000000
0.000000
0.000000
0.000000
0.000000
0.000000
0.000000
0.000000
0.000000
0.000000
0.000000
0.000000
0.000000
0.000000
0.000000
0.000000
0.000000
0.000000
0.000000
0.000000
0.000000
0.000000
0.000000
0.000000
0.000000
0.000000
0.000000
0.000000
0.000000
0.000000
0.000000
0.000000
0.000000
0.000000
0.000000
0.000000
0.000000
0.000000
0.000000
0.000000
0.000000
0.000000
0.000000
0.000000
0.000000
0.000000
0.000000
0.000000
0.000000
0.000000
0.000000
0.000000
0.000000
0.000000
0.000000
0.000000
0.000000
0.000000
0.000000
0.000000
0.000000
0.000000
0.000000
0.000000
0.000000
0.000000
0.000000
0.000000
0.000000
0.000000
0.000000
0.000000
0.000000
0.000000
0.000000
0.000000
0.000000
0.000000
0.000000
0.000000
0.000000
0.000000
0.000000
0.000000
0.000000
0.000000
0.000000
0.000000
0.000000
0.000000
0.000000
0.000000
0.000000
0.000000
0.000000
0.000000
0.000000
0.000000
0.000000
0.000000
0.000000
0.000000
0.000000
0.000000
0.000000
0.000000
0.000000
0.000000
0.000000
0.000000
0.000000
0.000000
0.000000
0.000000
0.000000
0.000000
0.000000
0.000000
0.000000
0.000000
0.000000
0.000000
0.000000
0.000000
0.000000
0.000000
0.000000
0.000000
0.000000
0.000000
0.000000
0.000000
0.000000
0.000000
0.000000
0.000000
0.000000
0.000000
0.000000
0.000000
0.000000
0.000000
0.000000
0.000000
0.000000
0.000000
0.000000
0.000000
0.000000
0.000000
0.000000
0.000000
0.000000
0.000000
0.000000
0.000000
0.000000
0.000000
0.000000
0.000000
0.000000
0.000000
0.000000
0.000000
0.000000
0.000000
0.000000
0.000000
0.000000
0.000000
0.000000
0.000000
0.000000
0.000000
0.000000
0.000000
0.000000
0.000000
0.000000
0.000000
0.000000
0.000000
0.000000
0.000000
0.000000
0.000000
0.000000
0.000000
0.000000
0.000000
0.000000
0.000000
0.000000
0.000000
0.000000
0.000000
0.000000
0.000000
0.000000
0.000000
0.000000
0.000000
0.000000
0.000000
0.000000
0.000000
0.000000
0.000000
0.000000
0.000000
0.000000
0.000000
0.000000
0.000000
0.000000
0.000000
0.000000
0.000000
0.000000
0.000000
0.000000
0.000000
0.000000
0.000000
0.000000
0.000000
0.000000
0.000000
0.000000
0.000000
0.000000
0.000000
0.000000
0.000000
0.000000
0.000000
0.000000
0.000000
0.000000
0.000000
0.000000
0.000000
0.000000
0.000000
0.000000
0.000000
0.000000
0.000000
0.000000
0.000000
0.000000
0.000000
0.000000
0.000000
0.000000
0.000000
0.000000
0.000000
0.000000
0.000000
0.000000
0.000000
0.000000
0.000000
0.000000
0.000000
0.000000
0.000000
0.000000
0.000000
0.000000
0.000000
0.000000
0.000000
0.000000
0.000000
0.000000
0.000000
0.000000
0.000000
0.000000
0.000000
0.000000
0.000000
0.000000
0.000000
0.000000
0.000000
0.000000
0.000000
0.000000
0.000000
0.000000
0.000000
0.000000
0.000000
0.000000
0.000000
0.000000
0.000000
0.000000
0.000000
0.000000
0.000000
0.000000
0.000000
0.000000
0.000000
0.000000
0.000000
0.000000
0.000000
0.000000
0.000000
0.000000
0.000000
0.000000
0.000000
0.000000
0.000000
0.000000
0.000000
0.000000
0.000000
0.000000
0.000000
0.000000
0.000000
0.000000
0.000000
0.000000
0.000000
0.000000
0.000000
0.000000
0.000000
0.000000
0.000000
0.000000
0.000000
0.000000
0.000000
0.000000
0.000000
0.000000
0.000000
0.000000
0.000000
0.000000
0.000000
0.000000
0.000000
0.000000
0.000000
6252855.000000
1517650.000000
3394451.000000
1238256.000000
521202.000000
2529122.000000
3055428.000000
3201257.000000
2767169.000000
2523818.000000
1791451.000000
2874476.000000
1274753.000000
2533669.000000
1505707.000000
2520789.000000
2174968.000000
3826115.000000
1660540.000000
677632.000000
3834295.000000
602255.000000
3591847.000000
971275.000000
1683829.000000
3024704.000000
3606263.000000
3600367.000000
971296.000000
2927399.000000
1003818.000000
3556412.000000
867095.000000
2224048.000000
1475001.000000
3276198.000000
3090532.000000
2845238.000000
2687434.000000
3507461.000000
231314.000000
3566872.000000
3181130.000000
3052498.000000
1904916.000000
3302248.000000
2763675.000000
3501080.000000
3807193.000000
2276807.000000
3633596.000000
2714432.000000
3459186.000000
2964639.000000
1023595.000000
3320401.000000
3794668.000000
2875886.000000
3351221.000000
2398060.000000
2819986.000000
299384.000000
267210.000000
1029548.000000
3675279.000000
3404239.000000
1560501.000000
3246794.000000
3048370.000000
3755723.000000
2531847.000000
2188979.000000
3972525.000000
3359479.000000
3261030.000000
2993672.000000
2570830.000000
3027965.000000
3877312.000000
490253.000000
311131.000000
3245768.000000
2971412.000000
1514848.000000
3652683.000000
2754771.000000
2918210.000000
237395.000000
3562185.000000
1034934.000000
3274559.000000
1861893.000000
884648.000000
653757.000000
3421967.000000
1947441.000000
3493370.000000
2784879.000000
3096879.000000
3262603.000000
341066.000000
3319183.000000
3187166.000000
2855714.000000
103595.000000
3523567.000000
3395792.000000
144837.000000
2861776.000000
3523810.000000
3356040.000000
158506.000000
2215510.000000
2049802.000000
2622505.000000
3542084.000000
2602547.000000
122137.000000
2091157.000000
3157856.000000
959591.000000
1517972.000000
3302811.000000
2230205.000000
105913.000000
3377779.000000
3778363.000000
1845300.000000
2393401.000000
3048788.000000
461491.000000
453956.000000
3355660.000000
3858514.000000
997095.000000
3273197.000000
1143541.000000
3865566.000000
89162.000000
507569.000000
3865184.000000
1151304.000000
1807827.000000
1959744.000000
2729576.000000
3098793.000000
2659395.000000
2269843.000000
429390.000000
506271.000000
2196598.000000
3906614.000000
3551030.000000
2650382.000000
3149865.000000
3281577.000000
2768077.000000
3063668.000000
2670858.000000
1386201.000000
2848664.000000
3168857.000000
2390279.000000
648396.000000
688367.000000
2292097.000000
3120859.000000
298300.000000
2950322.000000
3490448.000000
3477584.000000
2703980.000000
2389173.000000
310772.000000
3346264.000000
3757427.000000
2813174.000000
3378515.000000
3722149.000000
2680894.000000
3577278.000000
3778133.000000
402425.000000
2890066.000000
3885886.000000
451639.000000
428632.000000
3735459.000000
1991930.000000
2787723.000000
1312587.000000
3507056.000000
350304.000000
3300233.000000
2743651.000000
1477290.000000
240598.000000
102771.000000
2990215.000000
3475936.000000
1168483.000000
2197114.000000
3209052.000000
3730177.000000
4107871.000000
2791031.000000
3620323.000000
1723188.000000
3058999.000000
689621.000000
1770460.000000
3407341.000000
3882902.000000
3942042.000000
3075915.000000
3655994.000000
2583987.000000
3280766.000000
695361.000000
1215612.000000
2320795.000000
1298326.000000
4004612.000000
2061453.000000
2453623.000000
2542680.000000
2484354.000000
360343.000000
1300014.000000
2908428.000000
3063410.000000
3208031.000000
3835278.000000
2235887.000000
2823128.000000
3502671.000000
304434.000000
3099995.000000
1916731.000000
2533561.000000
3290729.000000
882320.000000
3566235.000000
2779786.000000
1080469.000000
3807076.000000
3334659.000000
1257354.000000
1767521.000000
682528.000000
1630597.000000
3423350.000000
3438987.000000
2534597.000000
2114561.000000
2175196.000000
2674557.000000
1734031.000000
2619749.000000
3042247.000000
825248.000000
1194304.000000
2774742.000000
2577905.000000
2272628.000000
3315651.000000
4004180.000000
1577741.000000
1302653.000000
149190.000000
2799055.000000
2102487.000000
2178195.000000
755544.000000
3148077.000000
2381674.000000
3295777.000000
3575503.000000
1399553.000000
3355097.000000
2967229.000000
115847.000000
1650274.000000
3124196.000000
1475484.000000
2233372.000000
2857623.000000
1861217.000000
3128910.000000
65179.000000
2923228.000000
1808410.000000
1958561.000000
3410649.000000
573424.000000
3288650.000000
2457646.000000
3493689.000000
2109501.000000
3883919.000000
3668031.000000
3913035.000000
1641749.000000
1824199.000000
2169368.000000
3285451.000000
3199691.000000
3219906.000000
986478.000000
2215811.000000
3343027.000000
1376039.000000
3098193.000000
122225.000000
2687594.000000
3548017.000000
356551.000000
2155158.000000
2276269.000000
2521318.000000
3515287.000000
3419353.000000
3514450.000000
3079504.000000
970369.000000
2708106.000000
540746.000000
138093.000000
3887732.000000
2219474.000000
1502031.000000
3285217.000000
2653319.000000
3509941.000000
3307292.000000
2086920.000000
3042682.000000
716055.000000
3100424.000000
3648026.000000
614447.000000
3103638.000000
2877485.000000
249487.000000
3931791.000000
2165379.000000
3617089.000000
3841492.000000
2918831.000000
2102435.000000
287406.000000
3661881.000000
99391.000000
3091823.000000
13448.000000
558250.000000
3796485.000000
3906866.000000
2372021.000000
593622.000000
3012704.000000
3417118.000000
3320755.000000
2112002.000000
415722.000000
466731.000000
941273.000000
3345634.000000
3439563.000000
1637788.000000
3243950.000000
3295364.000000
3599234.000000
3081471.000000
2563853.000000
883422.000000
366069.000000
606001.000000
3593146.000000
3308690.000000
846322.000000
3449362.000000
895039.000000
3557502.000000
2427954.000000
2756274.000000
3854555.000000
229869.000000
3304196.000000
1507727.000000
3958848.000000
1285974.000000
272967.000000
1848656.000000
2664233.000000
1250974.000000
3310261.000000
1858635.000000
3764929.000000
2189897.000000
1853196.000000
2172571.000000
160989.000000
2911587.000000
3133849.000000
1478060.000000
2938400.000000
2326784.000000
3650126.000000
3057608.000000
505821.000000
2751729.000000
3561007.000000
1304337.000000
2017920.000000
3520873.000000
3116628.000000
2016201.000000
3314009.000000
366012.000000
2850911.000000
3127577.000000
3311202.000000
3079157.000000
3477827.000000
3614523.000000
2521974.000000
20790.000000
2758952.000000
78538.000000
1238555.000000
3661602.000000
3519641.000000
294815.000000
382636.000000
3373568.000000
3386517.000000
6017.000000
3441910.000000
2500521.000000
1431028.000000
92018.000000
2365986.000000
3624160.000000
491053.000000
117024.000000
3826678.000000
3263205.000000
1059344.000000
1642702.000000
2305187.000000
3340356.000000
1753633.000000
3275267.000000
3092233.000000
3300046.000000
164274.000000
165907.000000
1982559.000000
2640395.000000
3712841.000000
3558363.000000
69039.000000
2931117.000000
3136792.000000
247612.000000
4106905.000000
1979617.000000
3914626.000000
2948559.000000
4099906.000000
2185841.000000
2247747.000000
1572298.000000
247127.000000
4014906.000000
3349002.000000
1888478.000000
3773476.000000
204547.000000
2890120.000000
2631269.000000
3275464.000000
595872.000000
191260.000000
3318628.000000
608717.000000
3699067.000000
2024012.000000
2812941.000000
2958414.000000
2777626.000000
1431361.000000
1323931.000000
3589977.000000
2964510.000000
754084.000000
1520773.000000
2521562.000000
3158132.000000
208509.000000
812562.000000
2429545.000000
575134.000000
2225885.000000
181139.000000
68528.000000
1227238.000000
3461613.000000
3587982.000000
3279198.000000
201846.000000
2572962.000000
2752036.000000
3835546.000000
2476493.000000
3207785.000000
2472970.000000
2943085.000000
266366.000000
2922893.000000
184982.000000
3068977.000000
2686864.000000
3160329.000000
122931.000000
2228092.000000
3386001.000000
2945869.000000
3140807.000000
2595833.000000
413615.000000
3391082.000000
1374928.000000
2612384.000000
257998.000000
348426.000000
4194373.000000
2995821.000000
3209214.000000
1739795.000000
4037253.000000
3958027.000000
1360009.000000
4132399.000000
2260189.000000
149098.000000
2187442.000000
2172338.000000
1697045.000000
2032512.000000
2524489.000000
3154441.000000
2194863.000000
3545215.000000
372973.000000
78383.000000
3052760.000000
2080958.000000
3433134.000000
260257.000000
1475496.000000
220469.000000
3633772.000000
278027.000000
2014323.000000
2598006.000000
3666776.000000
1584497.000000
2467024.000000
3643608.000000
3493751.000000
2238743.000000
1498064.000000
2360716.000000
3175870.000000
2456571.000000
844301.000000
68536.000000
2356237.000000
3083389.000000
3884664.000000
1255582.000000
3085302.000000
3557568.000000
2412474.000000
2725286.000000
3249209.000000
2928160.000000
2558008.000000
3362279.000000
3536268.000000
3370733.000000
2111738.000000
2421289.000000
174715.000000
3247704.000000
1872562.000000
3603582.000000
1548161.000000
1507541.000000
2822688.000000
76516.000000
3566424.000000
3123904.000000
1232819.000000
2447570.000000
3218447.000000
1458190.000000
3763431.000000
1256284.000000
1103880.000000
3466562.000000
1971080.000000
3366933.000000
147980.000000
3848550.000000
3260097.000000
3076502.000000
1255571.000000
836482.000000
2235382.000000
3354227.000000
2353700.000000
1146836.000000
3156331.000000
2395068.000000
2819400.000000
2363116.000000
3524282.000000
2764039.000000
3532259.000000
1342987.000000
3596080.000000
3423566.000000
275282.000000
3020169.000000
2238233.000000
1585623.000000
2146191.000000
3918151.000000
1810105.000000
2326070.000000
3734291.000000
3651403.000000
3275679.000000
2618063.000000
1010565.000000
1562659.000000
3923184.000000
2767414.000000
3481272.000000
2586281.000000
4001255.000000
2813279.000000
1373911.000000
2459345.000000
2540338.000000
3444425.000000
2500704.000000
3067258.000000
3537378.000000
2560824.000000
509393.000000
1825294.000000
3435107.000000
3134313.000000
98515.000000
3270279.000000
894108.000000
381048.000000
135137.000000
987158.000000
3148568.000000
2193289.000000
3680925.000000
3143210.000000
2113393.000000
2940042.000000
4043022.000000
840650.000000
1602884.000000
3815645.000000
279021.000000
3539354.000000
4016529.000000
1899497.000000
154288.000000
1702501.000000
3020408.000000
3442857.000000
3350415.000000
3284829.000000
2974751.000000
3683539.000000
2805587.000000
798783.000000
1563492.000000
1228896.000000
740460.000000
3846096.000000
316454.000000
337281.000000
3178697.000000
841143.000000
1369951.000000
1832431.000000
2825029.000000
570476.000000
3571355.000000
3251553.000000
2929462.000000
1902845.000000
3554357.000000
196116.000000
3576437.000000
3917204.000000
1349142.000000
3430936.000000
200023.000000
4004182.000000
1661024.000000
2738377.000000
3429333.000000
1473226.000000
1202897.000000
388300.000000
2507276.000000
223624.000000
2719251.000000
2781314.000000
243767.000000
2939532.000000
3883929.000000
2987734.000000
3747388.000000
3364136.000000
233831.000000
3368836.000000
470384.000000
3447830.000000
3890890.000000
3372822.000000
3478837.000000
3770052.000000
582820.000000
961118.000000
2078904.000000
2846254.000000
2732186.000000
1703783.000000
2811108.000000
1959932.000000
2508775.000000
3546278.000000
2576752.000000
2652650.000000
2906798.000000
2407908.000000
249633.000000
922256.000000
2016454.000000
98214.000000
1032206.000000
210669.000000
3663823.000000
2993519.000000
2914889.000000
1390321.000000
32887.000000
3166855.000000
3306995.000000
2827008.000000
1838109.000000
3742549.000000
3594406.000000
3166834.000000
2590971.000000
2821324.000000
377599.000000
302156.000000
3272876.000000
1340147.000000
3313737.000000
253823.000000
3138569.000000
19840.000000
81903.000000
3729979.000000
103450.000000
2700670.000000
803298.000000
202918.000000
573439.000000
1526600.000000
3475471.000000
264306.000000
3538291.000000
2940367.000000
2609002.000000
4029505.000000
189485.000000
2360383.000000
3054339.000000
3319765.000000
2601974.000000
3684750.000000
3050576.000000
1032049.000000
2860165.000000
2709894.000000
2431424.000000
3290221.000000
1426233.000000
2379046.000000
58624.000000
2465540.000000
4018651.000000
22018.000000
1926332.000000
2705173.000000
3323226.000000
2553380.000000
3113160.000000
608360.000000
2002952.000000
3502571.000000
111347.000000
981744.000000
2181321.000000
863270.000000
2652557.000000
3263604.000000
3094583.000000
901363.000000
3205618.000000
3230270.000000
2566692.000000
740724.000000
1094937.000000
3533742.000000
335731.000000
199408.000000
2313850.000000
1590866.000000
3090301.000000
3335478.000000
3572654.000000
494896.000000
3118026.000000
3494087.000000
780319.000000
3575421.000000
1887912.000000
2711226.000000
3666810.000000
3591288.000000
3328519.000000
2499930.000000
3459071.000000
88173.000000
3183715.000000
3333884.000000
3475073.000000
284190.000000
2353536.000000
3259344.000000
95476.000000
93278.000000
3190345.000000
3590830.000000
3250162.000000
3659875.000000
3379231.000000
2275739.000000
3499200.000000
1225773.000000
3485698.000000
1683411.000000
3012645.000000
1383139.000000
3679983.000000
467349.000000
3590457.000000
3634031.000000
3347657.000000
2007316.000000
3318835.000000
3811802.000000
283267.000000
3535962.000000
664196.000000
3930847.000000
246021.000000
790364.000000
911281.000000
2989561.000000
1061196.000000
2808257.000000
3600668.000000
3905252.000000
3455070.000000
3395490.000000
205047.000000
591053.000000
3672845.000000
1252019.000000
820438.000000
3512756.000000
3109621.000000
2920619.000000
3652020.000000
2240497.000000
3518847.000000
3495390.000000
3585134.000000
3109465.000000
20190.000000
2167285.000000
133453.000000
310119.000000
2480405.000000
1354452.000000
2974536.000000
3706003.000000
3527861.000000
3774857.000000
110276.000000
2543248.000000
3027022.000000
2153428.000000
1568728.000000
3325815.000000
3203039.000000
1140440.000000
3333773.000000
4038202.000000
3472458.000000
3565093.000000
2568290.000000
754629.000000
941285.000000
542494.000000
1335011.000000
2724131.000000
3332860.000000
3287077.000000
3565279.000000
3257780.000000
2735598.000000
3380515.000000
3080015.000000
150559.000000
3195838.000000
2695968.000000
3490716.000000
522543.000000
3317871.000000
3648235.000000
1554601.000000
3057097.000000
1279917.000000
2944877.000000
3936086.000000
2563853.000000
3135948.000000
2383467.000000
3559822.000000
3753207.000000
12080.000000
2662497.000000
1654685.000000
19426.000000
3184741.000000
2617971.000000
3422924.000000
3078915.000000
2871018.000000
3404817.000000
1632006.000000
3862832.000000
92682.000000
3226540.000000
2764448.000000
2185884.000000
870747.000000
1639327.000000
3653254.000000
2830638.000000
2766143.000000
79789.000000
3551770.000000
699396.000000
2590516.000000
283494.000000
3057798.000000
1190810.000000
3655521.000000
3288570.000000
3564288.000000
663121.000000
3257424.000000
391401.000000
3295473.000000
3813429.000000
261522.000000
3267342.000000
3112387.000000
2840761.000000
119117.000000
3400034.000000
3207337.000000
579648.000000
558192.000000
3748628.000000
3191622.000000
359618.000000
505593.000000
2707493.000000
3755422.000000
1552403.000000
4070643.000000
1414536.000000
683684.000000
1063571.000000
3089114.000000
458124.000000
3138569.000000
61361.000000
3313804.000000
620371.000000
3193322.000000
3316675.000000
259518.000000
3606265.000000
3499320.000000
1030726.000000
3422420.000000
3321006.000000
2686746.000000
3021159.000000
123121.000000
796264.000000
337816.000000
3321310.000000
109144.000000
752451.000000
3789117.000000
549971.000000
2540000.000000
3511400.000000
3893568.000000
3089003.000000
1210791.000000
3389793.000000
843249.000000
3435057.000000
2568435.000000
2674422.000000
885619.000000
3658210.000000
3158072.000000
23578.000000
21229.000000
3556536.000000
2033373.000000
8180.000000
3054680.000000
3018881.000000
2663772.000000
296855.000000
1788296.000000
3046951.000000
2608290.000000
2606170.000000
821168.000000
436035.000000
3931812.000000
2957541.000000
3103645.000000
2876566.000000
2890885.000000
2631831.000000
3429652.000000
3897357.000000
2363567.000000
2095252.000000
3619439.000000
3408840.000000
1056157.000000
3273245.000000
568655.000000
3757178.000000
3298949.000000
2495131.000000
812285.000000
2739353.000000
2573606.000000
21033.000000
2442178.000000
2425469.000000
2334396.000000
1947461.000000
3054793.000000
4238122.000000
3111802.000000
1298141.000000
793712.000000
2979103.000000
3134463.000000
3425615.000000
3075579.000000
287206.000000
2952940.000000
2096108.000000
3654053.000000
3026832.000000
2282931.000000
413183.000000
3815160.000000
503302.000000
3269527.000000
1302168.000000
3683620.000000
576849.000000
1470816.000000
4149632.000000
2318106.000000
698779.000000
3055874.000000
1739939.000000
2926687.000000
2260140.000000
173464.000000
3305754.000000
2972042.000000
2585459.000000
3178274.000000
3137250.000000
2967915.000000
3198166.000000
303276.000000
2424983.000000
2997981.000000
3699666.000000
595304.000000
1105751.000000
3053519.000000
3163972.000000
2301667.000000
2187039.000000
1808676.000000
3620356.000000
302863.000000
2858877.000000
3660846.000000
3317258.000000
3022272.000000
1964715.000000
2713996.000000
3314303.000000
2065359.000000
1799718.000000
3667712.000000
3615711.000000
3484606.000000
2994884.000000
111839.000000
3334399.000000
3790780.000000
2303765.000000
3655109.000000
3125015.000000
3510680.000000
3352477.000000
2904385.000000
104786.000000
3378121.000000
3409762.000000
3523022.000000
1068790.000000
2733133.000000
3067456.000000
2649181.000000
3535187.000000
1859099.000000
1685069.000000
436734.000000
3562644.000000
1084846.000000
86935.000000
3217594.000000
2334491.000000
3715309.000000
2334524.000000
3897560.000000
1449383.000000
3518587.000000
3236832.000000
4075485.000000
3547379.000000
21072.000000
3347432.000000
493842.000000
1752757.000000
766278.000000
239227.000000
2903950.000000
726147.000000
3238554.000000
3169812.000000
604771.000000
214619.000000
1116186.000000
3562203.000000
3164353.000000
2406389.000000
2735613.000000
180856.000000
3451203.000000
2783035.000000
492194.000000
2760004.000000
251206.000000
3373444.000000
2937190.000000
3259040.000000
2712551.000000
3362932.000000
1175476.000000
2341537.000000
3280827.000000
3797365.000000
1611183.000000
1205313.000000
3788598.000000
1648982.000000
1614578.000000
27691.000000
3472649.000000
3598668.000000
2763471.000000
3247486.000000
1176323.000000
448560.000000
3849887.000000
3507113.000000
2606379.000000
3026379.000000
2291348.000000
2206960.000000
1034532.000000
3180207.000000
3686329.000000
756717.000000
2885788.000000
3934224.000000
3424998.000000
3826334.000000
242190.000000
19135.000000
554050.000000
3057422.000000
3473483.000000
639062.000000
291631.000000
2513330.000000
402192.000000
1350817.000000
3532050.000000
221931.000000
479105.000000
3587814.000000
154966.000000
2800527.000000
2987516.000000
3365606.000000
1840463.000000
243193.000000
2418735.000000
3348843.000000
3170624.000000
540923.000000
3579507.000000
3460614.000000
3395878.000000
479322.000000
3639802.000000
3563016.000000
147539.000000
3835704.000000
2312708.000000
2218589.000000
332835.000000
3351475.000000
3330938.000000
3912438.000000
1004587.000000
1952426.000000
3454050.000000
400942.000000
3282652.000000
718427.000000
2598335.000000
2937959.000000
3309536.000000
2996214.000000
1721213.000000
1967069.000000
1872364.000000
1867237.000000
2880954.000000
3249335.000000
1837500.000000
1740247.000000
2569598.000000
3527985.000000
3676415.000000
2806872.000000
757338.000000
1181571.000000
113820.000000
3442078.000000
282916.000000
1803279.000000
2615824.000000
3503552.000000
611851.000000
1668664.000000
1684746.000000
703354.000000
3075351.000000
3184639.000000
1317382.000000
2115152.000000
3028336.000000
3318335.000000
2940420.000000
3193236.000000
3063820.000000
3156406.000000
3453071.000000
80291.000000
2548572.000000
3279189.000000
3179603.000000
2686673.000000
3104191.000000
3244574.000000
279174.000000
3012218.000000
2629775.000000
3063566.000000
57353.000000
2652868.000000
1165306.000000
506996.000000
2799985.000000
2911479.000000
764999.000000
294164.000000
3523683.000000
3033101.000000
3110085.000000
3653913.000000
3455906.000000
2177865.000000
31927.000000
127889.000000
2887678.000000
455784.000000
3502284.000000
3545345.000000
2379357.000000
901869.000000
3638634.000000
3207305.000000
1125331.000000
3735279.000000
554554.000000
1776841.000000
973487.000000
3312544.000000
3825294.000000
2292991.000000
3439925.000000
82373.000000
562648.000000
104854.000000
451556.000000
3202392.000000
2959821.000000
3556265.000000
2834743.000000
1206071.000000
3069755.000000
3486005.000000
3370738.000000
1045868.000000
3221453.000000
3127328.000000
3741518.000000
2957771.000000
1610330.000000
2827514.000000
3222514.000000
3899685.000000
463662.000000
3177729.000000
2376264.000000
3232734.000000
1021943.000000
3327638.000000
2566753.000000
3408679.000000
498025.000000
3076719.000000
4229619.000000
2657728.000000
2768406.000000
1409908.000000
21598.000000
3813928.000000
795233.000000
1935131.000000
577457.000000
1417315.000000
153974.000000
3504074.000000
2183254.000000
3356874.000000
1428039.000000
600174.000000
2772617.000000
392363.000000
3831620.000000
2786453.000000
514351.000000
2565785.000000
2817961.000000
2673348.000000
369564.000000
3112704.000000
422680.000000
3727360.000000
904604.000000
1111087.000000
2253800.000000
1650892.000000
3520979.000000
3067158.000000
2626037.000000
3472164.000000
3485733.000000
3289910.000000
1123772.000000
1745441.000000
1393313.000000
3338435.000000
3034357.000000
64747.000000
2277340.000000
945410.000000
3785406.000000
2940361.000000
3255038.000000
3459686.000000
932546.000000
4128093.000000
236711.000000
3737899.000000
2855661.000000
3372978.000000
81332.000000
3928047.000000
1005158.000000
3851532.000000
960454.000000
286156.000000
2511528.000000
1757699.000000
2996039.000000
3896045.000000
2496627.000000
429023.000000
25531.000000
1409275.000000
1327752.000000
2323814.000000
943600.000000
60204.000000
2803491.000000
3640519.000000
1950031.000000
3069404.000000
3666833.000000
558358.000000
3341733.000000
650092.000000
3231516.000000
3443988.000000
3318028.000000
3217832.000000
555303.000000
356145.000000
4141067.000000
1705803.000000
1296031.000000
1746098.000000
2948903.000000
1049909.000000
3467700.000000
3131644.000000
3613835.000000
3242846.000000
516363.000000
597686.000000
3045739.000000
1093059.000000
3902418.000000
2827242.000000
2392868.000000
2149368.000000
3936802.000000
3734892.000000
2808204.000000
3226447.000000
2737685.000000
159607.000000
21296.000000
1251117.000000
86976.000000
3463211.000000
2303125.000000
3042150.000000
2461540.000000
285517.000000
3358531.000000
590355.000000
245111.000000
3067000.000000
3154631.000000
2873540.000000
2693118.000000
3349158.000000
1799940.000000
469227.000000
924067.000000
153686.000000
3436902.000000
213955.000000
2298586.000000
2778613.000000
2712491.000000
3331459.000000
3693479.000000
3426443.000000
3457385.000000
3372585.000000
3208552.000000
3129750.000000
2150319.000000
2333012.000000
1729349.000000
865013.000000
167207.000000
3259015.000000
548253.000000
3107619.000000
2492024.000000
20923.000000
473198.000000
3210443.000000
2784495.000000
2689059.000000
2571746.000000
1091006.000000
3666906.000000
3697937.000000
3407915.000000
557382.000000
3251607.000000
3236620.000000
448612.000000
3619326.000000
3381581.000000
2646606.000000
60198.000000
2603101.000000
1936686.000000
2706127.000000
2189622.000000
3186452.000000
935815.000000
2567138.000000
2922659.000000
3334820.000000
3635678.000000
3711135.000000
3153745.000000
3428159.000000
2275524.000000
3064768.000000
1874748.000000
3568938.000000
1194761.000000
3244726.000000
1901474.000000
3580645.000000
1105167.000000
979124.000000
3903190.000000
1216719.000000
3430545.000000
2637471.000000
498202.000000
3291457.000000
3058003.000000
3128556.000000
112636.000000
3125830.000000
1831587.000000
2049445.000000
1583801.000000
2969057.000000
2566404.000000
3961285.000000
2827033.000000
948364.000000
3768172.000000
2540636.000000
3069149.000000
2912645.000000
966533.000000
587676.000000
3514825.000000
199313.000000
2909589.000000
2732573.000000
2952437.000000
3162960.000000
261351.000000
1299699.000000
2673359.000000
441446.000000
2471829.000000
3615916.000000
445066.000000
3342132.000000
2770405.000000
3081333.000000
3097939.000000
3581626.000000
2290237.000000
3433302.000000
4107891.000000
939326.000000
3398803.000000
622644.000000
3110538.000000
3543035.000000
2799557.000000
2455305.000000
571581.000000
923735.000000
3798010.000000
2983129.000000
1548490.000000
2777767.000000
3441815.000000
3699964.000000
408577.000000
1923108.000000
3088935.000000
2180344.000000
2212777.000000
1603286.000000
2522229.000000
2050296.000000
674712.000000
1011879.000000
1670176.000000
311125.000000
720587.000000
4081890.000000
286971.000000
133462.000000
172570.000000
3670776.000000
3651430.000000
2741626.000000
2489115.000000
2770385.000000
388424.000000
401352.000000
3821850.000000
3412411.000000
2568375.000000
2696986.000000
2954351.000000
2357138.000000
3406702.000000
3366399.000000
3426857.000000
313311.000000
523504.000000
1952711.000000
130444.000000
2332116.000000
2064548.000000
982461.000000
1474755.000000
3840524.000000
3292851.000000
2766334.000000
1299308.000000
2178792.000000
591607.000000
2425600.000000
3362959.000000
1131980.000000
292057.000000
2969947.000000
919647.000000
3163977.000000
659681.000000
4320380.000000
4201330.000000
2983379.000000
3774863.000000
2732527.000000
1991092.000000
684127.000000
2678163.000000
416374.000000
1363249.000000
712413.000000
4340388.000000
3036035.000000
1231105.000000
1800342.000000
772587.000000
3529587.000000
3320001.000000
3745729.000000
359911.000000
3350908.000000
2314653.000000
3006358.000000
151937.000000
2400978.000000
4007790.000000
3614221.000000
2330659.000000
2031705.000000
2302864.000000
2256213.000000
2005997.000000
462506.000000
3163169.000000
1352613.000000
3586998.000000
14929.000000
2343134.000000
3448874.000000
3107577.000000
3919133.000000
3567221.000000
139260.000000
3297690.000000
2058425.000000
2223719.000000
3416139.000000
3458820.000000
2769327.000000
3036897.000000
1490073.000000
961428.000000
1643210.000000
3601066.000000
3364739.000000
3527556.000000
579055.000000
3627882.000000
3125652.000000
472112.000000
3483395.000000
1531913.000000
1673414.000000
676380.000000
3155800.000000
2611277.000000
423964.000000
2680251.000000
3412048.000000
3764847.000000
3029997.000000
1104031.000000
3467413.000000
3499954.000000
2904379.000000
539870.000000
3477413.000000
3617225.000000
1316502.000000
3702639.000000
2338791.000000
3961487.000000
1245665.000000
2812782.000000
2616796.000000
2418685.000000
1148230.000000
2779347.000000
2131832.000000
3410293.000000
2318260.000000
948248.000000
3760715.000000
3181388.000000
3551418.000000
704482.000000
3245512.000000
2526704.000000
152808.000000
3384301.000000
3158490.000000
3326872.000000
3215609.000000
3895925.000000
3784718.000000
3586878.000000
2452443.000000
1424961.000000
3497674.000000
3215580.000000
2234990.000000
600918.000000
1600287.000000
2550894.000000
3229058.000000
3004711.000000
3779665.000000
2977145.000000
3531268.000000
3204081.000000
379118.000000
3175330.000000
2635754.000000
124224.000000
3872766.000000
2937670.000000
3585741.000000
2314818.000000
1398958.000000
196083.000000
847779.000000
2705813.000000
2942009.000000
3994481.000000
3336062.000000
2811915.000000
2527016.000000
3352025.000000
2442981.000000
1100661.000000
3288910.000000
2532240.000000
3400318.000000
1870877.000000
1834042.000000
3144755.000000
1656419.000000
843570.000000
2842099.000000
2446352.000000
3285110.000000
3684779.000000
3260737.000000
3564912.000000
3080438.000000
1372531.000000
1463990.000000
3256724.000000
1947578.000000
3580079.000000
789242.000000
863342.000000
2823877.000000
3105628.000000
874731.000000
2593620.000000
1866581.000000
1478382.000000
4047569.000000
181306.000000
1153912.000000
2862626.000000
3883542.000000
2923229.000000
241269.000000
1684058.000000
3514907.000000
69972.000000
2107227.000000
962691.000000
2348038.000000
1469814.000000
2921343.000000
2647158.000000
606044.000000
1351751.000000
918567.000000
3830981.000000
2953591.000000
435630.000000
366257.000000
2906784.000000
79374.000000
3161215.000000
936876.000000
298146.000000
3314494.000000
3177531.000000
2447982.000000
3963565.000000
3604859.000000
2276024.000000
2310833.000000
1589180.000000
3573268.000000
1334558.000000
3356748.000000
359561.000000
2590198.000000
2008791.000000
3983822.000000
2689280.000000
3795316.000000
2760165.000000
3511638.000000
619294.000000
3237845.000000
1268832.000000
3507531.000000
1461052.000000
2783824.000000
3198294.000000
92088.000000
4197757.000000
2811861.000000
1303745.000000
2725304.000000
4435962.000000
3600472.000000
2521271.000000
3566778.000000
2934600.000000
1342011.000000
3634022.000000
3048974.000000
371371.000000
3894385.000000
1890357.000000
2836463.000000
3338473.000000
2770225.000000
101166.000000
2452568.000000
1836106.000000
3500340.000000
1394837.000000
3889046.000000
2961581.000000
98128.000000
3532729.000000
764888.000000
3613550.000000
4277595.000000
2645518.000000
2998303.000000
3228385.000000
3190586.000000
3135398.000000
1821339.000000
888473.000000
584756.000000
3011376.000000
3310106.000000
88654.000000
522136.000000
2237961.000000
3525930.000000
2903452.000000
512465.000000
3434602.000000
170128.000000
1270440.000000
2039675.000000
1788960.000000
2687235.000000
2493518.000000
3910444.000000
3128554.000000
718768.000000
3871356.000000
954561.000000
4013991.000000
3659137.000000
2817267.000000
1899457.000000
2718887.000000
2955948.000000
2981448.000000
3391457.000000
2111634.000000
189392.000000
108851.000000
2895908.000000
721450.000000
3129311.000000
3310499.000000
3280766.000000
20205.000000
2631197.000000
2099939.000000
217003.000000
2529308.000000
3314017.000000
3509148.000000
3655742.000000
333004.000000
2905864.000000
3400549.000000
2978635.000000
2659659.000000
3257623.000000
169712.000000
3051939.000000
1265741.000000
3498114.000000
3127209.000000
612615.000000
3561589.000000
73087.000000
209390.000000
3069366.000000
199178.000000
399089.000000
3569382.000000
2977868.000000
3390360.000000
1900225.000000
3006263.000000
1659853.000000
726673.000000
475838.000000
3462923.000000
2025778.000000
2308872.000000
2780544.000000
4049988.000000
538593.000000
3188366.000000
3624017.000000
101427.000000
2977258.000000
2755769.000000
1396115.000000
3359651.000000
712848.000000
3101923.000000
1013722.000000
730958.000000
870383.000000
3418844.000000
3827418.000000
1265531.000000
375001.000000
1587349.000000
518385.000000
2492868.000000
2806698.000000
3812648.000000
3887847.000000
2900739.000000
432343.000000
2830169.000000
2814962.000000
2597133.000000
3183456.000000
2294881.000000
1583775.000000
2182993.000000
779364.000000
376693.000000
3018417.000000
1617537.000000
2832281.000000
3068287.000000
1817639.000000
3124571.000000
3336659.000000
123778.000000
478375.000000
551332.000000
3125451.000000
1779886.000000
2987984.000000
2691313.000000
2976881.000000
2554137.000000
3321582.000000
3941224.000000
2677454.000000
2899650.000000
3742859.000000
3621482.000000
3319006.000000
932757.000000
2429759.000000
942192.000000
241101.000000
288546.000000
534676.000000
218005.000000
2870442.000000
1718188.000000
2300210.000000
2769899.000000
3899235.000000
1530468.000000
2817570.000000
3734615.000000
2773478.000000
1290172.000000
290279.000000
2823975.000000
3409045.000000
3651609.000000
3680046.000000
3412322.000000
3730185.000000
408118.000000
3075647.000000
2580681.000000
3927205.000000
3319171.000000
2645246.000000
2159082.000000
471246.000000
3417891.000000
1421550.000000
660620.000000
3979379.000000
167396.000000
456392.000000
2689072.000000
2031860.000000
3329444.000000
1333600.000000
3260109.000000
2427660.000000
3300908.000000
3004058.000000
3232187.000000
940135.000000
2360218.000000
3359786.000000
374954.000000
1102141.000000
2305076.000000
1552784.000000
2350531.000000
434489.000000
268942.000000
556360.000000
1433521.000000
3523153.000000
3144488.000000
2971529.000000
