0.000000
0.000000
0.000000
0.000000
0.000000
0.000000
0.000000
0.000000
0.000000
0.000000
0.000000
0.000000
0.000000
0.000000
0.000000
0.000000
0.000000
0.000000
0.000000
0.000000
0.000000
0.000000
0.000000
0.000000
0.000000
0.000000
0.000000
0.000000
0.000000
0.000000
0.000000
0.000000
0.000000
0.000000
0.000000
0.000000
0.000000
0.000000
0.000000
0.000000
0.000000
0.000000
0.000000
0.000000
0.000000
0.000000
0.000000
0.000000
0.000000
0.000000
0.000000
0.000000
0.000000
0.000000
0.000000
0.000000
0.000000
0.000000
0.000000
0.000000
0.000000
0.000000
0.000000
0.000000
0.000000
0.000000
0.000000
0.000000
0.000000
0.000000
0.000000
0.000000
0.000000
0.000000
0.000000
0.000000
0.000000
0.000000
0.000000
0.000000
0.000000
0.000000
0.000000
0.000000
0.000000
0.000000
0.000000
0.000000
0.000000
0.000000
0.000000
0.000000
0.000000
0.000000
0.000000
0.000000
0.000000
0.000000
0.000000
0.000000
0.000000
0.000000
0.000000
0.000000
0.000000
0.000000
0.000000
0.000000
0.000000
0.000000
0.000000
0.000000
0.000000
0.000000
0.000000
0.000000
0.000000
0.000000
0.000000
0.000000
0.000000
0.000000
0.000000
0.000000
0.000000
0.000000
0.000000
0.000000
0.000000
0.000000
0.000000
0.000000
0.000000
0.000000
0.000000
0.000000
0.000000
0.000000
0.000000
0.000000
0.000000
0.000000
0.000000
0.000000
0.000000
0.000000
0.000000
0.000000
0.000000
0.000000
0.000000
0.000000
0.000000
0.000000
0.000000
0.000000
0.000000
0.000000
0.000000
0.000000
0.000000
0.000000
0.000000
0.000000
0.000000
0.000000
0.000000
0.000000
0.000000
0.000000
0.000000
0.000000
0.000000
0.000000
0.000000
0.000000
0.000000
0.000000
0.000000
0.000000
0.000000
0.000000
0.000000
0.000000
0.000000
0.000000
0.000000
0.000000
0.000000
0.000000
0.000000
0.000000
0.000000
0.000000
0.000000
0.000000
0.000000
0.000000
0.000000
0.000000
0.000000
0.000000
0.000000
0.000000
0.000000
0.000000
0.000000
0.000000
0.000000
0.000000
0.000000
0.000000
0.000000
0.000000
0.000000
0.000000
0.000000
0.000000
0.000000
0.000000
0.000000
0.000000
0.000000
0.000000
0.000000
0.000000
0.000000
0.000000
0.000000
0.000000
0.000000
0.000000
0.000000
0.000000
0.000000
0.000000
0.000000
0.000000
0.000000
0.000000
0.000000
0.000000
0.000000
0.000000
0.000000
0.000000
0.000000
0.000000
0.000000
0.000000
0.000000
0.000000
0.000000
0.000000
0.000000
0.000000
0.000000
0.000000
0.000000
0.000000
0.000000
0.000000
0.000000
0.000000
0.000000
0.000000
0.000000
0.000000
0.000000
0.000000
0.000000
0.000000
0.000000
0.000000
0.000000
0.000000
0.000000
0.000000
0.000000
0.000000
0.000000
0.000000
0.000000
0.000000
0.000000
0.000000
0.000000
0.000000
0.000000
0.000000
0.000000
0.000000
0.000000
0.000000
0.000000
0.000000
0.000000
0.000000
0.000000
0.000000
0.000000
0.000000
0.000000
0.000000
0.000000
0.000000
0.000000
0.000000
0.000000
0.000000
0.000000
0.000000
0.000000
0.000000
0.000000
0.000000
0.000000
0.000000
0.000000
0.000000
0.000000
0.000000
0.000000
0.000000
0.000000
0.000000
0.000000
0.000000
0.000000
0.000000
0.000000
0.000000
0.000000
0.000000
0.000000
0.000000
0.000000
0.000000
0.000000
0.000000
0.000000
0.000000
0.000000
0.000000
0.000000
0.000000
0.000000
0.000000
0.000000
0.000000
0.000000
0.000000
0.000000
0.000000
0.000000
0.000000
0.000000
0.000000
0.000000
0.000000
0.000000
0.000000
0.000000
0.000000
0.000000
0.000000
0.000000
0.000000
0.000000
0.000000
0.000000
0.000000
0.000000
0.000000
0.000000
0.000000
0.000000
0.000000
0.000000
0.000000
0.000000
0.000000
0.000000
0.000000
0.000000
0.000000
0.000000
9756500.000000
1793105.000000
2923641.000000
2896552.000000
4558826.000000
1099146.000000
613313.000000
4266202.000000
638393.000000
5612192.000000
829895.000000
1896442.000000
2996940.000000
5306533.000000
5794218.000000
925587.000000
3833776.000000
820094.000000
3521213.000000
1136013.000000
2286270.000000
1180373.000000
4090413.000000
3492463.000000
4247260.000000
3069821.000000
4963682.000000
230536.000000
4861158.000000
4545518.000000
4083420.000000
1753246.000000
6298134.000000
3567162.000000
5208597.000000
6128716.000000
1959665.000000
5793141.000000
5996361.000000
5399300.000000
4940866.000000
822646.000000
3370830.000000
5143068.000000
3965120.000000
4300309.000000
3209375.000000
4726553.000000
292753.000000
250551.000000
1268161.000000
5246517.000000
5214092.000000
1612969.000000
4442666.000000
5916997.000000
4864602.000000
3077211.000000
2468946.000000
5237577.000000
3628188.000000
4907339.000000
3013713.000000
4758863.000000
4331555.000000
5480099.000000
553101.000000
243248.000000
4778388.000000
4513252.000000
2026761.000000
4556832.000000
2864620.000000
3507154.000000
235365.000000
4452385.000000
956811.000000
5285147.000000
1985923.000000
666550.000000
748585.000000
6554576.000000
2254473.000000
5431851.000000
3654156.000000
4023898.000000
4909599.000000
313303.000000
3480843.000000
3580312.000000
4290374.000000
80188.000000
3528774.000000
5467413.000000
125967.000000
4389532.000000
5486333.000000
4210641.000000
132486.000000
2327861.000000
1926998.000000
5566107.000000
5458874.000000
3779317.000000
150905.000000
2797698.000000
5215924.000000
863319.000000
1646081.000000
5836721.000000
1888570.000000
96019.000000
4713507.000000
5220151.000000
1747639.000000
2817269.000000
3650544.000000
469033.000000
356680.000000
3828753.000000
3776589.000000
798466.000000
6295009.000000
1214510.000000
5073560.000000
80284.000000
559248.000000
4482497.000000
1203987.000000
1737314.000000
2474356.000000
4505977.000000
4562790.000000
4566085.000000
3466335.000000
464739.000000
379444.000000
3327745.000000
4771223.000000
4760909.000000
3616386.000000
5835827.000000
4356789.000000
4234137.000000
5124842.000000
4003585.000000
1429450.000000
5467618.000000
5768736.000000
2719005.000000
561729.000000
633758.000000
2929206.000000
2842575.000000
295649.000000
4231860.000000
5844543.000000
4256264.000000
3471743.000000
4219785.000000
272760.000000
3962941.000000
6203667.000000
4468996.000000
4942667.000000
4853133.000000
3514124.000000
5789920.000000
5717493.000000
457667.000000
3295153.000000
5295753.000000
480641.000000
457339.000000
4812300.000000
2238453.000000
4980012.000000
1654468.000000
6031226.000000
382142.000000
5520820.000000
3949874.000000
1099339.000000
252977.000000
127689.000000
4991313.000000
4096674.000000
1428182.000000
2366293.000000
4172907.000000
5662807.000000
5481237.000000
4377465.000000
3954654.000000
2191291.000000
5722540.000000
633641.000000
1870724.000000
4096515.000000
4523703.000000
5125193.000000
6814121.000000
4933875.000000
3309475.000000
3914100.000000
753383.000000
1138043.000000
3188144.000000
1191361.000000
5793502.000000
1480719.000000
1879264.000000
3462424.000000
2807657.000000
378984.000000
969536.000000
3040806.000000
5236912.000000
5424652.000000
6128126.000000
2588498.000000
4343992.000000
4821678.000000
319363.000000
2544225.000000
2390043.000000
3101619.000000
5020400.000000
785484.000000
4261840.000000
3933532.000000
1070692.000000
4326216.000000
4241572.000000
1485685.000000
1179070.000000
693288.000000
1881662.000000
4378573.000000
5011260.000000
3404384.000000
1937710.000000
2146211.000000
2999683.000000
2062512.000000
3428131.000000
5124293.000000
842971.000000
1194913.000000
4986036.000000
3184160.000000
2971056.000000
3940540.000000
4590077.000000
1742587.000000
928187.000000
133749.000000
3349534.000000
1959763.000000
2769834.000000
628876.000000
4979128.000000
3647419.000000
5268441.000000
6202966.000000
1313997.000000
5069144.000000
3427662.000000
99662.000000
2873253.000000
3352588.000000
1439643.000000
3092358.000000
3867726.000000
1491951.000000
4699635.000000
68394.000000
3276867.000000
2221664.000000
2091013.000000
6185612.000000
468920.000000
3484113.000000
4054125.000000
5895590.000000
2300820.000000
4633470.000000
4073014.000000
6341257.000000
1771417.000000
1544319.000000
3401082.000000
4796019.000000
3980184.000000
6465059.000000
1102782.000000
2390468.000000
5315837.000000
1024448.000000
4051852.000000
128273.000000
2641617.000000
4459114.000000
353022.000000
3174767.000000
2545973.000000
4134938.000000
3549634.000000
5398143.000000
5412500.000000
2932497.000000
833800.000000
4203293.000000
503618.000000
166958.000000
5052070.000000
1962877.000000
1152080.000000
3330667.000000
3909776.000000
3540961.000000
5556078.000000
2364471.000000
6230398.000000
635070.000000
3196924.000000
5681350.000000
565290.000000
5921362.000000
5210227.000000
193057.000000
4844347.000000
2054799.000000
4377063.000000
4989729.000000
2439354.000000
1856227.000000
291059.000000
4747596.000000
105193.000000
5784753.000000
15102.000000
534207.000000
5218658.000000
3933214.000000
3403192.000000
626527.000000
5307483.000000
6435020.000000
5702987.000000
1912373.000000
417958.000000
497466.000000
924978.000000
5707085.000000
5630377.000000
1716669.000000
4190152.000000
4813335.000000
4072495.000000
2274018.000000
3899675.000000
1057584.000000
324647.000000
556427.000000
3464035.000000
4791876.000000
685295.000000
4688667.000000
750254.000000
6508906.000000
4280372.000000
3772881.000000
5924977.000000
256097.000000
4877363.000000
1215550.000000
5288837.000000
1255673.000000
258755.000000
1358936.000000
3230109.000000
1109002.000000
3041898.000000
1529719.000000
4542012.000000
2711651.000000
1688948.000000
2794116.000000
164791.000000
4461179.000000
3705247.000000
1052327.000000
3475395.000000
4313404.000000
4210771.000000
4531252.000000
444162.000000
5222471.000000
4286739.000000
1359183.000000
2676492.000000
5721957.000000
5071479.000000
2809947.000000
5782559.000000
461009.000000
3003246.000000
5663802.000000
4152501.000000
3753554.000000
4223645.000000
5138612.000000
2488205.000000
27885.000000
3733405.000000
75267.000000
1212889.000000
5490806.000000
5751138.000000
286020.000000
287736.000000
4122815.000000
4854566.000000
7264.000000
5126434.000000
3346744.000000
1021647.000000
91276.000000
2415761.000000
4773288.000000
638885.000000
119129.000000
5489608.000000
4256720.000000
1473612.000000
2139507.000000
3576552.000000
4229651.000000
2420293.000000
5094093.000000
4617458.000000
6876410.000000
161710.000000
140042.000000
2979931.000000
3456253.000000
5521949.000000
4263521.000000
68840.000000
3461546.000000
4460297.000000
231628.000000
4727762.000000
1782938.000000
5566429.000000
3298648.000000
4781387.000000
2202912.000000
3238400.000000
1404662.000000
252744.000000
4436680.000000
4633879.000000
1844254.000000
4411675.000000
245847.000000
2999208.000000
2268275.000000
4988608.000000
559739.000000
215258.000000
3454397.000000
706915.000000
3800264.000000
2101402.000000
4022156.000000
3131006.000000
2698014.000000
2011789.000000
927711.000000
4994456.000000
4824529.000000
754326.000000
1443680.000000
3779955.000000
4868052.000000
232552.000000
692309.000000
2069423.000000
483788.000000
3059675.000000
147230.000000
61819.000000
1240477.000000
4210829.000000
5200370.000000
3404887.000000
164508.000000
2814225.000000
5355142.000000
6176769.000000
3526720.000000
3427525.000000
3246326.000000
3495734.000000
255389.000000
5891067.000000
187261.000000
4021149.000000
3421447.000000
3140601.000000
111641.000000
2048598.000000
4475553.000000
4966663.000000
4428037.000000
2933767.000000
545036.000000
3449557.000000
1298617.000000
3225794.000000
251639.000000
338612.000000
4833520.000000
4553300.000000
4332165.000000
1518274.000000
5275878.000000
4844475.000000
1014607.000000
5710490.000000
3357762.000000
145329.000000
2266190.000000
2668409.000000
1341945.000000
2716644.000000
3567074.000000
4994886.000000
3216089.000000
5588301.000000
308758.000000
75577.000000
4493319.000000
2479521.000000
5414129.000000
213753.000000
1512699.000000
190073.000000
6186557.000000
289756.000000
2574998.000000
2815993.000000
5690817.000000
1604324.000000
2716217.000000
4710482.000000
4462220.000000
3139515.000000
1627085.000000
2875478.000000
5368634.000000
3051489.000000
733521.000000
62551.000000
2289448.000000
4906224.000000
4390196.000000
1207450.000000
2903403.000000
4943283.000000
2228405.000000
5437638.000000
4836197.000000
4574174.000000
3210745.000000
5826115.000000
4871262.000000
5260280.000000
1959201.000000
2979401.000000
123855.000000
4073104.000000
1300079.000000
4989642.000000
1730845.000000
1777656.000000
4103073.000000
60295.000000
4923577.000000
4824409.000000
1110573.000000
2898669.000000
5053224.000000
1361612.000000
5629700.000000
899281.000000
1096591.000000
4219302.000000
2377878.000000
5227699.000000
121981.000000
4932158.000000
5268260.000000
2874897.000000
1535142.000000
941983.000000
2622077.000000
3757543.000000
2177161.000000
819750.000000
4963176.000000
2435162.000000
4589066.000000
2638421.000000
4994463.000000
3207027.000000
4651232.000000
1161872.000000
5258325.000000
4357647.000000
270405.000000
5151942.000000
2908795.000000
2269700.000000
1795542.000000
3526067.000000
2103216.000000
2540696.000000
5568044.000000
4622846.000000
3795157.000000
3998300.000000
1048163.000000
1992005.000000
4925429.000000
4098904.000000
5185748.000000
3368993.000000
4421843.000000
3226514.000000
936655.000000
5314211.000000
2795172.000000
5834607.000000
4520618.000000
3593953.000000
5192914.000000
3946308.000000
580644.000000
2392636.000000
4424344.000000
4700831.000000
82330.000000
6075348.000000
1089402.000000
378735.000000
173795.000000
961249.000000
4031590.000000
2630094.000000
4672500.000000
3418886.000000
2441221.000000
3039641.000000
5923055.000000
912280.000000
1269593.000000
4803169.000000
271769.000000
5880652.000000
4574208.000000
2217354.000000
189595.000000
2201912.000000
4471661.000000
5523158.000000
3131595.000000
5699625.000000
3742249.000000
4971917.000000
4085536.000000
694851.000000
1797650.000000
1460781.000000
807685.000000
3876610.000000
375599.000000
312208.000000
5214191.000000
852837.000000
1596311.000000
1437310.000000
4457187.000000
518420.000000
5432309.000000
3467860.000000
3457228.000000
2825043.000000
4187044.000000
159923.000000
4438878.000000
5979981.000000
976893.000000
3610915.000000
207673.000000
4917389.000000
2001150.000000
2430850.000000
3904783.000000
1456760.000000
1206050.000000
434322.000000
2444763.000000
225048.000000
3272555.000000
6053051.000000
219416.000000
5036805.000000
5474850.000000
4485480.000000
4607723.000000
4159660.000000
241425.000000
3887680.000000
505254.000000
5039270.000000
5801544.000000
5852317.000000
4364142.000000
5304629.000000
605377.000000
901974.000000
2229015.000000
4254649.000000
3365920.000000
1673654.000000
5480161.000000
2286779.000000
2633368.000000
5366848.000000
3807894.000000
3202743.000000
3952269.000000
2486528.000000
315282.000000
833878.000000
2419364.000000
109789.000000
855366.000000
223414.000000
4669400.000000
6452090.000000
4722257.000000
1882962.000000
24198.000000
5738072.000000
4729862.000000
4050423.000000
2213546.000000
5726541.000000
4269021.000000
3872899.000000
2791405.000000
2895004.000000
329844.000000
356505.000000
5725251.000000
1170931.000000
4448605.000000
223491.000000
4382034.000000
22365.000000
64396.000000
4610177.000000
113796.000000
2952497.000000
693461.000000
168688.000000
563908.000000
1216192.000000
4071119.000000
316318.000000
5357113.000000
3508297.000000
2985789.000000
6104415.000000
196629.000000
2172690.000000
4802937.000000
5335248.000000
3959712.000000
3901043.000000
5167420.000000
995287.000000
3479617.000000
3049238.000000
3375327.000000
3482662.000000
1628940.000000
3798282.000000
64065.000000
3779685.000000
5677341.000000
24601.000000
1757559.000000
2945768.000000
5097830.000000
4530649.000000
4790795.000000
649618.000000
1870433.000000
6023487.000000
131065.000000
1112304.000000
2172229.000000
660850.000000
2489277.000000
3604505.000000
6336756.000000
947497.000000
4768090.000000
5856879.000000
2083894.000000
679524.000000
1127358.000000
4011224.000000
342556.000000
192296.000000
2100864.000000
2224625.000000
4828096.000000
4800748.000000
4985530.000000
491978.000000
4093794.000000
5157490.000000
729482.000000
5523440.000000
1931379.000000
1869159.000000
4915279.000000
4400787.000000
4743738.000000
2886006.000000
5288812.000000
114950.000000
3548896.000000
5342865.000000
4616247.000000
292851.000000
3083174.000000
4936223.000000
98614.000000
73062.000000
5546794.000000
5561037.000000
4798000.000000
5181452.000000
5586913.000000
3017484.000000
4032386.000000
1095278.000000
3318938.000000
2649214.000000
5151902.000000
1222358.000000
4607226.000000
442373.000000
5167490.000000
4755234.000000
4517419.000000
2440952.000000
4734305.000000
5262405.000000
237635.000000
5813696.000000
576795.000000
5696605.000000
229410.000000
640217.000000
836896.000000
2728778.000000
1340029.000000
4714983.000000
5555667.000000
4461705.000000
4747811.000000
4773425.000000
170418.000000
535874.000000
5358600.000000
1344015.000000
653153.000000
4144047.000000
4351664.000000
5544325.000000
5697455.000000
2469236.000000
5089210.000000
5126589.000000
4924047.000000
5312357.000000
19052.000000
2703419.000000
100666.000000
246773.000000
2960133.000000
1297203.000000
6152828.000000
5830345.000000
6007358.000000
6069630.000000
132403.000000
2597666.000000
3428400.000000
2240377.000000
1402055.000000
5990883.000000
3549706.000000
889073.000000
5484918.000000
4580584.000000
5794953.000000
3925041.000000
4925234.000000
629679.000000
822335.000000
465747.000000
1269055.000000
3047008.000000
4999815.000000
4840564.000000
4999648.000000
4777177.000000
3076036.000000
2681080.000000
4230636.000000
158834.000000
4555852.000000
2971361.000000
5030636.000000
385064.000000
4732325.000000
4647159.000000
1727880.000000
4012337.000000
967682.000000
4575624.000000
5208273.000000
3006722.000000
3552053.000000
3165074.000000
6009551.000000
6065969.000000
14102.000000
4610241.000000
1800326.000000
24195.000000
4644075.000000
2566359.000000
3737027.000000
3343213.000000
3367301.000000
5234880.000000
1770498.000000
5414057.000000
99854.000000
5680871.000000
2569205.000000
2386485.000000
682893.000000
1973932.000000
3775720.000000
3797158.000000
2485497.000000
93297.000000
4902532.000000
710898.000000
4975565.000000
290685.000000
5080664.000000
1264755.000000
4914739.000000
4667645.000000
4353836.000000
569945.000000
4659967.000000
437039.000000
4717919.000000
5273804.000000
264437.000000
4884551.000000
4663969.000000
5062295.000000
180790.000000
6439377.000000
5267976.000000
608517.000000
594886.000000
5554604.000000
3811807.000000
325024.000000
495597.000000
3868822.000000
4612131.000000
1137405.000000
4838107.000000
1224447.000000
805915.000000
877242.000000
4911306.000000
429291.000000
4379347.000000
71755.000000
3889359.000000
654183.000000
4294839.000000
5670094.000000
368758.000000
5109834.000000
4772851.000000
831684.000000
4634777.000000
4201877.000000
3859836.000000
3510693.000000
127513.000000
871447.000000
386964.000000
4686634.000000
125358.000000
718989.000000
5033382.000000
515759.000000
4895354.000000
6474931.000000
4180396.000000
4470589.000000
1251320.000000
5235474.000000
860526.000000
4227713.000000
3127300.000000
2721596.000000
725549.000000
4211381.000000
3154306.000000
23678.000000
33029.000000
5502395.000000
2079995.000000
8883.000000
6301727.000000
3630641.000000
2340339.000000
268140.000000
2023143.000000
4282498.000000
3516663.000000
4662654.000000
776324.000000
443041.000000
4754586.000000
3305612.000000
3478463.000000
5907715.000000
4095208.000000
2541942.000000
5138525.000000
4677110.000000
3111247.000000
2847049.000000
4731177.000000
4053153.000000
1244465.000000
5535221.000000
511302.000000
5062378.000000
4855464.000000
3256335.000000
719451.000000
2414220.000000
2622182.000000
20700.000000
2447557.000000
2620315.000000
3217794.000000
3275779.000000
4614030.000000
5432695.000000
4284926.000000
1269568.000000
842673.000000
5522530.000000
3638289.000000
3360844.000000
5182727.000000
234894.000000
3077698.000000
2888771.000000
5495351.000000
3290263.000000
1900008.000000
415786.000000
4215748.000000
556646.000000
3356552.000000
1231514.000000
5316045.000000
571982.000000
1476488.000000
5179031.000000
2932804.000000
675446.000000
3454688.000000
925716.000000
3906963.000000
1603683.000000
186458.000000
3187833.000000
4249543.000000
4011601.000000
5809369.000000
4030514.000000
4918987.000000
5951697.000000
207049.000000
2401915.000000
4581319.000000
5319403.000000
571206.000000
1394196.000000
4972258.000000
4840932.000000
2639426.000000
2591192.000000
2210608.000000
5246224.000000
256216.000000
4840202.000000
5380398.000000
4752310.000000
3725417.000000
2224223.000000
3426236.000000
4150017.000000
1984490.000000
2374953.000000
5623923.000000
5233987.000000
5808996.000000
3525516.000000
103215.000000
5684823.000000
5158257.000000
2265067.000000
5426780.000000
5408010.000000
5836866.000000
5202120.000000
2987097.000000
108898.000000
4209830.000000
5496052.000000
4469914.000000
815550.000000
2794745.000000
5213052.000000
4518680.000000
5949806.000000
2572004.000000
1694917.000000
399416.000000
4225412.000000
1011321.000000
78824.000000
4948629.000000
3720706.000000
4807223.000000
2416003.000000
4247181.000000
1416573.000000
5511426.000000
3777508.000000
4496360.000000
6192020.000000
20074.000000
3839012.000000
398864.000000
1885125.000000
661589.000000
291616.000000
3530444.000000
754551.000000
5950853.000000
3583280.000000
638589.000000
217548.000000
1133008.000000
5250073.000000
4734829.000000
3903440.000000
3154478.000000
154300.000000
3847397.000000
2217899.000000
473552.000000
5395644.000000
224545.000000
5513580.000000
3018045.000000
5649355.000000
3272649.000000
5118220.000000
1120214.000000
3555848.000000
3932688.000000
5486333.000000
1763499.000000
1205102.000000
5233187.000000
1814506.000000
1386380.000000
29628.000000
6161658.000000
6307515.000000
2801563.000000
5836172.000000
1169476.000000
464928.000000
5221363.000000
5778314.000000
2852879.000000
3434107.000000
3937696.000000
2084282.000000
1060408.000000
5767620.000000
5519502.000000
604183.000000
3398049.000000
5108159.000000
4994816.000000
5507771.000000
245800.000000
20790.000000
468994.000000
3809703.000000
5186155.000000
659308.000000
306282.000000
2319536.000000
485305.000000
1299187.000000
4907529.000000
234498.000000
500493.000000
3966881.000000
164295.000000
4659870.000000
4693998.000000
4330392.000000
2380604.000000
224630.000000
4503761.000000
4772933.000000
5239345.000000
510366.000000
4800212.000000
3867967.000000
4640338.000000
493928.000000
4029088.000000
5696869.000000
169199.000000
4975887.000000
3574603.000000
2259967.000000
346292.000000
4337951.000000
4502689.000000
5263625.000000
730468.000000
2772422.000000
4794103.000000
416678.000000
3790633.000000
758767.000000
4242360.000000
2947069.000000
3563787.000000
3417052.000000
2325474.000000
2086162.000000
2114504.000000
2427803.000000
3914152.000000
4244343.000000
1922746.000000
1705022.000000
4596176.000000
5798946.000000
4228281.000000
3873472.000000
783606.000000
1193361.000000
116443.000000
4775884.000000
248910.000000
1999747.000000
4792553.000000
5332911.000000
526726.000000
2037107.000000
2004548.000000
697365.000000
2885636.000000
3681444.000000
931345.000000
2371578.000000
3530871.000000
4778283.000000
4010945.000000
3973931.000000
5101037.000000
2965685.000000
5732646.000000
85669.000000
3428646.000000
5956856.000000
3454934.000000
2713367.000000
4126572.000000
6270286.000000
247686.000000
4403836.000000
3968394.000000
4126007.000000
67566.000000
3989845.000000
849661.000000
506666.000000
2615221.000000
2671631.000000
706697.000000
259192.000000
5147058.000000
3869064.000000
3501509.000000
5492331.000000
4274376.000000
2622317.000000
34811.000000
127503.000000
4301448.000000
401360.000000
3782920.000000
5446070.000000
3226766.000000
778875.000000
5469376.000000
4954828.000000
1369463.000000
5913404.000000
453153.000000
1525393.000000
954854.000000
5031710.000000
4223338.000000
2670713.000000
4054293.000000
94470.000000
551257.000000
84209.000000
487857.000000
5143060.000000
2439028.000000
3447692.000000
3092130.000000
1360439.000000
4163182.000000
5132458.000000
5250863.000000
1023668.000000
6267502.000000
2887639.000000
5689350.000000
2667627.000000
1858869.000000
2479031.000000
5057058.000000
4767740.000000
486897.000000
3781311.000000
2225491.000000
5343897.000000
814263.000000
4392120.000000
3283394.000000
5414097.000000
475698.000000
3722881.000000
5153841.000000
3978449.000000
3058610.000000
1737942.000000
26818.000000
4087727.000000
676899.000000
2700350.000000
688604.000000
1492404.000000
170748.000000
3535592.000000
2119428.000000
4736220.000000
1218469.000000
578122.000000
3871003.000000
367075.000000
6313837.000000
4396840.000000
510531.000000
4832069.000000
3282418.000000
3726644.000000
362778.000000
5527543.000000
412004.000000
5946452.000000
787302.000000
1134301.000000
2680379.000000
2202351.000000
5053581.000000
3549910.000000
3488121.000000
6010625.000000
4251036.000000
4248704.000000
879866.000000
2475275.000000
1507852.000000
4983849.000000
5523233.000000
64229.000000
3155121.000000
830857.000000
4510315.000000
2903644.000000
4229993.000000
3986217.000000
1092588.000000
5272328.000000
227277.000000
5320425.000000
6221404.000000
5849156.000000
73528.000000
5786368.000000
879121.000000
5410936.000000
832026.000000
263091.000000
2734389.000000
958287.000000
3024731.000000
5413770.000000
3834606.000000
412133.000000
21165.000000
1063845.000000
1343055.000000
3178307.000000
1011622.000000
63809.000000
2742601.000000
5797420.000000
1861849.000000
5065887.000000
5802411.000000
605518.000000
4278196.000000
663894.000000
5330015.000000
4644318.000000
4630596.000000
5120087.000000
603899.000000
355161.000000
6053775.000000
2165090.000000
1494537.000000
1819233.000000
4362093.000000
881026.000000
4795204.000000
4911471.000000
4334837.000000
5085753.000000
546491.000000
601913.000000
3898409.000000
1111190.000000
5319985.000000
3573586.000000
2514579.000000
2214678.000000
5463407.000000
3515748.000000
3008312.000000
5332953.000000
4745346.000000
200565.000000
21017.000000
908873.000000
92395.000000
5980877.000000
2582546.000000
3574869.000000
5254332.000000
326870.000000
5896121.000000
583399.000000
272532.000000
3794357.000000
3099074.000000
5423075.000000
2672599.000000
6126060.000000
2204891.000000
486303.000000
800553.000000
149375.000000
4108444.000000
260171.000000
1774993.000000
4345526.000000
4311847.000000
3110650.000000
6009572.000000
3475656.000000
3496310.000000
4942953.000000
4528982.000000
3289248.000000
1414027.000000
2334356.000000
1065726.000000
787918.000000
173761.000000
3999108.000000
589294.000000
5180644.000000
2558873.000000
23024.000000
408505.000000
3439248.000000
3601393.000000
4443400.000000
2292712.000000
967820.000000
5752606.000000
4372075.000000
3781237.000000
573990.000000
4963815.000000
3556342.000000
341454.000000
5617700.000000
4167194.000000
3098891.000000
65176.000000
6298832.000000
1079693.000000
3020416.000000
2246705.000000
3651769.000000
864030.000000
5854632.000000
5190510.000000
3950147.000000
3313186.000000
4471792.000000
6222413.000000
4243482.000000
3013898.000000
4840315.000000
1490401.000000
4101220.000000
1182211.000000
5210035.000000
2462820.000000
4480380.000000
838310.000000
832436.000000
4591776.000000
1084904.000000
5448397.000000
2029192.000000
472206.000000
5793867.000000
3846528.000000
3573989.000000
135310.000000
3064537.000000
2593468.000000
2322895.000000
1450956.000000
3930779.000000
4020863.000000
4612769.000000
5255299.000000
772508.000000
5858875.000000
3007283.000000
4592510.000000
3875782.000000
907462.000000
639048.000000
4211451.000000
190442.000000
5013006.000000
3902890.000000
4550172.000000
4065525.000000
188287.000000
1471421.000000
2611900.000000
418148.000000
4069706.000000
4165510.000000
414098.000000
4554485.000000
4211043.000000
4103006.000000
4879551.000000
4307823.000000
2421993.000000
5036139.000000
4721409.000000
979021.000000
4215448.000000
590120.000000
5344893.000000
5616875.000000
5255513.000000
3070416.000000
550951.000000
858012.000000
5065173.000000
4013517.000000
1037498.000000
4958771.000000
6275657.000000
6188200.000000
420675.000000
2127774.000000
4861425.000000
3032537.000000
2175079.000000
1552941.000000
2171446.000000
2814100.000000
798308.000000
794135.000000
1790854.000000
350888.000000
697393.000000
5880786.000000
316686.000000
134707.000000
177413.000000
5218751.000000
3968285.000000
3591084.000000
3418073.000000
3716443.000000
414633.000000
401199.000000
5297552.000000
4580194.000000
3983639.000000
4369256.000000
2965925.000000
2269934.000000
5681737.000000
4276798.000000
4219637.000000
305777.000000
410126.000000
1555873.000000
155414.000000
4442801.000000
2023842.000000
1069495.000000
1420198.000000
5149588.000000
3780785.000000
3369839.000000
1253132.000000
2027630.000000
505728.000000
2987679.000000
3538217.000000
1103113.000000
255186.000000
3739135.000000
709798.000000
3565269.000000
538585.000000
4311686.000000
4821852.000000
3239321.000000
5129151.000000
3350445.000000
1495100.000000
614002.000000
2795747.000000
361562.000000
1839833.000000
630441.000000
4871967.000000
4462926.000000
1389769.000000
2131759.000000
646285.000000
4290590.000000
5969615.000000
4978741.000000
448635.000000
4667660.000000
3502938.000000
3591847.000000
150227.000000
4075103.000000
5150481.000000
5188437.000000
1249446.000000
2150536.000000
3157165.000000
2457933.000000
2062421.000000
451816.000000
4977772.000000
978472.000000
4106711.000000
14821.000000
2615365.000000
4170251.000000
4838075.000000
5407501.000000
6159210.000000
134143.000000
4600158.000000
1885115.000000
2504346.000000
4301076.000000
6174926.000000
3401886.000000
3950193.000000
1232292.000000
834269.000000
1029896.000000
5263997.000000
5315017.000000
5641894.000000
490574.000000
5743184.000000
3840863.000000
410072.000000
5569363.000000
1406602.000000
1694289.000000
637111.000000
5087169.000000
4034607.000000
384339.000000
2441913.000000
5999253.000000
5279011.000000
3262037.000000
1298459.000000
4302533.000000
5118128.000000
4378823.000000
525226.000000
4753757.000000
3917449.000000
1407808.000000
5825322.000000
2494094.000000
4041528.000000
1177202.000000
3791655.000000
3623171.000000
2391864.000000
1312044.000000
3195962.000000
2620803.000000
5388457.000000
2748460.000000
982289.000000
5714868.000000
6486679.000000
4956438.000000
607353.000000
3394332.000000
3627510.000000
177947.000000
3678906.000000
4553134.000000
4402933.000000
4661764.000000
5595630.000000
4984133.000000
4671571.000000
3320862.000000
1600366.000000
5688215.000000
5336403.000000
2847848.000000
629057.000000
1462099.000000
3677121.000000
3185794.000000
5809868.000000
5456279.000000
3738904.000000
4772509.000000
5378729.000000
395828.000000
5724832.000000
2185803.000000
108806.000000
4879833.000000
2602093.000000
4885380.000000
2925000.000000
1969091.000000
207680.000000
704651.000000
4470930.000000
2776820.000000
5282466.000000
4359542.000000
5607951.000000
2845081.000000
4356863.000000
2842342.000000
1185216.000000
5647442.000000
2360725.000000
4324797.000000
2335717.000000
1579795.000000
4051250.000000
1573442.000000
780710.000000
3722751.000000
3189781.000000
4956409.000000
5209150.000000
5283205.000000
5523524.000000
6055182.000000
1385070.000000
1340986.000000
6187322.000000
1780308.000000
5852589.000000
752830.000000
878789.000000
4913776.000000
5548974.000000
762046.000000
2549044.000000
2003295.000000
1261114.000000
5200227.000000
152239.000000
1091811.000000
4493915.000000
4607468.000000
3175746.000000
188380.000000
1816590.000000
5533703.000000
82443.000000
3065627.000000
934086.000000
2226619.000000
1680852.000000
4209801.000000
2083234.000000
537590.000000
1884109.000000
1035586.000000
4898990.000000
5740687.000000
480692.000000
398875.000000
3075337.000000
80263.000000
4476325.000000
1149182.000000
272805.000000
3733789.000000
5782996.000000
2317208.000000
4864653.000000
5702909.000000
2911543.000000
3835671.000000
1136715.000000
3893080.000000
1060033.000000
5552937.000000
397514.000000
4089636.000000
1631234.000000
4681636.000000
3792191.000000
4677266.000000
4146656.000000
5818563.000000
554840.000000
5028880.000000
994370.000000
3595124.000000
1216628.000000
3194894.000000
3375786.000000
85974.000000
4264459.000000
2729027.000000
1263082.000000
4196641.000000
4454207.000000
5187074.000000
3617676.000000
4149849.000000
4204199.000000
800019.000000
5811651.000000
5726855.000000
358748.000000
5779143.000000
1641225.000000
4610344.000000
5043975.000000
2866559.000000
114638.000000
4558808.000000
2076541.000000
6768937.000000
1868160.000000
5507315.000000
3806817.000000
96428.000000
4516640.000000
580542.000000
5192919.000000
5289061.000000
2737168.000000
3452857.000000
4739247.000000
5110922.000000
4288194.000000
1942111.000000
758809.000000
520891.000000
4870299.000000
3684696.000000
101876.000000
447426.000000
2657823.000000
4237841.000000
3401265.000000
494286.000000
3809633.000000
186001.000000
979050.000000
2729619.000000
1909099.000000
3023713.000000
3513044.000000
5854926.000000
3235082.000000
547915.000000
5471912.000000
838250.000000
5431597.000000
4165897.000000
4877031.000000
2354371.000000
4723928.000000
5407395.000000
4304432.000000
4170006.000000
3195514.000000
182057.000000
139408.000000
3867404.000000
679843.000000
4240643.000000
4697812.000000
5332174.000000
20221.000000
3846092.000000
2696300.000000
361812.000000
2806966.000000
4795044.000000
5720984.000000
4356388.000000
306083.000000
4814973.000000
3846731.000000
3612307.000000
4035412.000000
4602488.000000
174009.000000
3175359.000000
1280459.000000
4816975.000000
5353847.000000
626681.000000
5352266.000000
74264.000000
217935.000000
3183635.000000
155987.000000
372612.000000
5195499.000000
5993992.000000
4855191.000000
1822674.000000
4926566.000000
1130884.000000
689715.000000
504214.000000
4557386.000000
1865238.000000
1412804.000000
3701834.000000
4983783.000000
535078.000000
2894263.000000
4728981.000000
82636.000000
3405678.000000
3518985.000000
1495246.000000
5164531.000000
697243.000000
4406517.000000
1028310.000000
559866.000000
909923.000000
5937349.000000
3972610.000000
1562414.000000
376263.000000
961303.000000
583804.000000
3983207.000000
3457482.000000
5465591.000000
4128948.000000
2663117.000000
464784.000000
2793091.000000
4085295.000000
2991551.000000
6569815.000000
2578542.000000
1654377.000000
2465659.000000
858408.000000
331940.000000
3305281.000000
1609948.000000
4214903.000000
5527121.000000
2328962.000000
5278597.000000
4839652.000000
133360.000000
430229.000000
497699.000000
3153798.000000
1355203.000000
4761483.000000
3064376.000000
4456373.000000
2505362.000000
5070667.000000
5132818.000000
3508132.000000
2625104.000000
4579581.000000
4472751.000000
5847176.000000
807170.000000
2670951.000000
883011.000000
236727.000000
243715.000000
618822.000000
209794.000000
2909248.000000
2035540.000000
3699888.000000
3249828.000000
4238229.000000
1730024.000000
3380671.000000
4948856.000000
4644967.000000
1306902.000000
245986.000000
5702633.000000
4020432.000000
4329356.000000
4321378.000000
5164507.000000
4749189.000000
419796.000000
5379659.000000
3025186.000000
5009790.000000
6043671.000000
3657111.000000
2693499.000000
396091.000000
3988712.000000
1528466.000000
525460.000000
5509202.000000
180459.000000
565884.000000
5788709.000000
2249040.000000
5321566.000000
1527018.000000
4339400.000000
4106084.000000
5745852.000000
3181323.000000
3368638.000000
764131.000000
2676314.000000
4771418.000000
434329.000000
1152364.000000
3224282.000000
1079981.000000
3465746.000000
375959.000000
237399.000000
590192.000000
1036512.000000
5507802.000000
3287284.000000
4133655.000000
