0.000000
0.000000
0.000000
0.000000
0.000000
0.000000
0.000000
0.000000
0.000000
0.000000
0.000000
0.000000
0.000000
0.000000
0.000000
0.000000
0.000000
0.000000
0.000000
0.000000
0.000000
0.000000
0.000000
0.000000
0.000000
0.000000
0.000000
0.000000
0.000000
0.000000
0.000000
0.000000
0.000000
0.000000
0.000000
0.000000
0.000000
0.000000
0.000000
0.000000
0.000000
0.000000
0.000000
0.000000
0.000000
0.000000
0.000000
0.000000
0.000000
0.000000
0.000000
0.000000
0.000000
0.000000
0.000000
0.000000
0.000000
0.000000
0.000000
0.000000
0.000000
0.000000
0.000000
0.000000
0.000000
0.000000
0.000000
0.000000
0.000000
0.000000
0.000000
0.000000
0.000000
0.000000
0.000000
0.000000
0.000000
0.000000
0.000000
0.000000
0.000000
0.000000
0.000000
0.000000
0.000000
0.000000
0.000000
0.000000
0.000000
0.000000
0.000000
0.000000
0.000000
0.000000
0.000000
0.000000
0.000000
0.000000
0.000000
0.000000
0.000000
0.000000
0.000000
0.000000
0.000000
0.000000
0.000000
0.000000
0.000000
0.000000
0.000000
0.000000
0.000000
0.000000
0.000000
0.000000
0.000000
0.000000
0.000000
0.000000
0.000000
0.000000
0.000000
0.000000
0.000000
0.000000
0.000000
0.000000
0.000000
0.000000
0.000000
0.000000
0.000000
0.000000
0.000000
0.000000
0.000000
0.000000
0.000000
0.000000
0.000000
0.000000
0.000000
0.000000
0.000000
0.000000
0.000000
0.000000
0.000000
0.000000
0.000000
0.000000
0.000000
0.000000
0.000000
0.000000
0.000000
0.000000
0.000000
0.000000
0.000000
0.000000
0.000000
0.000000
0.000000
0.000000
0.000000
0.000000
0.000000
0.000000
0.000000
0.000000
0.000000
0.000000
0.000000
0.000000
0.000000
0.000000
0.000000
0.000000
0.000000
0.000000
0.000000
0.000000
0.000000
0.000000
0.000000
0.000000
0.000000
0.000000
0.000000
0.000000
0.000000
0.000000
0.000000
0.000000
0.000000
0.000000
0.000000
0.000000
0.000000
0.000000
0.000000
0.000000
0.000000
0.000000
0.000000
0.000000
0.000000
0.000000
0.000000
0.000000
0.000000
0.000000
0.000000
0.000000
0.000000
0.000000
0.000000
0.000000
0.000000
0.000000
0.000000
0.000000
0.000000
0.000000
0.000000
0.000000
0.000000
0.000000
0.000000
0.000000
0.000000
0.000000
0.000000
0.000000
0.000000
0.000000
0.000000
0.000000
0.000000
0.000000
0.000000
0.000000
0.000000
0.000000
0.000000
0.000000
0.000000
0.000000
0.000000
0.000000
0.000000
0.000000
0.000000
0.000000
0.000000
0.000000
0.000000
0.000000
0.000000
0.000000
0.000000
0.000000
0.000000
0.000000
0.000000
0.000000
0.000000
0.000000
0.000000
0.000000
0.000000
0.000000
0.000000
0.000000
0.000000
0.000000
0.000000
0.000000
0.000000
0.000000
0.000000
0.000000
0.000000
0.000000
0.000000
0.000000
0.000000
0.000000
0.000000
0.000000
0.000000
0.000000
0.000000
0.000000
0.000000
0.000000
0.000000
0.000000
0.000000
0.000000
0.000000
0.000000
0.000000
0.000000
0.000000
0.000000
0.000000
0.000000
0.000000
0.000000
0.000000
0.000000
0.000000
0.000000
0.000000
0.000000
0.000000
0.000000
0.000000
0.000000
0.000000
0.000000
0.000000
0.000000
0.000000
0.000000
0.000000
0.000000
0.000000
0.000000
0.000000
0.000000
0.000000
0.000000
0.000000
0.000000
0.000000
0.000000
0.000000
0.000000
0.000000
0.000000
0.000000
0.000000
0.000000
0.000000
0.000000
0.000000
0.000000
0.000000
0.000000
0.000000
0.000000
0.000000
0.000000
0.000000
0.000000
0.000000
0.000000
0.000000
0.000000
0.000000
0.000000
0.000000
0.000000
0.000000
0.000000
0.000000
0.000000
0.000000
0.000000
0.000000
0.000000
0.000000
0.000000
0.000000
0.000000
0.000000
0.000000
0.000000
0.000000
0.000000
0.000000
0.000000
0.000000
0.000000
0.000000
0.000000
5413280.000000
2930963.000000
1335893.000000
596233.000000
3245200.000000
644447.000000
3582127.000000
1008063.000000
1663275.000000
2522343.000000
3367193.000000
3209748.000000
1031087.000000
3029154.000000
936426.000000
2639933.000000
1054222.000000
1985108.000000
1293545.000000
2843988.000000
2596264.000000
3085019.000000
2382445.000000
3269159.000000
277233.000000
3160694.000000
3207512.000000
2937010.000000
1799582.000000
3253985.000000
2801184.000000
2876423.000000
3357168.000000
1939503.000000
3491055.000000
3413978.000000
3111572.000000
2979599.000000
1021799.000000
2536755.000000
3435616.000000
2943512.000000
2997718.000000
2549028.000000
3613511.000000
284858.000000
243957.000000
1109022.000000
3220263.000000
3022202.000000
1664281.000000
2967151.000000
3151004.000000
3190111.000000
2518279.000000
2321914.000000
2975404.000000
2614403.000000
3112181.000000
2408303.000000
3417265.000000
3013080.000000
3574760.000000
507871.000000
285505.000000
3303399.000000
3048968.000000
1839964.000000
3394868.000000
2371442.000000
2775791.000000
271440.000000
3172103.000000
1081190.000000
3294485.000000
1930674.000000
675305.000000
936130.000000
3560825.000000
2061561.000000
3295074.000000
2809728.000000
3011787.000000
3009768.000000
308948.000000
2712734.000000
2633070.000000
2853604.000000
78965.000000
2822585.000000
3235908.000000
132976.000000
3344771.000000
3116309.000000
2982612.000000
140324.000000
1975481.000000
1931309.000000
2886444.000000
3432073.000000
2560139.000000
133950.000000
2057468.000000
3240172.000000
876394.000000
1680347.000000
3222709.000000
1910036.000000
87465.000000
3133460.000000
3129589.000000
1889800.000000
2202777.000000
2811979.000000
457171.000000
384796.000000
2651582.000000
2620530.000000
897183.000000
3284936.000000
1323052.000000
3012982.000000
93145.000000
508470.000000
2697063.000000
1143365.000000
1694206.000000
2166326.000000
3035394.000000
3224203.000000
3292088.000000
2584392.000000
478490.000000
472391.000000
2645823.000000
3052220.000000
2834058.000000
2603113.000000
3415829.000000
3055055.000000
3148285.000000
2980447.000000
3059158.000000
1453353.000000
3399345.000000
3430099.000000
2256102.000000
562796.000000
648643.000000
2288238.000000
2513205.000000
336083.000000
2983990.000000
3561669.000000
2835171.000000
2624108.000000
2709306.000000
287859.000000
3012296.000000
3402981.000000
3126525.000000
2918224.000000
2944994.000000
2890003.000000
3047218.000000
3154495.000000
391271.000000
2596407.000000
3318419.000000
522948.000000
467115.000000
3288020.000000
1833734.000000
3071984.000000
1583261.000000
3324333.000000
395826.000000
2881646.000000
3130901.000000
1045698.000000
237336.000000
130778.000000
3142365.000000
2904063.000000
1258659.000000
2120032.000000
3083750.000000
3507856.000000
3462088.000000
2970750.000000
2907399.000000
1986874.000000
3480835.000000
808723.000000
1817133.000000
3008548.000000
3575810.000000
2699752.000000
3474823.000000
3216236.000000
2494455.000000
2936531.000000
950073.000000
1402964.000000
2517765.000000
1481628.000000
3228739.000000
1569858.000000
1788569.000000
2857107.000000
2199312.000000
360465.000000
1199076.000000
2572446.000000
3184760.000000
3421388.000000
3485009.000000
2265408.000000
2939409.000000
2908200.000000
337872.000000
2219037.000000
2449168.000000
2314286.000000
2852202.000000
798413.000000
3055260.000000
2888670.000000
1091455.000000
3127650.000000
3269574.000000
1515303.000000
1270420.000000
571409.000000
1719279.000000
3203751.000000
3269830.000000
2514137.000000
1715823.000000
2034078.000000
2364496.000000
1821570.000000
2696815.000000
3197724.000000
873789.000000
1483422.000000
3240830.000000
2524568.000000
2225136.000000
2930824.000000
3365073.000000
1582219.000000
1293287.000000
166559.000000
2639071.000000
1664477.000000
2299922.000000
632004.000000
2997719.000000
2833265.000000
3102777.000000
3543164.000000
1476287.000000
3231484.000000
2771191.000000
105156.000000
2079998.000000
2542800.000000
1429754.000000
2489443.000000
2974301.000000
1441880.000000
3146013.000000
75783.000000
2708495.000000
1772663.000000
2083717.000000
3382686.000000
512877.000000
2672171.000000
2833548.000000
3427872.000000
2089860.000000
3172680.000000
3057346.000000
3411186.000000
1627969.000000
1721938.000000
2588733.000000
3295110.000000
3032989.000000
3293188.000000
1206566.000000
2059660.000000
3052455.000000
1154050.000000
2870855.000000
136313.000000
2285287.000000
3128128.000000
362736.000000
2537709.000000
2140529.000000
2884610.000000
2750468.000000
3264339.000000
3084782.000000
2064735.000000
988187.000000
2823956.000000
542520.000000
129380.000000
3608942.000000
1920098.000000
1115834.000000
2609514.000000
2746915.000000
2731451.000000
3396769.000000
2196696.000000
3322990.000000
781254.000000
2586047.000000
3406315.000000
549270.000000
3832407.000000
3519999.000000
215391.000000
3200280.000000
2199706.000000
2763940.000000
3337109.000000
2195187.000000
1753177.000000
341920.000000
3169287.000000
104537.000000
3336126.000000
14647.000000
543152.000000
3222217.000000
2770206.000000
2591983.000000
663104.000000
3107082.000000
3291523.000000
3175706.000000
1681207.000000
358435.000000
525335.000000
924933.000000
3707418.000000
3340424.000000
1550452.000000
2863643.000000
3176044.000000
2954283.000000
1970817.000000
2891425.000000
870057.000000
321205.000000
524255.000000
2517658.000000
3359997.000000
765452.000000
3127635.000000
1000468.000000
3320617.000000
3036836.000000
2999088.000000
3542510.000000
236601.000000
3333562.000000
1483237.000000
3264285.000000
1356842.000000
270053.000000
1539173.000000
2545285.000000
1212120.000000
2461950.000000
1593074.000000
3059642.000000
2191659.000000
1539008.000000
2447458.000000
175500.000000
3326909.000000
3099379.000000
1272956.000000
2583553.000000
2875698.000000
2955879.000000
2736828.000000
518840.000000
3537205.000000
2850039.000000
1382191.000000
2345573.000000
3118418.000000
3396824.000000
2358234.000000
3322775.000000
460882.000000
2455838.000000
3135200.000000
3153859.000000
2751610.000000
2999732.000000
2974796.000000
2158875.000000
23620.000000
2918095.000000
67504.000000
1331142.000000
3330940.000000
3330277.000000
340545.000000
364302.000000
3012602.000000
3200508.000000
9549.000000
3107994.000000
2607413.000000
1357983.000000
96498.000000
2414824.000000
3338669.000000
541999.000000
146767.000000
3406019.000000
3154621.000000
1405090.000000
1921928.000000
2556249.000000
3041048.000000
2098226.000000
2825689.000000
3088155.000000
3398416.000000
200932.000000
119194.000000
2374085.000000
2481204.000000
3535494.000000
2846084.000000
57909.000000
2550162.000000
3009564.000000
234061.000000
3262042.000000
1871737.000000
3475176.000000
2665922.000000
3175778.000000
1854990.000000
2542015.000000
1552343.000000
284577.000000
2850173.000000
3431646.000000
1899348.000000
3022357.000000
216632.000000
2457327.000000
1998946.000000
2911200.000000
515494.000000
242892.000000
3003274.000000
528086.000000
2851136.000000
1848795.000000
2883290.000000
2460005.000000
2398125.000000
1650966.000000
1119085.000000
3591618.000000
3106531.000000
790631.000000
1534000.000000
2799259.000000
3474421.000000
231552.000000
745964.000000
2010276.000000
591756.000000
2432681.000000
165050.000000
72603.000000
1255631.000000
3181692.000000
3112841.000000
2666224.000000
197707.000000
2286427.000000
3331481.000000
3218726.000000
2820796.000000
2712707.000000
2314686.000000
2607004.000000
297124.000000
3217895.000000
173396.000000
3057709.000000
2591329.000000
2288715.000000
123139.000000
1926415.000000
3459008.000000
3269618.000000
3191376.000000
2357521.000000
481608.000000
2975832.000000
1490186.000000
2604300.000000
276291.000000
371566.000000
3360171.000000
3130613.000000
3193496.000000
1577538.000000
3457530.000000
2925731.000000
1374149.000000
3313771.000000
2410397.000000
151011.000000
2153479.000000
2247919.000000
1314804.000000
2347600.000000
2772354.000000
2939389.000000
2540062.000000
3113047.000000
326273.000000
84659.000000
2964214.000000
2196157.000000
3297719.000000
241118.000000
1676800.000000
211085.000000
3256866.000000
329422.000000
2226773.000000
2402396.000000
3349009.000000
1519775.000000
2389329.000000
3334472.000000
3388936.000000
2439114.000000
1635011.000000
2603817.000000
3396550.000000
2540726.000000
942947.000000
63288.000000
1812617.000000
3162956.000000
3100114.000000
1427441.000000
2469193.000000
3355149.000000
1930285.000000
3583265.000000
3182179.000000
3023204.000000
2691711.000000
3231956.000000
2981772.000000
3370504.000000
1986101.000000
2507152.000000
168134.000000
2932649.000000
1373787.000000
3454927.000000
1515615.000000
1683551.000000
2903509.000000
64017.000000
3052320.000000
2949850.000000
1202884.000000
2512909.000000
3352448.000000
1555768.000000
3593080.000000
1029989.000000
1137722.000000
3198655.000000
2080563.000000
3168298.000000
138644.000000
3170579.000000
2819870.000000
2191947.000000
1485062.000000
844210.000000
2192973.000000
2777591.000000
2104857.000000
1013796.000000
3105276.000000
2149666.000000
3270786.000000
2297661.000000
2943587.000000
2610455.000000
3126832.000000
1190341.000000
3368344.000000
3302247.000000
257294.000000
3468053.000000
2378837.000000
1709105.000000
1772032.000000
2528867.000000
1892355.000000
2170456.000000
3116212.000000
3308058.000000
3066478.000000
2773464.000000
1157086.000000
1729614.000000
3471556.000000
2904779.000000
3206352.000000
2644072.000000
3282911.000000
2391342.000000
1180645.000000
3115337.000000
2466956.000000
3711875.000000
3010856.000000
2814716.000000
3431615.000000
2966763.000000
586349.000000
1914795.000000
3089065.000000
3023866.000000
96988.000000
3505067.000000
933989.000000
374838.000000
116619.000000
1112117.000000
2826691.000000
2288827.000000
3016686.000000
2695223.000000
2160514.000000
2525472.000000
3493007.000000
936492.000000
1264543.000000
3233079.000000
330109.000000
3260547.000000
2805680.000000
1973995.000000
169485.000000
1904869.000000
3025867.000000
3253029.000000
2582571.000000
3386077.000000
2972506.000000
3026777.000000
2953788.000000
658441.000000
1616297.000000
1312335.000000
713921.000000
2786664.000000
293587.000000
362372.000000
3014001.000000
850409.000000
1472233.000000
1589464.000000
3036225.000000
526101.000000
3193089.000000
2518580.000000
2765011.000000
2370243.000000
2949760.000000
197964.000000
3286988.000000
3281810.000000
1160211.000000
2576738.000000
202099.000000
2888367.000000
1938003.000000
2160274.000000
2802024.000000
1396308.000000
1450065.000000
433963.000000
2194531.000000
207609.000000
2806985.000000
3432883.000000
255848.000000
3436808.000000
3254077.000000
2919732.000000
3207861.000000
2698143.000000
256500.000000
2832390.000000
552000.000000
3328655.000000
3199559.000000
3135510.000000
3016970.000000
3257984.000000
567307.000000
1045913.000000
1999959.000000
3086492.000000
2719853.000000
1772849.000000
2971971.000000
2123602.000000
2297910.000000
3475667.000000
2883335.000000
2454324.000000
2978897.000000
2030845.000000
257563.000000
875505.000000
2122555.000000
104598.000000
1059332.000000
233358.000000
3103024.000000
3832461.000000
3232390.000000
1639817.000000
28602.000000
3251628.000000
3304694.000000
2975954.000000
2020377.000000
3482008.000000
3099700.000000
3038081.000000
2267119.000000
2273487.000000
330143.000000
344025.000000
3416034.000000
1340790.000000
3171212.000000
311148.000000
3073522.000000
16662.000000
65416.000000
3074249.000000
113906.000000
2323004.000000
807798.000000
210931.000000
577398.000000
1450591.000000
2879740.000000
276163.000000
3257537.000000
2588971.000000
2381317.000000
3234360.000000
196197.000000
2015237.000000
2957869.000000
3175335.000000
2768395.000000
2815586.000000
3266723.000000
1271043.000000
2725392.000000
2530986.000000
2557695.000000
2505508.000000
1473522.000000
2948633.000000
62168.000000
2704877.000000
3517711.000000
23352.000000
1726670.000000
2438388.000000
3572076.000000
3268945.000000
2896594.000000
714693.000000
1791909.000000
3881047.000000
120937.000000
1125135.000000
1944618.000000
885950.000000
2122973.000000
2915380.000000
3288934.000000
947945.000000
3189651.000000
3601539.000000
1921271.000000
721007.000000
1204306.000000
2802856.000000
376491.000000
194113.000000
1941448.000000
1919482.000000
3151998.000000
3199334.000000
3395266.000000
524727.000000
3292450.000000
3514121.000000
865416.000000
3230910.000000
1602181.000000
2017317.000000
3392496.000000
2725537.000000
3285598.000000
2465775.000000
3429529.000000
89238.000000
2551014.000000
3165890.000000
3020638.000000
272051.000000
2457163.000000
3332892.000000
123579.000000
77436.000000
3521358.000000
3160780.000000
3185850.000000
3237492.000000
3356800.000000
2473240.000000
2798350.000000
1257456.000000
2607704.000000
2050309.000000
3243676.000000
1340407.000000
3583736.000000
475853.000000
3188128.000000
2944300.000000
3082420.000000
2124265.000000
3030690.000000
3376784.000000
285396.000000
3238454.000000
614806.000000
3126034.000000
212015.000000
709412.000000
970755.000000
2344470.000000
1166745.000000
3132973.000000
3306885.000000
2950525.000000
3287668.000000
3237010.000000
207393.000000
545089.000000
3227144.000000
1437583.000000
651272.000000
2896988.000000
2362489.000000
3216358.000000
3294849.000000
2265234.000000
3349950.000000
3512707.000000
2583989.000000
3233342.000000
20941.000000
2285958.000000
118881.000000
226150.000000
2373386.000000
1464443.000000
3525070.000000
3473974.000000
3250072.000000
3099652.000000
135302.000000
2285363.000000
2758091.000000
1966671.000000
1502709.000000
3221381.000000
2593983.000000
963100.000000
3040114.000000
3137412.000000
3333204.000000
3086994.000000
3103875.000000
758221.000000
918124.000000
518366.000000
1291613.000000
2454611.000000
3294911.000000
3629232.000000
3272443.000000
3367931.000000
2430807.000000
2198789.000000
2930121.000000
151303.000000
3127959.000000
2340826.000000
3515872.000000
436295.000000
3167326.000000
3322871.000000
1575374.000000
3010214.000000
943129.000000
3172093.000000
3287990.000000
2417411.000000
2741877.000000
2392381.000000
3110163.000000
3751184.000000
15181.000000
2859662.000000
1672177.000000
22057.000000
3381022.000000
2049649.000000
3024638.000000
2644891.000000
2876979.000000
3167764.000000
1550529.000000
3237693.000000
96454.000000
3406646.000000
2361058.000000
2146376.000000
808358.000000
1804533.000000
2858526.000000
3027503.000000
2217733.000000
104400.000000
3313863.000000
762506.000000
3205134.000000
319967.000000
3375659.000000
1325553.000000
3485425.000000
3284849.000000
3132153.000000
583643.000000
3000477.000000
438134.000000
3443887.000000
3005910.000000
226305.000000
2994603.000000
3444307.000000
2776303.000000
163099.000000
3435076.000000
3227759.000000
589292.000000
536181.000000
3186046.000000
2838407.000000
340031.000000
596966.000000
2763338.000000
2681619.000000
1279208.000000
2717729.000000
1297383.000000
731082.000000
996098.000000
3254270.000000
478680.000000
3070929.000000
68418.000000
2941081.000000
588302.000000
3070286.000000
2982048.000000
349204.000000
3354736.000000
3193576.000000
972835.000000
3291162.000000
3037479.000000
2849051.000000
2830367.000000
124999.000000
920105.000000
373535.000000
2957211.000000
133575.000000
852084.000000
3395531.000000
575845.000000
3373765.000000
4007868.000000
2814301.000000
3451845.000000
1142920.000000
3498168.000000
1023594.000000
3145147.000000
2481261.000000
2279482.000000
680896.000000
2903918.000000
2571263.000000
25849.000000
19800.000000
3249580.000000
1762275.000000
7781.000000
3287294.000000
2593534.000000
2179384.000000
249428.000000
2112178.000000
3195932.000000
2682359.000000
3427275.000000
731988.000000
467943.000000
3247493.000000
2669882.000000
2569348.000000
3492030.000000
2753493.000000
2191242.000000
3382475.000000
3093740.000000
2654075.000000
2382199.000000
3220182.000000
2915819.000000
1264619.000000
2970410.000000
612581.000000
3186733.000000
3087680.000000
2823660.000000
726438.000000
2109072.000000
2191562.000000
20937.000000
1911858.000000
2246170.000000
2610461.000000
2487763.000000
3403611.000000
3477004.000000
2958304.000000
1308436.000000
844443.000000
3073379.000000
2911659.000000
2420682.000000
2990796.000000
254134.000000
2237539.000000
2239979.000000
3288839.000000
2538594.000000
1816668.000000
411986.000000
2921348.000000
569614.000000
2860973.000000
1371360.000000
3474570.000000
654178.000000
1572711.000000
3118933.000000
2454183.000000
846452.000000
2916444.000000
1231527.000000
3016080.000000
1675941.000000
185580.000000
2512933.000000
2679373.000000
3008126.000000
3433251.000000
2812718.000000
3388206.000000
3308511.000000
224021.000000
2169356.000000
3171855.000000
3174381.000000
538419.000000
1221138.000000
3338166.000000
3241913.000000
2286769.000000
2283346.000000
1970344.000000
3068140.000000
262033.000000
3296740.000000
3245377.000000
3207992.000000
2900782.000000
1879453.000000
2850599.000000
3140038.000000
1904705.000000
1913127.000000
3318136.000000
3113217.000000
3575524.000000
2759801.000000
96304.000000
3499288.000000
3030589.000000
2080774.000000
3331220.000000
3300017.000000
3281206.000000
3052053.000000
2614295.000000
119848.000000
3273989.000000
3214285.000000
3296591.000000
922421.000000
2607836.000000
3195243.000000
3194689.000000
3412573.000000
2324860.000000
1655354.000000
493668.000000
3222898.000000
1198399.000000
78927.000000
3170806.000000
2886419.000000
3320871.000000
2039704.000000
2712350.000000
1437318.000000
3430410.000000
2871410.000000
3282874.000000
3514134.000000
22722.000000
2716658.000000
542150.000000
1670504.000000
824520.000000
263374.000000
2576196.000000
703306.000000
3628194.000000
2593323.000000
741971.000000
183864.000000
1257379.000000
3247473.000000
3192952.000000
2828381.000000
2590715.000000
155306.000000
3056302.000000
2062815.000000
515641.000000
3147625.000000
212502.000000
3322462.000000
2491157.000000
3376582.000000
2763333.000000
3188426.000000
1146771.000000
2514820.000000
2763938.000000
3110032.000000
1715266.000000
1211302.000000
3134604.000000
1553403.000000
1548476.000000
22131.000000
3172254.000000
3189040.000000
2367277.000000
3231235.000000
1228031.000000
461850.000000
3130134.000000
3506729.000000
2341184.000000
2677164.000000
2889946.000000
1994199.000000
1195419.000000
2948388.000000
3325586.000000
765188.000000
2929522.000000
3144354.000000
3433695.000000
3397094.000000
279938.000000
15352.000000
572226.000000
2683070.000000
3192826.000000
729132.000000
305421.000000
2035804.000000
445405.000000
1341556.000000
3235282.000000
214566.000000
454583.000000
3166445.000000
149524.000000
3399092.000000
3108241.000000
3114020.000000
1949771.000000
226815.000000
3295782.000000
2529473.000000
3321360.000000
508835.000000
2990090.000000
2917145.000000
3099086.000000
511342.000000
2650391.000000
3185033.000000
136892.000000
3490946.000000
2511262.000000
2090043.000000
391511.000000
3001459.000000
3316700.000000
3342878.000000
1040479.000000
2293961.000000
3098729.000000
383667.000000
2703370.000000
668091.000000
3062481.000000
2300102.000000
2610554.000000
2592705.000000
2020134.000000
1916807.000000
1880802.000000
2074303.000000
2943319.000000
3030363.000000
1625736.000000
1652159.000000
3285585.000000
3314776.000000
2857612.000000
2908463.000000
931729.000000
1190417.000000
136901.000000
3095848.000000
281827.000000
1814103.000000
3082849.000000
3174574.000000
548485.000000
1726498.000000
1723291.000000
751405.000000
2092781.000000
2687724.000000
1126247.000000
2136090.000000
2637937.000000
3351032.000000
2401251.000000
2922115.000000
3072825.000000
2525258.000000
3278144.000000
84625.000000
2576968.000000
3274248.000000
2825503.000000
2414737.000000
2816435.000000
3717583.000000
212408.000000
3215236.000000
2901662.000000
2924296.000000
64463.000000
2639121.000000
969373.000000
610564.000000
1961634.000000
2179512.000000
795305.000000
305258.000000
2784380.000000
2980069.000000
2597544.000000
3278623.000000
3370487.000000
2173599.000000
32970.000000
132259.000000
2927202.000000
394303.000000
2907303.000000
3390925.000000
2369942.000000
746437.000000
3547281.000000
3245507.000000
1086653.000000
3496459.000000
555657.000000
1514044.000000
1079544.000000
3373133.000000
2929286.000000
2366863.000000
2998209.000000
93753.000000
619856.000000
108518.000000
532875.000000
2937343.000000
2141242.000000
2635745.000000
2455190.000000
1371153.000000
2881140.000000
3079455.000000
3185163.000000
1212151.000000
2968379.000000
2514170.000000
3455868.000000
2128149.000000
1639772.000000
2250489.000000
3131406.000000
3160549.000000
471221.000000
2476308.000000
1928953.000000
3225589.000000
929269.000000
3166312.000000
2528685.000000
3828453.000000
542762.000000
2831598.000000
3361321.000000
2646198.000000
2480045.000000
1680506.000000
30988.000000
3236978.000000
674848.000000
2078573.000000
668294.000000
1544883.000000
172510.000000
2708196.000000
1893942.000000
3182768.000000
1363701.000000
499491.000000
2953961.000000
388406.000000
3442133.000000
2936562.000000
478301.000000
2984812.000000
2660347.000000
3092110.000000
375344.000000
3217090.000000
471714.000000
3270495.000000
772146.000000
1235126.000000
2216958.000000
1942550.000000
3103722.000000
2862510.000000
2852329.000000
3231282.000000
2963029.000000
2988696.000000
822928.000000
1961483.000000
1687615.000000
3146116.000000
3196264.000000
65035.000000
2414817.000000
929061.000000
3452768.000000
2267954.000000
3129027.000000
2870573.000000
1266511.000000
3086279.000000
235330.000000
3282132.000000
3260299.000000
3239140.000000
73943.000000
3665599.000000
801082.000000
3200246.000000
980156.000000
255598.000000
2333302.000000
1301293.000000
2370849.000000
3448184.000000
2789624.000000
399533.000000
22098.000000
1274391.000000
1429377.000000
2494110.000000
1089024.000000
56313.000000
2365410.000000
3164963.000000
1776558.000000
3013574.000000
3049729.000000
495831.000000
3143763.000000
690981.000000
3340375.000000
3539875.000000
3500499.000000
3156527.000000
554469.000000
314416.000000
3174264.000000
1987346.000000
1483556.000000
1825601.000000
3127815.000000
1067609.000000
3424523.000000
2884852.000000
3308947.000000
2941447.000000
609059.000000
652821.000000
2984858.000000
1135835.000000
3309300.000000
2500043.000000
2260458.000000
1949715.000000
3450322.000000
2774681.000000
2456413.000000
3181248.000000
3196147.000000
156517.000000
22400.000000
879674.000000
81678.000000
3397102.000000
2126813.000000
2617234.000000
3155538.000000
288916.000000
3357286.000000
531152.000000
241002.000000
2930062.000000
2550215.000000
3264024.000000
2199130.000000
3588729.000000
1918434.000000
466470.000000
866924.000000
132423.000000
3280589.000000
252641.000000
1782032.000000
2925859.000000
3066824.000000
2448023.000000
3289226.000000
2738896.000000
2517615.000000
3003611.000000
3326312.000000
2572443.000000
1384562.000000
2022968.000000
1421641.000000
808201.000000
166291.000000
2825522.000000
535209.000000
3415327.000000
2297854.000000
17749.000000
600053.000000
2927162.000000
2927624.000000
3181622.000000
2185681.000000
912822.000000
3139826.000000
2944041.000000
2416128.000000
609684.000000
3309176.000000
2738256.000000
425469.000000
3154951.000000
2890268.000000
2526657.000000
66110.000000
3429311.000000
1353416.000000
2472587.000000
2063314.000000
2764852.000000
1004963.000000
3142121.000000
3232484.000000
3036191.000000
2650083.000000
2752362.000000
3669123.000000
3064274.000000
2352296.000000
3508089.000000
1777689.000000
2817524.000000
1318802.000000
3400021.000000
2182972.000000
3030725.000000
924376.000000
889104.000000
3217167.000000
1166251.000000
3349026.000000
1981598.000000
407529.000000
3454178.000000
3006055.000000
2715185.000000
103165.000000
2640896.000000
2228861.000000
2164884.000000
1460107.000000
2914699.000000
3074623.000000
2930765.000000
3349689.000000
844915.000000
3336404.000000
2412714.000000
3209923.000000
2573072.000000
1116661.000000
666674.000000
3247926.000000
270109.000000
3267774.000000
2896568.000000
3167810.000000
3205658.000000
187018.000000
1483379.000000
2228948.000000
408681.000000
2920259.000000
2610544.000000
451751.000000
2895220.000000
3332538.000000
2811630.000000
3550654.000000
2895995.000000
2198880.000000
3412482.000000
3271602.000000
1059682.000000
3169264.000000
611620.000000
3270884.000000
3558107.000000
3106372.000000
2631735.000000
521180.000000
1012039.000000
3205296.000000
2690785.000000
1197152.000000
3128504.000000
3414627.000000
3330410.000000
491273.000000
1897157.000000
3082805.000000
2413388.000000
2184607.000000
1782164.000000
1818338.000000
2354273.000000
635787.000000
836357.000000
1740052.000000
284583.000000
698550.000000
3547318.000000
266365.000000
135804.000000
185362.000000
3223255.000000
3279255.000000
2802784.000000
2612616.000000
2800317.000000
399881.000000
397042.000000
3566277.000000
2989983.000000
2812474.000000
3225746.000000
2534019.000000
2221715.000000
3218995.000000
2902248.000000
2505541.000000
245678.000000
509868.000000
1665130.000000
161696.000000
3082618.000000
1986229.000000
1061997.000000
1512843.000000
3087562.000000
2733428.000000
2487064.000000
1442497.000000
1764281.000000
672658.000000
2576660.000000
2993529.000000
1161411.000000
250552.000000
2722003.000000
946214.000000
2665951.000000
724537.000000
2838803.000000
3634897.000000
2588267.000000
3481897.000000
2631714.000000
1624874.000000
645667.000000
2407274.000000
374329.000000
1635100.000000
848759.000000
3364604.000000
3595854.000000
1181732.000000
1942529.000000
648142.000000
3036748.000000
3056033.000000
3276667.000000
406453.000000
3180297.000000
2767667.000000
2631899.000000
165440.000000
2895705.000000
3394050.000000
3287580.000000
1453586.000000
2016256.000000
2527625.000000
2014852.000000
1951751.000000
515966.000000
3194230.000000
1133739.000000
2833109.000000
13407.000000
2058122.000000
2919637.000000
3113332.000000
3357106.000000
3450155.000000
124858.000000
3158847.000000
1966940.000000
2112371.000000
2916305.000000
3721269.000000
2467869.000000
3107754.000000
1364845.000000
860216.000000
1228964.000000
3304035.000000
3082315.000000
3327022.000000
561334.000000
3274633.000000
3090035.000000
402763.000000
3443200.000000
1436108.000000
1791661.000000
815457.000000
2963512.000000
2888064.000000
451212.000000
2299396.000000
3153331.000000
3205630.000000
2448891.000000
1302156.000000
2899429.000000
3495612.000000
3032664.000000
550110.000000
3058385.000000
2728735.000000
1493940.000000
3240669.000000
2132352.000000
2975772.000000
1355957.000000
3097082.000000
2741796.000000
2241203.000000
1306429.000000
2652640.000000
2264533.000000
3139391.000000
2149652.000000
937446.000000
3573059.000000
3523958.000000
2923454.000000
702989.000000
2695500.000000
2689545.000000
178445.000000
2635247.000000
3287549.000000
3037771.000000
3166473.000000
3306262.000000
3119813.000000
3141681.000000
2795659.000000
1280670.000000
3306773.000000
3669360.000000
2504343.000000
734550.000000
1670158.000000
2749673.000000
2319763.000000
3529449.000000
3472616.000000
2880093.000000
2625140.000000
3282522.000000
465214.000000
3169286.000000
2148345.000000
118730.000000
3254074.000000
2167106.000000
3119620.000000
2441882.000000
1692421.000000
224779.000000
791100.000000
3059739.000000
2362683.000000
3428491.000000
3205949.000000
3627656.000000
2462582.000000
2760459.000000
2351935.000000
1215640.000000
3425124.000000
2134032.000000
2753589.000000
2105031.000000
1506095.000000
3099211.000000
1511027.000000
854894.000000
2758364.000000
2526146.000000
2406007.000000
3204398.000000
2919901.000000
3069557.000000
3435819.000000
1410020.000000
1380168.000000
3575378.000000
1790782.000000
2980687.000000
803288.000000
773015.000000
3114295.000000
2993604.000000
891870.000000
2361451.000000
1765891.000000
1375257.000000
3436273.000000
173833.000000
1177457.000000
3096000.000000
3074717.000000
2701922.000000
210997.000000
1858208.000000
3280246.000000
90085.000000
2420719.000000
957081.000000
1883954.000000
1704108.000000
3052072.000000
2018694.000000
625250.000000
1538302.000000
847748.000000
3225666.000000
3130247.000000
378566.000000
366371.000000
2461511.000000
89173.000000
2972863.000000
1087937.000000
310115.000000
2576206.000000
3269201.000000
2180481.000000
3243987.000000
3333213.000000
2532004.000000
2727648.000000
1312132.000000
2792297.000000
1100358.000000
3240096.000000
393902.000000
2826086.000000
1866148.000000
3517739.000000
2653740.000000
3384173.000000
2989983.000000
3102018.000000
613412.000000
2948128.000000
1173501.000000
2811179.000000
1339953.000000
2637700.000000
2475936.000000
101165.000000
2806623.000000
2233258.000000
1411516.000000
2856842.000000
3266196.000000
3694382.000000
2878149.000000
2792242.000000
3026087.000000
1022123.000000
3705853.000000
3468295.000000
395002.000000
3418705.000000
1713144.000000
3330679.000000
3373071.000000
2240466.000000
111082.000000
3115066.000000
2023197.000000
3172425.000000
1547113.000000
3326203.000000
2771120.000000
97930.000000
2863783.000000
635754.000000
3418266.000000
3284827.000000
2275988.000000
2469368.000000
3339839.000000
2954015.000000
2868554.000000
1924805.000000
628666.000000
579653.000000
2972686.000000
2552118.000000
103401.000000
468421.000000
2134227.000000
3160013.000000
2803186.000000
547619.000000
2385728.000000
188821.000000
1133731.000000
2256621.000000
1793591.000000
2454381.000000
2603775.000000
3058635.000000
2492000.000000
643175.000000
3508723.000000
918930.000000
3197105.000000
3189069.000000
3084602.000000
1890359.000000
3081346.000000
3123258.000000
3010751.000000
2807281.000000
2486723.000000
208041.000000
101079.000000
2732326.000000
644412.000000
2881486.000000
3343837.000000
2992427.000000
20937.000000
2953829.000000
2229959.000000
285341.000000
2437721.000000
3330149.000000
3147399.000000
3331218.000000
294729.000000
3295080.000000
3129494.000000
2784882.000000
2773796.000000
2966976.000000
175244.000000
2670548.000000
1426572.000000
3438203.000000
3320698.000000
741343.000000
3534415.000000
79665.000000
252099.000000
2658345.000000
195914.000000
354712.000000
3324596.000000
3033191.000000
3114061.000000
1902359.000000
3378617.000000
1465075.000000
687923.000000
469191.000000
2941372.000000
1793786.000000
1575144.000000
2697761.000000
2900336.000000
487615.000000
2264177.000000
3020569.000000
82868.000000
2862462.000000
2685145.000000
1555751.000000
3253895.000000
651033.000000
3113794.000000
1065708.000000
463577.000000
892145.000000
3567233.000000
2767829.000000
1500408.000000
376293.000000
1078976.000000
554806.000000
2985311.000000
2700673.000000
3188615.000000
2637233.000000
2327196.000000
488123.000000
2079512.000000
3084874.000000
2325180.000000
3524476.000000
1965009.000000
1426034.000000
2098662.000000
891023.000000
315151.000000
2718225.000000
1431654.000000
2839175.000000
2938159.000000
1869689.000000
3569094.000000
3071336.000000
126433.000000
409325.000000
573281.000000
2515619.000000
1505487.000000
3229028.000000
2376141.000000
3140808.000000
2230950.000000
3361948.000000
3564970.000000
2821977.000000
2198250.000000
2774472.000000
2998794.000000
3517835.000000
911524.000000
2361828.000000
956502.000000
240507.000000
322638.000000
610680.000000
217801.000000
2477318.000000
1742804.000000
2684129.000000
2802323.000000
3055118.000000
1667435.000000
2627939.000000
3167579.000000
3079565.000000
1209828.000000
220017.000000
3386484.000000
2529308.000000
3238530.000000
3376388.000000
3450366.000000
3339917.000000
358586.000000
3097320.000000
2564818.000000
2977252.000000
3382391.000000
2938823.000000
2231967.000000
455776.000000
2979490.000000
1536789.000000
635932.000000
3216072.000000
136212.000000
556197.000000
3558918.000000
2015208.000000
3581636.000000
1442507.000000
2846947.000000
2924755.000000
3220730.000000
2739752.000000
2632789.000000
722004.000000
2094423.000000
3147396.000000
440342.000000
1127106.000000
2559568.000000
1273431.000000
2608182.000000
400359.000000
265953.000000
565210.000000
1198260.000000
2856262.000000
2708289.000000
2996937.000000
