0.000000
0.000000
0.000000
0.000000
0.000000
0.000000
0.000000
0.000000
0.000000
0.000000
0.000000
0.000000
0.000000
0.000000
0.000000
0.000000
0.000000
0.000000
0.000000
0.000000
0.000000
0.000000
0.000000
0.000000
0.000000
0.000000
0.000000
0.000000
0.000000
0.000000
0.000000
0.000000
0.000000
0.000000
0.000000
0.000000
0.000000
0.000000
0.000000
0.000000
0.000000
0.000000
0.000000
0.000000
0.000000
0.000000
0.000000
0.000000
0.000000
0.000000
0.000000
0.000000
0.000000
0.000000
0.000000
0.000000
0.000000
0.000000
0.000000
0.000000
0.000000
0.000000
0.000000
0.000000
0.000000
0.000000
0.000000
0.000000
0.000000
0.000000
0.000000
0.000000
0.000000
0.000000
0.000000
0.000000
0.000000
0.000000
0.000000
0.000000
0.000000
0.000000
0.000000
0.000000
0.000000
0.000000
0.000000
0.000000
0.000000
0.000000
0.000000
0.000000
0.000000
0.000000
0.000000
0.000000
0.000000
0.000000
0.000000
0.000000
0.000000
0.000000
0.000000
0.000000
0.000000
0.000000
0.000000
0.000000
0.000000
0.000000
0.000000
0.000000
0.000000
0.000000
0.000000
0.000000
0.000000
0.000000
0.000000
0.000000
0.000000
0.000000
0.000000
0.000000
0.000000
0.000000
0.000000
0.000000
0.000000
0.000000
0.000000
0.000000
0.000000
0.000000
0.000000
0.000000
0.000000
0.000000
0.000000
0.000000
0.000000
0.000000
0.000000
0.000000
0.000000
0.000000
0.000000
0.000000
0.000000
0.000000
0.000000
0.000000
0.000000
0.000000
0.000000
0.000000
0.000000
0.000000
0.000000
0.000000
0.000000
0.000000
0.000000
0.000000
0.000000
0.000000
0.000000
0.000000
0.000000
0.000000
0.000000
0.000000
0.000000
0.000000
0.000000
0.000000
0.000000
0.000000
0.000000
0.000000
0.000000
0.000000
0.000000
0.000000
0.000000
0.000000
0.000000
0.000000
0.000000
0.000000
0.000000
0.000000
0.000000
0.000000
0.000000
0.000000
0.000000
0.000000
0.000000
0.000000
0.000000
0.000000
0.000000
0.000000
0.000000
0.000000
0.000000
0.000000
0.000000
0.000000
0.000000
0.000000
0.000000
0.000000
0.000000
0.000000
0.000000
0.000000
0.000000
0.000000
0.000000
0.000000
0.000000
0.000000
0.000000
0.000000
0.000000
0.000000
0.000000
0.000000
0.000000
0.000000
0.000000
0.000000
0.000000
0.000000
0.000000
0.000000
0.000000
0.000000
0.000000
0.000000
0.000000
0.000000
0.000000
0.000000
0.000000
0.000000
0.000000
0.000000
0.000000
0.000000
0.000000
0.000000
0.000000
0.000000
0.000000
0.000000
0.000000
0.000000
0.000000
0.000000
0.000000
0.000000
0.000000
0.000000
0.000000
0.000000
0.000000
0.000000
0.000000
0.000000
0.000000
0.000000
0.000000
0.000000
0.000000
0.000000
0.000000
0.000000
0.000000
0.000000
0.000000
0.000000
0.000000
0.000000
0.000000
0.000000
0.000000
0.000000
0.000000
0.000000
0.000000
0.000000
0.000000
0.000000
0.000000
0.000000
0.000000
0.000000
0.000000
0.000000
0.000000
0.000000
0.000000
0.000000
0.000000
0.000000
0.000000
0.000000
0.000000
0.000000
0.000000
0.000000
0.000000
0.000000
0.000000
0.000000
0.000000
0.000000
0.000000
0.000000
0.000000
0.000000
0.000000
0.000000
0.000000
0.000000
0.000000
0.000000
0.000000
0.000000
0.000000
0.000000
0.000000
0.000000
0.000000
0.000000
0.000000
0.000000
0.000000
0.000000
0.000000
0.000000
0.000000
0.000000
0.000000
0.000000
0.000000
0.000000
0.000000
0.000000
0.000000
0.000000
0.000000
0.000000
0.000000
0.000000
0.000000
0.000000
0.000000
0.000000
0.000000
0.000000
0.000000
0.000000
0.000000
0.000000
0.000000
0.000000
0.000000
0.000000
0.000000
0.000000
0.000000
0.000000
0.000000
0.000000
0.000000
0.000000
0.000000
0.000000
0.000000
0.000000
0.000000
0.000000
0.000000
0.000000
0.000000
0.000000
0.000000
26398125.000000
1596261.000000
516604.000000
8001438.000000
788656.000000
9082676.000000
1058653.000000
1740931.000000
5367020.000000
9742107.000000
8967353.000000
1063439.000000
4227361.000000
1248051.000000
6576201.000000
1105667.000000
3252430.000000
1370921.000000
5351027.000000
5353470.000000
4051208.000000
3787172.000000
6562874.000000
188714.000000
13729738.000000
6310569.000000
5901318.000000
2272773.000000
8520997.000000
5052086.000000
8635817.000000
10962968.000000
3070355.000000
11738995.000000
8622161.000000
10237012.000000
6524918.000000
1043527.000000
6554788.000000
8373717.000000
4532069.000000
7069597.000000
2986266.000000
5711278.000000
322008.000000
269728.000000
897890.000000
10172484.000000
13076732.000000
1906348.000000
5725273.000000
9082979.000000
12567986.000000
2952858.000000
2372231.000000
12242710.000000
5037487.000000
7136446.000000
5125890.000000
5096643.000000
5495562.000000
11844307.000000
521305.000000
328843.000000
6259012.000000
5918703.000000
1557420.000000
5779102.000000
3835030.000000
4892124.000000
211146.000000
7610933.000000
1141927.000000
6596293.000000
2110100.000000
863787.000000
637611.000000
11829273.000000
2614543.000000
10046664.000000
3982200.000000
5291940.000000
8080634.000000
391330.000000
6643492.000000
7669277.000000
5457949.000000
100315.000000
6106718.000000
8138716.000000
150123.000000
5834202.000000
8389926.000000
5595492.000000
119350.000000
2644602.000000
2439484.000000
7821446.000000
11863033.000000
3783896.000000
115449.000000
2643150.000000
6370940.000000
953714.000000
1625950.000000
9731439.000000
2439660.000000
105826.000000
8006101.000000
10940598.000000
2083532.000000
3153753.000000
5116253.000000
400038.000000
502508.000000
7906280.000000
9145936.000000
1039950.000000
11174099.000000
1259753.000000
11209895.000000
99374.000000
582079.000000
13376308.000000
1213224.000000
2062945.000000
2128358.000000
7708670.000000
5432680.000000
5564667.000000
3689602.000000
406009.000000
410677.000000
3024277.000000
12615655.000000
7540921.000000
4549114.000000
9444103.000000
5924490.000000
4542141.000000
8359291.000000
4376418.000000
1558349.000000
6580705.000000
9278983.000000
4057177.000000
591721.000000
693387.000000
2957805.000000
4753521.000000
242073.000000
5070121.000000
9894007.000000
9864415.000000
3239994.000000
4480376.000000
312058.000000
7518171.000000
11859766.000000
4899490.000000
8742988.000000
9316807.000000
4557130.000000
11038088.000000
10211842.000000
397673.000000
4997280.000000
10670098.000000
502400.000000
430778.000000
8769678.000000
1936092.000000
5145633.000000
1815233.000000
9914302.000000
361324.000000
7440292.000000
5059988.000000
1552815.000000
259361.000000
116165.000000
5897809.000000
8036364.000000
1125042.000000
2629902.000000
5490431.000000
13076225.000000
10549763.000000
4958159.000000
7243920.000000
2311730.000000
11840243.000000
716239.000000
1658500.000000
4857890.000000
10164218.000000
11800275.000000
10366137.000000
13072373.000000
3420812.000000
7409419.000000
700185.000000
1370130.000000
3161370.000000
1757099.000000
10747713.000000
1824101.000000
3081795.000000
3999724.000000
4059229.000000
267156.000000
974571.000000
4274271.000000
5969831.000000
8067983.000000
11502876.000000
2734082.000000
4996067.000000
6707258.000000
219790.000000
5766552.000000
2512374.000000
3765382.000000
9919604.000000
1053404.000000
5907253.000000
4485761.000000
1000532.000000
8055080.000000
8657265.000000
1362960.000000
2239143.000000
679058.000000
1742484.000000
6429628.000000
7763177.000000
3765399.000000
2431858.000000
2496745.000000
3631734.000000
1899702.000000
3912967.000000
5938680.000000
560942.000000
1380795.000000
5502909.000000
3771453.000000
3328347.000000
5794422.000000
11244529.000000
1747092.000000
1389580.000000
150123.000000
3600813.000000
2525913.000000
2953272.000000
784321.000000
7406214.000000
4187077.000000
7926869.000000
11304047.000000
1413433.000000
7964286.000000
4593921.000000
79999.000000
2196113.000000
5566974.000000
1644098.000000
2877993.000000
4249818.000000
1851286.000000
5432074.000000
67639.000000
4163458.000000
2307585.000000
2255549.000000
11309754.000000
576910.000000
5111966.000000
4342227.000000
11440391.000000
2611384.000000
8243083.000000
7929126.000000
13156909.000000
1539344.000000
2165775.000000
2969110.000000
8169415.000000
5353981.000000
9689966.000000
1067905.000000
2546941.000000
8711419.000000
1432116.000000
5705316.000000
119150.000000
3875666.000000
7757581.000000
407644.000000
2901279.000000
2397159.000000
3564165.000000
7018221.000000
9731093.000000
8712954.000000
6404674.000000
915243.000000
3842312.000000
520699.000000
138752.000000
8448112.000000
2234333.000000
1668815.000000
4998337.000000
4281553.000000
6799083.000000
11377130.000000
2714636.000000
9974031.000000
626860.000000
4006123.000000
11905321.000000
537748.000000
10848321.000000
8400869.000000
239392.000000
8794436.000000
2761210.000000
14220309.000000
8718865.000000
4315869.000000
1987569.000000
287558.000000
6549736.000000
116805.000000
9541329.000000
15055.000000
403789.000000
8422697.000000
8227681.000000
3456958.000000
541937.000000
9983604.000000
11666421.000000
8604600.000000
2560922.000000
379826.000000
431357.000000
949789.000000
9656847.000000
12103344.000000
1639599.000000
6775460.000000
7785649.000000
6734280.000000
5823865.000000
4999235.000000
1058064.000000
333295.000000
614593.000000
8180213.000000
7005506.000000
781239.000000
9425869.000000
771690.000000
10228765.000000
4222771.000000
4681680.000000
9394784.000000
275651.000000
6823898.000000
1556022.000000
11093947.000000
1564464.000000
258186.000000
2041939.000000
3745890.000000
1205914.000000
6209240.000000
1895293.000000
8349033.000000
2700701.000000
2023895.000000
2882259.000000
129908.000000
6232864.000000
6137150.000000
1575687.000000
6190343.000000
4711465.000000
8569984.000000
6317403.000000
400255.000000
5872225.000000
6930799.000000
1295302.000000
2284120.000000
9772746.000000
7219617.000000
2843286.000000
9282692.000000
358116.000000
4202533.000000
9350466.000000
7039995.000000
5336019.000000
7721094.000000
6847719.000000
3568415.000000
24893.000000
4108506.000000
61743.000000
1161033.000000
8866425.000000
9564173.000000
319036.000000
359231.000000
10361471.000000
12322780.000000
7673.000000
8418302.000000
3915524.000000
1465722.000000
105316.000000
2515571.000000
7477057.000000
482660.000000
125510.000000
12682637.000000
5358902.000000
1289121.000000
1673873.000000
3007202.000000
5943257.000000
2075562.000000
9991430.000000
7734656.000000
11625963.000000
150522.000000
143182.000000
2769604.000000
4574372.000000
13534858.000000
7195752.000000
67761.000000
4041073.000000
5385305.000000
226511.000000
9777586.000000
2181520.000000
8319472.000000
4080184.000000
11408819.000000
2064664.000000
2675221.000000
1743819.000000
263686.000000
10434768.000000
7770677.000000
2412357.000000
11755484.000000
238727.000000
4348770.000000
3960687.000000
9837822.000000
473650.000000
204054.000000
6193078.000000
814844.000000
8048041.000000
2240337.000000
4006498.000000
4242475.000000
4396710.000000
1670527.000000
1406565.000000
7047029.000000
7106040.000000
758873.000000
1374227.000000
4947796.000000
7138424.000000
179408.000000
745704.000000
3339673.000000
569523.000000
3444364.000000
164747.000000
63852.000000
1556662.000000
6723723.000000
9601638.000000
6433187.000000
198372.000000
3467128.000000
8106714.000000
12229811.000000
3286487.000000
4351592.000000
3266916.000000
4437698.000000
241230.000000
10950598.000000
166455.000000
6910550.000000
3996884.000000
5872753.000000
102442.000000
2471248.000000
6803455.000000
6004456.000000
5862830.000000
3365832.000000
466315.000000
5973105.000000
1648579.000000
3205588.000000
255297.000000
322662.000000
10000190.000000
5751287.000000
7265008.000000
1818042.000000
9341798.000000
10850503.000000
1644873.000000
12317172.000000
2414189.000000
129450.000000
2563555.000000
2550198.000000
1585476.000000
2490970.000000
3308797.000000
6992513.000000
3266958.000000
12345826.000000
215805.000000
70326.000000
4989519.000000
2884757.000000
11367194.000000
206974.000000
1640938.000000
206205.000000
10657949.000000
281645.000000
2519287.000000
3593548.000000
9740022.000000
1669853.000000
3233548.000000
14082548.000000
6748918.000000
3072428.000000
1685761.000000
3235191.000000
6726035.000000
4766925.000000
835243.000000
73211.000000
2629615.000000
7457157.000000
8669915.000000
1036424.000000
4344491.000000
7839952.000000
2399720.000000
7360379.000000
6890582.000000
4864672.000000
3388086.000000
9288672.000000
12859516.000000
11619857.000000
3235330.000000
3204533.000000
154812.000000
6245854.000000
2124411.000000
7803425.000000
1619041.000000
1532855.000000
4630600.000000
68845.000000
12547416.000000
7236646.000000
1006403.000000
3901015.000000
7106589.000000
1742721.000000
9931144.000000
1193486.000000
1159511.000000
8041735.000000
2410749.000000
7435385.000000
169513.000000
10506225.000000
11996183.000000
5061587.000000
1253652.000000
827661.000000
2547028.000000
5737751.000000
3504319.000000
1201108.000000
7731613.000000
3337129.000000
5176691.000000
3287362.000000
8061687.000000
4343335.000000
7975615.000000
1334025.000000
9867437.000000
7122525.000000
247820.000000
7742963.000000
3249459.000000
1706733.000000
1822216.000000
7769468.000000
1819014.000000
2932971.000000
10763073.000000
8270160.000000
4687699.000000
3792992.000000
1035707.000000
1359018.000000
8473350.000000
4391107.000000
11138536.000000
3417050.000000
8285487.000000
6269128.000000
1800679.000000
6792488.000000
3107242.000000
11737303.000000
5140602.000000
5741590.000000
9920848.000000
4614729.000000
468958.000000
2219352.000000
9416586.000000
7450888.000000
92511.000000
10227403.000000
795036.000000
405744.000000
135592.000000
884286.000000
5393028.000000
2437942.000000
7198605.000000
5651365.000000
2613267.000000
4397306.000000
10798402.000000
989907.000000
1840951.000000
7356875.000000
275773.000000
8710757.000000
13917259.000000
2297775.000000
134859.000000
1515106.000000
5745052.000000
8315546.000000
5245389.000000
8543538.000000
4854826.000000
11387028.000000
4693788.000000
700648.000000
1596272.000000
1328097.000000
883561.000000
6662539.000000
363692.000000
275451.000000
9295146.000000
948277.000000
1500329.000000
2194752.000000
5672532.000000
565989.000000
8883057.000000
6993226.000000
4962487.000000
2489808.000000
7684195.000000
162851.000000
8449046.000000
11007816.000000
1436982.000000
6364646.000000
209875.000000
13287291.000000
1477593.000000
4037525.000000
6257069.000000
1450846.000000
1173676.000000
434875.000000
3595100.000000
218013.000000
4421688.000000
9026315.000000
233253.000000
7021387.000000
11237735.000000
4919495.000000
8629471.000000
7343605.000000
264862.000000
8500715.000000
381769.000000
11340678.000000
9599952.000000
9589777.000000
6877337.000000
9156644.000000
476596.000000
1046294.000000
2702337.000000
4405759.000000
4399654.000000
1760518.000000
8727461.000000
2243663.000000
3297054.000000
9139184.000000
3639664.000000
3315165.000000
5931670.000000
2940422.000000
259525.000000
851819.000000
2322631.000000
117440.000000
1010742.000000
194401.000000
6836169.000000
8846688.000000
6222243.000000
1491945.000000
31434.000000
10001147.000000
6862779.000000
6258280.000000
2292709.000000
9000702.000000
6686357.000000
5496471.000000
3940605.000000
3648025.000000
325135.000000
293578.000000
8490960.000000
1339071.000000
6599818.000000
243029.000000
5813221.000000
28056.000000
66036.000000
8944824.000000
105033.000000
3929254.000000
921791.000000
192328.000000
527140.000000
1776945.000000
7247980.000000
385650.000000
10639046.000000
4951195.000000
3775036.000000
11016210.000000
232765.000000
3015823.000000
6066386.000000
7029958.000000
4130816.000000
6713582.000000
7218360.000000
1304454.000000
4163076.000000
3695137.000000
3756874.000000
6005821.000000
1652921.000000
3863822.000000
67869.000000
3808260.000000
10076257.000000
30596.000000
2102379.000000
3732480.000000
9449539.000000
4634703.000000
8060545.000000
703471.000000
2106347.000000
11140607.000000
150527.000000
1029970.000000
2964145.000000
757438.000000
4729312.000000
9094326.000000
10621712.000000
768581.000000
7356176.000000
9466018.000000
3889289.000000
686332.000000
986392.000000
7644149.000000
342114.000000
201232.000000
3083594.000000
2069781.000000
5440654.000000
7658485.000000
6950756.000000
457734.000000
6175918.000000
8561220.000000
824170.000000
11393163.000000
2133338.000000
3780050.000000
9020205.000000
9683110.000000
6496326.000000
3475320.000000
8677664.000000
99285.000000
5501752.000000
6770884.000000
8519957.000000
300155.000000
3073576.000000
6489810.000000
116626.000000
82376.000000
7102059.000000
8984212.000000
5507663.000000
9823971.000000
7636844.000000
3243788.000000
9020364.000000
1530407.000000
6515143.000000
2117330.000000
6616014.000000
1679901.000000
10584385.000000
654189.000000
10117076.000000
12631430.000000
7913736.000000
2707311.000000
6645851.000000
9691717.000000
282967.000000
11545779.000000
538297.000000
10719017.000000
241985.000000
661616.000000
949539.000000
4844722.000000
1035206.000000
6178101.000000
12664758.000000
7763961.000000
6728429.000000
7504540.000000
231799.000000
632499.000000
11693310.000000
1321339.000000
642644.000000
6432950.000000
9906323.000000
8728323.000000
9018146.000000
3224857.000000
7637057.000000
6998578.000000
9819486.000000
7985242.000000
22932.000000
3398066.000000
118378.000000
383221.000000
3696878.000000
1413987.000000
8147466.000000
12375195.000000
11445583.000000
10168750.000000
113980.000000
3604909.000000
4056456.000000
2729719.000000
1586014.000000
7705095.000000
4748416.000000
1376031.000000
7558182.000000
9431502.000000
7742299.000000
6569937.000000
5569369.000000
779989.000000
1134951.000000
473287.000000
1430752.000000
3760059.000000
7189556.000000
6829864.000000
12269568.000000
7960278.000000
4115603.000000
6639048.000000
5702729.000000
158527.000000
6067357.000000
3820327.000000
9855721.000000
436854.000000
6084036.000000
10226589.000000
1850063.000000
4895986.000000
1045252.000000
6349184.000000
9589381.000000
3097695.000000
5954809.000000
3166754.000000
12144373.000000
10113506.000000
14495.000000
4517200.000000
1625162.000000
25246.000000
6923200.000000
4365825.000000
5492681.000000
6661989.000000
4587806.000000
12341578.000000
1857674.000000
9915305.000000
98064.000000
9174179.000000
3202989.000000
2986160.000000
689148.000000
1510459.000000
7932880.000000
4525225.000000
3909286.000000
95538.000000
8138126.000000
600044.000000
5565689.000000
215013.000000
6947565.000000
1649681.000000
7815243.000000
6836724.000000
6836988.000000
707600.000000
5682717.000000
358647.000000
6457356.000000
11526717.000000
182077.000000
7794977.000000
5970685.000000
5443432.000000
137491.000000
8215875.000000
8695383.000000
645044.000000
586492.000000
10060979.000000
5705561.000000
355682.000000
430463.000000
4786755.000000
8249280.000000
1714645.000000
10240204.000000
1288476.000000
712288.000000
1143816.000000
7030319.000000
554621.000000
6727961.000000
70060.000000
8792627.000000
591127.000000
6143091.000000
9506893.000000
325474.000000
8450953.000000
6884270.000000
1061527.000000
7620565.000000
5383275.000000
4005290.000000
4623110.000000
106948.000000
847553.000000
392827.000000
6221626.000000
103652.000000
718278.000000
9865090.000000
530119.000000
4797471.000000
12536286.000000
9522622.000000
5669585.000000
1263305.000000
8217384.000000
893362.000000
6267745.000000
3292775.000000
3331960.000000
854763.000000
8015991.000000
6332541.000000
26841.000000
23682.000000
8358051.000000
2374100.000000
8370.000000
8974507.000000
5561747.000000
3719759.000000
329875.000000
1858302.000000
5714230.000000
3872373.000000
5602426.000000
643636.000000
511069.000000
8275208.000000
5360839.000000
4634737.000000
7699959.000000
6526769.000000
4341227.000000
8413844.000000
9290877.000000
2871666.000000
2873533.000000
8270565.000000
5052180.000000
1063725.000000
10324469.000000
644125.000000
8133103.000000
7631804.000000
3585312.000000
727784.000000
3988578.000000
4565683.000000
23465.000000
2920091.000000
3558279.000000
3250008.000000
2406389.000000
6701869.000000
13451971.000000
5278971.000000
1108980.000000
776816.000000
8414143.000000
5431495.000000
5805627.000000
7273612.000000
260388.000000
4469264.000000
2728905.000000
7648860.000000
4306173.000000
2937743.000000
394950.000000
8222299.000000
444346.000000
6645679.000000
1151049.000000
10266001.000000
387935.000000
1395498.000000
12793343.000000
2542303.000000
661439.000000
4808723.000000
1871151.000000
5048977.000000
2845271.000000
161467.000000
6544995.000000
5831278.000000
4927470.000000
8728886.000000
5119419.000000
6547455.000000
9408528.000000
232310.000000
3152220.000000
5658850.000000
7964349.000000
614101.000000
917546.000000
6492219.000000
9149582.000000
3398393.000000
2569486.000000
2241875.000000
8868844.000000
318642.000000
9617848.000000
8449025.000000
7378752.000000
4873678.000000
2235817.000000
4039854.000000
7565163.000000
2621993.000000
2075610.000000
10243208.000000
9532643.000000
10195434.000000
4795061.000000
105663.000000
9368317.000000
11766658.000000
2670021.000000
7384444.000000
10068248.000000
10956523.000000
7506630.000000
4399321.000000
118286.000000
6331899.000000
9564007.000000
7133484.000000
1060225.000000
4623923.000000
7059506.000000
5354299.000000
11660991.000000
2614797.000000
1971946.000000
459197.000000
9377416.000000
1083217.000000
91717.000000
7192229.000000
3249904.000000
12352617.000000
2789480.000000
9529814.000000
1593561.000000
9707512.000000
6543388.000000
9696589.000000
9572675.000000
26254.000000
6658048.000000
395667.000000
1949553.000000
822785.000000
225542.000000
7886592.000000
671851.000000
9927961.000000
6526526.000000
602733.000000
222112.000000
1407824.000000
7159197.000000
6593148.000000
3447712.000000
4812736.000000
183053.000000
5478064.000000
4876080.000000
513528.000000
6426280.000000
226467.000000
13045060.000000
3865306.000000
8521761.000000
3517017.000000
8634755.000000
1306830.000000
3419523.000000
5892448.000000
9446706.000000
1682826.000000
1190956.000000
7320352.000000
1588535.000000
1703446.000000
25090.000000
10783987.000000
12425501.000000
4587109.000000
11666601.000000
1318597.000000
351914.000000
12727124.000000
10228856.000000
3518827.000000
5023964.000000
3174885.000000
2719199.000000
1214150.000000
8805865.000000
9493942.000000
701477.000000
4061930.000000
11543505.000000
7749614.000000
9264813.000000
240960.000000
15855.000000
467773.000000
3831403.000000
9208931.000000
554907.000000
266003.000000
3447616.000000
404699.000000
1664097.000000
8852047.000000
270146.000000
483176.000000
8496173.000000
103675.000000
5124445.000000
6883725.000000
5517573.000000
1892720.000000
205788.000000
5473663.000000
12627497.000000
7842506.000000
480755.000000
8724137.000000
7069739.000000
5746405.000000
523806.000000
8131712.000000
13091420.000000
183635.000000
9870686.000000
3146957.000000
2373542.000000
324082.000000
9138112.000000
7588201.000000
11461107.000000
603177.000000
2552858.000000
6985636.000000
400872.000000
7735252.000000
663667.000000
4030319.000000
4376613.000000
4954768.000000
4457561.000000
1628605.000000
2291480.000000
1993941.000000
1672648.000000
5209154.000000
6343998.000000
1971950.000000
2030548.000000
5355082.000000
10987430.000000
7338163.000000
4238237.000000
756470.000000
1084260.000000
103915.000000
11265167.000000
252429.000000
1735963.000000
4826424.000000
10504524.000000
602748.000000
1987530.000000
1988296.000000
692378.000000
6243907.000000
6818184.000000
1460765.000000
2571009.000000
4824458.000000
9898126.000000
8210297.000000
6361155.000000
6045159.000000
4691909.000000
8795164.000000
80131.000000
3478195.000000
9694366.000000
4812783.000000
3425426.000000
4584438.000000
8877810.000000
305097.000000
5207866.000000
3596586.000000
4829233.000000
68620.000000
4324417.000000
1069519.000000
580648.000000
5640337.000000
4938862.000000
695229.000000
361527.000000
10566131.000000
5793475.000000
4760758.000000
10521135.000000
7215249.000000
2804655.000000
33100.000000
127618.000000
4738883.000000
385637.000000
7689932.000000
9424586.000000
2907477.000000
1085897.000000
13083173.000000
7269109.000000
1047578.000000
10202256.000000
561579.000000
1889834.000000
1003511.000000
7829465.000000
9963789.000000
2985262.000000
5747202.000000
90651.000000
538090.000000
88314.000000
490735.000000
10001768.000000
4992896.000000
7429834.000000
4421342.000000
1228360.000000
5260911.000000
9741758.000000
9704013.000000
1196612.000000
10316508.000000
5422260.000000
10066679.000000
4666562.000000
1571030.000000
4871316.000000
7342407.000000
12599477.000000
447185.000000
7112190.000000
2979346.000000
8297399.000000
1086830.000000
6938539.000000
3907374.000000
7932284.000000
570217.000000
5664604.000000
13136051.000000
3773414.000000
3747936.000000
1407444.000000
19581.000000
6797602.000000
748691.000000
2376445.000000
618969.000000
1681333.000000
204610.000000
5718987.000000
2537581.000000
7224284.000000
1353381.000000
662415.000000
4021093.000000
398642.000000
13015422.000000
5713982.000000
606899.000000
5572866.000000
4413769.000000
5301537.000000
418616.000000
9764283.000000
376746.000000
11794377.000000
814468.000000
898933.000000
3330801.000000
1777783.000000
7888114.000000
5122200.000000
4126606.000000
10349256.000000
7485381.000000
6593758.000000
1390669.000000
2039538.000000
1497039.000000
6893639.000000
9231612.000000
73319.000000
3274876.000000
1060543.000000
7940530.000000
5860557.000000
5575386.000000
8749211.000000
1048504.000000
7955234.000000
250530.000000
9738637.000000
8411849.000000
10820845.000000
75444.000000
9916381.000000
1196393.000000
10003189.000000
889519.000000
342758.000000
3694533.000000
1740079.000000
4159623.000000
9588570.000000
3756748.000000
421674.000000
26471.000000
1110501.000000
1384777.000000
3537666.000000
809892.000000
67807.000000
5500118.000000
12085831.000000
2018475.000000
6535212.000000
10883137.000000
658446.000000
5430248.000000
572391.000000
7424950.000000
9901745.000000
7354565.000000
6189092.000000
592159.000000
442137.000000
13261751.000000
2027284.000000
1507259.000000
2001796.000000
5547023.000000
1314658.000000
6877848.000000
6078870.000000
7773895.000000
8180233.000000
639410.000000
556480.000000
4841765.000000
1089953.000000
9682743.000000
3816059.000000
5226152.000000
2616289.000000
13397739.000000
7707009.000000
3551145.000000
8206843.000000
5204365.000000
149763.000000
27336.000000
1394814.000000
106914.000000
12034838.000000
2749608.000000
4408555.000000
4932399.000000
319953.000000
10449100.000000
544221.000000
222188.000000
5266724.000000
5896170.000000
7371123.000000
4034770.000000
7543665.000000
1955786.000000
367602.000000
932927.000000
126959.000000
7291997.000000
268987.000000
2601049.000000
5426242.000000
4820759.000000
5247765.000000
9536047.000000
6189730.000000
7970953.000000
11425459.000000
5523905.000000
4713978.000000
2786914.000000
3434909.000000
2718644.000000
929010.000000
148779.000000
6683776.000000
575134.000000
6756200.000000
3756327.000000
26193.000000
330304.000000
5580741.000000
4513613.000000
4982089.000000
3349000.000000
1740546.000000
13069146.000000
6672674.000000
8224999.000000
619450.000000
7663094.000000
5412117.000000
536897.000000
10249584.000000
5770166.000000
3524929.000000
60640.000000
9294278.000000
2183276.000000
3700051.000000
2287866.000000
5519527.000000
957277.000000
7044901.000000
6425551.000000
5041967.000000
7480592.000000
9506595.000000
11461280.000000
6427589.000000
3040989.000000
7172837.000000
1808264.000000
7040877.000000
1230490.000000
6877369.000000
2296024.000000
6932148.000000
1078434.000000
1113187.000000
9275528.000000
1261236.000000
10386319.000000
3859245.000000
291517.000000
8960202.000000
7095592.000000
5551964.000000
119852.000000
5467419.000000
2502143.000000
2552281.000000
1913839.000000
4310698.000000
3651680.000000
11464768.000000
5736917.000000
754296.000000
12086639.000000
3646983.000000
6220552.000000
4916223.000000
762436.000000
580462.000000
7061054.000000
205895.000000
6543298.000000
4717930.000000
5231601.000000
4740277.000000
285091.000000
1211483.000000
5519775.000000
519154.000000
3861776.000000
8815079.000000
398105.000000
6950920.000000
5062161.000000
4886560.000000
6568767.000000
9026518.000000
2404209.000000
8220548.000000
9991755.000000
863777.000000
6375808.000000
784366.000000
8204634.000000
9500652.000000
6486122.000000
3861969.000000
586387.000000
944906.000000
11609446.000000
5036050.000000
1696749.000000
5177661.000000
9278483.000000
11191035.000000
483009.000000
2460497.000000
8537237.000000
3057654.000000
3055790.000000
1986825.000000
3742590.000000
2695116.000000
836648.000000
1049220.000000
1853664.000000
364683.000000
730086.000000
11956685.000000
317049.000000
143773.000000
212301.000000
11204378.000000
6251872.000000
4973273.000000
3101714.000000
4793852.000000
344440.000000
298603.000000
8371709.000000
10358829.000000
3453795.000000
4220414.000000
4175000.000000
3191947.000000
10035725.000000
9094157.000000
9494571.000000
396681.000000
517698.000000
2233288.000000
143422.000000
4916586.000000
2444549.000000
887561.000000
1553013.000000
12863741.000000
6013524.000000
3648827.000000
1042585.000000
2398214.000000
641301.000000
3758100.000000
5600675.000000
1378669.000000
284601.000000
5252119.000000
922336.000000
5802058.000000
635412.000000
11558197.000000
14363694.000000
4447899.000000
8292271.000000
4378959.000000
2285804.000000
603150.000000
3937456.000000
380814.000000
1399128.000000
801761.000000
10459237.000000
4770977.000000
1540842.000000
1742202.000000
732911.000000
6783565.000000
9063816.000000
9437156.000000
373173.000000
6664222.000000
3179012.000000
5646503.000000
182690.000000
3761380.000000
8915393.000000
7336555.000000
2689128.000000
2503662.000000
2904622.000000
3087342.000000
2649252.000000
348811.000000
6747041.000000
1164737.000000
6075649.000000
16711.000000
2893145.000000
6744058.000000
6640763.000000
8060460.000000
10347273.000000
130365.000000
7110410.000000
2290375.000000
2451494.000000
6565902.000000
11098572.000000
3856079.000000
5328275.000000
1805715.000000
960891.000000
2163271.000000
9339877.000000
10305848.000000
11910343.000000
587721.000000
10704459.000000
5185109.000000
376465.000000
8734428.000000
2068743.000000
1790512.000000
775644.000000
9782745.000000
3993052.000000
358663.000000
3949311.000000
9169884.000000
9574182.000000
4462073.000000
1226288.000000
9817094.000000
9571188.000000
5027132.000000
520596.000000
7357730.000000
7419362.000000
1634191.000000
12151637.000000
3029015.000000
8180571.000000
1314317.000000
5194032.000000
3652388.000000
2719233.000000
1275246.000000
4060165.000000
2739345.000000
9014249.000000
2788111.000000
913961.000000
9635480.000000
9412964.000000
11278904.000000
655537.000000
5979328.000000
3343459.000000
175706.000000
7212382.000000
6123482.000000
7319124.000000
7783054.000000
12860955.000000
9518445.000000
9671686.000000
3542832.000000
1584944.000000
9625362.000000
9773550.000000
3243158.000000
542838.000000
1823969.000000
3509152.000000
7538566.000000
8510173.000000
11286116.000000
5534565.000000
12427852.000000
7273318.000000
353436.000000
11591246.000000
4182037.000000
124973.000000
8916293.000000
4670314.000000
11049151.000000
3264697.000000
1414679.000000
188860.000000
942736.000000
4919784.000000
4003020.000000
10604209.000000
7227183.000000
7817903.000000
2863774.000000
10170078.000000
3387943.000000
1147276.000000
10428131.000000
3090426.000000
9219992.000000
1954320.000000
1716421.000000
5909364.000000
2002682.000000
669694.000000
4392866.000000
3095439.000000
10120463.000000
13369590.000000
8361983.000000
10881084.000000
9762782.000000
1518925.000000
1542732.000000
11560298.000000
2321280.000000
13139707.000000
920941.000000
678767.000000
5599715.000000
6636223.000000
796799.000000
3511530.000000
2230543.000000
1360465.000000
11227740.000000
164707.000000
1234053.000000
5420544.000000
8406699.000000
5343979.000000
176086.000000
1983196.000000
8746620.000000
76710.000000
2694292.000000
874653.000000
3240259.000000
1914432.000000
4855886.000000
3412521.000000
669839.000000
1484961.000000
770010.000000
8948402.000000
6060697.000000
445738.000000
322349.000000
4234924.000000
85580.000000
6048296.000000
866449.000000
324089.000000
9153812.000000
8292870.000000
2817749.000000
12419077.000000
9521909.000000
2496871.000000
2689411.000000
2425360.000000
6006002.000000
1263557.000000
9171574.000000
383921.000000
3615724.000000
2408055.000000
7719478.000000
3922203.000000
6976624.000000
3938505.000000
10363267.000000
545361.000000
6762319.000000
1339335.000000
6965275.000000
1861656.000000
3489419.000000
6297624.000000
101858.000000
9323630.000000
4474719.000000
1397506.000000
5387053.000000
10123569.000000
8159029.000000
3427640.000000
6379268.000000
4668532.000000
1347007.000000
11626658.000000
8861359.000000
343457.000000
7883551.000000
2357839.000000
5607478.000000
6128683.000000
4851557.000000
122731.000000
4794662.000000
2408889.000000
10150217.000000
1293800.000000
10104306.000000
4491310.000000
87722.000000
7178317.000000
677069.000000
12267284.000000
11936856.000000
4046861.000000
4707495.000000
8069168.000000
6201913.000000
6363433.000000
1746030.000000
956515.000000
527615.000000
7047956.000000
9221078.000000
100412.000000
599456.000000
3223186.000000
9413776.000000
5038581.000000
411744.000000
7403877.000000
210266.000000
1559857.000000
2874240.000000
2209254.000000
3709836.000000
3835562.000000
11985800.000000
5026144.000000
758108.000000
9979925.000000
847960.000000
10325188.000000
7046804.000000
5520935.000000
2263672.000000
5341014.000000
6928490.000000
5157839.000000
8950688.000000
3028832.000000
192909.000000
113868.000000
4674531.000000
650143.000000
4684918.000000
5807219.000000
13399827.000000
23494.000000
4249535.000000
2566202.000000
158130.000000
3870861.000000
9989433.000000
9087744.000000
7159596.000000
348555.000000
5942382.000000
6495191.000000
5373397.000000
5071449.000000
12931191.000000
171609.000000
5370528.000000
1037238.000000
9511395.000000
9548825.000000
640511.000000
9776135.000000
85043.000000
256580.000000
4390778.000000
204582.000000
308282.000000
14278201.000000
8500526.000000
6848083.000000
2422196.000000
6390882.000000
1713173.000000
571387.000000
539204.000000
7192239.000000
2381530.000000
2288721.000000
4883541.000000
10021965.000000
507281.000000
6861439.000000
7252183.000000
84582.000000
6094924.000000
4040902.000000
1705797.000000
7346286.000000
773224.000000
7109142.000000
928468.000000
864437.000000
1152117.000000
11465123.000000
10321615.000000
1339370.000000
426153.000000
1769303.000000
575019.000000
3967255.000000
3918456.000000
10911832.000000
8798608.000000
4383451.000000
458873.000000
3562469.000000
4918331.000000
3415409.000000
9405058.000000
2945895.000000
1505446.000000
2570709.000000
850626.000000
383603.000000
5374208.000000
1955768.000000
6697625.000000
7393620.000000
2038688.000000
6955072.000000
9778785.000000
91238.000000
396185.000000
639770.000000
4417323.000000
2301214.000000
7020328.000000
3690744.000000
5791556.000000
2828869.000000
9759512.000000
12606899.000000
4152614.000000
4489159.000000
10713686.000000
7852034.000000
8757338.000000
898597.000000
3076998.000000
1033227.000000
203419.000000
275924.000000
640089.000000
182375.000000
4695750.000000
1954919.000000
4030856.000000
4108158.000000
8441652.000000
1963814.000000
4981522.000000
6967850.000000
4910735.000000
1416051.000000
338449.000000
9818185.000000
7186167.000000
8825567.000000
9037252.000000
7684084.000000
8145885.000000
486887.000000
8483462.000000
2943138.000000
13493196.000000
9942460.000000
4118655.000000
2273459.000000
498083.000000
5789099.000000
1408297.000000
663749.000000
8784989.000000
176173.000000
541386.000000
9110079.000000
2428938.000000
10235766.000000
1374827.000000
6857870.000000
4375321.000000
8727461.000000
5653532.000000
4976147.000000
897912.000000
3723018.000000
8412470.000000
361081.000000
1222624.000000
3055901.000000
1536024.000000
3297739.000000
455299.000000
230946.000000
600854.000000
1432513.000000
12641410.000000
6165526.000000
5157609.000000
