0.000000
0.000000
0.000000
0.000000
0.000000
0.000000
0.000000
0.000000
0.000000
0.000000
0.000000
0.000000
0.000000
0.000000
0.000000
0.000000
0.000000
0.000000
0.000000
0.000000
0.000000
0.000000
0.000000
0.000000
0.000000
0.000000
0.000000
0.000000
0.000000
0.000000
0.000000
0.000000
0.000000
0.000000
0.000000
0.000000
0.000000
0.000000
0.000000
0.000000
0.000000
0.000000
0.000000
0.000000
0.000000
0.000000
0.000000
0.000000
0.000000
0.000000
0.000000
0.000000
0.000000
0.000000
0.000000
0.000000
0.000000
0.000000
0.000000
0.000000
0.000000
0.000000
0.000000
0.000000
0.000000
0.000000
0.000000
0.000000
0.000000
0.000000
0.000000
0.000000
0.000000
0.000000
0.000000
0.000000
0.000000
0.000000
0.000000
0.000000
0.000000
0.000000
0.000000
0.000000
0.000000
0.000000
0.000000
0.000000
0.000000
0.000000
0.000000
0.000000
0.000000
0.000000
0.000000
0.000000
0.000000
0.000000
0.000000
0.000000
0.000000
0.000000
0.000000
0.000000
0.000000
0.000000
0.000000
0.000000
0.000000
0.000000
0.000000
0.000000
0.000000
0.000000
0.000000
0.000000
0.000000
0.000000
0.000000
0.000000
0.000000
0.000000
0.000000
0.000000
0.000000
0.000000
0.000000
0.000000
0.000000
0.000000
0.000000
0.000000
0.000000
0.000000
0.000000
0.000000
0.000000
0.000000
0.000000
0.000000
0.000000
0.000000
0.000000
0.000000
0.000000
0.000000
0.000000
0.000000
0.000000
0.000000
0.000000
0.000000
0.000000
0.000000
0.000000
0.000000
0.000000
0.000000
0.000000
0.000000
0.000000
0.000000
0.000000
0.000000
0.000000
0.000000
0.000000
0.000000
0.000000
0.000000
0.000000
0.000000
0.000000
0.000000
0.000000
0.000000
0.000000
0.000000
0.000000
0.000000
0.000000
0.000000
0.000000
0.000000
0.000000
0.000000
0.000000
0.000000
0.000000
0.000000
0.000000
0.000000
0.000000
0.000000
0.000000
0.000000
0.000000
0.000000
0.000000
0.000000
0.000000
0.000000
0.000000
0.000000
0.000000
0.000000
0.000000
0.000000
0.000000
0.000000
0.000000
0.000000
0.000000
0.000000
0.000000
0.000000
0.000000
0.000000
0.000000
0.000000
0.000000
0.000000
0.000000
0.000000
0.000000
0.000000
0.000000
0.000000
0.000000
0.000000
0.000000
0.000000
0.000000
0.000000
0.000000
0.000000
0.000000
0.000000
0.000000
0.000000
0.000000
0.000000
0.000000
0.000000
0.000000
0.000000
0.000000
0.000000
0.000000
0.000000
0.000000
0.000000
0.000000
0.000000
0.000000
0.000000
0.000000
0.000000
0.000000
0.000000
0.000000
0.000000
0.000000
0.000000
0.000000
0.000000
0.000000
0.000000
0.000000
0.000000
0.000000
0.000000
0.000000
0.000000
0.000000
0.000000
0.000000
0.000000
0.000000
0.000000
0.000000
0.000000
0.000000
0.000000
0.000000
0.000000
0.000000
0.000000
0.000000
0.000000
0.000000
0.000000
0.000000
0.000000
0.000000
0.000000
0.000000
0.000000
0.000000
0.000000
0.000000
0.000000
0.000000
0.000000
0.000000
0.000000
0.000000
0.000000
0.000000
0.000000
0.000000
0.000000
0.000000
0.000000
0.000000
0.000000
0.000000
0.000000
0.000000
0.000000
0.000000
0.000000
0.000000
0.000000
0.000000
0.000000
0.000000
0.000000
0.000000
0.000000
0.000000
0.000000
0.000000
0.000000
0.000000
0.000000
0.000000
0.000000
0.000000
0.000000
0.000000
0.000000
0.000000
0.000000
0.000000
0.000000
0.000000
0.000000
0.000000
0.000000
0.000000
0.000000
0.000000
0.000000
0.000000
0.000000
0.000000
0.000000
0.000000
0.000000
0.000000
0.000000
0.000000
0.000000
0.000000
0.000000
0.000000
0.000000
0.000000
0.000000
0.000000
0.000000
0.000000
0.000000
0.000000
0.000000
0.000000
0.000000
0.000000
0.000000
0.000000
0.000000
0.000000
0.000000
0.000000
0.000000
0.000000
0.000000
0.000000
0.000000
0.000000
0.000000
0.000000
0.000000
0.000000
1202355.000000
745976.000000
642928.000000
546575.000000
745751.000000
830002.000000
720384.000000
584017.000000
697250.000000
637237.000000
807836.000000
556864.000000
789529.000000
609784.000000
730300.000000
907355.000000
552001.000000
779978.000000
735782.000000
136709.000000
837158.000000
771769.000000
644187.000000
656482.000000
631999.000000
678241.000000
758475.000000
716498.000000
814899.000000
641960.000000
567601.000000
702866.000000
668730.000000
528355.000000
731042.000000
740430.000000
724543.000000
771611.000000
700457.000000
719255.000000
289793.000000
271094.000000
590339.000000
696612.000000
846958.000000
676066.000000
587584.000000
665179.000000
692231.000000
691734.000000
660649.000000
858177.000000
735250.000000
761660.000000
699578.000000
627147.000000
664677.000000
743118.000000
389102.000000
292701.000000
630730.000000
759707.000000
551175.000000
617073.000000
825684.000000
738345.000000
223654.000000
797508.000000
685392.000000
697510.000000
715939.000000
536885.000000
347075.000000
621817.000000
645280.000000
662474.000000
564030.000000
658602.000000
656467.000000
322299.000000
740585.000000
714351.000000
749205.000000
115024.000000
744910.000000
755801.000000
122413.000000
704032.000000
665373.000000
652589.000000
119830.000000
690011.000000
770342.000000
662674.000000
674776.000000
673665.000000
110125.000000
623627.000000
642800.000000
529578.000000
644917.000000
632364.000000
701708.000000
111626.000000
814623.000000
709914.000000
612346.000000
636653.000000
702689.000000
320853.000000
389027.000000
798096.000000
690301.000000
605332.000000
690053.000000
583208.000000
911697.000000
100752.000000
444854.000000
728547.000000
631199.000000
808634.000000
583073.000000
777177.000000
780232.000000
607980.000000
614468.000000
311607.000000
346005.000000
633623.000000
722167.000000
671921.000000
688443.000000
661169.000000
688648.000000
612212.000000
653565.000000
570889.000000
669954.000000
705932.000000
624768.000000
748702.000000
462783.000000
472858.000000
686195.000000
769114.000000
213572.000000
798910.000000
717917.000000
682131.000000
721277.000000
779368.000000
289528.000000
776793.000000
835953.000000
565566.000000
670785.000000
826062.000000
751287.000000
758096.000000
683729.000000
360801.000000
740573.000000
717051.000000
374100.000000
358980.000000
678220.000000
620090.000000
658897.000000
658878.000000
780976.000000
272825.000000
552134.000000
634245.000000
623322.000000
236043.000000
138560.000000
574922.000000
739942.000000
545631.000000
670798.000000
794437.000000
794817.000000
724202.000000
704260.000000
841325.000000
617506.000000
660549.000000
497084.000000
618626.000000
597079.000000
795398.000000
695012.000000
717564.000000
744634.000000
617052.000000
750101.000000
504148.000000
695202.000000
709246.000000
713558.000000
732899.000000
647748.000000
748798.000000
629765.000000
807000.000000
256980.000000
453675.000000
715089.000000
560703.000000
763700.000000
711073.000000
745967.000000
668103.000000
778564.000000
205392.000000
871333.000000
632067.000000
774218.000000
683734.000000
568572.000000
715420.000000
764797.000000
553695.000000
759568.000000
728667.000000
528884.000000
606254.000000
460853.000000
648026.000000
686280.000000
688346.000000
656664.000000
687502.000000
747485.000000
785448.000000
655615.000000
650890.000000
683464.000000
373146.000000
587721.000000
566774.000000
783545.000000
471137.000000
755151.000000
725234.000000
740707.000000
630978.000000
129307.000000
677269.000000
793706.000000
604299.000000
524108.000000
776903.000000
620780.000000
742358.000000
740430.000000
741714.000000
590675.000000
675970.000000
90435.000000
588523.000000
726491.000000
673474.000000
545538.000000
729852.000000
651297.000000
680328.000000
70812.000000
793036.000000
633790.000000
663447.000000
672026.000000
484584.000000
724770.000000
542275.000000
709520.000000
809903.000000
808217.000000
654901.000000
810166.000000
644549.000000
757383.000000
695787.000000
813905.000000
780984.000000
755042.000000
591339.000000
885065.000000
697705.000000
556028.000000
757060.000000
123461.000000
777900.000000
782279.000000
335431.000000
634814.000000
623520.000000
581085.000000
765125.000000
621388.000000
697774.000000
675306.000000
541352.000000
570536.000000
441428.000000
139078.000000
747937.000000
737662.000000
652991.000000
853104.000000
598918.000000
756673.000000
820292.000000
652739.000000
663806.000000
407766.000000
701342.000000
643945.000000
441555.000000
672012.000000
835153.000000
258209.000000
833767.000000
779132.000000
724166.000000
658360.000000
777252.000000
630412.000000
289412.000000
718305.000000
129265.000000
687990.000000
15222.000000
366504.000000
743871.000000
767565.000000
668135.000000
400270.000000
676133.000000
725019.000000
574740.000000
777956.000000
320414.000000
398135.000000
527414.000000
695169.000000
728528.000000
720818.000000
688376.000000
698794.000000
825515.000000
655416.000000
747553.000000
515158.000000
310868.000000
393260.000000
670901.000000
729869.000000
510507.000000
668818.000000
509575.000000
679821.000000
473298.000000
697112.000000
738245.000000
289341.000000
657234.000000
600894.000000
911584.000000
681014.000000
277890.000000
811457.000000
721246.000000
625903.000000
728896.000000
705046.000000
857353.000000
539474.000000
725660.000000
642310.000000
115228.000000
605596.000000
775498.000000
693657.000000
860413.000000
550157.000000
648667.000000
668570.000000
369829.000000
617294.000000
775703.000000
675528.000000
518050.000000
670909.000000
583792.000000
640153.000000
695810.000000
321576.000000
759869.000000
645717.000000
693888.000000
695631.000000
803211.000000
749687.000000
862722.000000
29201.000000
668381.000000
96996.000000
717422.000000
666903.000000
793699.000000
307248.000000
290139.000000
752689.000000
805709.000000
8187.000000
670576.000000
595758.000000
707431.000000
102207.000000
621254.000000
720640.000000
348803.000000
113682.000000
730125.000000
648699.000000
570004.000000
589131.000000
566268.000000
756413.000000
738364.000000
715707.000000
833464.000000
725055.000000
173148.000000
158649.000000
602380.000000
734908.000000
877386.000000
800741.000000
54524.000000
594334.000000
653626.000000
204432.000000
695992.000000
726081.000000
773938.000000
691201.000000
814599.000000
698204.000000
670958.000000
597095.000000
241553.000000
811914.000000
793445.000000
855450.000000
649130.000000
215530.000000
779399.000000
812328.000000
698434.000000
443434.000000
245000.000000
765317.000000
482670.000000
772376.000000
784535.000000
646083.000000
731028.000000
793899.000000
601610.000000
651727.000000
669258.000000
626148.000000
521190.000000
595054.000000
657951.000000
689680.000000
181777.000000
471353.000000
731447.000000
465958.000000
643200.000000
169095.000000
57613.000000
643537.000000
840251.000000
808513.000000
677714.000000
214307.000000
718419.000000
593975.000000
702720.000000
680150.000000
730312.000000
667718.000000
754761.000000
224213.000000
612887.000000
164150.000000
737787.000000
737028.000000
699928.000000
124178.000000
747960.000000
791584.000000
689833.000000
737148.000000
731546.000000
404671.000000
764469.000000
519901.000000
693300.000000
272819.000000
295713.000000
858398.000000
716731.000000
630317.000000
642325.000000
802933.000000
723303.000000
632306.000000
692314.000000
584511.000000
166547.000000
732526.000000
724171.000000
728063.000000
594900.000000
586171.000000
654201.000000
598088.000000
824477.000000
235476.000000
81467.000000
608573.000000
710823.000000
711906.000000
237793.000000
712181.000000
225801.000000
661918.000000
284794.000000
551484.000000
704866.000000
782283.000000
641128.000000
629854.000000
762583.000000
773872.000000
764399.000000
634253.000000
746456.000000
562686.000000
757456.000000
545426.000000
77118.000000
756813.000000
742963.000000
814578.000000
482315.000000
773822.000000
678757.000000
550918.000000
649391.000000
702935.000000
663868.000000
648777.000000
689793.000000
774183.000000
706425.000000
760729.000000
645071.000000
150321.000000
795117.000000
643317.000000
816382.000000
686927.000000
564649.000000
648182.000000
68500.000000
713099.000000
664368.000000
577924.000000
687400.000000
599957.000000
636650.000000
760942.000000
661050.000000
674916.000000
717557.000000
677827.000000
636757.000000
162583.000000
832434.000000
692921.000000
673983.000000
587257.000000
551552.000000
752700.000000
744565.000000
776955.000000
685564.000000
776903.000000
763418.000000
612445.000000
657861.000000
720322.000000
725002.000000
725538.000000
676632.000000
752426.000000
703428.000000
228668.000000
673219.000000
733124.000000
680655.000000
756436.000000
817507.000000
507190.000000
740847.000000
687962.000000
859363.000000
616285.000000
623798.000000
617833.000000
599864.000000
643046.000000
666743.000000
860111.000000
722121.000000
830891.000000
718504.000000
673666.000000
558414.000000
618413.000000
730608.000000
590067.000000
783178.000000
796661.000000
624165.000000
340697.000000
694366.000000
760410.000000
724150.000000
86808.000000
635726.000000
395225.000000
407597.000000
132146.000000
524049.000000
828608.000000
636726.000000
752839.000000
718122.000000
719721.000000
697205.000000
760660.000000
520407.000000
694668.000000
747608.000000
276473.000000
695287.000000
726864.000000
648569.000000
99982.000000
588198.000000
637097.000000
652185.000000
825824.000000
645432.000000
745117.000000
772150.000000
706401.000000
455103.000000
613873.000000
586747.000000
493253.000000
839062.000000
351850.000000
191798.000000
589674.000000
517852.000000
683703.000000
735736.000000
705336.000000
464174.000000
638596.000000
661614.000000
671266.000000
668101.000000
734933.000000
134547.000000
730204.000000
928115.000000
626741.000000
788394.000000
237372.000000
792214.000000
549539.000000
823359.000000
834475.000000
671227.000000
623603.000000
431798.000000
805578.000000
209827.000000
780936.000000
724639.000000
225867.000000
655840.000000
810168.000000
664624.000000
794772.000000
733747.000000
204498.000000
757978.000000
334113.000000
801999.000000
656980.000000
661748.000000
710919.000000
766615.000000
327327.000000
533458.000000
756856.000000
501050.000000
786869.000000
727625.000000
638564.000000
698046.000000
644522.000000
740148.000000
719747.000000
729558.000000
820609.000000
780963.000000
265631.000000
564304.000000
617887.000000
109207.000000
614235.000000
226817.000000
723129.000000
569170.000000
660542.000000
519798.000000
32979.000000
634346.000000
869731.000000
633685.000000
638694.000000
802640.000000
822407.000000
735870.000000
679190.000000
699283.000000
350784.000000
178480.000000
683122.000000
697749.000000
683960.000000
246970.000000
824277.000000
28099.000000
67756.000000
806165.000000
114387.000000
737258.000000
506040.000000
125358.000000
509780.000000
654257.000000
775240.000000
316648.000000
741803.000000
774788.000000
805065.000000
714119.000000
162400.000000
769912.000000
671814.000000
666846.000000
639794.000000
812327.000000
542177.000000
622945.000000
881834.000000
870781.000000
718339.000000
790800.000000
538706.000000
663828.000000
72105.000000
634158.000000
838373.000000
29806.000000
675465.000000
772750.000000
796492.000000
509108.000000
758482.000000
416628.000000
654922.000000
725169.000000
130453.000000
570118.000000
697118.000000
520945.000000
806043.000000
700878.000000
716236.000000
552830.000000
666932.000000
726312.000000
795239.000000
423967.000000
553064.000000
706449.000000
284382.000000
166228.000000
803209.000000
677303.000000
500909.000000
731639.000000
730283.000000
429939.000000
848323.000000
690348.000000
523879.000000
847322.000000
717906.000000
699498.000000
880580.000000
731074.000000
662375.000000
645214.000000
674444.000000
93515.000000
857907.000000
767206.000000
634656.000000
290009.000000
751178.000000
657335.000000
115908.000000
109349.000000
660324.000000
824324.000000
600931.000000
783550.000000
683396.000000
626552.000000
759764.000000
693549.000000
641336.000000
559849.000000
671343.000000
675095.000000
773689.000000
477186.000000
755957.000000
807648.000000
753144.000000
762306.000000
778055.000000
805330.000000
250554.000000
724387.000000
430131.000000
762583.000000
274661.000000
491482.000000
551546.000000
727768.000000
487999.000000
660146.000000
681181.000000
647309.000000
628233.000000
662565.000000
254374.000000
404544.000000
720678.000000
730600.000000
467905.000000
734509.000000
813364.000000
700345.000000
726408.000000
814662.000000
787651.000000
618204.000000
720371.000000
684126.000000
25590.000000
774178.000000
111279.000000
324269.000000
705815.000000
737166.000000
549586.000000
725711.000000
718359.000000
635458.000000
140213.000000
708509.000000
658475.000000
670383.000000
749575.000000
610213.000000
680537.000000
603206.000000
685291.000000
741821.000000
622829.000000
767269.000000
537774.000000
541621.000000
592395.000000
402543.000000
635491.000000
899453.000000
662039.000000
666558.000000
676548.000000
752012.000000
819499.000000
721211.000000
722581.000000
188743.000000
733522.000000
738669.000000
672257.000000
391825.000000
744270.000000
721154.000000
677380.000000
674973.000000
631267.000000
762325.000000
750979.000000
765859.000000
735092.000000
820820.000000
801936.000000
670171.000000
10086.000000
535648.000000
549149.000000
23048.000000
810955.000000
670919.000000
748956.000000
691336.000000
779118.000000
671748.000000
705526.000000
810810.000000
108332.000000
675500.000000
827436.000000
689612.000000
507424.000000
595697.000000
757488.000000
732198.000000
662560.000000
90167.000000
737800.000000
416116.000000
586469.000000
161734.000000
667936.000000
640268.000000
733974.000000
731496.000000
709813.000000
425225.000000
698843.000000
305156.000000
744411.000000
756586.000000
184252.000000
669717.000000
747553.000000
483931.000000
131681.000000
663311.000000
717051.000000
464390.000000
499385.000000
759703.000000
784068.000000
309096.000000
358489.000000
725291.000000
719155.000000
695321.000000
745237.000000
642519.000000
446153.000000
541956.000000
655645.000000
373805.000000
824277.000000
84610.000000
725419.000000
439291.000000
683272.000000
715838.000000
286622.000000
690036.000000
675386.000000
565635.000000
750784.000000
742317.000000
789984.000000
687835.000000
110906.000000
470555.000000
393370.000000
700223.000000
119756.000000
462528.000000
789095.000000
424193.000000
537116.000000
687797.000000
915876.000000
627095.000000
624297.000000
663168.000000
594471.000000
799258.000000
660096.000000
710368.000000
455482.000000
772906.000000
789722.000000
24044.000000
27405.000000
620767.000000
693722.000000
6664.000000
674654.000000
735431.000000
809939.000000
278543.000000
694480.000000
901371.000000
648719.000000
694036.000000
461823.000000
406838.000000
829986.000000
749816.000000
764049.000000
596582.000000
681935.000000
749717.000000
776715.000000
653996.000000
652398.000000
652157.000000
750805.000000
621151.000000
560745.000000
752815.000000
465630.000000
712531.000000
773054.000000
730496.000000
452025.000000
673863.000000
727720.000000
29319.000000
719641.000000
710932.000000
622883.000000
604980.000000
744576.000000
696151.000000
812170.000000
561607.000000
415427.000000
588709.000000
761453.000000
878870.000000
608606.000000
217643.000000
718800.000000
637311.000000
625709.000000
685391.000000
707534.000000
398008.000000
805740.000000
371778.000000
784029.000000
590861.000000
682208.000000
364514.000000
630201.000000
648874.000000
627627.000000
487017.000000
663816.000000
663685.000000
620369.000000
670144.000000
197073.000000
714676.000000
671553.000000
615501.000000
745272.000000
826475.000000
725194.000000
534154.000000
248328.000000
687200.000000
717937.000000
797543.000000
449635.000000
408187.000000
758474.000000
599543.000000
718923.000000
736010.000000
728478.000000
709141.000000
246311.000000
699263.000000
723804.000000
587942.000000
747675.000000
697500.000000
709785.000000
663751.000000
582307.000000
624988.000000
714401.000000
788004.000000
712963.000000
721453.000000
112876.000000
680210.000000
734617.000000
824763.000000
799770.000000
749189.000000
754506.000000
769602.000000
761761.000000
109707.000000
718534.000000
744575.000000
784218.000000
588888.000000
837308.000000
635429.000000
714865.000000
862466.000000
687362.000000
621134.000000
360521.000000
676143.000000
652708.000000
92616.000000
745389.000000
554517.000000
686089.000000
762920.000000
727545.000000
562917.000000
741481.000000
673656.000000
710262.000000
615960.000000
27841.000000
722774.000000
309521.000000
688965.000000
512779.000000
209573.000000
713888.000000
479282.000000
645698.000000
818375.000000
448556.000000
243870.000000
689830.000000
740403.000000
779664.000000
540631.000000
695909.000000
170970.000000
661256.000000
674233.000000
344349.000000
723438.000000
260205.000000
764735.000000
640531.000000
682355.000000
685419.000000
815695.000000
588225.000000
615094.000000
797526.000000
665373.000000
689695.000000
528792.000000
603123.000000
679485.000000
787909.000000
30617.000000
761332.000000
711972.000000
674015.000000
644908.000000
523984.000000
355499.000000
718173.000000
612996.000000
653008.000000
660721.000000
562440.000000
708594.000000
683080.000000
832642.000000
701409.000000
514356.000000
722226.000000
740022.000000
847046.000000
644352.000000
252617.000000
19702.000000
370219.000000
613633.000000
707964.000000
396790.000000
261559.000000
843858.000000
328898.000000
660054.000000
858291.000000
255444.000000
393071.000000
731028.000000
120499.000000
586414.000000
674624.000000
696560.000000
642783.000000
211670.000000
647700.000000
758224.000000
678195.000000
382203.000000
708754.000000
713347.000000
731473.000000
406796.000000
688187.000000
757369.000000
183689.000000
682062.000000
538631.000000
719322.000000
364511.000000
700818.000000
764354.000000
676388.000000
401146.000000
713485.000000
715044.000000
396402.000000
775689.000000
516774.000000
679381.000000
678480.000000
714523.000000
662908.000000
634542.000000
683098.000000
708294.000000
523233.000000
654124.000000
763590.000000
653619.000000
827537.000000
689574.000000
702887.000000
811590.000000
584097.000000
587894.000000
590165.000000
119084.000000
673111.000000
253370.000000
658982.000000
625173.000000
691157.000000
442248.000000
673215.000000
621929.000000
465276.000000
699704.000000
834191.000000
664808.000000
599490.000000
678454.000000
775886.000000
739239.000000
788341.000000
542176.000000
771322.000000
687818.000000
85060.000000
659081.000000
735862.000000
722935.000000
831622.000000
645623.000000
696418.000000
285574.000000
668334.000000
636819.000000
649509.000000
67950.000000
614126.000000
626444.000000
464504.000000
717831.000000
817191.000000
483763.000000
319437.000000
765601.000000
689476.000000
817791.000000
662362.000000
813617.000000
733690.000000
37341.000000
104150.000000
608867.000000
320583.000000
745615.000000
704497.000000
739190.000000
593173.000000
777554.000000
657821.000000
514139.000000
715856.000000
425898.000000
649937.000000
621190.000000
638297.000000
891786.000000
643419.000000
710623.000000
71394.000000
434666.000000
66882.000000
390156.000000
656031.000000
792403.000000
776055.000000
742560.000000
600604.000000
720209.000000
766356.000000
626504.000000
581911.000000
618636.000000
815622.000000
778118.000000
734900.000000
546837.000000
718681.000000
756920.000000
806589.000000
406862.000000
714695.000000
720533.000000
816966.000000
638921.000000
714791.000000
800181.000000
643113.000000
433792.000000
807807.000000
734347.000000
566612.000000
696766.000000
585251.000000
24046.000000
716971.000000
601853.000000
623204.000000
533418.000000
627315.000000
207912.000000
751711.000000
714212.000000
761798.000000
598734.000000
494874.000000
735858.000000
348334.000000
761257.000000
687373.000000
447920.000000
560576.000000
842610.000000
799990.000000
320073.000000
651837.000000
348539.000000
721110.000000
578494.000000
593358.000000
760532.000000
572533.000000
686768.000000
699789.000000
696317.000000
591704.000000
696122.000000
709753.000000
561840.000000
620964.000000
550945.000000
576069.000000
623794.000000
66096.000000
600536.000000
554058.000000
774318.000000
733085.000000
679967.000000
808758.000000
525857.000000
700919.000000
203725.000000
767896.000000
543228.000000
807378.000000
73787.000000
767667.000000
588955.000000
719006.000000
562566.000000
290813.000000
720773.000000
673929.000000
666040.000000
688026.000000
664229.000000
358875.000000
27793.000000
615847.000000
719885.000000
587543.000000
540365.000000
78070.000000
700017.000000
713754.000000
776386.000000
585425.000000
731227.000000
484891.000000
699494.000000
418910.000000
662692.000000
838890.000000
705033.000000
605225.000000
397312.000000
352735.000000
808982.000000
571454.000000
664248.000000
668856.000000
633020.000000
649512.000000
640271.000000
569263.000000
787922.000000
640571.000000
514300.000000
350317.000000
713365.000000
612306.000000
682575.000000
639825.000000
625692.000000
700797.000000
718114.000000
787982.000000
808403.000000
704416.000000
635523.000000
151894.000000
30090.000000
625890.000000
99242.000000
790119.000000
625538.000000
745614.000000
537926.000000
263772.000000
833858.000000
410281.000000
183633.000000
856456.000000
761107.000000
649761.000000
790694.000000
778720.000000
643064.000000
285237.000000
572379.000000
125959.000000
741263.000000
247898.000000
608272.000000
578327.000000
609357.000000
685755.000000
714023.000000
748929.000000
735663.000000
768365.000000
707764.000000
795066.000000
625550.000000
676913.000000
729787.000000
626622.000000
150304.000000
622734.000000
454575.000000
667187.000000
799003.000000
30614.000000
263175.000000
776973.000000
739203.000000
593496.000000
745647.000000
644491.000000
763072.000000
759434.000000
688721.000000
465890.000000
712746.000000
745044.000000
446403.000000
634988.000000
777101.000000
683448.000000
62288.000000
566648.000000
687795.000000
709389.000000
665981.000000
754340.000000
611684.000000
619507.000000
592145.000000
718796.000000
673589.000000
786377.000000
776457.000000
754101.000000
714351.000000
686157.000000
645996.000000
771451.000000
677206.000000
705853.000000
698080.000000
667873.000000
594362.000000
581806.000000
785225.000000
719578.000000
689576.000000
715250.000000
277823.000000
744402.000000
704228.000000
714078.000000
116835.000000
808358.000000
683976.000000
810400.000000
705241.000000
642329.000000
639680.000000
773443.000000
598058.000000
450261.000000
655555.000000
632154.000000
689410.000000
782611.000000
558591.000000
396762.000000
769252.000000
165522.000000
559583.000000
599395.000000
729898.000000
810406.000000
263000.000000
594079.000000
664646.000000
344042.000000
701124.000000
751389.000000
370409.000000
760233.000000
701908.000000
677890.000000
697746.000000
735683.000000
644831.000000
790995.000000
848909.000000
580144.000000
781054.000000
502116.000000
756111.000000
699558.000000
612053.000000
697125.000000
446602.000000
461669.000000
656495.000000
688626.000000
697271.000000
575645.000000
689342.000000
773983.000000
419156.000000
721458.000000
716022.000000
578065.000000
740505.000000
766569.000000
703258.000000
715875.000000
582539.000000
604680.000000
594219.000000
346681.000000
447403.000000
738174.000000
261348.000000
160641.000000
194871.000000
785545.000000
759822.000000
818231.000000
686674.000000
728999.000000
287011.000000
258145.000000
810930.000000
786518.000000
521373.000000
584178.000000
736934.000000
711500.000000
589730.000000
771036.000000
842323.000000
319113.000000
429677.000000
681671.000000
143689.000000
714720.000000
752880.000000
488936.000000
673640.000000
745898.000000
664024.000000
671542.000000
510818.000000
662179.000000
447027.000000
754850.000000
703615.000000
608807.000000
265297.000000
713019.000000
535363.000000
780339.000000
432854.000000
744517.000000
715818.000000
821478.000000
750565.000000
712016.000000
803072.000000
398811.000000
748193.000000
401367.000000
576230.000000
565187.000000
750966.000000
664013.000000
755922.000000
640600.000000
478652.000000
873316.000000
668398.000000
755966.000000
330090.000000
683710.000000
678301.000000
806557.000000
172878.000000
717148.000000
718209.000000
669853.000000
764718.000000
684944.000000
620507.000000
763664.000000
785042.000000
252664.000000
616856.000000
638673.000000
726971.000000
13861.000000
637076.000000
757984.000000
673094.000000
766769.000000
659085.000000
139268.000000
653842.000000
788068.000000
679882.000000
772087.000000
757520.000000
660354.000000
803516.000000
671107.000000
601688.000000
698446.000000
758574.000000
671990.000000
729541.000000
486665.000000
664752.000000
675582.000000
353141.000000
749209.000000
676171.000000
742592.000000
528674.000000
720981.000000
681475.000000
395282.000000
868072.000000
692256.000000
794742.000000
842417.000000
562357.000000
745531.000000
695006.000000
637241.000000
436713.000000
736690.000000
707169.000000
637842.000000
632477.000000
685563.000000
680984.000000
708491.000000
838320.000000
725587.000000
598398.000000
644120.000000
697234.000000
713555.000000
703657.000000
745602.000000
542956.000000
734537.000000
638107.000000
701495.000000
489287.000000
766866.000000
557538.000000
179976.000000
704548.000000
574423.000000
703026.000000
756005.000000
864690.000000
672875.000000
751711.000000
670244.000000
660414.000000
752158.000000
733935.000000
759372.000000
477408.000000
491038.000000
680234.000000
687063.000000
658901.000000
717542.000000
838123.000000
744949.000000
639851.000000
324527.000000
680841.000000
738038.000000
102746.000000
802564.000000
673577.000000
866842.000000
598795.000000
545992.000000
188724.000000
572026.000000
645953.000000
721530.000000
657735.000000
720903.000000
698651.000000
519405.000000
675993.000000
720412.000000
579010.000000
672518.000000
719780.000000
730575.000000
707261.000000
723752.000000
782456.000000
768494.000000
437822.000000
640237.000000
605601.000000
712770.000000
744860.000000
725958.000000
735306.000000
697060.000000
592838.000000
685365.000000
812220.000000
776486.000000
714755.000000
472329.000000
489234.000000
735963.000000
716527.000000
426172.000000
755684.000000
702664.000000
613556.000000
858398.000000
182379.000000
636564.000000
785357.000000
747243.000000
749395.000000
195150.000000
699890.000000
664513.000000
79731.000000
616047.000000
614224.000000
733561.000000
613975.000000
697677.000000
715850.000000
506211.000000
516819.000000
482162.000000
707947.000000
555639.000000
421540.000000
270446.000000
736594.000000
102005.000000
704021.000000
437797.000000
246376.000000
727334.000000
689429.000000
663596.000000
782165.000000
789218.000000
587415.000000
580542.000000
683166.000000
719308.000000
594205.000000
704089.000000
315947.000000
578318.000000
720833.000000
654746.000000
702814.000000
767144.000000
678334.000000
791860.000000
431919.000000
653806.000000
703440.000000
725598.000000
692306.000000
651550.000000
719098.000000
99176.000000
758451.000000
652029.000000
657428.000000
697728.000000
770885.000000
877056.000000
778092.000000
654483.000000
793157.000000
563105.000000
673673.000000
676077.000000
334378.000000
644637.000000
729415.000000
747901.000000
670796.000000
744029.000000
141049.000000
629203.000000
637919.000000
690141.000000
565849.000000
743983.000000
753280.000000
111756.000000
759804.000000
475855.000000
749080.000000
719659.000000
609773.000000
776774.000000
698870.000000
588471.000000
664824.000000
651491.000000
552997.000000
424857.000000
676132.000000
728202.000000
93527.000000
444521.000000
709047.000000
695846.000000
642069.000000
340174.000000
823496.000000
215510.000000
682836.000000
665553.000000
738276.000000
768176.000000
701547.000000
827047.000000
833206.000000
482734.000000
743835.000000
578295.000000
680598.000000
696806.000000
746441.000000
577705.000000
593401.000000
708520.000000
649778.000000
744659.000000
711406.000000
150255.000000
126629.000000
645818.000000
469855.000000
630181.000000
599733.000000
750101.000000
28124.000000
742003.000000
642105.000000
97223.000000
639997.000000
714846.000000
708794.000000
747334.000000
359016.000000
549807.000000
808009.000000
646206.000000
787472.000000
791342.000000
166739.000000
883330.000000
594600.000000
713561.000000
757887.000000
495318.000000
712734.000000
77061.000000
229856.000000
718266.000000
199067.000000
343247.000000
805131.000000
605881.000000
881835.000000
694879.000000
643318.000000
739086.000000
421615.000000
382061.000000
663410.000000
731977.000000
656597.000000
765233.000000
875565.000000
341720.000000
673319.000000
695935.000000
84732.000000
840071.000000
566448.000000
692181.000000
709326.000000
455613.000000
666604.000000
482808.000000
549512.000000
625094.000000
715365.000000
801376.000000
565313.000000
395070.000000
608160.000000
473076.000000
625281.000000
649287.000000
696913.000000
731955.000000
789255.000000
355417.000000
633464.000000
796391.000000
668477.000000
629433.000000
632978.000000
663910.000000
747404.000000
523133.000000
308999.000000
735762.000000
650890.000000
652255.000000
714390.000000
573770.000000
662434.000000
708076.000000
88662.000000
375779.000000
487829.000000
697700.000000
675841.000000
716093.000000
643113.000000
760888.000000
675666.000000
802399.000000
777733.000000
646791.000000
781508.000000
733894.000000
721865.000000
721286.000000
582618.000000
827432.000000
550596.000000
250350.000000
289103.000000
458258.000000
186373.000000
749462.000000
757736.000000
747648.000000
679994.000000
840405.000000
508541.000000
867982.000000
715765.000000
548259.000000
643901.000000
259840.000000
616527.000000
653440.000000
689847.000000
806554.000000
629039.000000
763501.000000
403712.000000
745192.000000
612006.000000
836172.000000
681442.000000
742541.000000
656103.000000
431133.000000
741388.000000
674522.000000
505743.000000
720873.000000
168981.000000
293094.000000
567688.000000
839085.000000
765411.000000
543533.000000
755229.000000
690846.000000
606702.000000
774431.000000
731772.000000
527510.000000
694286.000000
670896.000000
389821.000000
501006.000000
761881.000000
653804.000000
706529.000000
408952.000000
250706.000000
455159.000000
658990.000000
698528.000000
629177.000000
723182.000000
