0.000000
0.000000
0.000000
0.000000
0.000000
0.000000
0.000000
0.000000
0.000000
0.000000
0.000000
0.000000
0.000000
0.000000
0.000000
0.000000
0.000000
0.000000
0.000000
0.000000
0.000000
0.000000
0.000000
0.000000
0.000000
0.000000
0.000000
0.000000
0.000000
0.000000
0.000000
0.000000
0.000000
0.000000
0.000000
0.000000
0.000000
0.000000
0.000000
0.000000
0.000000
0.000000
0.000000
0.000000
0.000000
0.000000
0.000000
0.000000
0.000000
0.000000
0.000000
0.000000
0.000000
0.000000
0.000000
0.000000
0.000000
0.000000
0.000000
0.000000
0.000000
0.000000
0.000000
0.000000
0.000000
0.000000
0.000000
0.000000
0.000000
0.000000
0.000000
0.000000
0.000000
0.000000
0.000000
0.000000
0.000000
0.000000
0.000000
0.000000
0.000000
0.000000
0.000000
0.000000
0.000000
0.000000
0.000000
0.000000
0.000000
0.000000
0.000000
0.000000
0.000000
0.000000
0.000000
0.000000
0.000000
0.000000
0.000000
0.000000
0.000000
0.000000
0.000000
0.000000
0.000000
0.000000
0.000000
0.000000
0.000000
0.000000
0.000000
0.000000
0.000000
0.000000
0.000000
0.000000
0.000000
0.000000
0.000000
0.000000
0.000000
0.000000
0.000000
0.000000
0.000000
0.000000
0.000000
0.000000
0.000000
0.000000
0.000000
0.000000
0.000000
0.000000
0.000000
0.000000
0.000000
0.000000
0.000000
0.000000
0.000000
0.000000
0.000000
0.000000
0.000000
0.000000
0.000000
0.000000
0.000000
0.000000
0.000000
0.000000
0.000000
0.000000
0.000000
0.000000
0.000000
0.000000
0.000000
0.000000
0.000000
0.000000
0.000000
0.000000
0.000000
0.000000
0.000000
0.000000
0.000000
0.000000
0.000000
0.000000
0.000000
0.000000
0.000000
0.000000
0.000000
0.000000
0.000000
0.000000
0.000000
0.000000
0.000000
0.000000
0.000000
0.000000
0.000000
0.000000
0.000000
0.000000
0.000000
0.000000
0.000000
0.000000
0.000000
0.000000
0.000000
0.000000
0.000000
0.000000
0.000000
0.000000
0.000000
0.000000
0.000000
0.000000
0.000000
0.000000
0.000000
0.000000
0.000000
0.000000
0.000000
0.000000
0.000000
0.000000
0.000000
0.000000
0.000000
0.000000
0.000000
0.000000
0.000000
0.000000
0.000000
0.000000
0.000000
0.000000
0.000000
0.000000
0.000000
0.000000
0.000000
0.000000
0.000000
0.000000
0.000000
0.000000
0.000000
0.000000
0.000000
0.000000
0.000000
0.000000
0.000000
0.000000
0.000000
0.000000
0.000000
0.000000
0.000000
0.000000
0.000000
0.000000
0.000000
0.000000
0.000000
0.000000
0.000000
0.000000
0.000000
0.000000
0.000000
0.000000
0.000000
0.000000
0.000000
0.000000
0.000000
0.000000
0.000000
0.000000
0.000000
0.000000
0.000000
0.000000
0.000000
0.000000
0.000000
0.000000
0.000000
0.000000
0.000000
0.000000
0.000000
0.000000
0.000000
0.000000
0.000000
0.000000
0.000000
0.000000
0.000000
0.000000
0.000000
0.000000
0.000000
0.000000
0.000000
0.000000
0.000000
0.000000
0.000000
0.000000
0.000000
0.000000
0.000000
0.000000
0.000000
0.000000
0.000000
0.000000
0.000000
0.000000
0.000000
0.000000
0.000000
0.000000
0.000000
0.000000
0.000000
0.000000
0.000000
0.000000
0.000000
0.000000
0.000000
0.000000
0.000000
0.000000
0.000000
0.000000
0.000000
0.000000
0.000000
0.000000
0.000000
0.000000
0.000000
0.000000
0.000000
0.000000
0.000000
0.000000
0.000000
0.000000
0.000000
0.000000
0.000000
0.000000
0.000000
0.000000
0.000000
0.000000
0.000000
0.000000
0.000000
0.000000
0.000000
0.000000
0.000000
0.000000
0.000000
0.000000
0.000000
0.000000
0.000000
0.000000
0.000000
0.000000
0.000000
0.000000
0.000000
0.000000
0.000000
0.000000
0.000000
0.000000
0.000000
0.000000
0.000000
0.000000
0.000000
0.000000
0.000000
0.000000
0.000000
0.000000
0.000000
0.000000
0.000000
0.000000
0.000000
0.000000
0.000000
0.000000
0.000000
0.000000
0.000000
0.000000
0.000000
0.000000
0.000000
0.000000
0.000000
0.000000
0.000000
0.000000
0.000000
0.000000
0.000000
0.000000
0.000000
0.000000
0.000000
0.000000
0.000000
0.000000
3657225.000000
1945272.000000
1834059.000000
2311177.000000
2337654.000000
1715553.000000
2136842.000000
2070429.000000
2213608.000000
1835253.000000
966512.000000
2192645.000000
2381865.000000
1914979.000000
2140523.000000
1887320.000000
2060201.000000
322822.000000
255689.000000
942859.000000
2109190.000000
2006158.000000
1458333.000000
2091625.000000
1935203.000000
2438387.000000
1930446.000000
1823414.000000
2151142.000000
1993477.000000
2223096.000000
2183116.000000
1773832.000000
2145076.000000
2569764.000000
496857.000000
341149.000000
2202600.000000
2027820.000000
1311490.000000
2284412.000000
2104632.000000
2096155.000000
231398.000000
2491276.000000
920589.000000
2035719.000000
1565925.000000
705673.000000
657012.000000
2304086.000000
1546524.000000
1969634.000000
2046867.000000
2267525.000000
2393402.000000
307717.000000
1894771.000000
2071786.000000
2027066.000000
109721.000000
2127653.000000
1956441.000000
152870.000000
2130226.000000
2066175.000000
2115172.000000
119365.000000
1714191.000000
1774237.000000
1887659.000000
2159644.000000
1733620.000000
125769.000000
1642679.000000
1988150.000000
665905.000000
1419648.000000
2218198.000000
1705030.000000
94284.000000
2147493.000000
2260397.000000
1403595.000000
1805406.000000
2302459.000000
412198.000000
504050.000000
2197683.000000
2100230.000000
888140.000000
2268571.000000
1103885.000000
2440975.000000
82366.000000
559512.000000
2332176.000000
1086466.000000
1534652.000000
1579332.000000
1886596.000000
2264936.000000
1843812.000000
1719321.000000
504326.000000
454569.000000
1934309.000000
2268759.000000
2269727.000000
1773832.000000
2006218.000000
2120950.000000
1842610.000000
1972400.000000
1901404.000000
1226407.000000
1886671.000000
2141894.000000
1340462.000000
536350.000000
648713.000000
1728590.000000
2157106.000000
252629.000000
1882704.000000
2465728.000000
2047901.000000
1710811.000000
1711020.000000
255845.000000
1934745.000000
2306086.000000
1945731.000000
2352415.000000
1983525.000000
2187804.000000
2186315.000000
1992280.000000
408257.000000
2025273.000000
2311878.000000
376522.000000
431926.000000
1970099.000000
1576078.000000
1891089.000000
1336367.000000
2165922.000000
331896.000000
2179087.000000
2106138.000000
1197459.000000
252439.000000
153456.000000
2039476.000000
2319074.000000
1093582.000000
1647243.000000
2052501.000000
2545929.000000
2179630.000000
1830931.000000
2077251.000000
1541859.000000
2208223.000000
739080.000000
1329659.000000
2035736.000000
2516849.000000
2155045.000000
2121471.000000
2286561.000000
2045479.000000
2093159.000000
621614.000000
1106514.000000
1877486.000000
1169208.000000
2218525.000000
1482500.000000
1921079.000000
1941852.000000
2022798.000000
376540.000000
958285.000000
2029951.000000
1707127.000000
2158013.000000
2195015.000000
1736706.000000
2182345.000000
2216616.000000
295762.000000
2050499.000000
1512347.000000
2109949.000000
2072897.000000
748193.000000
2351537.000000
1989504.000000
996595.000000
2503260.000000
2153969.000000
1084020.000000
1323502.000000
575675.000000
1370053.000000
2341163.000000
2422941.000000
1812967.000000
1464042.000000
1651290.000000
2149926.000000
1489510.000000
2253354.000000
1992771.000000
640659.000000
1138969.000000
2015158.000000
2016342.000000
1764400.000000
2239052.000000
2144963.000000
1379991.000000
1179563.000000
126796.000000
2118119.000000
1646015.000000
1807618.000000
763165.000000
2013057.000000
1943649.000000
1951527.000000
2268379.000000
1222041.000000
2354739.000000
2156885.000000
113083.000000
1554617.000000
2216345.000000
1293043.000000
1719462.000000
2109965.000000
1319666.000000
2096782.000000
92201.000000
2018764.000000
1571198.000000
1727751.000000
2091005.000000
503503.000000
2283647.000000
1720677.000000
2151507.000000
1741298.000000
2209658.000000
1985577.000000
2274435.000000
1268515.000000
1489528.000000
1797845.000000
2463967.000000
2341465.000000
2083619.000000
1029362.000000
1837220.000000
2071175.000000
1055957.000000
2271366.000000
141029.000000
1870306.000000
2443998.000000
342208.000000
1790016.000000
1674410.000000
1766263.000000
1986460.000000
2020615.000000
2228158.000000
1928519.000000
766343.000000
1846720.000000
489004.000000
123150.000000
2494574.000000
1669068.000000
1128621.000000
2206358.000000
1875324.000000
2283768.000000
2202932.000000
1715410.000000
2248147.000000
624034.000000
2224172.000000
2198059.000000
635962.000000
2236483.000000
2351960.000000
242752.000000
2408442.000000
1722617.000000
1928761.000000
2140178.000000
1780339.000000
1427882.000000
318380.000000
2215488.000000
91199.000000
2180384.000000
12630.000000
527076.000000
2073226.000000
2440132.000000
2022581.000000
644589.000000
2025558.000000
2236392.000000
2037312.000000
1550506.000000
349338.000000
508614.000000
861900.000000
2224254.000000
2497913.000000
1343494.000000
1987987.000000
2320542.000000
2331179.000000
1771184.000000
1933918.000000
959034.000000
334538.000000
522911.000000
2040222.000000
2108583.000000
730211.000000
2189895.000000
826241.000000
1992832.000000
1982703.000000
2200582.000000
2379681.000000
246566.000000
2132472.000000
1263318.000000
2371354.000000
1333381.000000
235691.000000
1474237.000000
2144735.000000
1159327.000000
2258243.000000
1395355.000000
2519441.000000
1735460.000000
1432461.000000
1769474.000000
144205.000000
2043484.000000
2227181.000000
1159462.000000
1825935.000000
1894312.000000
2079279.000000
2139765.000000
431140.000000
1934344.000000
2034219.000000
1303491.000000
1732751.000000
2070994.000000
2082778.000000
1850586.000000
2271878.000000
368386.000000
2278555.000000
2084503.000000
1941060.000000
1890457.000000
2137356.000000
1995417.000000
1870496.000000
26167.000000
2259104.000000
81643.000000
1113054.000000
2186463.000000
2475557.000000
355205.000000
336643.000000
1826124.000000
2223497.000000
6855.000000
2073766.000000
1924144.000000
1259700.000000
118144.000000
1781007.000000
2322000.000000
445896.000000
131454.000000
2240925.000000
2544291.000000
1158809.000000
1379856.000000
1576565.000000
2168257.000000
1411195.000000
1858693.000000
2180024.000000
2274328.000000
154414.000000
160714.000000
1682880.000000
1991188.000000
2538242.000000
2253259.000000
61589.000000
2117856.000000
2258972.000000
212372.000000
2457995.000000
1577416.000000
2328492.000000
2147855.000000
2402289.000000
1644504.000000
1954067.000000
1334314.000000
261395.000000
2237808.000000
2589985.000000
1485455.000000
2373897.000000
250742.000000
2314179.000000
1691227.000000
2058165.000000
563769.000000
246128.000000
2252797.000000
642364.000000
2164457.000000
1441583.000000
2024014.000000
2139549.000000
2145165.000000
1278474.000000
1132379.000000
1981349.000000
2116546.000000
734676.000000
1241004.000000
2086948.000000
2063842.000000
229548.000000
701268.000000
1838278.000000
634662.000000
1751830.000000
163269.000000
48101.000000
1242839.000000
2220826.000000
2570774.000000
2206101.000000
171188.000000
1966262.000000
2001048.000000
2226133.000000
1990897.000000
2394835.000000
1887043.000000
2152246.000000
242936.000000
2262348.000000
193782.000000
2049110.000000
2219747.000000
1994248.000000
146904.000000
1772228.000000
2345281.000000
2034856.000000
2051609.000000
1802393.000000
395485.000000
2422207.000000
1219446.000000
2032980.000000
232036.000000
323192.000000
2326705.000000
1928779.000000
1883354.000000
1388839.000000
2081877.000000
2314773.000000
1253554.000000
2228956.000000
1712699.000000
143343.000000
1797929.000000
1945904.000000
1383825.000000
1711579.000000
1886527.000000
2215468.000000
1875957.000000
2034994.000000
295309.000000
76044.000000
2020706.000000
1872026.000000
2367558.000000
238187.000000
1344402.000000
219504.000000
2107860.000000
284857.000000
1782695.000000
2054751.000000
2063355.000000
1334436.000000
1975510.000000
2299677.000000
2123867.000000
1763052.000000
1270277.000000
1969349.000000
2105763.000000
2210983.000000
799017.000000
71084.000000
1613445.000000
2223509.000000
2056653.000000
1154565.000000
2229130.000000
2101067.000000
1647156.000000
2194508.000000
2013310.000000
1744654.000000
1883963.000000
2255078.000000
2223911.000000
2339363.000000
1766135.000000
1813778.000000
139566.000000
2245566.000000
1349074.000000
2234415.000000
1360221.000000
1348448.000000
2135349.000000
66582.000000
2131798.000000
2299282.000000
1078624.000000
1822487.000000
1918003.000000
1203765.000000
2229665.000000
1185613.000000
953340.000000
2385430.000000
1637656.000000
2014971.000000
139560.000000
2073840.000000
2123878.000000
2011663.000000
1126785.000000
917093.000000
1808131.000000
2279483.000000
1794414.000000
1032818.000000
1997352.000000
1856187.000000
1988918.000000
1885620.000000
2229607.000000
2140015.000000
2056453.000000
1272014.000000
2438540.000000
2253374.000000
269186.000000
2301420.000000
1863248.000000
1451809.000000
1502864.000000
2348442.000000
1519538.000000
1807924.000000
2292122.000000
2365546.000000
2206105.000000
1982294.000000
1068599.000000
1353217.000000
2268730.000000
2235701.000000
2360208.000000
1971164.000000
2083837.000000
1908858.000000
1197924.000000
1879577.000000
2126997.000000
2215298.000000
1872063.000000
1962611.000000
2236301.000000
1988864.000000
510922.000000
1563560.000000
2139406.000000
2164280.000000
99110.000000
2104919.000000
787914.000000
351741.000000
150014.000000
960869.000000
2403857.000000
1710381.000000
2097453.000000
2268833.000000
1626479.000000
1890103.000000
2334762.000000
855819.000000
1248802.000000
2332734.000000
289959.000000
2218053.000000
2408183.000000
1610194.000000
152171.000000
1422197.000000
2161487.000000
2276223.000000
2198382.000000
2099923.000000
2264364.000000
2062384.000000
2058308.000000
643578.000000
1382163.000000
1177701.000000
708329.000000
2340739.000000
314721.000000
340865.000000
1912644.000000
821917.000000
1310655.000000
1518070.000000
2027813.000000
583808.000000
2274085.000000
2291373.000000
2082874.000000
1772841.000000
2372905.000000
166053.000000
2303510.000000
2373817.000000
1169237.000000
2398251.000000
226229.000000
2241888.000000
1321981.000000
1997722.000000
2357859.000000
1341807.000000
1220477.000000
423143.000000
1763171.000000
244307.000000
2205138.000000
2171829.000000
232834.000000
2205791.000000
2175575.000000
2011451.000000
2320448.000000
2112810.000000
221302.000000
2114289.000000
467635.000000
2254904.000000
2443733.000000
1960622.000000
2377720.000000
2051284.000000
480372.000000
959685.000000
1702572.000000
1861765.000000
2110644.000000
1384994.000000
1931905.000000
1584414.000000
1915176.000000
2292510.000000
1918133.000000
1974574.000000
2026954.000000
1933731.000000
303314.000000
793691.000000
1692564.000000
119008.000000
829782.000000
228894.000000
2523042.000000
2128517.000000
1997420.000000
1239039.000000
28767.000000
2225272.000000
2277777.000000
2140322.000000
1581289.000000
2436895.000000
2184330.000000
2102104.000000
2018535.000000
1945795.000000
343212.000000
318158.000000
2087097.000000
1235002.000000
2129509.000000
275656.000000
2498014.000000
26434.000000
75316.000000
1957378.000000
130478.000000
2030212.000000
711614.000000
190161.000000
509221.000000
1375406.000000
2283649.000000
349328.000000
2103295.000000
2223932.000000
1896682.000000
2020514.000000
176588.000000
1829431.000000
2059435.000000
2184063.000000
1848149.000000
2439307.000000
1988331.000000
1055957.000000
2213012.000000
2167885.000000
2131561.000000
2236970.000000
1262039.000000
1872456.000000
74961.000000
2002736.000000
2312747.000000
28079.000000
1469005.000000
2131261.000000
2104793.000000
1801144.000000
2070152.000000
561027.000000
1729369.000000
2200209.000000
135683.000000
923735.000000
1724237.000000
690669.000000
2011895.000000
1966303.000000
2148536.000000
827804.000000
2100837.000000
2069806.000000
1775211.000000
647098.000000
991422.000000
2035956.000000
378589.000000
178031.000000
1794401.000000
1361333.000000
1866010.000000
2245705.000000
2333564.000000
448429.000000
2391180.000000
2092228.000000
769493.000000
2234226.000000
1452378.000000
1892767.000000
2251685.000000
2077846.000000
2342788.000000
1853003.000000
2446035.000000
102048.000000
2397792.000000
2282059.000000
2098537.000000
291090.000000
1831570.000000
2026921.000000
114915.000000
93511.000000
1922127.000000
2264596.000000
2058388.000000
2318157.000000
1943991.000000
1836718.000000
2287359.000000
1097823.000000
2267157.000000
1534440.000000
1891642.000000
1279345.000000
2059667.000000
479039.000000
2200401.000000
2385020.000000
2398594.000000
1662718.000000
2138687.000000
2302945.000000
248392.000000
2501704.000000
610475.000000
2119649.000000
207312.000000
690152.000000
901186.000000
2262468.000000
992740.000000
2314695.000000
2069021.000000
2434877.000000
2124718.000000
2114628.000000
204140.000000
517978.000000
2388976.000000
1207801.000000
641158.000000
2095531.000000
1981928.000000
2108490.000000
2213140.000000
1877869.000000
2334159.000000
1920093.000000
2057816.000000
2041118.000000
24114.000000
1810673.000000
138120.000000
293791.000000
1932267.000000
1149956.000000
1816759.000000
2454769.000000
2326735.000000
2329229.000000
108730.000000
1987431.000000
2172313.000000
1724734.000000
1487910.000000
1997026.000000
2091237.000000
992825.000000
2358381.000000
2321565.000000
2044302.000000
2215677.000000
1875511.000000
839930.000000
906610.000000
502444.000000
1227232.000000
2212702.000000
2107293.000000
2389451.000000
2342261.000000
2088420.000000
1785913.000000
2154558.000000
2237965.000000
155073.000000
2361812.000000
2085152.000000
2232254.000000
437633.000000
2278218.000000
2303460.000000
1419853.000000
2326349.000000
1062641.000000
2070146.000000
2489058.000000
1800379.000000
1972831.000000
1934810.000000
2367520.000000
2364393.000000
10626.000000
1800807.000000
1331607.000000
24085.000000
2470000.000000
2057908.000000
1996700.000000
2048152.000000
2187544.000000
2304736.000000
1392931.000000
2304470.000000
110385.000000
1984803.000000
2093851.000000
1794725.000000
788042.000000
1383815.000000
1897628.000000
2064447.000000
2110614.000000
80164.000000
2268875.000000
787692.000000
1941561.000000
256356.000000
2032741.000000
1061946.000000
2411673.000000
2380492.000000
2348120.000000
636778.000000
1871433.000000
449107.000000
2433926.000000
1948515.000000
221983.000000
2028761.000000
2390408.000000
1916273.000000
149831.000000
2214329.000000
2228482.000000
559244.000000
599270.000000
2306760.000000
2189729.000000
381982.000000
527343.000000
1806677.000000
1954319.000000
1322160.000000
2321271.000000
1219395.000000
692246.000000
1015380.000000
2144716.000000
532421.000000
2495995.000000
82384.000000
1971040.000000
543163.000000
2233145.000000
2434106.000000
292645.000000
2428729.000000
2090756.000000
865665.000000
2123468.000000
2173782.000000
2034187.000000
2220823.000000
126777.000000
774585.000000
388806.000000
2309547.000000
141064.000000
652076.000000
2364065.000000
525191.000000
1859323.000000
2295779.000000
2274001.000000
2192632.000000
982814.000000
2408837.000000
964595.000000
2193179.000000
1873508.000000
1970243.000000
660284.000000
2155838.000000
2013483.000000
28905.000000
26782.000000
2261113.000000
1668183.000000
6574.000000
2298185.000000
2105333.000000
1915164.000000
279401.000000
1532078.000000
1884057.000000
2148701.000000
2109082.000000
753483.000000
436292.000000
2343477.000000
1911199.000000
2203953.000000
1900085.000000
1672075.000000
1776236.000000
2533564.000000
2097883.000000
1985591.000000
1746927.000000
2230696.000000
2183194.000000
1074298.000000
2153296.000000
505192.000000
2299182.000000
2182091.000000
2026018.000000
729577.000000
1683400.000000
2053437.000000
24727.000000
1911720.000000
1852632.000000
2032962.000000
1614675.000000
2430284.000000
2026095.000000
2185898.000000
1076513.000000
788347.000000
1986045.000000
2351345.000000
1967869.000000
1762895.000000
236773.000000
1909377.000000
1601411.000000
2301211.000000
2145138.000000
1692817.000000
438887.000000
2347663.000000
589593.000000
2109038.000000
1078990.000000
2104444.000000
491628.000000
1326179.000000
2420204.000000
1876705.000000
655049.000000
2259363.000000
1422679.000000
2087622.000000
1612144.000000
226071.000000
2021720.000000
1942255.000000
1830878.000000
2223234.000000
2082008.000000
2061281.000000
2201460.000000
267062.000000
1869790.000000
1788500.000000
2236057.000000
473876.000000
1001852.000000
1781808.000000
2219676.000000
1868427.000000
1640845.000000
1567337.000000
2057542.000000
325732.000000
2105336.000000
2082316.000000
2364285.000000
2216479.000000
1603957.000000
2068676.000000
1979403.000000
1640301.000000
1516941.000000
2262127.000000
2401376.000000
2048893.000000
2076574.000000
108883.000000
2180719.000000
2376589.000000
1778926.000000
2206397.000000
2133115.000000
2194769.000000
2088258.000000
2115551.000000
113944.000000
2304484.000000
2521965.000000
2140535.000000
913052.000000
2154036.000000
2242248.000000
1946880.000000
2517793.000000
1634118.000000
1507941.000000
458885.000000
2175349.000000
1010106.000000
95254.000000
2040583.000000
1825330.000000
2335126.000000
1755041.000000
2199529.000000
1090770.000000
2374148.000000
2466630.000000
2397941.000000
2244880.000000
23622.000000
2274288.000000
493289.000000
1492746.000000
760553.000000
255959.000000
1993934.000000
599715.000000
2373926.000000
2359576.000000
607356.000000
217683.000000
1103556.000000
2140303.000000
2054353.000000
1893661.000000
2028020.000000
152854.000000
2091565.000000
1737518.000000
547171.000000
1738731.000000
219164.000000
2091369.000000
2060884.000000
1883242.000000
2078297.000000
2258584.000000
1005955.000000
1906672.000000
2149566.000000
2066175.000000
1301585.000000
1182363.000000
2414295.000000
1373483.000000
1407081.000000
27698.000000
2338064.000000
2165487.000000
1932597.000000
2169487.000000
975238.000000
436507.000000
1899357.000000
2019248.000000
1968137.000000
1941695.000000
1778744.000000
1784300.000000
1113165.000000
2189944.000000
2300589.000000
780980.000000
2220450.000000
2259269.000000
2532894.000000
2333938.000000
268639.000000
16538.000000
480019.000000
2177380.000000
2408819.000000
655162.000000
272302.000000
1763889.000000
478995.000000
1180129.000000
2308541.000000
302190.000000
543572.000000
2371685.000000
138897.000000
2035698.000000
1925263.000000
2500950.000000
1584422.000000
258363.000000
2110149.000000
2082379.000000
1930463.000000
552936.000000
2047249.000000
2177299.000000
2099652.000000
479035.000000
2172658.000000
2653695.000000
184635.000000
2260529.000000
1683760.000000
1741238.000000
353326.000000
2266765.000000
2358300.000000
2228426.000000
880506.000000
1701653.000000
2296129.000000
393688.000000
1984753.000000
699131.000000
1801346.000000
1979560.000000
2190169.000000
2343156.000000
1444474.000000
1495060.000000
1548363.000000
1453337.000000
1865443.000000
2023825.000000
1624849.000000
1399497.000000
1765376.000000
2121404.000000
2291585.000000
1948442.000000
815924.000000
1077207.000000
115829.000000
2289816.000000
256494.000000
1485856.000000
2033031.000000
2097259.000000
664567.000000
1459312.000000
1390523.000000
720574.000000
1852768.000000
2388873.000000
1143772.000000
1709184.000000
2167061.000000
2292182.000000
2044040.000000
2268332.000000
1971140.000000
2058097.000000
2377844.000000
84859.000000
1958626.000000
2245662.000000
2183392.000000
1982881.000000
2161703.000000
2452009.000000
255645.000000
2351219.000000
1732293.000000
2214393.000000
81482.000000
2094919.000000
1037544.000000
516428.000000
1632810.000000
1936256.000000
716207.000000
292220.000000
2248257.000000
2204892.000000
2032317.000000
2160627.000000
2164086.000000
1732898.000000
32528.000000
113644.000000
1983442.000000
390244.000000
2201252.000000
2183362.000000
1650333.000000
793515.000000
2206832.000000
2220466.000000
922339.000000
2216047.000000
516312.000000
1414703.000000
836057.000000
1981176.000000
1913898.000000
2115603.000000
2069090.000000
96489.000000
606844.000000
81856.000000
514216.000000
2312470.000000
1875867.000000
2206042.000000
2083541.000000
1066961.000000
2156846.000000
2082437.000000
2242717.000000
1106854.000000
2099299.000000
2217285.000000
2147311.000000
1961071.000000
1352927.000000
1702923.000000
2223000.000000
2108327.000000
465301.000000
1884884.000000
1823992.000000
2115153.000000
883317.000000
2439579.000000
1965646.000000
2278913.000000
588169.000000
2216643.000000
2485339.000000
1969380.000000
1970260.000000
1264032.000000
26700.000000
2233319.000000
790314.000000
1567064.000000
626359.000000
1239218.000000
209779.000000
1982075.000000
1695776.000000
2131811.000000
1222644.000000
585839.000000
1952025.000000
411207.000000
2256666.000000
2126851.000000
510962.000000
2177072.000000
1987961.000000
1948708.000000
365508.000000
2006585.000000
432605.000000
2268553.000000
730322.000000
875879.000000
1862421.000000
1441356.000000
2088581.000000
2109237.000000
2041667.000000
2301723.000000
2109015.000000
2185292.000000
999693.000000
1554341.000000
1439048.000000
1805658.000000
2151495.000000
69152.000000
1794090.000000
952154.000000
2259162.000000
2041047.000000
2305435.000000
2472549.000000
1018593.000000
2363203.000000
223182.000000
2254215.000000
2034201.000000
2668456.000000
57193.000000
2240359.000000
845924.000000
2460327.000000
915683.000000
269228.000000
1931185.000000
1394046.000000
2062718.000000
2240062.000000
1807174.000000
406363.000000
24532.000000
1140353.000000
1255381.000000
1834889.000000
935306.000000
83030.000000
1781763.000000
2255650.000000
1567042.000000
2079244.000000
2139594.000000
548159.000000
1970932.000000
618197.000000
2204389.000000
2431350.000000
2465097.000000
1966545.000000
586126.000000
343281.000000
2559899.000000
1499536.000000
1252162.000000
1540678.000000
2067667.000000
1064216.000000
2164750.000000
1999106.000000
2170019.000000
2097905.000000
610273.000000
535144.000000
2161290.000000
1154298.000000
2574106.000000
2198895.000000
1253752.000000
1802898.000000
2308619.000000
2416075.000000
2139756.000000
1985753.000000
2218162.000000
141915.000000
26145.000000
1091250.000000
112429.000000
2260213.000000
1842034.000000
2100839.000000
1992616.000000
248394.000000
2158771.000000
538080.000000
250536.000000
2298219.000000
2143205.000000
2033143.000000
1992350.000000
1677484.000000
1552670.000000
380875.000000
857220.000000
158254.000000
2427220.000000
258596.000000
1722423.000000
1986665.000000
1789194.000000
2120921.000000
1966567.000000
2063775.000000
2420687.000000
2049609.000000
2301000.000000
2069791.000000
1371386.000000
1842187.000000
1426939.000000
812284.000000
176091.000000
1983570.000000
531771.000000
2091046.000000
1893348.000000
21618.000000
423483.000000
2204610.000000
1902627.000000
2145654.000000
1953413.000000
986348.000000
2189760.000000
2160750.000000
2015444.000000
628852.000000
2255027.000000
2363420.000000
352532.000000
2409443.000000
2183614.000000
1938591.000000
63928.000000
1934229.000000
1403943.000000
2021694.000000
1752980.000000
2422255.000000
905910.000000
1961267.000000
1826707.000000
2445047.000000
2600563.000000
2213504.000000
2286944.000000
2094134.000000
1874210.000000
1811995.000000
1476862.000000
2262114.000000
1034752.000000
2122306.000000
1675326.000000
2085918.000000
1046279.000000
937836.000000
2303482.000000
1119384.000000
2374743.000000
1920245.000000
348533.000000
2480316.000000
1953152.000000
2050947.000000
100257.000000
2299408.000000
1586990.000000
1789627.000000
1416963.000000
2344144.000000
2033100.000000
2634009.000000
1752839.000000
909952.000000
2431298.000000
2078468.000000
1877282.000000
2058380.000000
993935.000000
586828.000000
2476889.000000
214505.000000
2052902.000000
2125241.000000
2043317.000000
2240190.000000
213272.000000
1126023.000000
1341879.000000
374185.000000
1844008.000000
1940700.000000
441467.000000
2099363.000000
1953371.000000
1795232.000000
2248476.000000
2303699.000000
1610719.000000
2383929.000000
2590160.000000
818643.000000
2462939.000000
688262.000000
2235256.000000
2118148.000000
2137761.000000
1990554.000000
541774.000000
877237.000000
2387318.000000
2039897.000000
1195937.000000
1952395.000000
2258363.000000
2207673.000000
415574.000000
1521159.000000
2062769.000000
1896353.000000
1864111.000000
1390584.000000
1686090.000000
1657933.000000
563983.000000
791900.000000
1361272.000000
317673.000000
721213.000000
2276095.000000
225374.000000
148292.000000
206574.000000
2349029.000000
2437099.000000
1981384.000000
1822712.000000
2037324.000000
374048.000000
350260.000000
2418710.000000
1836601.000000
1808467.000000
1906601.000000
2026570.000000
1853178.000000
2070710.000000
2344517.000000
2291976.000000
272963.000000
469883.000000
1571801.000000
183365.000000
1868796.000000
1632069.000000
806741.000000
1330960.000000
1889127.000000
1817108.000000
2202396.000000
1002087.000000
1716055.000000
603958.000000
1958966.000000
2291449.000000
1100449.000000
308517.000000
2023939.000000
1008380.000000
2299731.000000
654922.000000
2541897.000000
2388830.000000
2493485.000000
2118425.000000
1988256.000000
1320229.000000
748887.000000
2052493.000000
364202.000000
1266064.000000
721429.000000
2520189.000000
2149777.000000
1213235.000000
1469425.000000
723499.000000
2265191.000000
2080779.000000
2032655.000000
441387.000000
1937047.000000
1867292.000000
2156294.000000
167185.000000
1922866.000000
2316968.000000
2054666.000000
1539111.000000
1586775.000000
1895163.000000
1616778.000000
1599823.000000
482179.000000
2059982.000000
1168232.000000
2217241.000000
19891.000000
1858018.000000
2161191.000000
2139936.000000
2214060.000000
2466720.000000
116500.000000
2217606.000000
1594350.000000
1876321.000000
2044903.000000
2084152.000000
2128174.000000
2253862.000000
1162910.000000
881381.000000
1328443.000000
2217944.000000
2071277.000000
2233592.000000
553452.000000
2355102.000000
2180814.000000
335332.000000
2394880.000000
1269457.000000
1497070.000000
724591.000000
2350169.000000
1801498.000000
486687.000000
2045902.000000
2138205.000000
2479194.000000
1968979.000000
1054799.000000
2334896.000000
2596440.000000
1818662.000000
583243.000000
2053939.000000
2062919.000000
1297915.000000
1980386.000000
1830455.000000
2289949.000000
1120894.000000
2254571.000000
1951194.000000
1761664.000000
1045011.000000
2168849.000000
1915552.000000
2171349.000000
1859686.000000
864032.000000
2248452.000000
2032714.000000
2249428.000000
677766.000000
2240067.000000
2045554.000000
183755.000000
2217269.000000
2157421.000000
2322955.000000
2223861.000000
2603462.000000
1893834.000000
1982075.000000
1921454.000000
1237313.000000
2179865.000000
1913337.000000
1837827.000000
661323.000000
1346784.000000
2102417.000000
2084288.000000
2304708.000000
2412140.000000
2168170.000000
2006457.000000
2325933.000000
474276.000000
2007417.000000
1816518.000000
116948.000000
2126831.000000
1667517.000000
2134862.000000
1843371.000000
1198716.000000
238602.000000
809732.000000
2341056.000000
2029143.000000
2183848.000000
1882394.000000
1973557.000000
1889416.000000
2050857.000000
2090103.000000
931233.000000
2165156.000000
1844350.000000
1838397.000000
1551015.000000
1454528.000000
2141833.000000
1300853.000000
700051.000000
2094453.000000
1882561.000000
2038660.000000
2292790.000000
2267776.000000
2092801.000000
2193882.000000
1277074.000000
1258651.000000
2225327.000000
1640561.000000
2020240.000000
843194.000000
754166.000000
2256751.000000
2001762.000000
783424.000000
2046073.000000
1499330.000000
1274656.000000
2326705.000000
190158.000000
1099441.000000
2000614.000000
2384069.000000
2288228.000000
203400.000000
1395759.000000
2043914.000000
85397.000000
1781219.000000
924024.000000
1689575.000000
1462264.000000
2113720.000000
1890432.000000
570123.000000
1165142.000000
778747.000000
2169528.000000
2088998.000000
471224.000000
290745.000000
2100974.000000
95596.000000
2077084.000000
803241.000000
378547.000000
1822398.000000
2179622.000000
1868548.000000
1926552.000000
1990016.000000
1669681.000000
1790026.000000
1392641.000000
2550470.000000
1127211.000000
2143544.000000
391572.000000
1585177.000000
1753097.000000
2134794.000000
1957555.000000
2117646.000000
2207626.000000
2119534.000000
610833.000000
1971734.000000
1287055.000000
2512523.000000
1325850.000000
2003071.000000
1875408.000000
104129.000000
2292980.000000
1735615.000000
1218318.000000
2008035.000000
2531829.000000
2378285.000000
2124206.000000
2338774.000000
1790143.000000
1057370.000000
2139653.000000
2057092.000000
380246.000000
2359036.000000
1419557.000000
2155981.000000
1803241.000000
2196957.000000
113194.000000
2049359.000000
1539533.000000
2348150.000000
1236506.000000
2234163.000000
2189767.000000
97248.000000
2229687.000000
657664.000000
2333864.000000
2251993.000000
1716456.000000
2159981.000000
1864855.000000
2208862.000000
2109766.000000
1480660.000000
960066.000000
616184.000000
1718831.000000
2444029.000000
88974.000000
511387.000000
1931080.000000
2162217.000000
2231233.000000
445790.000000
1943314.000000
182804.000000
1189883.000000
1782670.000000
1608498.000000
1867847.000000
1909995.000000
2362102.000000
2094133.000000
697898.000000
2445395.000000
888179.000000
1980361.000000
2339357.000000
2039754.000000
1650990.000000
1990594.000000
2023833.000000
2388567.000000
2427450.000000
1691949.000000
152874.000000
112041.000000
2123286.000000
647311.000000
2132179.000000
2206160.000000
2222287.000000
24420.000000
1929762.000000
1691057.000000
275270.000000
1970284.000000
2318614.000000
2006666.000000
2042733.000000
342454.000000
1921517.000000
2274118.000000
2145371.000000
2082286.000000
1938420.000000
198866.000000
2094132.000000
1074135.000000
2301889.000000
2244376.000000
619237.000000
2346359.000000
80832.000000
226794.000000
1912523.000000
233643.000000
357068.000000
2331681.000000
2070055.000000
2366043.000000
1564370.000000
2061207.000000
1339057.000000
656216.000000
503889.000000
2244188.000000
1625520.000000
1719477.000000
1954724.000000
2402402.000000
426867.000000
2119092.000000
1993577.000000
88623.000000
2195947.000000
1903391.000000
1345217.000000
2057577.000000
664432.000000
2173653.000000
924537.000000
570730.000000
844909.000000
2411321.000000
2023468.000000
1257880.000000
395995.000000
1152710.000000
449925.000000
1870548.000000
1987031.000000
2081521.000000
2029844.000000
2103880.000000
493103.000000
2106293.000000
2003383.000000
1983130.000000
2103618.000000
1736549.000000
1349813.000000
1719680.000000
739459.000000
433285.000000
2163166.000000
1299138.000000
2144695.000000
2056509.000000
1494910.000000
2171400.000000
2247819.000000
114130.000000
398669.000000
537238.000000
2117315.000000
1429918.000000
2156152.000000
1968094.000000
2302046.000000
1740692.000000
2103203.000000
2365625.000000
2106086.000000
1850675.000000
2150576.000000
2317430.000000
2356208.000000
831010.000000
1974090.000000
861891.000000
218241.000000
259568.000000
543006.000000
198672.000000
1893745.000000
1460848.000000
1782400.000000
2124883.000000
2241601.000000
1269740.000000
1934250.000000
2392828.000000
1849322.000000
1227340.000000
256844.000000
2072824.000000
1983729.000000
2181619.000000
2615739.000000
2400570.000000
2459317.000000
393035.000000
2088211.000000
1927182.000000
2027338.000000
2071017.000000
1829769.000000
1815563.000000
444777.000000
2374205.000000
1216694.000000
654368.000000
2111636.000000
171818.000000
533886.000000
2015358.000000
1707948.000000
1968925.000000
1228069.000000
2116507.000000
1909497.000000
2010469.000000
2246353.000000
2169058.000000
785739.000000
1359199.000000
1976072.000000
418467.000000
928822.000000
1782946.000000
1133430.000000
1916973.000000
408875.000000
216817.000000
504323.000000
1300988.000000
1965363.000000
2013605.000000
2100895.000000
