0.000000
0.000000
0.000000
0.000000
0.000000
0.000000
0.000000
0.000000
0.000000
0.000000
0.000000
0.000000
0.000000
0.000000
0.000000
0.000000
0.000000
0.000000
0.000000
0.000000
0.000000
0.000000
0.000000
0.000000
0.000000
0.000000
0.000000
0.000000
0.000000
0.000000
0.000000
0.000000
0.000000
0.000000
0.000000
0.000000
0.000000
0.000000
0.000000
0.000000
0.000000
0.000000
0.000000
0.000000
0.000000
0.000000
0.000000
0.000000
0.000000
0.000000
0.000000
0.000000
0.000000
0.000000
0.000000
0.000000
0.000000
0.000000
0.000000
0.000000
0.000000
0.000000
0.000000
0.000000
0.000000
0.000000
0.000000
0.000000
0.000000
0.000000
0.000000
0.000000
0.000000
0.000000
0.000000
0.000000
0.000000
0.000000
0.000000
0.000000
0.000000
0.000000
0.000000
0.000000
0.000000
0.000000
0.000000
0.000000
0.000000
0.000000
0.000000
0.000000
0.000000
0.000000
0.000000
0.000000
0.000000
0.000000
0.000000
0.000000
0.000000
0.000000
0.000000
0.000000
0.000000
0.000000
0.000000
0.000000
0.000000
0.000000
0.000000
0.000000
0.000000
0.000000
0.000000
0.000000
0.000000
0.000000
0.000000
0.000000
0.000000
0.000000
0.000000
0.000000
0.000000
0.000000
0.000000
0.000000
0.000000
0.000000
0.000000
0.000000
0.000000
0.000000
0.000000
0.000000
0.000000
0.000000
0.000000
0.000000
0.000000
0.000000
0.000000
0.000000
0.000000
0.000000
0.000000
0.000000
0.000000
0.000000
0.000000
0.000000
0.000000
0.000000
0.000000
0.000000
0.000000
0.000000
0.000000
0.000000
0.000000
0.000000
0.000000
0.000000
0.000000
0.000000
0.000000
0.000000
0.000000
0.000000
0.000000
0.000000
0.000000
0.000000
0.000000
0.000000
0.000000
0.000000
0.000000
0.000000
0.000000
0.000000
0.000000
0.000000
0.000000
0.000000
0.000000
0.000000
0.000000
0.000000
0.000000
0.000000
0.000000
0.000000
0.000000
0.000000
0.000000
0.000000
0.000000
0.000000
0.000000
0.000000
0.000000
0.000000
0.000000
0.000000
0.000000
0.000000
0.000000
0.000000
0.000000
0.000000
0.000000
0.000000
0.000000
0.000000
0.000000
0.000000
0.000000
0.000000
0.000000
0.000000
0.000000
0.000000
0.000000
0.000000
0.000000
0.000000
0.000000
0.000000
0.000000
0.000000
0.000000
0.000000
0.000000
0.000000
0.000000
0.000000
0.000000
0.000000
0.000000
0.000000
0.000000
0.000000
0.000000
0.000000
0.000000
0.000000
0.000000
0.000000
0.000000
0.000000
0.000000
0.000000
0.000000
0.000000
0.000000
0.000000
0.000000
0.000000
0.000000
0.000000
0.000000
0.000000
0.000000
0.000000
0.000000
0.000000
0.000000
0.000000
0.000000
0.000000
0.000000
0.000000
0.000000
0.000000
0.000000
0.000000
0.000000
0.000000
0.000000
0.000000
0.000000
0.000000
0.000000
0.000000
0.000000
0.000000
0.000000
0.000000
0.000000
0.000000
0.000000
0.000000
0.000000
0.000000
0.000000
0.000000
0.000000
0.000000
0.000000
0.000000
0.000000
0.000000
0.000000
0.000000
0.000000
0.000000
0.000000
0.000000
0.000000
0.000000
0.000000
0.000000
0.000000
0.000000
0.000000
0.000000
0.000000
0.000000
0.000000
0.000000
0.000000
0.000000
0.000000
0.000000
0.000000
0.000000
0.000000
0.000000
0.000000
0.000000
0.000000
0.000000
0.000000
0.000000
0.000000
0.000000
0.000000
0.000000
0.000000
0.000000
0.000000
0.000000
0.000000
0.000000
0.000000
0.000000
0.000000
0.000000
0.000000
0.000000
0.000000
0.000000
0.000000
0.000000
0.000000
0.000000
0.000000
0.000000
0.000000
0.000000
0.000000
0.000000
0.000000
0.000000
0.000000
0.000000
0.000000
0.000000
0.000000
0.000000
0.000000
0.000000
0.000000
0.000000
0.000000
0.000000
0.000000
0.000000
0.000000
0.000000
0.000000
0.000000
0.000000
0.000000
0.000000
0.000000
0.000000
0.000000
0.000000
0.000000
0.000000
0.000000
0.000000
0.000000
0.000000
0.000000
0.000000
0.000000
0.000000
0.000000
0.000000
0.000000
0.000000
0.000000
0.000000
0.000000
0.000000
0.000000
0.000000
0.000000
0.000000
0.000000
0.000000
0.000000
0.000000
0.000000
0.000000
0.000000
0.000000
0.000000
0.000000
0.000000
0.000000
0.000000
0.000000
0.000000
0.000000
0.000000
16867515.000000
4813989.000000
6438403.000000
3451639.000000
5785328.000000
356811.000000
331381.000000
1308367.000000
7825565.000000
8818825.000000
1851523.000000
5492214.000000
8336070.000000
9146898.000000
3304437.000000
3135884.000000
9003278.000000
5553620.000000
6758788.000000
4612593.000000
5544917.000000
5589586.000000
10319888.000000
458572.000000
379042.000000
6248195.000000
5927498.000000
1935020.000000
6483768.000000
3729631.000000
5362546.000000
262960.000000
6535189.000000
1309988.000000
7238412.000000
2223121.000000
854257.000000
854053.000000
8207984.000000
2757573.000000
8626799.000000
4720344.000000
5183859.000000
7099415.000000
413929.000000
5376087.000000
5727251.000000
5531300.000000
97763.000000
5421053.000000
7642335.000000
141069.000000
5551820.000000
8029360.000000
6561967.000000
119606.000000
2877585.000000
2726034.000000
7967494.000000
10501905.000000
5023616.000000
126894.000000
3153272.000000
6694404.000000
834256.000000
2197623.000000
8894021.000000
2506407.000000
102348.000000
6045033.000000
8761562.000000
2250644.000000
3166330.000000
4517058.000000
528411.000000
505716.000000
5854141.000000
6789162.000000
1055263.000000
9858938.000000
1421551.000000
8879032.000000
95266.000000
659209.000000
9290157.000000
1229981.000000
1627123.000000
2772725.000000
6362534.000000
6186732.000000
5984568.000000
3979872.000000
482466.000000
425742.000000
3924013.000000
9045929.000000
6759514.000000
4191819.000000
7603482.000000
5276284.000000
5567822.000000
6898011.000000
4974088.000000
1694257.000000
6902219.000000
8990492.000000
3776762.000000
586478.000000
614203.000000
3623477.000000
4310129.000000
281813.000000
5007359.000000
8797457.000000
6888731.000000
4082535.000000
4785950.000000
254098.000000
6114399.000000
10163569.000000
5487589.000000
7131657.000000
7228307.000000
4594432.000000
9352204.000000
9339028.000000
417265.000000
4498086.000000
9618240.000000
454949.000000
593728.000000
7566306.000000
2385750.000000
5700224.000000
1991124.000000
8487474.000000
402900.000000
7429836.000000
5442010.000000
1535859.000000
244282.000000
128289.000000
6226992.000000
6259112.000000
1270337.000000
2709396.000000
5140212.000000
9794714.000000
8825174.000000
5339940.000000
6395240.000000
2376775.000000
10227950.000000
913132.000000
2007264.000000
5326904.000000
7461020.000000
8540193.000000
9602756.000000
9776627.000000
3776384.000000
6088418.000000
746658.000000
1507795.000000
4085168.000000
1572818.000000
9290051.000000
1991025.000000
2669600.000000
4580483.000000
3709802.000000
340923.000000
1166969.000000
3785019.000000
6214258.000000
7267829.000000
8452799.000000
3251711.000000
5119977.000000
7259273.000000
334776.000000
4867032.000000
2839186.000000
3918832.000000
7791162.000000
917225.000000
6133013.000000
4712348.000000
1144241.000000
6815267.000000
7305620.000000
1633089.000000
1755531.000000
649476.000000
1733986.000000
6415672.000000
7689411.000000
4256391.000000
2247963.000000
2073672.000000
3356299.000000
2206642.000000
4370665.000000
6214509.000000
823245.000000
1309950.000000
6417100.000000
3906266.000000
3720507.000000
5635187.000000
8514115.000000
1919234.000000
1446647.000000
152845.000000
4250951.000000
2459644.000000
3840263.000000
852714.000000
6925328.000000
4566133.000000
7713038.000000
15159939.000000
1706442.000000
6589580.000000
5190147.000000
107214.000000
2978196.000000
4727184.000000
1462231.000000
2638786.000000
5119137.000000
1767548.000000
6315478.000000
68650.000000
4311658.000000
2756171.000000
2445666.000000
9490564.000000
538333.000000
5501237.000000
5059496.000000
8180044.000000
2572692.000000
7260605.000000
6651433.000000
10386268.000000
1940080.000000
2030159.000000
4287955.000000
7048815.000000
5372447.000000
8618786.000000
1202993.000000
2914978.000000
7594291.000000
1538989.000000
5080186.000000
139666.000000
3725100.000000
6846793.000000
319909.000000
3792310.000000
3250339.000000
4772044.000000
5993496.000000
8023349.000000
7627023.000000
4606085.000000
1095444.000000
4708801.000000
491211.000000
146857.000000
7708014.000000
2517013.000000
1388252.000000
4989758.000000
4323836.000000
5708702.000000
7984702.000000
2963966.000000
9865170.000000
841522.000000
4112854.000000
9314932.000000
623466.000000
8916928.000000
7253394.000000
199155.000000
7436048.000000
2499291.000000
8429818.000000
7479352.000000
3874757.000000
2077568.000000
327123.000000
6640072.000000
93717.000000
8748348.000000
14421.000000
537790.000000
7398460.000000
5841294.000000
4173986.000000
622946.000000
8548900.000000
10588857.000000
8138666.000000
2326148.000000
398731.000000
370108.000000
1153220.000000
8551864.000000
9881438.000000
1901285.000000
6350495.000000
6770815.000000
6264836.000000
4299361.000000
4710108.000000
1056102.000000
353556.000000
539024.000000
6263825.000000
6571341.000000
822277.000000
8370919.000000
918539.000000
9437279.000000
5077654.000000
5438449.000000
9284974.000000
286609.000000
6785889.000000
1539373.000000
8994410.000000
1555796.000000
248075.000000
2072714.000000
3745184.000000
1294146.000000
5161032.000000
1971846.000000
6743962.000000
3225702.000000
1977680.000000
3640378.000000
161331.000000
6247388.000000
5872146.000000
1507847.000000
5563611.000000
5382881.000000
7481661.000000
6129725.000000
496417.000000
6691176.000000
6135524.000000
1546169.000000
2774432.000000
7946375.000000
6827851.000000
3362780.000000
8456867.000000
464820.000000
3937383.000000
8240360.000000
6468322.000000
5883578.000000
6264017.000000
6952265.000000
3417138.000000
34893.000000
5076944.000000
75160.000000
1268509.000000
7648994.000000
8848304.000000
334582.000000
413764.000000
7340210.000000
8701352.000000
8528.000000
6992421.000000
4109378.000000
1639789.000000
98812.000000
2867592.000000
7296544.000000
493804.000000
142126.000000
9755990.000000
5546561.000000
1409502.000000
2306608.000000
3309286.000000
5397812.000000
2158682.000000
7500180.000000
6485271.000000
9994429.000000
190346.000000
133774.000000
3606708.000000
4602547.000000
10323933.000000
5925720.000000
52324.000000
4797980.000000
5893790.000000
234768.000000
6938623.000000
2436379.000000
7053665.000000
4759745.000000
9605832.000000
2757013.000000
3518642.000000
1814267.000000
281907.000000
7577664.000000
6635626.000000
2198619.000000
8569476.000000
221273.000000
4602081.000000
3563414.000000
8060939.000000
558000.000000
243224.000000
5154379.000000
658109.000000
6325688.000000
2510680.000000
5427536.000000
4446851.000000
4679618.000000
1887556.000000
1403116.000000
6775999.000000
7113452.000000
714749.000000
1633286.000000
5068705.000000
7217945.000000
224518.000000
770169.000000
3332682.000000
663961.000000
4048889.000000
174171.000000
49484.000000
1436333.000000
6244696.000000
7925170.000000
5545675.000000
211895.000000
3530271.000000
7509369.000000
10118258.000000
4104199.000000
4935850.000000
3689799.000000
4561621.000000
296136.000000
9819757.000000
198307.000000
5765499.000000
4626646.000000
4934040.000000
136870.000000
2550604.000000
6232857.000000
6345697.000000
5726614.000000
3549900.000000
505782.000000
5714330.000000
1811311.000000
3940341.000000
304711.000000
397095.000000
7729402.000000
5907140.000000
5813280.000000
2145891.000000
7495727.000000
8628360.000000
1619171.000000
10071049.000000
2747222.000000
155507.000000
3046742.000000
2857411.000000
1675267.000000
3418197.000000
4668288.000000
6920731.000000
3720149.000000
8345274.000000
313538.000000
90178.000000
5847844.000000
2883604.000000
8943942.000000
234381.000000
1912120.000000
212489.000000
10247294.000000
340820.000000
2914433.000000
3706554.000000
7638192.000000
1745271.000000
3685385.000000
8881998.000000
6360316.000000
3615167.000000
1701101.000000
3422680.000000
7182684.000000
4299053.000000
972925.000000
70502.000000
2558682.000000
6568803.000000
6801949.000000
1473975.000000
4179409.000000
6880686.000000
2845050.000000
7575237.000000
6240438.000000
5322953.000000
3959959.000000
8355053.000000
9480731.000000
9266891.000000
2541542.000000
3699931.000000
154247.000000
5938946.000000
1756909.000000
6909364.000000
1924655.000000
1625887.000000
4796155.000000
80236.000000
9248117.000000
6581042.000000
1221688.000000
3544998.000000
6511227.000000
1876967.000000
7651271.000000
1443780.000000
1380821.000000
6330911.000000
2658093.000000
7003494.000000
159475.000000
8166634.000000
9228326.000000
4034536.000000
1479952.000000
1037866.000000
3110438.000000
5061697.000000
3088546.000000
1216401.000000
7123074.000000
3006710.000000
5734230.000000
3138346.000000
7178615.000000
4457056.000000
6277770.000000
1696160.000000
8416153.000000
6831854.000000
302218.000000
7239808.000000
3745267.000000
2318160.000000
2427380.000000
6060054.000000
2249959.000000
3114860.000000
9070686.000000
7202041.000000
5857288.000000
5378080.000000
902639.000000
2059917.000000
7817328.000000
4811417.000000
8173290.000000
4025874.000000
7121629.000000
4816629.000000
1553116.000000
6495062.000000
3624668.000000
9926431.000000
5518690.000000
4461409.000000
7544381.000000
4765895.000000
570550.000000
2296493.000000
8141475.000000
6738958.000000
115079.000000
8983051.000000
846759.000000
406993.000000
126751.000000
1232710.000000
5118512.000000
3119422.000000
6862534.000000
5231200.000000
2855319.000000
4624688.000000
9739964.000000
969345.000000
1718601.000000
6691233.000000
323761.000000
8610828.000000
9753942.000000
2705930.000000
184467.000000
2181371.000000
6308708.000000
8155725.000000
5346933.000000
7258128.000000
4587348.000000
8238709.000000
5274689.000000
756541.000000
1914803.000000
1480470.000000
932035.000000
6187465.000000
325332.000000
327129.000000
8053883.000000
953143.000000
1636436.000000
1934220.000000
6022806.000000
733712.000000
8312259.000000
5930955.000000
5135631.000000
2957456.000000
6378126.000000
174190.000000
7046205.000000
9074682.000000
1440757.000000
5925801.000000
199756.000000
9181238.000000
1997982.000000
3696190.000000
5687025.000000
1677759.000000
1764156.000000
429428.000000
3084284.000000
263915.000000
3898456.000000
8876253.000000
254091.000000
7018417.000000
8889599.000000
5161962.000000
6721539.000000
6578385.000000
294331.000000
6696778.000000
559633.000000
8962642.000000
9000129.000000
8507165.000000
6261874.000000
7597259.000000
535522.000000
1114296.000000
2609825.000000
4999940.000000
4718082.000000
1918153.000000
8116115.000000
2920802.000000
3498076.000000
7636394.000000
4374075.000000
3987624.000000
5201530.000000
3114125.000000
231384.000000
879144.000000
2785448.000000
111803.000000
1167239.000000
205272.000000
7203818.000000
8547882.000000
6174729.000000
1981878.000000
32758.000000
9375339.000000
6141647.000000
5766017.000000
2659880.000000
8145534.000000
6310521.000000
5659592.000000
4145011.000000
3806020.000000
367306.000000
304442.000000
7638178.000000
1557297.000000
6104121.000000
262314.000000
6166553.000000
32301.000000
65313.000000
7160206.000000
117332.000000
3335301.000000
877235.000000
194325.000000
663789.000000
1599004.000000
6568497.000000
340915.000000
8161108.000000
4802469.000000
3901535.000000
8882597.000000
194267.000000
2889961.000000
6593312.000000
6634950.000000
5074370.000000
6245731.000000
7042779.000000
1384620.000000
4690720.000000
3738463.000000
4456260.000000
5122043.000000
1684322.000000
4362359.000000
69176.000000
4481785.000000
8569203.000000
30252.000000
2050588.000000
3773354.000000
8415001.000000
5845264.000000
6532488.000000
775594.000000
2536486.000000
10209012.000000
116197.000000
1263715.000000
3054047.000000
856502.000000
3728799.000000
6829439.000000
10010714.000000
949992.000000
6962782.000000
8752151.000000
2935551.000000
756990.000000
1156999.000000
5372864.000000
379651.000000
198864.000000
2642714.000000
2958677.000000
5659098.000000
5644734.000000
7095079.000000
586031.000000
5954585.000000
7818328.000000
891332.000000
8768638.000000
2117697.000000
3586946.000000
7281318.000000
7223146.000000
6892181.000000
3776452.000000
7213628.000000
104948.000000
5290167.000000
7295606.000000
7098499.000000
345168.000000
3448525.000000
6158540.000000
113391.000000
85178.000000
7581846.000000
7783335.000000
6234411.000000
8142261.000000
6933377.000000
3555585.000000
6819481.000000
1229230.000000
5641404.000000
2601852.000000
6413041.000000
1569510.000000
8071020.000000
690357.000000
7821653.000000
9324911.000000
6857283.000000
2921936.000000
6140708.000000
8153174.000000
320097.000000
10347579.000000
579169.000000
9019477.000000
254226.000000
755227.000000
1149173.000000
4159754.000000
1308809.000000
6105024.000000
9663178.000000
7239364.000000
6484980.000000
7352616.000000
225984.000000
616706.000000
7538180.000000
1103232.000000
711908.000000
5540681.000000
6974916.000000
7419379.000000
8581020.000000
2929788.000000
7065404.000000
6881281.000000
7828281.000000
6475794.000000
20314.000000
2856019.000000
131100.000000
337577.000000
3388178.000000
1333129.000000
8075547.000000
8798562.000000
9602816.000000
8225596.000000
114241.000000
3338226.000000
4759118.000000
2932145.000000
1939371.000000
7937562.000000
5193984.000000
1375251.000000
7646225.000000
7630818.000000
7464971.000000
5519098.000000
6202810.000000
842772.000000
1040485.000000
541771.000000
1512496.000000
4326872.000000
7335252.000000
6878133.000000
10547488.000000
7496883.000000
4003991.000000
5230942.000000
5147682.000000
147267.000000
6218102.000000
4028220.000000
8520901.000000
504232.000000
6043368.000000
7995683.000000
2176820.000000
5159064.000000
1016545.000000
6042164.000000
7517870.000000
4038985.000000
5068219.000000
4035515.000000
9159139.000000
7876802.000000
12731.000000
5472978.000000
1885122.000000
33790.000000
6809360.000000
3691146.000000
5727159.000000
5130793.000000
4656458.000000
10595390.000000
1986895.000000
8146746.000000
101772.000000
8191468.000000
3940478.000000
2745911.000000
859968.000000
2176619.000000
6319147.000000
4836829.000000
3856428.000000
114922.000000
7215566.000000
778809.000000
5991515.000000
338061.000000
6826471.000000
1466465.000000
7938834.000000
6365778.000000
6705256.000000
792363.000000
5776747.000000
417939.000000
6496407.000000
8826421.000000
219343.000000
7182312.000000
5974345.000000
5803163.000000
193605.000000
8440728.000000
7664636.000000
628925.000000
630140.000000
8174925.000000
5586519.000000
381489.000000
551441.000000
5237525.000000
6896302.000000
1810599.000000
8341593.000000
1380743.000000
775246.000000
1231267.000000
7193307.000000
532774.000000
6268042.000000
76829.000000
6413290.000000
696362.000000
5750366.000000
9316661.000000
354415.000000
7237478.000000
6516526.000000
1092065.000000
6420054.000000
6106017.000000
4820905.000000
5059300.000000
125105.000000
910086.000000
432381.000000
5890280.000000
126356.000000
884146.000000
7878043.000000
672812.000000
5818478.000000
9982935.000000
7226288.000000
6083885.000000
1410842.000000
7105379.000000
1061519.000000
5901220.000000
3673635.000000
3512429.000000
868703.000000
6552157.000000
5426593.000000
27323.000000
31771.000000
8524087.000000
2589872.000000
6659.000000
8468534.000000
5408152.000000
3187516.000000
241816.000000
2336998.000000
5545906.000000
3938693.000000
5612732.000000
884543.000000
503619.000000
7795211.000000
4911124.000000
5282206.000000
7210983.000000
5839287.000000
3825699.000000
7796017.000000
7084729.000000
3415466.000000
3390004.000000
7018910.000000
5783444.000000
1297986.000000
8499133.000000
709912.000000
7466554.000000
6614854.000000
4165691.000000
799910.000000
3433085.000000
3863047.000000
27535.000000
3470385.000000
3387648.000000
3392212.000000
3163136.000000
6839954.000000
8968961.000000
5761240.000000
1152551.000000
901354.000000
7882267.000000
5039468.000000
5466158.000000
6270224.000000
253982.000000
4091773.000000
2058963.000000
7566285.000000
4555820.000000
3068138.000000
452666.000000
6876117.000000
593984.000000
5310205.000000
1576581.000000
8081909.000000
572729.000000
1553898.000000
8829709.000000
3099476.000000
862865.000000
4687439.000000
1732064.000000
4858965.000000
2568845.000000
227453.000000
5330931.000000
5890223.000000
4849319.000000
7591496.000000
5588728.000000
6633788.000000
9314342.000000
266121.000000
3066235.000000
5854754.000000
7345603.000000
600723.000000
1319482.000000
6138277.000000
7280248.000000
3432114.000000
2834357.000000
2743889.000000
7668165.000000
336550.000000
7381320.000000
7347998.000000
6333612.000000
5014031.000000
2403096.000000
4060277.000000
6435597.000000
2533690.000000
2201282.000000
8811780.000000
7688232.000000
8734355.000000
4686467.000000
101745.000000
8771377.000000
8188826.000000
3019576.000000
6873838.000000
8518492.000000
8684250.000000
6142422.000000
4812898.000000
125123.000000
6272238.000000
8511283.000000
6411439.000000
883432.000000
4332655.000000
6867521.000000
5536596.000000
9584175.000000
2921450.000000
2031329.000000
496142.000000
7164936.000000
1380838.000000
96981.000000
6885526.000000
4497049.000000
9194568.000000
2755780.000000
7617976.000000
1555680.000000
7053277.000000
5084028.000000
7256378.000000
8811007.000000
31142.000000
5861121.000000
463038.000000
2158703.000000
968671.000000
295982.000000
5887673.000000
576023.000000
8428991.000000
5631878.000000
613296.000000
222213.000000
1272344.000000
7591499.000000
6569902.000000
4859359.000000
4500958.000000
188440.000000
5530196.000000
3680370.000000
512847.000000
6327613.000000
253266.000000
10948794.000000
4149978.000000
7732624.000000
4318488.000000
7854406.000000
962111.000000
3804609.000000
5766822.000000
8471377.000000
1798905.000000
1510723.000000
6749211.000000
2000994.000000
1792368.000000
33210.000000
8414243.000000
9632825.000000
4823663.000000
8997816.000000
1490818.000000
283929.000000
9167826.000000
8473925.000000
3590535.000000
4956347.000000
4558539.000000
2964085.000000
1207297.000000
7555864.000000
8801524.000000
854118.000000
4115456.000000
9075585.000000
6866952.000000
7362957.000000
291879.000000
15113.000000
542750.000000
5016503.000000
8079799.000000
685409.000000
314177.000000
3211714.000000
471143.000000
1539820.000000
7926059.000000
242087.000000
586524.000000
6015687.000000
136171.000000
5492502.000000
6492924.000000
6083979.000000
2319346.000000
226923.000000
5955321.000000
7884273.000000
7043404.000000
576119.000000
7229447.000000
6328479.000000
5765163.000000
501170.000000
6509233.000000
9295973.000000
189918.000000
7738565.000000
3798322.000000
2888179.000000
433352.000000
7469481.000000
6648132.000000
9241032.000000
1017830.000000
2978190.000000
6795676.000000
370818.000000
6264729.000000
640504.000000
4825458.000000
4325002.000000
5805173.000000
4851232.000000
2146893.000000
2597220.000000
2335164.000000
2639099.000000
5140046.000000
6245598.000000
2037742.000000
1903403.000000
5616601.000000
9377215.000000
6414060.000000
4820740.000000
851965.000000
1309558.000000
148718.000000
8869642.000000
271975.000000
2223392.000000
6009231.000000
8044667.000000
740597.000000
2387357.000000
2240026.000000
780444.000000
4807196.000000
5813592.000000
1372618.000000
2645991.000000
5622048.000000
8096571.000000
6470078.000000
5855984.000000
6050670.000000
4283390.000000
8125239.000000
105347.000000
4211072.000000
8806886.000000
5307443.000000
3820987.000000
5239549.000000
7606882.000000
249426.000000
5482253.000000
4691903.000000
4829313.000000
66803.000000
4967573.000000
1222087.000000
601171.000000
3622234.000000
4517853.000000
883017.000000
352335.000000
8385514.000000
4860661.000000
5154338.000000
8743414.000000
6253883.000000
3321697.000000
31952.000000
148952.000000
5640395.000000
485048.000000
6078885.000000
8143963.000000
3204765.000000
1101818.000000
10793273.000000
7067889.000000
926721.000000
8637820.000000
597928.000000
1859220.000000
963237.000000
7786427.000000
7391748.000000
3557241.000000
5337558.000000
75527.000000
543683.000000
92000.000000
520832.000000
7541951.000000
4378819.000000
5734820.000000
4445329.000000
1504206.000000
5266992.000000
7875948.000000
8576122.000000
1433021.000000
9578832.000000
4848568.000000
8492651.000000
3576489.000000
1956964.000000
4550007.000000
7103704.000000
9013791.000000
590373.000000
5565884.000000
2262180.000000
7025243.000000
1033519.000000
6417471.000000
3938759.000000
7508589.000000
600218.000000
5781517.000000
9140177.000000
4823313.000000
3582641.000000
1771397.000000
29864.000000
6587689.000000
867685.000000
2894478.000000
767120.000000
1613581.000000
201657.000000
4920208.000000
2477063.000000
6438034.000000
1566735.000000
514899.000000
4705241.000000
446523.000000
10843789.000000
5847860.000000
653384.000000
5886403.000000
4937219.000000
4908368.000000
397653.000000
8680124.000000
499115.000000
9931825.000000
960496.000000
1194818.000000
3251913.000000
2125452.000000
6602265.000000
5053777.000000
4526719.000000
8718819.000000
6060090.000000
6276815.000000
1270241.000000
2715281.000000
1592053.000000
7147192.000000
8702640.000000
63416.000000
3496043.000000
1035867.000000
6643286.000000
4428245.000000
6247893.000000
6963170.000000
1178684.000000
6532746.000000
246222.000000
9101729.000000
8792906.000000
9132250.000000
76044.000000
9534782.000000
1205510.000000
8309886.000000
931910.000000
259444.000000
3786164.000000
1949189.000000
4650899.000000
7774606.000000
4116539.000000
522152.000000
33717.000000
1340112.000000
1526871.000000
3900534.000000
1006282.000000
71605.000000
4251336.000000
9175112.000000
2230573.000000
6736245.000000
9117094.000000
678066.000000
5707980.000000
613388.000000
7206526.000000
8441586.000000
6991829.000000
6569686.000000
642551.000000
361032.000000
9963380.000000
2461954.000000
1633360.000000
2332442.000000
5369041.000000
1261445.000000
6150622.000000
6265268.000000
6429727.000000
6978293.000000
644248.000000
684671.000000
5061910.000000
1137274.000000
8133341.000000
4493790.000000
3704415.000000
2602433.000000
10551358.000000
5641183.000000
3905606.000000
7761097.000000
5973839.000000
181076.000000
29418.000000
1411670.000000
96713.000000
9077988.000000
3335762.000000
4762739.000000
6128179.000000
246473.000000
8598695.000000
603416.000000
248135.000000
4912480.000000
5008563.000000
7215231.000000
3895925.000000
7384860.000000
2330916.000000
473989.000000
991135.000000
130906.000000
5846054.000000
302798.000000
2795732.000000
5637509.000000
5083324.000000
4736966.000000
8588307.000000
5425055.000000
6195700.000000
8569654.000000
5844203.000000
4557746.000000
2091562.000000
2985536.000000
2032305.000000
977839.000000
166016.000000
5664856.000000
645845.000000
6754705.000000
2921720.000000
31244.000000
383165.000000
5391063.000000
4974634.000000
5689528.000000
3197961.000000
1203076.000000
8633745.000000
6043144.000000
6583228.000000
718573.000000
6468422.000000
5276286.000000
484659.000000
9214835.000000
5640169.000000
3379024.000000
64904.000000
8045219.000000
2362863.000000
3203756.000000
2698580.000000
5470476.000000
1123154.000000
7789833.000000
6563838.000000
5624550.000000
5800320.000000
7276092.000000
9371682.000000
6089671.000000
3671707.000000
6598002.000000
2287523.000000
5751882.000000
1269769.000000
6892902.000000
2475809.000000
6548034.000000
1102221.000000
984678.000000
7396659.000000
1369302.000000
8565425.000000
3274314.000000
332035.000000
8168208.000000
6250958.000000
4862746.000000
107782.000000
5064904.000000
3490730.000000
3183998.000000
1820819.000000
5389039.000000
5131977.000000
8480253.000000
5956003.000000
1008666.000000
9362004.000000
3502291.000000
5951220.000000
5475559.000000
1145917.000000
617526.000000
6388772.000000
212929.000000
6893320.000000
5235499.000000
5592722.000000
5549124.000000
214801.000000
1431578.000000
4269858.000000
480241.000000
5096203.000000
6667100.000000
454156.000000
6427575.000000
5443044.000000
5282447.000000
6288177.000000
7476183.000000
2486171.000000
7417967.000000
8234817.000000
919481.000000
6252559.000000
748275.000000
7208625.000000
8150011.000000
6792025.000000
3610298.000000
741965.000000
1239902.000000
9549311.000000
4968146.000000
1562150.000000
5945611.000000
8179599.000000
9015081.000000
522514.000000
2491753.000000
7488408.000000
3495741.000000
2896021.000000
2080841.000000
2888402.000000
3201274.000000
912757.000000
1008254.000000
2018625.000000
352208.000000
824436.000000
9119600.000000
329748.000000
150928.000000
187437.000000
8097748.000000
6270452.000000
4216220.000000
3732981.000000
5162415.000000
413890.000000
448929.000000
7309602.000000
7577204.000000
4488118.000000
5147650.000000
4648249.000000
3326693.000000
7806858.000000
7490673.000000
7185690.000000
332993.000000
523400.000000
2474868.000000
146209.000000
5575357.000000
2788380.000000
1004150.000000
1633836.000000
9251114.000000
5700245.000000
4459682.000000
1240637.000000
2651508.000000
711615.000000
4023616.000000
5073390.000000
1565521.000000
297153.000000
5330580.000000
875402.000000
5312534.000000
720492.000000
8785916.000000
8756229.000000
4584563.000000
7804641.000000
4216438.000000
2146770.000000
782597.000000
3998701.000000
479352.000000
1689283.000000
872478.000000
8033137.000000
5524135.000000
1719388.000000
2436524.000000
366434.000000
6196665.000000
8142408.000000
7529750.000000
412537.000000
6147025.000000
3902830.000000
5182926.000000
180636.000000
4364747.000000
7506117.000000
7213782.000000
2860817.000000
2528401.000000
3836767.000000
2407518.000000
2235507.000000
417012.000000
6254800.000000
1399869.000000
4794453.000000
14469.000000
3310190.000000
6167446.000000
6569674.000000
7424899.000000
8573520.000000
160710.000000
6627102.000000
2614993.000000
3299392.000000
5837287.000000
9464233.000000
4463606.000000
5278128.000000
1556308.000000
890828.000000
1914615.000000
7728375.000000
8669441.000000
9288389.000000
647649.000000
8710080.000000
5895809.000000
391964.000000
8016863.000000
1779824.000000
2033226.000000
879952.000000
8073298.000000
4451846.000000
446524.000000
3488717.000000
8739278.000000
7847843.000000
4955822.000000
1312724.000000
7500916.000000
8263724.000000
5361611.000000
544446.000000
6471833.000000
6361311.000000
1653410.000000
9846243.000000
3268459.000000
6823994.000000
1608695.000000
5279918.000000
4244983.000000
2789169.000000
1466642.000000
4117619.000000
3035967.000000
7781948.000000
2696716.000000
1041523.000000
7997501.000000
8731985.000000
9351394.000000
820808.000000
5129866.000000
4473219.000000
158717.000000
6057660.000000
6284781.000000
6604242.000000
6538939.000000
9247782.000000
7740410.000000
6591790.000000
4082689.000000
1840136.000000
7780294.000000
9315019.000000
3667987.000000
702511.000000
2109773.000000
4623967.000000
5315731.000000
8210453.000000
7400214.000000
5283436.000000
9531769.000000
7139952.000000
453228.000000
9541056.000000
2796640.000000
117964.000000
6765024.000000
4645045.000000
8537729.000000
3669697.000000
1864907.000000
225965.000000
917659.000000
5867027.000000
3856529.000000
8218309.000000
6185967.000000
7644654.000000
3598321.000000
7715020.000000
3751472.000000
1128813.000000
9547531.000000
3266702.000000
7189732.000000
2502068.000000
1923792.000000
5847179.000000
1702081.000000
778726.000000
5094696.000000
3434407.000000
6847979.000000
9387920.000000
7845603.000000
9206921.000000
9322016.000000
1580404.000000
1505771.000000
9284693.000000
2350032.000000
8520170.000000
936185.000000
841293.000000
6063401.000000
6966614.000000
930848.000000
3519328.000000
2445015.000000
1605344.000000
8985534.000000
195070.000000
1582840.000000
5796419.000000
7005041.000000
5470026.000000
227738.000000
2236627.000000
8179565.000000
89467.000000
3316410.000000
997579.000000
2877042.000000
2123045.000000
5484879.000000
3128074.000000
723975.000000
1824733.000000
1038321.000000
7379791.000000
7182755.000000
405823.000000
427659.000000
4292500.000000
97223.000000
6139890.000000
1064375.000000
356828.000000
6445349.000000
7472776.000000
3039915.000000
9389961.000000
8285585.000000
3518818.000000
3726259.000000
2230176.000000
6230072.000000
1266733.000000
7896318.000000
446705.000000
4699807.000000
2573591.000000
7131549.000000
4530328.000000
6419567.000000
5658154.000000
8556828.000000
698833.000000
6851490.000000
1577930.000000
6057111.000000
1812711.000000
3915675.000000
4919771.000000
81550.000000
7705029.000000
4086328.000000
1626542.000000
6082241.000000
8149401.000000
7323600.000000
4292554.000000
6294571.000000
5133100.000000
1304394.000000
9093240.000000
8661521.000000
395156.000000
7799005.000000
1999782.000000
6213652.000000
5797040.000000
3386037.000000
132199.000000
5804994.000000
2453158.000000
9091547.000000
2037549.000000
8460706.000000
6031335.000000
99549.000000
6889017.000000
749346.000000
8690651.000000
9754367.000000
3882711.000000
5136142.000000
7048220.000000
6833029.000000
6208420.000000
2256216.000000
1129013.000000
605973.000000
6664529.000000
6414081.000000
98500.000000
599044.000000
3578825.000000
7654240.000000
4834515.000000
489582.000000
6129967.000000
198665.000000
1608719.000000
3197507.000000
2090720.000000
3782561.000000
4140264.000000
9112338.000000
4999147.000000
688897.000000
8375087.000000
1188120.000000
7657536.000000
6270845.000000
5722958.000000
2601124.000000
6076869.000000
6667469.000000
5956845.000000
6935262.000000
3841160.000000
165795.000000
120192.000000
5018250.000000
596949.000000
5539526.000000
5764121.000000
8576860.000000
27535.000000
4356340.000000
2957263.000000
284536.000000
3713140.000000
7986565.000000
8160711.000000
6922811.000000
394209.000000
6550514.000000
6265174.000000
5209183.000000
5324242.000000
9581158.000000
156694.000000
4381418.000000
1283258.000000
8497388.000000
8609792.000000
641853.000000
9312832.000000
68439.000000
163663.000000
4125339.000000
206085.000000
393045.000000
9258326.000000
8278404.000000
6524609.000000
2588395.000000
6598906.000000
1610218.000000
684509.000000
599475.000000
6461447.000000
2386516.000000
2503735.000000
5144776.000000
7967211.000000
484999.000000
5247625.000000
6782705.000000
92043.000000
5504422.000000
4960111.000000
1905179.000000
7081369.000000
789957.000000
6675728.000000
1235608.000000
658070.000000
1089072.000000
9541980.000000
7368230.000000
1785187.000000
439198.000000
1634365.000000
700401.000000
4269439.000000
4562562.000000
9531641.000000
6464116.000000
3609014.000000
639630.000000
3864871.000000
5106102.000000
3902843.000000
8693242.000000
2562828.000000
1737733.000000
2408026.000000
923706.000000
316477.000000
4991193.000000
1884420.000000
6392554.000000
7092721.000000
2260413.000000
7450602.000000
7665130.000000
140307.000000
436620.000000
668316.000000
4670081.000000
1927160.000000
6466233.000000
3728525.000000
5933802.000000
3350116.000000
8533069.000000
9760819.000000
4896349.000000
4103050.000000
7971568.000000
7121676.000000
8090735.000000
985267.000000
3150972.000000
1158620.000000
213090.000000
308510.000000
655001.000000
192128.000000
4609603.000000
2209422.000000
4190912.000000
3771321.000000
6802985.000000
2115071.000000
4680839.000000
7184156.000000
5629566.000000
1430646.000000
267388.000000
9954805.000000
5829498.000000
7124462.000000
7145275.000000
7577263.000000
6981859.000000
435253.000000
7511041.000000
3734435.000000
10075607.000000
8573621.000000
4669729.000000
3111908.000000
441217.000000
5835908.000000
1483154.000000
661751.000000
7783235.000000
184567.000000
626642.000000
8437976.000000
2600815.000000
8726539.000000
1667707.000000
6180598.000000
4484533.000000
8811576.000000
5159818.000000
4992888.000000
736332.000000
3260879.000000
6796687.000000
394931.000000
1279769.000000
3426267.000000
1716057.000000
3992235.000000
403503.000000
271626.000000
649065.000000
1536310.000000
9727561.000000
5172010.000000
5790426.000000
