0.000000
0.000000
0.000000
0.000000
0.000000
0.000000
0.000000
0.000000
0.000000
0.000000
0.000000
0.000000
0.000000
0.000000
0.000000
0.000000
0.000000
0.000000
0.000000
0.000000
0.000000
0.000000
0.000000
0.000000
0.000000
0.000000
0.000000
0.000000
0.000000
0.000000
0.000000
0.000000
0.000000
0.000000
0.000000
0.000000
0.000000
0.000000
0.000000
0.000000
0.000000
0.000000
0.000000
0.000000
0.000000
0.000000
0.000000
0.000000
0.000000
0.000000
0.000000
0.000000
0.000000
0.000000
0.000000
0.000000
0.000000
0.000000
0.000000
0.000000
0.000000
0.000000
0.000000
0.000000
0.000000
0.000000
0.000000
0.000000
0.000000
0.000000
0.000000
0.000000
0.000000
0.000000
0.000000
0.000000
0.000000
0.000000
0.000000
0.000000
0.000000
0.000000
0.000000
0.000000
0.000000
0.000000
0.000000
0.000000
0.000000
0.000000
0.000000
0.000000
0.000000
0.000000
0.000000
0.000000
0.000000
0.000000
0.000000
0.000000
0.000000
0.000000
0.000000
0.000000
0.000000
0.000000
0.000000
0.000000
0.000000
0.000000
0.000000
0.000000
0.000000
0.000000
0.000000
0.000000
0.000000
0.000000
0.000000
0.000000
0.000000
0.000000
0.000000
0.000000
0.000000
0.000000
0.000000
0.000000
0.000000
0.000000
0.000000
0.000000
0.000000
0.000000
0.000000
0.000000
0.000000
0.000000
0.000000
0.000000
0.000000
0.000000
0.000000
0.000000
0.000000
0.000000
0.000000
0.000000
0.000000
0.000000
0.000000
0.000000
0.000000
0.000000
0.000000
0.000000
0.000000
0.000000
0.000000
0.000000
0.000000
0.000000
0.000000
0.000000
0.000000
0.000000
0.000000
0.000000
0.000000
0.000000
0.000000
0.000000
0.000000
0.000000
0.000000
0.000000
0.000000
0.000000
0.000000
0.000000
0.000000
0.000000
0.000000
0.000000
0.000000
0.000000
0.000000
0.000000
0.000000
0.000000
0.000000
0.000000
0.000000
0.000000
0.000000
0.000000
0.000000
0.000000
0.000000
0.000000
0.000000
0.000000
0.000000
0.000000
0.000000
0.000000
0.000000
0.000000
0.000000
0.000000
0.000000
0.000000
0.000000
0.000000
0.000000
0.000000
0.000000
0.000000
0.000000
0.000000
0.000000
0.000000
0.000000
0.000000
0.000000
0.000000
0.000000
0.000000
0.000000
0.000000
0.000000
0.000000
0.000000
0.000000
0.000000
0.000000
0.000000
0.000000
0.000000
0.000000
0.000000
0.000000
0.000000
0.000000
0.000000
0.000000
0.000000
0.000000
0.000000
0.000000
0.000000
0.000000
0.000000
0.000000
0.000000
0.000000
0.000000
0.000000
0.000000
0.000000
0.000000
0.000000
0.000000
0.000000
0.000000
0.000000
0.000000
0.000000
0.000000
0.000000
0.000000
0.000000
0.000000
0.000000
0.000000
0.000000
0.000000
0.000000
0.000000
0.000000
0.000000
0.000000
0.000000
0.000000
0.000000
0.000000
0.000000
0.000000
0.000000
0.000000
0.000000
0.000000
0.000000
0.000000
0.000000
0.000000
0.000000
0.000000
0.000000
0.000000
0.000000
0.000000
0.000000
0.000000
0.000000
0.000000
0.000000
0.000000
0.000000
0.000000
0.000000
0.000000
0.000000
0.000000
0.000000
0.000000
0.000000
0.000000
0.000000
0.000000
0.000000
0.000000
0.000000
0.000000
0.000000
0.000000
0.000000
0.000000
0.000000
0.000000
0.000000
0.000000
0.000000
0.000000
0.000000
0.000000
0.000000
0.000000
0.000000
0.000000
0.000000
0.000000
0.000000
0.000000
0.000000
0.000000
0.000000
0.000000
0.000000
0.000000
0.000000
0.000000
0.000000
0.000000
0.000000
0.000000
0.000000
0.000000
0.000000
0.000000
0.000000
0.000000
0.000000
0.000000
0.000000
0.000000
0.000000
0.000000
0.000000
0.000000
0.000000
0.000000
0.000000
0.000000
0.000000
0.000000
0.000000
0.000000
0.000000
0.000000
0.000000
0.000000
0.000000
0.000000
0.000000
0.000000
0.000000
0.000000
0.000000
0.000000
0.000000
0.000000
0.000000
0.000000
0.000000
0.000000
0.000000
0.000000
0.000000
0.000000
0.000000
0.000000
0.000000
0.000000
0.000000
0.000000
0.000000
0.000000
0.000000
0.000000
0.000000
0.000000
0.000000
0.000000
0.000000
0.000000
0.000000
0.000000
0.000000
0.000000
0.000000
0.000000
0.000000
0.000000
0.000000
0.000000
0.000000
0.000000
0.000000
0.000000
0.000000
8906640.000000
4440084.000000
3092105.000000
4543238.000000
293755.000000
240395.000000
1114197.000000
5697250.000000
5430074.000000
1831331.000000
4329998.000000
5590944.000000
5665514.000000
3186548.000000
2778730.000000
5235172.000000
3747632.000000
4614784.000000
3243971.000000
4206044.000000
4121557.000000
4922989.000000
460369.000000
279586.000000
4673438.000000
4223628.000000
1866758.000000
4444768.000000
2952453.000000
3661788.000000
269323.000000
4623792.000000
1129883.000000
5299730.000000
2141384.000000
792361.000000
837575.000000
5270747.000000
2309727.000000
4878468.000000
3938624.000000
3856109.000000
4839242.000000
362006.000000
3792934.000000
3823842.000000
4173257.000000
93310.000000
3634063.000000
4948709.000000
145650.000000
4294343.000000
4531512.000000
4253135.000000
121063.000000
2550507.000000
2261422.000000
4991501.000000
5460803.000000
3585275.000000
119098.000000
2704751.000000
5129637.000000
833742.000000
1515061.000000
5513211.000000
2006408.000000
79779.000000
4498325.000000
4657652.000000
1885068.000000
2793038.000000
3568869.000000
463109.000000
456418.000000
4313764.000000
3897925.000000
880112.000000
6478472.000000
1467049.000000
5148058.000000
90129.000000
525265.000000
4551311.000000
1144113.000000
1720810.000000
2621206.000000
3935643.000000
4665802.000000
4148280.000000
3532094.000000
435514.000000
410786.000000
3438565.000000
4987094.000000
4192050.000000
3500661.000000
4531517.000000
4026155.000000
4022004.000000
4886969.000000
3856709.000000
1396520.000000
4800825.000000
5387912.000000
2784600.000000
584980.000000
648753.000000
3288254.000000
3037760.000000
274160.000000
4063849.000000
5010877.000000
3935413.000000
3418114.000000
3849920.000000
246231.000000
3984018.000000
5399959.000000
4477170.000000
4890604.000000
4500722.000000
3670638.000000
5080821.000000
5447815.000000
372850.000000
3473463.000000
5233136.000000
505352.000000
414365.000000
4634051.000000
2275708.000000
4390870.000000
1550595.000000
5940167.000000
362022.000000
5411913.000000
3999691.000000
1366095.000000
262489.000000
122694.000000
4587498.000000
4286847.000000
1197103.000000
2189223.000000
4058706.000000
5631151.000000
5529452.000000
4121558.000000
3926820.000000
2121032.000000
5926284.000000
787351.000000
2100344.000000
3822066.000000
4715208.000000
4395950.000000
5694493.000000
5310264.000000
3034842.000000
4071358.000000
752519.000000
1385924.000000
3025955.000000
1239640.000000
5128175.000000
1715317.000000
2153650.000000
3549116.000000
2640170.000000
397426.000000
1339320.000000
3214917.000000
4720606.000000
5117982.000000
5224839.000000
2845157.000000
4266192.000000
4705789.000000
291719.000000
2957596.000000
2783731.000000
3030918.000000
4872682.000000
704662.000000
4093534.000000
3754197.000000
1091091.000000
4459845.000000
4560378.000000
1429522.000000
1313152.000000
578975.000000
1716347.000000
4478167.000000
4894963.000000
3329020.000000
2071513.000000
2320613.000000
2744801.000000
1908019.000000
3433559.000000
4663704.000000
795055.000000
1213728.000000
4878027.000000
3055184.000000
2999429.000000
4058396.000000
4647979.000000
1824925.000000
1345368.000000
133199.000000
3410712.000000
2131458.000000
2751121.000000
704329.000000
4665370.000000
3539329.000000
4839031.000000
5411652.000000
1407052.000000
4941594.000000
3695080.000000
96357.000000
2753451.000000
3754989.000000
1456046.000000
3342212.000000
3921326.000000
1594113.000000
4463165.000000
86064.000000
3629764.000000
2318986.000000
2422989.000000
5588650.000000
645190.000000
3718085.000000
3840084.000000
5384380.000000
2343661.000000
4645153.000000
4387965.000000
5696279.000000
1754880.000000
1708333.000000
3405369.000000
4747050.000000
3829061.000000
5759091.000000
1026089.000000
2448409.000000
5027636.000000
1052695.000000
3912711.000000
132566.000000
2930538.000000
4460712.000000
368002.000000
3113443.000000
2744568.000000
3771602.000000
3900361.000000
4597574.000000
5048863.000000
3177098.000000
749513.000000
3993288.000000
534987.000000
133971.000000
4737487.000000
2228934.000000
1282582.000000
3403191.000000
3725162.000000
3570118.000000
5784313.000000
2633972.000000
5563876.000000
807113.000000
3336381.000000
5537837.000000
552122.000000
6214505.000000
5121139.000000
254370.000000
5076607.000000
2456424.000000
4270697.000000
4854440.000000
2831354.000000
1922964.000000
269051.000000
4738278.000000
76791.000000
4955215.000000
16329.000000
517256.000000
5198793.000000
4271145.000000
3442048.000000
696359.000000
4975278.000000
5803032.000000
5301632.000000
2005786.000000
385560.000000
521805.000000
1083338.000000
4889110.000000
6257082.000000
1715754.000000
4001106.000000
5008668.000000
4000774.000000
2762988.000000
3738256.000000
1031377.000000
413544.000000
554815.000000
3725492.000000
4747525.000000
720480.000000
5003592.000000
1069696.000000
5349316.000000
4103952.000000
3713114.000000
5592896.000000
238022.000000
4584395.000000
1458782.000000
4905540.000000
1215852.000000
244903.000000
1772931.000000
3275928.000000
1380687.000000
3401397.000000
1574828.000000
4231922.000000
2578007.000000
1893130.000000
3072371.000000
175011.000000
4539081.000000
3978658.000000
1134023.000000
3291519.000000
4092671.000000
4488926.000000
4195145.000000
397213.000000
4956523.000000
3961332.000000
1656663.000000
2901190.000000
5134445.000000
5114804.000000
3103926.000000
5095627.000000
388003.000000
3027435.000000
5239981.000000
3984912.000000
3716400.000000
4171821.000000
5092541.000000
2709769.000000
23001.000000
3868508.000000
59734.000000
1167260.000000
4954195.000000
5108009.000000
290565.000000
323601.000000
3889385.000000
4468814.000000
7424.000000
4824812.000000
3351380.000000
1327274.000000
101372.000000
2811046.000000
4608303.000000
521865.000000
141079.000000
5706258.000000
3933430.000000
1476695.000000
2010687.000000
3208661.000000
4124380.000000
2232008.000000
4445687.000000
4416097.000000
5411978.000000
172097.000000
152344.000000
2864802.000000
3352834.000000
5963511.000000
3786138.000000
58789.000000
3256292.000000
4386568.000000
216739.000000
4519795.000000
1936602.000000
4972232.000000
3456922.000000
5166516.000000
2377530.000000
3107881.000000
1365932.000000
247433.000000
4477976.000000
4559040.000000
2128620.000000
4606597.000000
201897.000000
3307190.000000
2598441.000000
5646536.000000
494532.000000
216919.000000
3596960.000000
587179.000000
3961104.000000
2401009.000000
3512817.000000
3091710.000000
2894805.000000
1943895.000000
1088382.000000
4827346.000000
5060426.000000
846131.000000
1498911.000000
3686693.000000
4684379.000000
206683.000000
659615.000000
2479256.000000
558208.000000
3028485.000000
172210.000000
60547.000000
1382860.000000
3861458.000000
5030294.000000
3603572.000000
175710.000000
2712976.000000
5144091.000000
5553662.000000
3484352.000000
3389331.000000
3152854.000000
3531155.000000
336173.000000
5969036.000000
183241.000000
3891668.000000
3419207.000000
3287570.000000
99038.000000
2050515.000000
4491333.000000
4658168.000000
4448003.000000
2986394.000000
341545.000000
3650583.000000
1665593.000000
3250404.000000
237438.000000
339702.000000
5063246.000000
4325097.000000
4058905.000000
2319831.000000
4653961.000000
4875751.000000
1534881.000000
5111723.000000
3042312.000000
155339.000000
2371914.000000
2802827.000000
1366313.000000
2764848.000000
3561430.000000
4784324.000000
3116785.000000
5060793.000000
290770.000000
84099.000000
4322348.000000
2628407.000000
5303159.000000
235306.000000
1668975.000000
168261.000000
5496038.000000
274574.000000
2494596.000000
3021367.000000
5151009.000000
1744059.000000
3008302.000000
5024255.000000
4437278.000000
3123264.000000
1676460.000000
3304299.000000
4889775.000000
3281956.000000
769737.000000
47796.000000
2026505.000000
4550618.000000
4703723.000000
1558494.000000
3297486.000000
4648030.000000
2262414.000000
4669886.000000
4388759.000000
4173252.000000
3340431.000000
5550691.000000
4677667.000000
5703903.000000
2102930.000000
3042034.000000
158178.000000
3918612.000000
1492907.000000
5002850.000000
1625600.000000
1727659.000000
3892960.000000
65530.000000
4675000.000000
4987758.000000
1170516.000000
3178592.000000
4956056.000000
1761034.000000
4863059.000000
957524.000000
1174838.000000
4310500.000000
2483972.000000
4527679.000000
125933.000000
4540982.000000
4376064.000000
3212750.000000
1449033.000000
901050.000000
2724600.000000
3821043.000000
2803136.000000
1033966.000000
4774771.000000
2665289.000000
4244795.000000
2684345.000000
4971746.000000
3310498.000000
4494338.000000
1322918.000000
5046270.000000
4440054.000000
262118.000000
5054700.000000
2980059.000000
2135564.000000
2130842.000000
3868923.000000
2513649.000000
2714707.000000
5714224.000000
4513531.000000
3913094.000000
3863442.000000
1213697.000000
1906799.000000
4546633.000000
3902255.000000
5072394.000000
3262304.000000
4549077.000000
3212701.000000
1079484.000000
4933609.000000
3006735.000000
6125669.000000
4291169.000000
3645392.000000
5116725.000000
3826191.000000
502169.000000
2437423.000000
4606786.000000
4683052.000000
84105.000000
5297188.000000
1113925.000000
444983.000000
111358.000000
1069169.000000
3878760.000000
2653856.000000
4256486.000000
3825635.000000
2683002.000000
3031498.000000
5670840.000000
930206.000000
1314490.000000
4438198.000000
272187.000000
5638489.000000
4712729.000000
2110401.000000
184783.000000
2246232.000000
4402679.000000
5342815.000000
3265032.000000
5123927.000000
3862776.000000
4427569.000000
4163258.000000
664651.000000
1839131.000000
1194861.000000
709795.000000
4056215.000000
243799.000000
333097.000000
4856364.000000
802493.000000
1438027.000000
1992965.000000
4357150.000000
537207.000000
5494004.000000
3752841.000000
3605056.000000
2987324.000000
4285104.000000
169868.000000
4306206.000000
5217894.000000
1122020.000000
4045799.000000
176478.000000
4996466.000000
2129203.000000
2836045.000000
3910903.000000
1506216.000000
1294702.000000
363030.000000
2545481.000000
191162.000000
3448141.000000
5590465.000000
195955.000000
4741701.000000
5478802.000000
4052089.000000
4263471.000000
4423544.000000
227791.000000
3915035.000000
507123.000000
4581798.000000
5419513.000000
5303655.000000
4710415.000000
5187615.000000
612744.000000
1067697.000000
2022640.000000
4051417.000000
3463489.000000
1789684.000000
5314914.000000
2420666.000000
2996753.000000
4862785.000000
3563349.000000
3082874.000000
3951411.000000
2797129.000000
254501.000000
809530.000000
2453081.000000
93317.000000
931280.000000
254197.000000
4406575.000000
5377851.000000
4114824.000000
1657561.000000
25728.000000
5822128.000000
4410257.000000
4380994.000000
2412704.000000
5339133.000000
4397154.000000
4036315.000000
2876413.000000
3004107.000000
350168.000000
441751.000000
4760268.000000
1161298.000000
4202625.000000
245767.000000
4327182.000000
22486.000000
57494.000000
4792523.000000
124914.000000
2881788.000000
608750.000000
207318.000000
595743.000000
1460424.000000
4201640.000000
267298.000000
5094490.000000
3519104.000000
2934665.000000
5222366.000000
186531.000000
2459888.000000
4767321.000000
4961332.000000
3764354.000000
3838899.000000
5271585.000000
1031979.000000
3551593.000000
3115426.000000
3398383.000000
3709699.000000
1447995.000000
3833852.000000
66261.000000
3460825.000000
4953991.000000
19528.000000
1991342.000000
3046527.000000
5369036.000000
4164649.000000
4521200.000000
642897.000000
2101824.000000
5459459.000000
124792.000000
1077143.000000
2239132.000000
853965.000000
2945878.000000
3940591.000000
5932017.000000
870054.000000
4866177.000000
5033075.000000
2341086.000000
815708.000000
1072535.000000
3863170.000000
396960.000000
214997.000000
2395240.000000
2404099.000000
4422839.000000
4733593.000000
4584289.000000
530201.000000
4239824.000000
4243894.000000
812025.000000
5482459.000000
1926962.000000
2509475.000000
5103629.000000
4647835.000000
4751112.000000
3230179.000000
4848982.000000
101756.000000
3469677.000000
5281099.000000
5118380.000000
353040.000000
2968439.000000
4526462.000000
119431.000000
104890.000000
5118210.000000
5116912.000000
4313580.000000
4771523.000000
5277030.000000
2948398.000000
4498466.000000
1296490.000000
3576115.000000
2616242.000000
4777180.000000
1376147.000000
4446792.000000
522970.000000
4887263.000000
5038238.000000
4558994.000000
2445314.000000
4660934.000000
5025958.000000
242772.000000
5031116.000000
662819.000000
5262811.000000
188156.000000
697605.000000
981092.000000
2995239.000000
1151511.000000
4634081.000000
5376787.000000
4432235.000000
4941944.000000
4788822.000000
146344.000000
630427.000000
5439126.000000
1287964.000000
705980.000000
3821268.000000
3848213.000000
5494362.000000
5693232.000000
2601423.000000
4932530.000000
4873855.000000
4042071.000000
5228878.000000
20702.000000
2693124.000000
125645.000000
263462.000000
2949282.000000
1207106.000000
5277157.000000
5577662.000000
6379090.000000
5479108.000000
118296.000000
2773740.000000
3415192.000000
2514968.000000
1655870.000000
5238322.000000
3628213.000000
944790.000000
5328561.000000
4744158.000000
5326229.000000
3870241.000000
4147243.000000
760088.000000
972137.000000
495504.000000
1407500.000000
3042231.000000
4555942.000000
5009904.000000
5081779.000000
4826180.000000
3069370.000000
3103594.000000
3929154.000000
160070.000000
4279839.000000
3112829.000000
5135183.000000
423031.000000
4297759.000000
4773070.000000
1908851.000000
3726850.000000
969219.000000
4266626.000000
5110124.000000
2897414.000000
3573591.000000
2898104.000000
5491531.000000
5428085.000000
12671.000000
4233973.000000
1698198.000000
19815.000000
5044107.000000
2758178.000000
3661510.000000
3643425.000000
3518353.000000
5158725.000000
1749510.000000
5306536.000000
95114.000000
5541387.000000
2916937.000000
2542047.000000
815314.000000
2030072.000000
3737458.000000
3714403.000000
2777428.000000
82359.000000
5103390.000000
638491.000000
4608184.000000
301648.000000
4849451.000000
1439268.000000
4860900.000000
4435871.000000
4122726.000000
710986.000000
4359189.000000
410263.000000
4529332.000000
5003515.000000
268182.000000
4553108.000000
4386304.000000
4206088.000000
132386.000000
5634713.000000
5133949.000000
493841.000000
594101.000000
5694328.000000
3910096.000000
353521.000000
534301.000000
3751133.000000
4450452.000000
1354550.000000
5307015.000000
1363505.000000
654277.000000
1108595.000000
4959304.000000
514746.000000
4327819.000000
71599.000000
3902078.000000
572278.000000
4218887.000000
5348026.000000
333233.000000
4780834.000000
4423488.000000
1030334.000000
4443145.000000
3896300.000000
3815775.000000
3720510.000000
120842.000000
947945.000000
380452.000000
4606109.000000
104523.000000
781844.000000
5105008.000000
540831.000000
4468820.000000
5661689.000000
3869603.000000
4386381.000000
1005635.000000
5225042.000000
812496.000000
4113999.000000
3014779.000000
2872533.000000
685446.000000
4323129.000000
3284458.000000
31946.000000
22484.000000
5514362.000000
2109174.000000
7010.000000
4959913.000000
3643177.000000
2674733.000000
209819.000000
1977171.000000
4010978.000000
3299687.000000
4377805.000000
767584.000000
469410.000000
4714634.000000
3308633.000000
3611532.000000
5062778.000000
3771732.000000
2749568.000000
5534341.000000
4281828.000000
3112890.000000
2806965.000000
4541393.000000
3966599.000000
1322178.000000
5991697.000000
574495.000000
4805289.000000
4669148.000000
3467503.000000
779702.000000
2624025.000000
2773089.000000
22922.000000
2551158.000000
3004983.000000
3174332.000000
3237430.000000
4552847.000000
5185754.000000
4031721.000000
1268073.000000
924594.000000
5226638.000000
3458375.000000
3521793.000000
4694187.000000
223302.000000
3235177.000000
2645462.000000
4557667.000000
3526254.000000
2172293.000000
421082.000000
4617313.000000
593139.000000
3678661.000000
1353800.000000
5398131.000000
627342.000000
1711285.000000
5437486.000000
2576623.000000
770089.000000
3482793.000000
1255099.000000
3713912.000000
1892716.000000
171874.000000
3333098.000000
4164518.000000
3893028.000000
5491549.000000
4022444.000000
4588199.000000
5780944.000000
285876.000000
2600707.000000
4289540.000000
4861668.000000
506228.000000
1486915.000000
4668374.000000
4420081.000000
2717268.000000
2619655.000000
2322916.000000
4959269.000000
291213.000000
5074027.000000
4802492.000000
4635809.000000
3703223.000000
2252165.000000
3518848.000000
4275851.000000
2120234.000000
2333904.000000
5450733.000000
4768483.000000
6070115.000000
3386388.000000
92949.000000
5306743.000000
4267525.000000
2573898.000000
5297086.000000
4996044.000000
5047636.000000
5188750.000000
3082574.000000
101122.000000
4286234.000000
5283810.000000
4311996.000000
887594.000000
3311682.000000
4878639.000000
4245742.000000
5490940.000000
2653103.000000
1861493.000000
511046.000000
3942329.000000
1153730.000000
104146.000000
4585282.000000
3464911.000000
4856571.000000
2554539.000000
4468779.000000
1491289.000000
5433057.000000
3894424.000000
4619355.000000
5338225.000000
20024.000000
3946171.000000
493003.000000
2068207.000000
760157.000000
273503.000000
3453238.000000
635627.000000
5548214.000000
3643604.000000
716418.000000
193368.000000
1152417.000000
4957400.000000
4347842.000000
3678657.000000
3285316.000000
156213.000000
3910853.000000
2626037.000000
495833.000000
4921475.000000
262678.000000
5252283.000000
3191882.000000
5176073.000000
3544930.000000
5098057.000000
1173299.000000
3178471.000000
3713025.000000
4524641.000000
1823487.000000
1283283.000000
4882921.000000
1842213.000000
1487805.000000
21567.000000
5244880.000000
5402692.000000
2984338.000000
5066159.000000
1271838.000000
443033.000000
4811252.000000
5417748.000000
2880358.000000
3485165.000000
3642696.000000
2370978.000000
1151504.000000
5536766.000000
5410113.000000
673764.000000
3488213.000000
5019374.000000
4836212.000000
5125290.000000
314626.000000
15548.000000
457406.000000
3603909.000000
4960484.000000
814324.000000
259705.000000
2360248.000000
445069.000000
1436447.000000
4975285.000000
241317.000000
452611.000000
4221086.000000
172734.000000
4446086.000000
4716533.000000
3965794.000000
2289333.000000
262352.000000
4268483.000000
4202781.000000
5012993.000000
494474.000000
4613922.000000
4062686.000000
4361851.000000
513304.000000
4000754.000000
5649138.000000
158377.000000
4899327.000000
3214494.000000
2383195.000000
331158.000000
4612348.000000
4628729.000000
5172226.000000
925786.000000
2719876.000000
5154124.000000
332606.000000
3972281.000000
748055.000000
3914620.000000
3064777.000000
3773926.000000
3571820.000000
2224496.000000
2249771.000000
2240409.000000
2492802.000000
3873145.000000
4190877.000000
1903186.000000
2030817.000000
4273416.000000
5871912.000000
4561890.000000
4021014.000000
753790.000000
1103651.000000
127456.000000
5263235.000000
288444.000000
2396932.000000
4499623.000000
5261324.000000
669692.000000
2019673.000000
1815400.000000
630235.000000
3229319.000000
3689337.000000
1244746.000000
2414686.000000
3552154.000000
5570143.000000
4290236.000000
4017765.000000
4400509.000000
3339515.000000
4776854.000000
89533.000000
3069953.000000
5815330.000000
3611101.000000
2818169.000000
3837019.000000
5326270.000000
206150.000000
4345702.000000
3662384.000000
3880783.000000
64440.000000
4087290.000000
884187.000000
520362.000000
2716311.000000
2904332.000000
647475.000000
268024.000000
4758315.000000
3650564.000000
3307412.000000
5066338.000000
4157476.000000
2563026.000000
32962.000000
147145.000000
4205949.000000
397046.000000
4026516.000000
5215059.000000
3037579.000000
855606.000000
5036634.000000
4706341.000000
1220588.000000
5548212.000000
543943.000000
1658716.000000
753699.000000
5405825.000000
4182533.000000
2975101.000000
3935940.000000
90232.000000
477115.000000
90698.000000
458614.000000
5116845.000000
2579010.000000
3750343.000000
3010168.000000
1282661.000000
3741250.000000
5367468.000000
5845962.000000
1188277.000000
5392376.000000
3316037.000000
5138340.000000
2999518.000000
1824391.000000
2579196.000000
4770485.000000
4931606.000000
576369.000000
3881429.000000
2444383.000000
4666159.000000
823653.000000
4292924.000000
3185028.000000
5114256.000000
569201.000000
3960192.000000
5028870.000000
4050158.000000
3227853.000000
1737651.000000
29867.000000
4240961.000000
702567.000000
2779682.000000
626888.000000
1512782.000000
170217.000000
3764865.000000
2087842.000000
4369062.000000
1406060.000000
435342.000000
3762783.000000
358117.000000
5821780.000000
4477620.000000
443856.000000
4572019.000000
3310361.000000
3793450.000000
348400.000000
5450476.000000
446281.000000
5094985.000000
783615.000000
1218612.000000
2766157.000000
2021365.000000
4609527.000000
3736715.000000
3463223.000000
5198317.000000
4361371.000000
4203842.000000
1020604.000000
2064138.000000
1841146.000000
5133270.000000
5342126.000000
64724.000000
3075122.000000
740669.000000
4500862.000000
3076845.000000
4221084.000000
4536393.000000
1350153.000000
5117913.000000
180095.000000
5133852.000000
5348321.000000
5160018.000000
75491.000000
5290152.000000
882270.000000
5106290.000000
850662.000000
237143.000000
2892721.000000
1536991.000000
3345477.000000
4928178.000000
3490746.000000
384532.000000
20677.000000
1218516.000000
1258314.000000
3233961.000000
1009240.000000
62716.000000
3109325.000000
5829708.000000
2151907.000000
4942042.000000
5433569.000000
547222.000000
4096819.000000
644567.000000
4883687.000000
4897306.000000
4634085.000000
4793274.000000
573378.000000
318770.000000
5458314.000000
2261497.000000
1481849.000000
2067831.000000
4063106.000000
1130687.000000
4378771.000000
4378540.000000
4607101.000000
5035950.000000
491798.000000
651001.000000
3807285.000000
1176138.000000
4903840.000000
3450473.000000
2473009.000000
2203491.000000
5541387.000000
3601554.000000
2999171.000000
4827031.000000
4331400.000000
210483.000000
25384.000000
925406.000000
77295.000000
5543882.000000
2669364.000000
3432470.000000
4609933.000000
228019.000000
4956573.000000
625448.000000
253374.000000
3723769.000000
3205473.000000
5301056.000000
2805093.000000
5246515.000000
2227528.000000
474982.000000
920608.000000
128763.000000
4268051.000000
246308.000000
2225849.000000
4124310.000000
3984111.000000
3247266.000000
5505863.000000
3587874.000000
4216818.000000
4467157.000000
4273716.000000
3344734.000000
1684748.000000
2676938.000000
1530970.000000
758261.000000
145958.000000
4206171.000000
621843.000000
4604278.000000
2808736.000000
19079.000000
417174.000000
3576034.000000
3685361.000000
4222451.000000
2601154.000000
897458.000000
5466527.000000
4383244.000000
3713782.000000
720326.000000
4927946.000000
3518602.000000
415704.000000
5823398.000000
3981651.000000
3114534.000000
53806.000000
5040702.000000
1771909.000000
3068187.000000
2456768.000000
3641855.000000
986704.000000
4866263.000000
4692618.000000
4037251.000000
3933962.000000
4166922.000000
5380107.000000
3989037.000000
2984918.000000
4734118.000000
2042746.000000
4255232.000000
1162897.000000
5110245.000000
2325699.000000
4654082.000000
989703.000000
751467.000000
4803205.000000
1196071.000000
5219406.000000
2306341.000000
457458.000000
5050521.000000
3974835.000000
3445609.000000
104891.000000
3139341.000000
2856461.000000
2439616.000000
1492822.000000
3752531.000000
3794750.000000
4952401.000000
4871978.000000
924395.000000
5900147.000000
2743385.000000
3970551.000000
3622466.000000
1215052.000000
615962.000000
4310267.000000
225283.000000
4513661.000000
4131359.000000
4191899.000000
4066390.000000
181426.000000
1414970.000000
2787198.000000
424681.000000
3941312.000000
4217687.000000
482219.000000
4184656.000000
3997871.000000
3927475.000000
4590309.000000
4659745.000000
2387428.000000
5136628.000000
4973426.000000
1054467.000000
4387728.000000
625940.000000
4615964.000000
4826845.000000
4534861.000000
3199331.000000
581357.000000
894312.000000
5516826.000000
3860992.000000
1416925.000000
4541410.000000
5457870.000000
5442244.000000
436356.000000
2079328.000000
4863604.000000
3030130.000000
2605284.000000
1843747.000000
2469354.000000
2847331.000000
658370.000000
891660.000000
1865363.000000
196158.000000
767890.000000
5439560.000000
266201.000000
113952.000000
160890.000000
5735662.000000
3926089.000000
3448553.000000
3125977.000000
3935017.000000
380294.000000
434789.000000
4649451.000000
5157372.000000
3589767.000000
4084049.000000
3171663.000000
2707799.000000
5574108.000000
4385431.000000
4281728.000000
261744.000000
495657.000000
1993793.000000
153190.000000
4281680.000000
2522596.000000
1188932.000000
1659664.000000
4803837.000000
3675900.000000
3203334.000000
1298770.000000
2251703.000000
643029.000000
3017202.000000
3632211.000000
1386652.000000
204622.000000
3813525.000000
884780.000000
3638319.000000
715843.000000
5025668.000000
4790262.000000
3409821.000000
5013809.000000
3198366.000000
1676996.000000
678767.000000
3066131.000000
428432.000000
1500464.000000
781295.000000
5318471.000000
4372536.000000
1453984.000000
2163668.000000
750267.000000
4303176.000000
5419163.000000
4408879.000000
444335.000000
4526538.000000
3503706.000000
3301742.000000
126326.000000
3682441.000000
4872961.000000
4330512.000000
1662619.000000
2322177.000000
2940879.000000
2364780.000000
2147913.000000
411237.000000
4810254.000000
1124638.000000
4165714.000000
16156.000000
2562556.000000
4314095.000000
4495526.000000
5167927.000000
5840252.000000
137877.000000
4969336.000000
2255205.000000
2559499.000000
4278222.000000
5757762.000000
3245604.000000
3890078.000000
1560106.000000
755283.000000
1562638.000000
5037631.000000
5468842.000000
6348930.000000
625471.000000
4973840.000000
3937342.000000
459511.000000
5457880.000000
1447285.000000
1918054.000000
789668.000000
4691959.000000
3603611.000000
397493.000000
2682569.000000
5267287.000000
4989165.000000
3300910.000000
1157651.000000
4763073.000000
5060991.000000
4152816.000000
559145.000000
4415544.000000
3982451.000000
1489793.000000
5372682.000000
2636537.000000
4142091.000000
1500691.000000
3820703.000000
3372565.000000
2630274.000000
1229443.000000
3344529.000000
2509057.000000
5213162.000000
2549436.000000
963353.000000
4801311.000000
5240731.000000
5160530.000000
709081.000000
3493274.000000
3360834.000000
162759.000000
3740498.000000
4486364.000000
4392872.000000
4595842.000000
5093280.000000
4730651.000000
4867093.000000
3418336.000000
1665631.000000
5408560.000000
5193467.000000
2984314.000000
697454.000000
2138717.000000
3755732.000000
3393268.000000
5609861.000000
5407450.000000
3794292.000000
3985879.000000
5392375.000000
431128.000000
5392593.000000
2548489.000000
110160.000000
5003816.000000
2939060.000000
4811707.000000
2991752.000000
1733723.000000
241105.000000
735551.000000
4146360.000000
2807894.000000
4579914.000000
4478818.000000
5205970.000000
3046663.000000
4224294.000000
2905644.000000
1069312.000000
5532040.000000
2525080.000000
4303967.000000
2278488.000000
1847009.000000
3779565.000000
1514814.000000
720132.000000
3652930.000000
3148142.000000
4391685.000000
5273623.000000
5114557.000000
5104881.000000
5364219.000000
1571476.000000
1325032.000000
5034342.000000
2238453.000000
5285589.000000
775965.000000
756283.000000
4486233.000000
4436785.000000
885782.000000
3010770.000000
2027142.000000
1413883.000000
4966338.000000
192998.000000
1076914.000000
4217087.000000
4618185.000000
3359244.000000
183200.000000
1951343.000000
5723159.000000
72844.000000
3071503.000000
843170.000000
2347898.000000
1768557.000000
4133134.000000
2377092.000000
559344.000000
1729302.000000
869897.000000
4803606.000000
5187210.000000
485449.000000
354909.000000
3179693.000000
65106.000000
4315311.000000
998020.000000
330887.000000
3983002.000000
5655903.000000
2693535.000000
4935301.000000
5024623.000000
3068397.000000
3531204.000000
1348304.000000
3981704.000000
1158351.000000
5319887.000000
389705.000000
3660763.000000
1972490.000000
4567136.000000
3569097.000000
4591159.000000
3969632.000000
5317395.000000
616762.000000
5004939.000000
990372.000000
3738014.000000
1472052.000000
3337825.000000
3223016.000000
121353.000000
4209812.000000
2725670.000000
1317470.000000
4020209.000000
4361220.000000
5097192.000000
3489229.000000
4174674.000000
4106171.000000
886945.000000
5746467.000000
5496552.000000
341458.000000
5078630.000000
1561684.000000
4367639.000000
4609533.000000
3013419.000000
102635.000000
4344263.000000
2221497.000000
4949179.000000
1681439.000000
5562940.000000
3766895.000000
88136.000000
4640956.000000
610565.000000
5050725.000000
5486102.000000
2691171.000000
3481672.000000
4795634.000000
4905514.000000
4201159.000000
2224248.000000
781311.000000
594991.000000
4316345.000000
4054531.000000
92220.000000
525215.000000
2730108.000000
4101411.000000
3678243.000000
489156.000000
3892925.000000
141349.000000
1349723.000000
2593086.000000
2018165.000000
3240098.000000
3230538.000000
5133200.000000
3465938.000000
675108.000000
5523288.000000
989335.000000
5334332.000000
4288961.000000
4270209.000000
2384260.000000
4556542.000000
4911593.000000
4173961.000000
4144523.000000
3088053.000000
153438.000000
109777.000000
3895742.000000
670415.000000
4030963.000000
4607459.000000
4251161.000000
22252.000000
3829783.000000
2516202.000000
282293.000000
3201962.000000
5260127.000000
5382019.000000
4451664.000000
317562.000000
4383968.000000
4109739.000000
3852437.000000
3987592.000000
5281129.000000
170692.000000
3456113.000000
1267684.000000
4898037.000000
5035488.000000
651348.000000
5073311.000000
72330.000000
181202.000000
3290856.000000
155435.000000
345086.000000
5067079.000000
5430324.000000
4857718.000000
2142362.000000
4958350.000000
1455550.000000
525557.000000
475543.000000
4393185.000000
2351766.000000
1906955.000000
3586841.000000
4826761.000000
536948.000000
3089282.000000
4858195.000000
83595.000000
3336262.000000
3383388.000000
1532363.000000
4832163.000000
675318.000000
4412335.000000
1113615.000000
477205.000000
906126.000000
5441127.000000
4198185.000000
1545267.000000
425845.000000
1365067.000000
546549.000000
3791047.000000
3483936.000000
5709758.000000
4040437.000000
2869167.000000
518347.000000
2767882.000000
4021498.000000
2915338.000000
5079237.000000
2476342.000000
1502878.000000
2370055.000000
839007.000000
396050.000000
3667189.000000
1492741.000000
4223449.000000
5074039.000000
2527948.000000
5039318.000000
4541342.000000
114459.000000
406104.000000
535252.000000
3321623.000000
1826121.000000
4487235.000000
2910231.000000
4510827.000000
2705215.000000
4844140.000000
5260198.000000
3377145.000000
2794053.000000
4443392.000000
4514483.000000
5487365.000000
812166.000000
2819555.000000
898222.000000
212371.000000
352593.000000
527148.000000
242631.000000
3182602.000000
1893298.000000
3344013.000000
3272015.000000
4350423.000000
1890259.000000
3522448.000000
4880105.000000
4359420.000000
1420723.000000
232784.000000
5462027.000000
3824652.000000
4320077.000000
4460615.000000
4933831.000000
4650318.000000
459332.000000
5272476.000000
3289710.000000
4430465.000000
5331110.000000
3518247.000000
2676058.000000
373173.000000
3868432.000000
1487159.000000
661004.000000
5084568.000000
185420.000000
562099.000000
5402044.000000
2429128.000000
5440423.000000
1721922.000000
4217474.000000
3796893.000000
5272375.000000
3367344.000000
3629318.000000
718718.000000
2550652.000000
4346038.000000
450805.000000
1191444.000000
3227415.000000
1444193.000000
3368327.000000
327117.000000
237827.000000
519807.000000
1155700.000000
5226593.000000
3887241.000000
4227302.000000
