0.000000
0.000000
0.000000
0.000000
0.000000
0.000000
0.000000
0.000000
0.000000
0.000000
0.000000
0.000000
0.000000
0.000000
0.000000
0.000000
0.000000
0.000000
0.000000
0.000000
0.000000
0.000000
0.000000
0.000000
0.000000
0.000000
0.000000
0.000000
0.000000
0.000000
0.000000
0.000000
0.000000
0.000000
0.000000
0.000000
0.000000
0.000000
0.000000
0.000000
0.000000
0.000000
0.000000
0.000000
0.000000
0.000000
0.000000
0.000000
0.000000
0.000000
0.000000
0.000000
0.000000
0.000000
0.000000
0.000000
0.000000
0.000000
0.000000
0.000000
0.000000
0.000000
0.000000
0.000000
0.000000
0.000000
0.000000
0.000000
0.000000
0.000000
0.000000
0.000000
0.000000
0.000000
0.000000
0.000000
0.000000
0.000000
0.000000
0.000000
0.000000
0.000000
0.000000
0.000000
0.000000
0.000000
0.000000
0.000000
0.000000
0.000000
0.000000
0.000000
0.000000
0.000000
0.000000
0.000000
0.000000
0.000000
0.000000
0.000000
0.000000
0.000000
0.000000
0.000000
0.000000
0.000000
0.000000
0.000000
0.000000
0.000000
0.000000
0.000000
0.000000
0.000000
0.000000
0.000000
0.000000
0.000000
0.000000
0.000000
0.000000
0.000000
0.000000
0.000000
0.000000
0.000000
0.000000
0.000000
0.000000
0.000000
0.000000
0.000000
0.000000
0.000000
0.000000
0.000000
0.000000
0.000000
0.000000
0.000000
0.000000
0.000000
0.000000
0.000000
0.000000
0.000000
0.000000
0.000000
0.000000
0.000000
0.000000
0.000000
0.000000
0.000000
0.000000
0.000000
0.000000
0.000000
0.000000
0.000000
0.000000
0.000000
0.000000
0.000000
0.000000
0.000000
0.000000
0.000000
0.000000
0.000000
0.000000
0.000000
0.000000
0.000000
0.000000
0.000000
0.000000
0.000000
0.000000
0.000000
0.000000
0.000000
0.000000
0.000000
0.000000
0.000000
0.000000
0.000000
0.000000
0.000000
0.000000
0.000000
0.000000
0.000000
0.000000
0.000000
0.000000
0.000000
0.000000
0.000000
0.000000
0.000000
0.000000
0.000000
0.000000
0.000000
0.000000
0.000000
0.000000
0.000000
0.000000
0.000000
0.000000
0.000000
0.000000
0.000000
0.000000
0.000000
0.000000
0.000000
0.000000
0.000000
0.000000
0.000000
0.000000
0.000000
0.000000
0.000000
0.000000
0.000000
0.000000
0.000000
0.000000
0.000000
0.000000
0.000000
0.000000
0.000000
0.000000
0.000000
0.000000
0.000000
0.000000
0.000000
0.000000
0.000000
0.000000
0.000000
0.000000
0.000000
0.000000
0.000000
0.000000
0.000000
0.000000
0.000000
0.000000
0.000000
0.000000
0.000000
0.000000
0.000000
0.000000
0.000000
0.000000
0.000000
0.000000
0.000000
0.000000
0.000000
0.000000
0.000000
0.000000
0.000000
0.000000
0.000000
0.000000
0.000000
0.000000
0.000000
0.000000
0.000000
0.000000
0.000000
0.000000
0.000000
0.000000
0.000000
0.000000
0.000000
0.000000
0.000000
0.000000
0.000000
0.000000
0.000000
0.000000
0.000000
0.000000
0.000000
0.000000
0.000000
0.000000
0.000000
0.000000
0.000000
0.000000
0.000000
0.000000
0.000000
0.000000
0.000000
0.000000
0.000000
0.000000
0.000000
0.000000
0.000000
0.000000
0.000000
0.000000
0.000000
0.000000
0.000000
0.000000
0.000000
0.000000
0.000000
0.000000
0.000000
0.000000
0.000000
0.000000
0.000000
0.000000
0.000000
0.000000
0.000000
0.000000
0.000000
0.000000
0.000000
0.000000
0.000000
0.000000
0.000000
0.000000
0.000000
0.000000
0.000000
0.000000
0.000000
0.000000
0.000000
0.000000
0.000000
0.000000
0.000000
0.000000
0.000000
0.000000
0.000000
0.000000
0.000000
0.000000
0.000000
0.000000
0.000000
0.000000
0.000000
0.000000
0.000000
0.000000
0.000000
0.000000
0.000000
0.000000
0.000000
0.000000
0.000000
0.000000
0.000000
0.000000
0.000000
0.000000
0.000000
0.000000
0.000000
0.000000
0.000000
0.000000
0.000000
0.000000
0.000000
0.000000
0.000000
0.000000
0.000000
0.000000
0.000000
0.000000
0.000000
0.000000
0.000000
0.000000
0.000000
0.000000
0.000000
0.000000
0.000000
0.000000
0.000000
0.000000
0.000000
0.000000
0.000000
0.000000
0.000000
0.000000
0.000000
0.000000
0.000000
0.000000
0.000000
0.000000
0.000000
0.000000
0.000000
0.000000
0.000000
0.000000
0.000000
0.000000
0.000000
0.000000
0.000000
0.000000
0.000000
0.000000
0.000000
0.000000
0.000000
0.000000
0.000000
0.000000
0.000000
0.000000
0.000000
0.000000
0.000000
0.000000
0.000000
0.000000
0.000000
0.000000
0.000000
0.000000
0.000000
11198930.000000
3583643.000000
4191257.000000
255187.000000
5311751.000000
1244732.000000
6116021.000000
2467788.000000
713493.000000
795793.000000
7330173.000000
2571370.000000
6258175.000000
4276235.000000
4574275.000000
5320663.000000
334786.000000
4487737.000000
4625564.000000
5081698.000000
84508.000000
4388601.000000
5790878.000000
140157.000000
4884681.000000
6174985.000000
5106721.000000
122452.000000
2499143.000000
2392611.000000
5821051.000000
6525757.000000
4021485.000000
136038.000000
3135258.000000
5724353.000000
927563.000000
1772579.000000
7025822.000000
2312861.000000
91547.000000
5004569.000000
5659622.000000
2137038.000000
2973987.000000
4396890.000000
519811.000000
459972.000000
4472684.000000
4901583.000000
947638.000000
7265928.000000
1381316.000000
6686578.000000
81000.000000
586255.000000
5824628.000000
1430504.000000
1997915.000000
2637900.000000
4778981.000000
5092357.000000
4833118.000000
3930987.000000
533470.000000
465373.000000
3806380.000000
6480341.000000
5202469.000000
3887305.000000
6603814.000000
4816111.000000
4584278.000000
5642192.000000
4257729.000000
1668319.000000
5669437.000000
6515187.000000
3371714.000000
639779.000000
771457.000000
3187980.000000
3798028.000000
326514.000000
4464603.000000
7323485.000000
5237662.000000
3952939.000000
4321778.000000
296059.000000
4825789.000000
6405775.000000
4803504.000000
6157640.000000
5719727.000000
4271916.000000
6224502.000000
5942331.000000
457858.000000
4031808.000000
6603110.000000
515017.000000
506479.000000
6211702.000000
2455885.000000
5234130.000000
1795730.000000
6420130.000000
394508.000000
5911709.000000
4319522.000000
1249069.000000
255188.000000
129520.000000
5417481.000000
5052859.000000
1385550.000000
2498785.000000
4526362.000000
6723472.000000
6563340.000000
4760488.000000
4975481.000000
2354060.000000
7357911.000000
700253.000000
1947322.000000
4683300.000000
5870851.000000
6313019.000000
6524235.000000
6749563.000000
3674545.000000
4800739.000000
855834.000000
1267414.000000
3413987.000000
1481302.000000
7157690.000000
1906144.000000
2544994.000000
4222841.000000
3113930.000000
383686.000000
1549592.000000
3889597.000000
5422736.000000
6194949.000000
6557553.000000
3170931.000000
4891900.000000
5485911.000000
342578.000000
3575491.000000
3016073.000000
3537445.000000
6240254.000000
835816.000000
4777467.000000
4154493.000000
1031116.000000
5399078.000000
5200759.000000
1448478.000000
1457372.000000
661902.000000
1828595.000000
5082087.000000
5908469.000000
3983993.000000
1955838.000000
2437213.000000
3336645.000000
2158827.000000
3884900.000000
5480546.000000
829063.000000
1369384.000000
5470762.000000
3403103.000000
2865590.000000
4529790.000000
5519060.000000
1876514.000000
1150322.000000
138620.000000
3787242.000000
2296765.000000
3390682.000000
811355.000000
5640317.000000
4071427.000000
5730677.000000
6686261.000000
1474529.000000
5498040.000000
4315721.000000
131633.000000
2736159.000000
4232800.000000
1531223.000000
3540332.000000
4417400.000000
1793268.000000
4959274.000000
78089.000000
4077467.000000
2573728.000000
2432481.000000
6666964.000000
579341.000000
4040667.000000
4375891.000000
6737719.000000
2665982.000000
5640530.000000
5313363.000000
6910793.000000
1724040.000000
1843671.000000
3777230.000000
5531436.000000
4319420.000000
6783349.000000
1077479.000000
2725691.000000
6112381.000000
1257292.000000
4629180.000000
162820.000000
3514632.000000
5234133.000000
361124.000000
3313262.000000
2902589.000000
4305940.000000
4580227.000000
6112308.000000
5640068.000000
3878908.000000
910524.000000
4615428.000000
554442.000000
127941.000000
5868181.000000
2410036.000000
1418700.000000
4341784.000000
4089473.000000
4413902.000000
7021507.000000
2931934.000000
6923080.000000
705428.000000
3758878.000000
7431056.000000
592177.000000
6952818.000000
5684524.000000
192037.000000
5528574.000000
2670917.000000
5767216.000000
5834741.000000
3531845.000000
2163562.000000
359145.000000
5340142.000000
120908.000000
6528711.000000
12794.000000
616100.000000
5977524.000000
4897735.000000
3580323.000000
679447.000000
6959528.000000
7141681.000000
6369126.000000
2078203.000000
384734.000000
480132.000000
962265.000000
6569477.000000
6617379.000000
1848066.000000
4842299.000000
5677117.000000
4839536.000000
3482822.000000
4305455.000000
925848.000000
425238.000000
592845.000000
4877281.000000
5112693.000000
786689.000000
6033970.000000
1043906.000000
6850630.000000
4687212.000000
4575788.000000
6671316.000000
272708.000000
5506044.000000
1568727.000000
6780821.000000
1427029.000000
243005.000000
1768921.000000
3594202.000000
1166044.000000
4133928.000000
2078068.000000
5501862.000000
3011269.000000
1965670.000000
3442817.000000
175705.000000
5191872.000000
4428600.000000
1423499.000000
4321524.000000
4631544.000000
5477940.000000
5107942.000000
500592.000000
5630350.000000
4868740.000000
1547661.000000
2711593.000000
6943203.000000
5605928.000000
3112004.000000
6213369.000000
474408.000000
3560089.000000
6482653.000000
4834608.000000
4418335.000000
5142927.000000
5275126.000000
3171674.000000
25050.000000
4514528.000000
74357.000000
1346089.000000
6270312.000000
6880450.000000
321937.000000
362234.000000
4916712.000000
5698677.000000
8868.000000
5921190.000000
3734509.000000
1562470.000000
94829.000000
3378645.000000
5197348.000000
531557.000000
144308.000000
7002311.000000
4833589.000000
1347019.000000
2247880.000000
3814786.000000
4998350.000000
2575994.000000
5337660.000000
5010054.000000
6506171.000000
178183.000000
156877.000000
3141585.000000
3711973.000000
7020506.000000
4745071.000000
64618.000000
3905838.000000
4918573.000000
221577.000000
5654858.000000
2191322.000000
6095100.000000
4038838.000000
6779239.000000
2356880.000000
3648368.000000
1646724.000000
274196.000000
5398008.000000
5477035.000000
2324768.000000
6136926.000000
239560.000000
3624607.000000
2968435.000000
6638776.000000
557060.000000
234514.000000
4489495.000000
671200.000000
4707795.000000
1970318.000000
4433684.000000
3646589.000000
3507613.000000
1992226.000000
1246904.000000
5606292.000000
5391272.000000
805648.000000
1520652.000000
4031965.000000
5344915.000000
220658.000000
714681.000000
2833466.000000
608976.000000
3248264.000000
214038.000000
56164.000000
1589613.000000
4869312.000000
6300815.000000
4524596.000000
175991.000000
3283644.000000
6040983.000000
7042894.000000
3763036.000000
4016441.000000
3443988.000000
4130563.000000
293838.000000
6614733.000000
201983.000000
4926036.000000
3961364.000000
3784074.000000
135483.000000
2460181.000000
5343673.000000
5184847.000000
4988250.000000
3170005.000000
486144.000000
4621989.000000
1500560.000000
3489440.000000
278208.000000
415706.000000
6025533.000000
5014701.000000
4865631.000000
2102711.000000
6124396.000000
6142774.000000
1510754.000000
6316007.000000
3674944.000000
161183.000000
2882511.000000
2829813.000000
1487461.000000
3078885.000000
4046994.000000
5674802.000000
3390769.000000
7032508.000000
357171.000000
79363.000000
5006484.000000
2963270.000000
6488356.000000
259499.000000
1825033.000000
193061.000000
6847802.000000
304850.000000
2716789.000000
3377577.000000
6326643.000000
1705024.000000
3221703.000000
5555257.000000
5446387.000000
3382945.000000
1836735.000000
3717314.000000
5958433.000000
4006642.000000
857746.000000
65017.000000
2227218.000000
5438309.000000
5449538.000000
1430464.000000
3623439.000000
5651316.000000
2557100.000000
6087138.000000
5623142.000000
5048174.000000
3599702.000000
6382654.000000
6767564.000000
7477967.000000
2498479.000000
3273627.000000
158993.000000
4530586.000000
1783707.000000
6304269.000000
1635296.000000
1945817.000000
4324788.000000
73926.000000
6989102.000000
5549909.000000
1277588.000000
3270732.000000
5664417.000000
1853330.000000
6340190.000000
1315709.000000
1283062.000000
5112480.000000
2428787.000000
5973443.000000
151184.000000
6252788.000000
6330142.000000
3842663.000000
1327581.000000
972072.000000
2752340.000000
4344491.000000
3001156.000000
1127189.000000
5724984.000000
3031758.000000
4784570.000000
3265250.000000
5945636.000000
3852073.000000
5385726.000000
1461350.000000
6086848.000000
5448868.000000
304569.000000
5866488.000000
3281196.000000
2149321.000000
2385249.000000
4741980.000000
2557213.000000
2833580.000000
7163101.000000
5717500.000000
4424376.000000
4252182.000000
1193824.000000
2094281.000000
5974162.000000
4681597.000000
6604006.000000
3619857.000000
5685660.000000
3996909.000000
1250591.000000
5493973.000000
3476612.000000
7290782.000000
4690671.000000
3852649.000000
6366338.000000
4255559.000000
596024.000000
2426073.000000
5851684.000000
5576602.000000
109105.000000
6432039.000000
1017888.000000
366403.000000
131500.000000
1037519.000000
4518071.000000
3079060.000000
5239490.000000
4247208.000000
2730645.000000
3645060.000000
6590277.000000
911979.000000
1523545.000000
5291375.000000
299086.000000
6540542.000000
6389436.000000
2537609.000000
197009.000000
2567128.000000
5365368.000000
6356261.000000
4055179.000000
6253856.000000
4249150.000000
6396841.000000
4564738.000000
786968.000000
1794453.000000
1503464.000000
916346.000000
4593933.000000
356744.000000
320145.000000
6922884.000000
939552.000000
1755294.000000
2063283.000000
5117216.000000
595564.000000
6328439.000000
4542313.000000
4002337.000000
3055467.000000
5074272.000000
194560.000000
5404195.000000
6757227.000000
1263536.000000
4662231.000000
197208.000000
6367270.000000
2209193.000000
3282758.000000
4689843.000000
1557984.000000
1521234.000000
410711.000000
2863615.000000
198163.000000
4058859.000000
5884669.000000
252832.000000
5452834.000000
6674676.000000
4594451.000000
5223218.000000
4972374.000000
276621.000000
5313543.000000
586342.000000
6738395.000000
6565142.000000
6205957.000000
4803721.000000
6156058.000000
545888.000000
1047604.000000
2822509.000000
4744948.000000
4096460.000000
2023475.000000
6053645.000000
2446000.000000
3022386.000000
6057352.000000
4112749.000000
3357870.000000
4330561.000000
3027359.000000
257098.000000
890704.000000
2686834.000000
121683.000000
1125937.000000
246924.000000
5299806.000000
6630883.000000
5093996.000000
1776549.000000
29636.000000
7074580.000000
5497596.000000
4866364.000000
2375057.000000
6136989.000000
5253852.000000
4496248.000000
3384371.000000
3439018.000000
359208.000000
338828.000000
6050766.000000
1428943.000000
5200265.000000
287253.000000
4985293.000000
19651.000000
72838.000000
5615563.000000
126095.000000
3427942.000000
866676.000000
227379.000000
644601.000000
1646176.000000
5064912.000000
268816.000000
6350227.000000
4093861.000000
3488735.000000
6749746.000000
214697.000000
2783999.000000
5338615.000000
5680795.000000
4151239.000000
4678611.000000
5831694.000000
1351970.000000
3813991.000000
3637565.000000
3805103.000000
4550110.000000
1604886.000000
4155096.000000
75360.000000
3894162.000000
6709777.000000
27556.000000
2263048.000000
3671977.000000
6405333.000000
4891904.000000
5309955.000000
669547.000000
2253249.000000
6793948.000000
118574.000000
1196530.000000
2616951.000000
795514.000000
3102964.000000
5187718.000000
6637893.000000
999728.000000
5782815.000000
6527724.000000
2895474.000000
699905.000000
1237952.000000
4756207.000000
403547.000000
228094.000000
2594988.000000
2391618.000000
5136199.000000
5287023.000000
5508365.000000
551164.000000
4849380.000000
6372680.000000
902175.000000
6298707.000000
2111531.000000
2934681.000000
5514993.000000
5390644.000000
5482079.000000
3297064.000000
5964090.000000
94757.000000
4169789.000000
5685004.000000
5995222.000000
316673.000000
3297507.000000
5248940.000000
110522.000000
88011.000000
6187506.000000
6426726.000000
5185859.000000
6018022.000000
5845248.000000
3508247.000000
5336715.000000
1429298.000000
4383837.000000
2541129.000000
5447650.000000
1524912.000000
5952393.000000
562024.000000
6212164.000000
6296258.000000
5349402.000000
2601581.000000
5329055.000000
6383191.000000
320022.000000
6274075.000000
741010.000000
6853005.000000
259556.000000
730255.000000
1007250.000000
3739709.000000
1260969.000000
5200991.000000
6356043.000000
5592773.000000
5487893.000000
5723271.000000
168386.000000
571771.000000
6711345.000000
1408636.000000
708301.000000
4851118.000000
5718231.000000
5711489.000000
6615057.000000
2876664.000000
5727664.000000
5552226.000000
5829856.000000
6046520.000000
22313.000000
3112384.000000
115238.000000
282314.000000
3209515.000000
1418291.000000
6181685.000000
7349801.000000
6832665.000000
6197207.000000
111531.000000
2928494.000000
3941099.000000
2641987.000000
1726763.000000
5929795.000000
4237883.000000
1270955.000000
6113433.000000
5778870.000000
6071310.000000
4750543.000000
5118390.000000
901536.000000
1018940.000000
532452.000000
1434625.000000
3616231.000000
5394316.000000
5704002.000000
6328324.000000
5603533.000000
3478883.000000
3777219.000000
4659511.000000
140545.000000
4629375.000000
3753893.000000
5965497.000000
556251.000000
4994024.000000
5448187.000000
1826788.000000
4618721.000000
1063162.000000
5271540.000000
6000955.000000
3253273.000000
4220324.000000
3514479.000000
6915873.000000
6691237.000000
13610.000000
4751056.000000
1914564.000000
23571.000000
5746588.000000
3159299.000000
4482508.000000
4369780.000000
4031392.000000
6675435.000000
1950423.000000
5656752.000000
87645.000000
6650353.000000
3365913.000000
2989022.000000
842334.000000
1865973.000000
4620238.000000
4241949.000000
3327657.000000
101249.000000
5816289.000000
803180.000000
5391427.000000
315157.000000
5686324.000000
1412987.000000
5701255.000000
5565398.000000
4980637.000000
649131.000000
5050978.000000
427546.000000
5206288.000000
6420990.000000
251433.000000
5488959.000000
5164630.000000
5057991.000000
163741.000000
6765352.000000
5648638.000000
672097.000000
565948.000000
6263573.000000
4313750.000000
374698.000000
638500.000000
4000784.000000
5405452.000000
1618403.000000
5914416.000000
1469646.000000
729985.000000
1192102.000000
5585692.000000
567504.000000
5053027.000000
89484.000000
5168175.000000
647364.000000
5046865.000000
6000968.000000
330767.000000
6058971.000000
5145564.000000
1024131.000000
5358371.000000
4713256.000000
4194477.000000
4357628.000000
139174.000000
1017404.000000
346682.000000
5231877.000000
109836.000000
774436.000000
6366474.000000
548753.000000
5149019.000000
6559682.000000
5311542.000000
5079589.000000
1247294.000000
6014673.000000
1026151.000000
4751378.000000
3609696.000000
3132664.000000
677334.000000
5267822.000000
4069052.000000
23672.000000
23649.000000
6707049.000000
2369179.000000
9176.000000
6670903.000000
4302844.000000
2993729.000000
269840.000000
2400697.000000
4599789.000000
3607664.000000
4904904.000000
818067.000000
548218.000000
6022417.000000
4054686.000000
3785334.000000
6287302.000000
4742983.000000
2998112.000000
5958473.000000
5508097.000000
3404970.000000
2917981.000000
5538942.000000
4509252.000000
1336202.000000
6685041.000000
686299.000000
5927270.000000
5564218.000000
3940269.000000
866314.000000
3205250.000000
3262093.000000
22885.000000
2891372.000000
2940397.000000
3502415.000000
3189720.000000
5500329.000000
6376083.000000
4636652.000000
1318235.000000
908470.000000
6206790.000000
4080350.000000
4359892.000000
5771518.000000
238074.000000
3777199.000000
2926986.000000
5950644.000000
3965227.000000
2739130.000000
477655.000000
5319887.000000
702211.000000
4499824.000000
1299848.000000
6142395.000000
574323.000000
1783127.000000
6171538.000000
3120245.000000
778168.000000
4072899.000000
1593763.000000
4033359.000000
2533236.000000
202409.000000
3916565.000000
4920923.000000
4198679.000000
6178855.000000
4551947.000000
5164007.000000
6582537.000000
234749.000000
2905601.000000
4708926.000000
5980170.000000
584289.000000
1269009.000000
5101895.000000
5784188.000000
3174328.000000
2525353.000000
2577642.000000
5673634.000000
312650.000000
5672868.000000
5812502.000000
5416127.000000
4246232.000000
2331481.000000
4133544.000000
5023514.000000
2195203.000000
2501786.000000
6428258.000000
6189228.000000
6422516.000000
4084654.000000
114323.000000
6824108.000000
6745036.000000
2524185.000000
6141934.000000
6104682.000000
7022664.000000
5623961.000000
3717353.000000
122866.000000
4886908.000000
6646256.000000
5149767.000000
966158.000000
3949401.000000
5558805.000000
4606711.000000
7142789.000000
2804739.000000
2000168.000000
452447.000000
5272271.000000
1105718.000000
85646.000000
5658379.000000
3859385.000000
6241601.000000
2943414.000000
5468863.000000
1468184.000000
6977249.000000
4688097.000000
5900367.000000
6341738.000000
16536.000000
4653329.000000
432540.000000
2177198.000000
863706.000000
259772.000000
4371259.000000
648667.000000
5997590.000000
4417034.000000
785743.000000
221405.000000
1434473.000000
5647966.000000
5184563.000000
4094952.000000
3783809.000000
173666.000000
4563928.000000
3433891.000000
492760.000000
5633479.000000
274493.000000
6570279.000000
3937541.000000
6809924.000000
4122912.000000
6406499.000000
1132244.000000
3660987.000000
4700317.000000
6294466.000000
1733043.000000
1384281.000000
5678363.000000
1722427.000000
1596555.000000
20916.000000
6841850.000000
6801460.000000
3602399.000000
6784850.000000
1468119.000000
496266.000000
6127836.000000
6408088.000000
3074702.000000
4075679.000000
4082645.000000
2786196.000000
1178241.000000
6336791.000000
6093138.000000
716733.000000
3982800.000000
5884868.000000
6005231.000000
6022251.000000
284352.000000
15662.000000
484161.000000
4063872.000000
5886419.000000
729460.000000
317551.000000
2856890.000000
442402.000000
1529190.000000
5313493.000000
277297.000000
501523.000000
5230524.000000
183689.000000
4764019.000000
5509437.000000
4846896.000000
2365791.000000
243865.000000
4839957.000000
5297143.000000
5793101.000000
540863.000000
5758175.000000
4830403.000000
5032907.000000
488945.000000
5166855.000000
7147046.000000
200752.000000
6020536.000000
3718886.000000
2602713.000000
385624.000000
5484175.000000
5240133.000000
7113472.000000
1023373.000000
2997291.000000
5675394.000000
386917.000000
5017488.000000
737085.000000
4274726.000000
3737104.000000
4215942.000000
4062653.000000
1988950.000000
2377639.000000
2453190.000000
2621436.000000
4430527.000000
4940586.000000
1946414.000000
1926630.000000
4947049.000000
6705630.000000
5162786.000000
4459733.000000
979317.000000
1211138.000000
149532.000000
6236577.000000
308849.000000
2473147.000000
5062511.000000
6718920.000000
686988.000000
2075305.000000
2236988.000000
841404.000000
4070701.000000
4449410.000000
1160346.000000
2653755.000000
4242915.000000
6161354.000000
4865314.000000
4833263.000000
5073518.000000
3979162.000000
6721216.000000
77680.000000
3451871.000000
6841652.000000
4118243.000000
3207098.000000
4467328.000000
6618591.000000
238903.000000
4751556.000000
4267297.000000
4564152.000000
77753.000000
4165360.000000
1037663.000000
588337.000000
3427098.000000
3765216.000000
759064.000000
310682.000000
6264920.000000
4321043.000000
3974524.000000
6399307.000000
4917902.000000
2864472.000000
34231.000000
129658.000000
4753079.000000
420877.000000
4786054.000000
6405411.000000
3594131.000000
1034109.000000
7402958.000000
5557553.000000
1140773.000000
6428802.000000
514391.000000
1686247.000000
860568.000000
5803113.000000
5492582.000000
3339389.000000
4674724.000000
94736.000000
577633.000000
96122.000000
451352.000000
6281089.000000
3071393.000000
4542299.000000
3619676.000000
1350315.000000
4445225.000000
5477309.000000
6464897.000000
1227699.000000
7023812.000000
3913717.000000
6022800.000000
3250633.000000
2408587.000000
3551000.000000
5677545.000000
6921708.000000
503686.000000
5021532.000000
2830048.000000
5987394.000000
995647.000000
5123466.000000
3542061.000000
5679776.000000
558496.000000
4768330.000000
6875306.000000
4443090.000000
3639070.000000
1937506.000000
22052.000000
5038229.000000
855404.000000
2635605.000000
738111.000000
1760336.000000
153406.000000
4353315.000000
2445750.000000
5487954.000000
1511327.000000
537990.000000
4238871.000000
409730.000000
6377530.000000
4747265.000000
607099.000000
5094789.000000
3474784.000000
4197645.000000
390579.000000
6921811.000000
488830.000000
6969461.000000
864264.000000
1178430.000000
3000417.000000
2091810.000000
5512749.000000
4276346.000000
4082498.000000
6505528.000000
4800584.000000
5223209.000000
1107930.000000
2135243.000000
1853118.000000
5371739.000000
6428156.000000
64560.000000
3397043.000000
957142.000000
5519615.000000
3728967.000000
4898873.000000
5160966.000000
1476908.000000
5997867.000000
214969.000000
6734922.000000
6283477.000000
6969735.000000
87762.000000
6755740.000000
1087943.000000
5767446.000000
902291.000000
261730.000000
3164812.000000
1454400.000000
3593632.000000
5777186.000000
4096302.000000
447099.000000
23773.000000
1152101.000000
1625945.000000
3777596.000000
1018368.000000
61899.000000
3639047.000000
7794257.000000
1966466.000000
5628971.000000
7084552.000000
469034.000000
4926303.000000
733667.000000
5528860.000000
6030347.000000
5345922.000000
5361379.000000
672234.000000
323910.000000
7083118.000000
2086108.000000
1555141.000000
2103885.000000
4574389.000000
1237008.000000
5376439.000000
5069764.000000
5241841.000000
6003075.000000
640453.000000
663352.000000
4334988.000000
1245437.000000
6836855.000000
3954569.000000
3460168.000000
2533803.000000
7309001.000000
4496772.000000
3601824.000000
5914662.000000
5113645.000000
189046.000000
25983.000000
1088666.000000
95702.000000
6691850.000000
2873447.000000
4051816.000000
5693626.000000
288593.000000
6209493.000000
566695.000000
246904.000000
4310402.000000
3825170.000000
6266981.000000
3120254.000000
6280100.000000
2281652.000000
510674.000000
931027.000000
135493.000000
4880766.000000
299976.000000
2572918.000000
4741087.000000
4756088.000000
4023275.000000
6584072.000000
4266657.000000
4844079.000000
6582040.000000
5058912.000000
3976373.000000
1698699.000000
2573203.000000
1872817.000000
954119.000000
174215.000000
4845678.000000
554432.000000
5333059.000000
3382468.000000
21744.000000
494271.000000
4213114.000000
4318180.000000
4914903.000000
3063212.000000
1057630.000000
6867969.000000
4954999.000000
4919053.000000
725332.000000
5426895.000000
4294358.000000
492956.000000
6746424.000000
4658610.000000
3422313.000000
83522.000000
6220274.000000
1796129.000000
3695174.000000
2556435.000000
4446070.000000
1082238.000000
5797179.000000
5409728.000000
4566393.000000
4517031.000000
5536296.000000
6980120.000000
5065576.000000
2950324.000000
5564761.000000
2468458.000000
4790310.000000
1353610.000000
5803539.000000
2807635.000000
5115123.000000
1125731.000000
990896.000000
5691114.000000
1305966.000000
6889005.000000
2942909.000000
430500.000000
6502764.000000
5036370.000000
4041509.000000
123489.000000
3794064.000000
2992270.000000
2672641.000000
1757122.000000
4030279.000000
4367818.000000
5939122.000000
5358667.000000
914362.000000
6626052.000000
3332395.000000
4975180.000000
4300573.000000
1127762.000000
723877.000000
5090310.000000
233163.000000
5837812.000000
4580675.000000
4819039.000000
4680516.000000
216438.000000
1516698.000000
3341048.000000
441267.000000
4389472.000000
5363682.000000
480605.000000
5087859.000000
4749999.000000
4431577.000000
5516831.000000
5310654.000000
2776925.000000
5945791.000000
5913557.000000
1142873.000000
5067008.000000
749748.000000
5657120.000000
6598278.000000
5572129.000000
3763608.000000
735895.000000
955522.000000
6552970.000000
4375822.000000
1578096.000000
5385841.000000
6469727.000000
6429788.000000
420049.000000
2530021.000000
5829716.000000
3361069.000000
2841641.000000
1826712.000000
2707503.000000
3377748.000000
744668.000000
839367.000000
1931601.000000
266429.000000
790963.000000
6582218.000000
279789.000000
141084.000000
194666.000000
6671805.000000
4833076.000000
4021940.000000
3588401.000000
4239617.000000
366328.000000
428503.000000
5885053.000000
6440483.000000
4013003.000000
4657557.000000
3976326.000000
3199350.000000
6601842.000000
5626700.000000
5327965.000000
274911.000000
471790.000000
2074669.000000
167595.000000
4915882.000000
2442291.000000
1127050.000000
1673742.000000
5963246.000000
4495412.000000
3558062.000000
1450249.000000
2354674.000000
688987.000000
3765664.000000
4440595.000000
1454487.000000
262343.000000
4301319.000000
846756.000000
4236311.000000
706314.000000
6567934.000000
6113011.000000
4016354.000000
6039861.000000
3758275.000000
1900181.000000
772552.000000
3792071.000000
336506.000000
1555719.000000
892483.000000
6450203.000000
4917769.000000
1439211.000000
2533619.000000
673551.000000
5063430.000000
6015215.000000
6387972.000000
424594.000000
5108944.000000
3686625.000000
3988262.000000
171036.000000
4104580.000000
6212742.000000
5646398.000000
2394662.000000
2446002.000000
3433402.000000
2392600.000000
2225064.000000
478932.000000
5584550.000000
1341474.000000
4658918.000000
16684.000000
2844164.000000
4957162.000000
5287693.000000
6130979.000000
6551097.000000
118316.000000
5201996.000000
2540149.000000
2983299.000000
4953948.000000
6896258.000000
3627947.000000
4307945.000000
1504709.000000
894198.000000
1608389.000000
6635145.000000
6713472.000000
6521030.000000
545026.000000
6301121.000000
4637094.000000
396191.000000
6587792.000000
1840985.000000
1868774.000000
866069.000000
6197230.000000
4211106.000000
500553.000000
3063580.000000
6642191.000000
6279293.000000
4070506.000000
1334752.000000
5956834.000000
6692973.000000
4750025.000000
559170.000000
5371485.000000
4770241.000000
1645667.000000
6476446.000000
2747452.000000
5268902.000000
1630779.000000
4324075.000000
4054191.000000
3408160.000000
1362600.000000
3788185.000000
3015849.000000
6003704.000000
2887096.000000
1019830.000000
6752598.000000
6743177.000000
6117944.000000
828701.000000
4118187.000000
3893526.000000
174538.000000
4655851.000000
4863993.000000
5569996.000000
5442622.000000
6848819.000000
5838394.000000
5652998.000000
3883144.000000
1640108.000000
6160009.000000
5856236.000000
3259373.000000
694983.000000
1676258.000000
3983587.000000
3997111.000000
6695700.000000
6605839.000000
4474321.000000
5519169.000000
6155325.000000
435223.000000
6958408.000000
3259212.000000
116231.000000
5677028.000000
3639822.000000
6378130.000000
3430879.000000
1897414.000000
242626.000000
920575.000000
4886918.000000
3453134.000000
6249002.000000
4999552.000000
6022052.000000
3542955.000000
5511092.000000
2916300.000000
1246390.000000
6947143.000000
2859804.000000
5090201.000000
2735521.000000
1881501.000000
4483458.000000
1921051.000000
791984.000000
4069529.000000
3736160.000000
5773642.000000
5976750.000000
5994535.000000
6442878.000000
6259316.000000
1907998.000000
1584433.000000
6544666.000000
2367117.000000
6411660.000000
853140.000000
883043.000000
5194592.000000
5472380.000000
851523.000000
3328993.000000
2160278.000000
1467901.000000
6319243.000000
199089.000000
1277976.000000
4715388.000000
5750659.000000
4267106.000000
203380.000000
2130222.000000
6218866.000000
80263.000000
3582918.000000
1019907.000000
2547410.000000
1850796.000000
4555559.000000
2813938.000000
695077.000000
1584830.000000
1010102.000000
5633108.000000
6085569.000000
447271.000000
337455.000000
3800008.000000
72018.000000
5373054.000000
1092346.000000
379031.000000
4737823.000000
6063273.000000
2897612.000000
6283146.000000
6624044.000000
3549078.000000
3700911.000000
1745235.000000
4583168.000000
1199386.000000
6266224.000000
441611.000000
4114865.000000
2264603.000000
5533789.000000
4061319.000000
5299135.000000
4726592.000000
6417675.000000
662144.000000
5437224.000000
1287350.000000
4536240.000000
1504959.000000
3958132.000000
4264129.000000
99623.000000
5556654.000000
3507090.000000
1442923.000000
4549340.000000
6109247.000000
5981466.000000
3850175.000000
5080966.000000
4799606.000000
1026400.000000
7110013.000000
6141782.000000
395856.000000
6078666.000000
1918178.000000
5181971.000000
5237657.000000
3361803.000000
109488.000000
4957764.000000
2504487.000000
6884051.000000
1810915.000000
6584810.000000
4511578.000000
101093.000000
5319335.000000
659483.000000
6190304.000000
6683035.000000
3293392.000000
4031129.000000
5665836.000000
5765302.000000
4902860.000000
2358064.000000
923863.000000
609674.000000
5086910.000000
4955733.000000
99712.000000
527108.000000
2933040.000000
5386153.000000
4075043.000000
574859.000000
4840217.000000
160693.000000
1471968.000000
2955159.000000
1934009.000000
3460466.000000
3680746.000000
6220401.000000
4073599.000000
701563.000000
6447137.000000
1067922.000000
6360734.000000
4978480.000000
4933634.000000
2656371.000000
5145530.000000
5592850.000000
4859664.000000
5455769.000000
3769023.000000
187679.000000
106829.000000
4199704.000000
747151.000000
4762605.000000
5083994.000000
5892282.000000
22885.000000
4363057.000000
2941204.000000
183218.000000
3629750.000000
6185034.000000
6026210.000000
5060327.000000
386022.000000
4981659.000000
4936929.000000
4433714.000000
4538232.000000
6493915.000000
162120.000000
4031654.000000
1406224.000000
5953023.000000
6589505.000000
687401.000000
7016654.000000
94197.000000
216451.000000
4040673.000000
188161.000000
337927.000000
6005399.000000
5997217.000000
5263093.000000
2344470.000000
5839047.000000
1781741.000000
695358.000000
594547.000000
5378176.000000
2335005.000000
2395868.000000
4129033.000000
6089688.000000
517430.000000
3962947.000000
5464553.000000
75447.000000
4013940.000000
3862404.000000
1719795.000000
5910268.000000
647281.000000
4995443.000000
1035480.000000
585500.000000
1109829.000000
7250830.000000
5313744.000000
1461176.000000
402320.000000
1370257.000000
578340.000000
4183129.000000
4000193.000000
6683470.000000
5124528.000000
3460402.000000
556724.000000
3197432.000000
4446384.000000
3384037.000000
6825436.000000
2712312.000000
1642625.000000
2790612.000000
862813.000000
400958.000000
4335982.000000
1895567.000000
5103475.000000
5791400.000000
2184287.000000
5729963.000000
5642431.000000
127857.000000
474371.000000
569227.000000
4020966.000000
1853778.000000
5422402.000000
3671885.000000
5100678.000000
3084713.000000
5862599.000000
6580271.000000
4249622.000000
3516286.000000
5669697.000000
5226550.000000
6644404.000000
941171.000000
3217167.000000
1018307.000000
280456.000000
273599.000000
555301.000000
214004.000000
3860769.000000
2050804.000000
3806524.000000
3779066.000000
5257371.000000
1801089.000000
4057432.000000
5298486.000000
4721337.000000
1337638.000000
280147.000000
6431018.000000
4848327.000000
5491178.000000
5565428.000000
5727028.000000
5370019.000000
406899.000000
6418377.000000
3402735.000000
6268699.000000
6395881.000000
4130100.000000
3147726.000000
421718.000000
4539823.000000
1809183.000000
699745.000000
6048683.000000
184489.000000
555825.000000
6324988.000000
2706437.000000
6625135.000000
1823829.000000
5147489.000000
4522558.000000
5890842.000000
4030794.000000
4315583.000000
726433.000000
2624683.000000
5641462.000000
427151.000000
1334297.000000
3715826.000000
1517634.000000
3897134.000000
410886.000000
261822.000000
622789.000000
1388996.000000
5990467.000000
4226911.000000
4442173.000000
