0.000000
0.000000
0.000000
0.000000
0.000000
0.000000
0.000000
0.000000
0.000000
0.000000
0.000000
0.000000
0.000000
0.000000
0.000000
0.000000
0.000000
0.000000
0.000000
0.000000
0.000000
0.000000
0.000000
0.000000
0.000000
0.000000
0.000000
0.000000
0.000000
0.000000
0.000000
0.000000
0.000000
0.000000
0.000000
0.000000
0.000000
0.000000
0.000000
0.000000
0.000000
0.000000
0.000000
0.000000
0.000000
0.000000
0.000000
0.000000
0.000000
0.000000
0.000000
0.000000
0.000000
0.000000
0.000000
0.000000
0.000000
0.000000
0.000000
0.000000
0.000000
0.000000
0.000000
0.000000
0.000000
0.000000
0.000000
0.000000
0.000000
0.000000
0.000000
0.000000
0.000000
0.000000
0.000000
0.000000
0.000000
0.000000
0.000000
0.000000
0.000000
0.000000
0.000000
0.000000
0.000000
0.000000
0.000000
0.000000
0.000000
0.000000
0.000000
0.000000
0.000000
0.000000
0.000000
0.000000
0.000000
0.000000
0.000000
0.000000
0.000000
0.000000
0.000000
0.000000
0.000000
0.000000
0.000000
0.000000
0.000000
0.000000
0.000000
0.000000
0.000000
0.000000
0.000000
0.000000
0.000000
0.000000
0.000000
0.000000
0.000000
0.000000
0.000000
0.000000
0.000000
0.000000
0.000000
0.000000
0.000000
0.000000
0.000000
0.000000
0.000000
0.000000
0.000000
0.000000
0.000000
0.000000
0.000000
0.000000
0.000000
0.000000
0.000000
0.000000
0.000000
0.000000
0.000000
0.000000
0.000000
0.000000
0.000000
0.000000
0.000000
0.000000
0.000000
0.000000
0.000000
0.000000
0.000000
0.000000
0.000000
0.000000
0.000000
0.000000
0.000000
0.000000
0.000000
0.000000
0.000000
0.000000
0.000000
0.000000
0.000000
0.000000
0.000000
0.000000
0.000000
0.000000
0.000000
0.000000
0.000000
0.000000
0.000000
0.000000
0.000000
0.000000
0.000000
0.000000
0.000000
0.000000
0.000000
0.000000
0.000000
0.000000
0.000000
0.000000
0.000000
0.000000
0.000000
0.000000
0.000000
0.000000
0.000000
0.000000
0.000000
0.000000
0.000000
0.000000
0.000000
0.000000
0.000000
0.000000
0.000000
0.000000
0.000000
0.000000
0.000000
0.000000
0.000000
0.000000
0.000000
0.000000
0.000000
0.000000
0.000000
0.000000
0.000000
0.000000
0.000000
0.000000
0.000000
0.000000
0.000000
0.000000
0.000000
0.000000
0.000000
0.000000
0.000000
0.000000
0.000000
0.000000
0.000000
0.000000
0.000000
0.000000
0.000000
0.000000
0.000000
0.000000
0.000000
0.000000
0.000000
0.000000
0.000000
0.000000
0.000000
0.000000
0.000000
0.000000
0.000000
0.000000
0.000000
0.000000
0.000000
0.000000
0.000000
0.000000
0.000000
0.000000
0.000000
0.000000
0.000000
0.000000
0.000000
0.000000
0.000000
0.000000
0.000000
0.000000
0.000000
0.000000
0.000000
0.000000
0.000000
0.000000
0.000000
0.000000
0.000000
0.000000
0.000000
0.000000
0.000000
0.000000
0.000000
0.000000
0.000000
0.000000
0.000000
0.000000
0.000000
0.000000
0.000000
0.000000
0.000000
0.000000
0.000000
0.000000
0.000000
0.000000
0.000000
0.000000
0.000000
0.000000
0.000000
0.000000
0.000000
0.000000
0.000000
0.000000
0.000000
0.000000
0.000000
0.000000
0.000000
0.000000
0.000000
0.000000
0.000000
0.000000
0.000000
0.000000
0.000000
0.000000
0.000000
0.000000
0.000000
0.000000
0.000000
0.000000
0.000000
0.000000
0.000000
0.000000
0.000000
0.000000
0.000000
0.000000
0.000000
0.000000
0.000000
0.000000
0.000000
0.000000
0.000000
0.000000
0.000000
0.000000
0.000000
0.000000
0.000000
0.000000
0.000000
0.000000
0.000000
0.000000
0.000000
0.000000
0.000000
0.000000
0.000000
0.000000
0.000000
0.000000
0.000000
0.000000
0.000000
0.000000
0.000000
0.000000
0.000000
0.000000
0.000000
0.000000
0.000000
0.000000
0.000000
0.000000
0.000000
0.000000
0.000000
0.000000
0.000000
0.000000
0.000000
0.000000
0.000000
0.000000
0.000000
0.000000
0.000000
0.000000
0.000000
0.000000
0.000000
0.000000
0.000000
0.000000
0.000000
0.000000
0.000000
0.000000
0.000000
0.000000
0.000000
0.000000
0.000000
0.000000
0.000000
0.000000
0.000000
0.000000
0.000000
0.000000
0.000000
0.000000
0.000000
0.000000
0.000000
0.000000
0.000000
0.000000
0.000000
0.000000
0.000000
0.000000
0.000000
0.000000
0.000000
0.000000
0.000000
0.000000
0.000000
0.000000
0.000000
0.000000
0.000000
0.000000
0.000000
0.000000
0.000000
0.000000
0.000000
0.000000
0.000000
0.000000
0.000000
0.000000
0.000000
0.000000
0.000000
0.000000
0.000000
0.000000
0.000000
0.000000
0.000000
0.000000
0.000000
0.000000
0.000000
0.000000
0.000000
16867515.000000
320189.000000
5433070.000000
6078300.000000
5113863.000000
110121.000000
4891107.000000
6992134.000000
148187.000000
5261080.000000
7794315.000000
5522988.000000
130867.000000
2420213.000000
2213266.000000
7595580.000000
9585479.000000
4645314.000000
118511.000000
2470652.000000
6090541.000000
777097.000000
1812742.000000
8433331.000000
2472857.000000
114887.000000
6198070.000000
8132619.000000
2213106.000000
3279477.000000
4239676.000000
444524.000000
414087.000000
6513343.000000
6682867.000000
881111.000000
9762824.000000
1134909.000000
8101376.000000
99340.000000
562200.000000
9001727.000000
1059063.000000
2038316.000000
2354437.000000
6454078.000000
5343467.000000
5351488.000000
3795022.000000
524302.000000
448864.000000
4458953.000000
8665293.000000
6714769.000000
4192336.000000
8606075.000000
5090301.000000
4978692.000000
7411746.000000
4359519.000000
1468857.000000
6590187.000000
7816208.000000
3461000.000000
540175.000000
713559.000000
3137150.000000
4381512.000000
314019.000000
5166361.000000
8263205.000000
7112892.000000
3433128.000000
4641974.000000
277288.000000
6090591.000000
9447606.000000
5351721.000000
7382267.000000
7244273.000000
4132500.000000
8329940.000000
8437820.000000
425605.000000
4011523.000000
9079836.000000
469691.000000
407780.000000
7578997.000000
2427469.000000
5270312.000000
1495589.000000
8182395.000000
351752.000000
7099056.000000
4553296.000000
1378127.000000
253916.000000
125662.000000
5641780.000000
6349477.000000
1060543.000000
2561743.000000
5183209.000000
8806016.000000
8219872.000000
5438301.000000
6213029.000000
2463299.000000
9009837.000000
1004443.000000
1659139.000000
4639536.000000
7560468.000000
8190319.000000
9303167.000000
9418470.000000
3862042.000000
5385323.000000
744184.000000
1507970.000000
3286927.000000
1448694.000000
8632231.000000
1670413.000000
2512398.000000
4179985.000000
3548817.000000
361315.000000
1242661.000000
3828951.000000
5755308.000000
6768525.000000
8869662.000000
2938422.000000
4986017.000000
6534354.000000
318972.000000
4354603.000000
2591497.000000
3855384.000000
7736995.000000
822959.000000
6150822.000000
4324411.000000
1017394.000000
6279857.000000
7438935.000000
1368133.000000
1742944.000000
608209.000000
1855778.000000
5979915.000000
6941277.000000
4079656.000000
1995472.000000
2283382.000000
3410924.000000
1964503.000000
4254203.000000
5981010.000000
628754.000000
1166848.000000
5620239.000000
3468246.000000
3603787.000000
5127554.000000
8032177.000000
1919568.000000
1577214.000000
125512.000000
3582087.000000
2332285.000000
3129843.000000
772401.000000
7414600.000000
4626610.000000
6855250.000000
10008933.000000
1513111.000000
7187331.000000
4785874.000000
94801.000000
2462010.000000
4831707.000000
1597404.000000
3254071.000000
4180029.000000
1759548.000000
5663121.000000
67110.000000
4630046.000000
2609058.000000
2200031.000000
8827987.000000
548910.000000
4976122.000000
4648094.000000
9092403.000000
2668430.000000
6748728.000000
6444841.000000
9934855.000000
1634702.000000
1885507.000000
3714758.000000
6450387.000000
5173248.000000
8380223.000000
970255.000000
2548075.000000
6975009.000000
1248382.000000
4583138.000000
134706.000000
3308009.000000
6414891.000000
328717.000000
3472072.000000
2937070.000000
4426936.000000
5482045.000000
7531783.000000
7496970.000000
4870872.000000
878361.000000
4418523.000000
474315.000000
132454.000000
7209484.000000
2409349.000000
1448120.000000
4590540.000000
3913122.000000
5925178.000000
9968224.000000
1992975.000000
8273628.000000
731187.000000
4235464.000000
8921878.000000
584714.000000
9383521.000000
6952142.000000
250165.000000
7292486.000000
2765531.000000
9021725.000000
7138015.000000
4238256.000000
2004972.000000
331743.000000
6307129.000000
100320.000000
8204204.000000
13901.000000
542018.000000
7204438.000000
5978946.000000
4263442.000000
594077.000000
8778302.000000
8207682.000000
7544456.000000
2031034.000000
386252.000000
459194.000000
987715.000000
8293825.000000
9170627.000000
1901299.000000
6176499.000000
6450787.000000
5459124.000000
4344726.000000
4267884.000000
971300.000000
338940.000000
684194.000000
6049562.000000
6691245.000000
711892.000000
7727829.000000
837821.000000
8530060.000000
4474697.000000
4865622.000000
8214534.000000
275250.000000
6100071.000000
1335535.000000
9262377.000000
1358418.000000
328656.000000
1744070.000000
3851467.000000
1320655.000000
4649844.000000
2181076.000000
6516645.000000
2812067.000000
1810481.000000
3077232.000000
175572.000000
5400526.000000
6428379.000000
1430761.000000
5023593.000000
4646614.000000
7152456.000000
6030913.000000
514548.000000
6008859.000000
5882789.000000
1519278.000000
2623772.000000
8483597.000000
6408352.000000
3233907.000000
8045081.000000
425394.000000
3705512.000000
7835497.000000
6338959.000000
4926696.000000
5846909.000000
6923072.000000
3467978.000000
29100.000000
4726957.000000
73387.000000
1231936.000000
7322239.000000
8998474.000000
302579.000000
451411.000000
7323270.000000
7749816.000000
8602.000000
6546329.000000
3442463.000000
1658439.000000
111831.000000
2667523.000000
6418162.000000
560915.000000
140021.000000
9256742.000000
4995644.000000
1346415.000000
2063415.000000
3495045.000000
5392707.000000
2048510.000000
7956932.000000
7525443.000000
10020153.000000
179034.000000
144609.000000
2723720.000000
3938080.000000
9764773.000000
5826218.000000
58079.000000
4352537.000000
5349439.000000
221542.000000
7586309.000000
2203603.000000
6981646.000000
4181449.000000
9199641.000000
2574299.000000
3018547.000000
1546980.000000
273062.000000
7547105.000000
6659850.000000
2343107.000000
8527420.000000
187149.000000
4152921.000000
3565058.000000
8225002.000000
456721.000000
206503.000000
4967716.000000
849747.000000
5951638.000000
1941216.000000
4421148.000000
4119800.000000
3539882.000000
1850389.000000
1209698.000000
6161563.000000
6916732.000000
772611.000000
1468939.000000
4827410.000000
6300162.000000
239547.000000
669312.000000
2918746.000000
594611.000000
3393795.000000
176008.000000
55624.000000
1530004.000000
5765866.000000
7597614.000000
5013159.000000
156623.000000
3341023.000000
6626149.000000
9461350.000000
3620441.000000
4442073.000000
3571307.000000
4529605.000000
262711.000000
8874747.000000
175746.000000
5731874.000000
4133505.000000
4567485.000000
117624.000000
2242052.000000
6219784.000000
5579043.000000
5192015.000000
3372174.000000
448341.000000
3934280.000000
1674926.000000
3837957.000000
245414.000000
384556.000000
7167591.000000
5177106.000000
5681127.000000
2283238.000000
7140586.000000
8418618.000000
1316993.000000
9270676.000000
3204253.000000
135931.000000
2748202.000000
2584013.000000
1732918.000000
3067070.000000
3805170.000000
6094556.000000
3161944.000000
8861174.000000
439579.000000
94582.000000
5114901.000000
2807087.000000
9487348.000000
236940.000000
1525470.000000
210962.000000
9806268.000000
330673.000000
2296489.000000
3124977.000000
7896817.000000
1629037.000000
3448628.000000
8553542.000000
6112563.000000
3267101.000000
1932275.000000
3329773.000000
6609082.000000
4406994.000000
841997.000000
56072.000000
2766632.000000
6481443.000000
6607604.000000
1408376.000000
4035492.000000
6358579.000000
2913063.000000
6831641.000000
6052287.000000
5432034.000000
3691301.000000
9308174.000000
9157642.000000
8831936.000000
2420463.000000
3846740.000000
156602.000000
5695636.000000
1986971.000000
6763227.000000
1512914.000000
1631309.000000
4815023.000000
64063.000000
8993225.000000
6311744.000000
1357875.000000
3408709.000000
5866675.000000
1477847.000000
7658246.000000
1163626.000000
1545022.000000
6277026.000000
2495455.000000
7111083.000000
159946.000000
8226507.000000
8776833.000000
4310600.000000
1368974.000000
914462.000000
2477920.000000
5028714.000000
3164350.000000
1097091.000000
7724787.000000
2813138.000000
5073079.000000
3411807.000000
7091497.000000
4102310.000000
6250279.000000
1237457.000000
7697820.000000
6024329.000000
310225.000000
6550241.000000
3292944.000000
1970973.000000
1951987.000000
6056016.000000
2016008.000000
2639412.000000
8672258.000000
7057045.000000
4988548.000000
4293465.000000
1123095.000000
1930322.000000
6761370.000000
4392299.000000
8261518.000000
3931925.000000
6489457.000000
5109753.000000
1742718.000000
6236165.000000
3083376.000000
9157139.000000
5042393.000000
5368825.000000
7954341.000000
4701596.000000
532745.000000
2167312.000000
7514527.000000
6461225.000000
111469.000000
8777395.000000
949965.000000
387931.000000
140985.000000
1062476.000000
5127930.000000
2755690.000000
6434663.000000
5197816.000000
2550935.000000
4081822.000000
8865378.000000
855800.000000
1516682.000000
6649579.000000
317417.000000
8052326.000000
9384407.000000
2008177.000000
165953.000000
1878641.000000
6017945.000000
7499504.000000
4725591.000000
7338837.000000
3978284.000000
8251442.000000
4448459.000000
758740.000000
1608001.000000
1252743.000000
961442.000000
6004883.000000
259490.000000
338307.000000
7561199.000000
832737.000000
1541878.000000
1927054.000000
5827376.000000
558325.000000
7873204.000000
5654491.000000
4577357.000000
2855976.000000
6294034.000000
204621.000000
6950233.000000
9361409.000000
1491901.000000
5336498.000000
200849.000000
9560784.000000
1909337.000000
3557479.000000
5628854.000000
1394176.000000
1544377.000000
449699.000000
3288363.000000
214634.000000
4106279.000000
8200570.000000
269466.000000
6449193.000000
10652948.000000
5043552.000000
6767049.000000
6263572.000000
212036.000000
6644138.000000
470741.000000
8544375.000000
7005912.000000
8262995.000000
6112354.000000
7543077.000000
523215.000000
1334901.000000
2339184.000000
5250004.000000
4360585.000000
1779006.000000
7322090.000000
2357164.000000
3318201.000000
7211933.000000
4134520.000000
3613801.000000
5477806.000000
2684835.000000
245099.000000
760329.000000
2440914.000000
110645.000000
1051200.000000
227894.000000
6558892.000000
7108640.000000
5733796.000000
1867027.000000
27236.000000
8660568.000000
5959373.000000
5290865.000000
2458462.000000
8421009.000000
5693258.000000
5128749.000000
2356309.000000
3803903.000000
321041.000000
343003.000000
7349437.000000
1386162.000000
6839630.000000
270812.000000
5745234.000000
29687.000000
69563.000000
6979077.000000
117036.000000
3116364.000000
798318.000000
212253.000000
548249.000000
1799569.000000
6027753.000000
289244.000000
8244597.000000
4592033.000000
3223169.000000
8822940.000000
172417.000000
2933402.000000
5507191.000000
6703951.000000
4775963.000000
5639474.000000
6429296.000000
1190942.000000
4196425.000000
3878044.000000
3890670.000000
5464133.000000
1472123.000000
4220044.000000
60880.000000
4196970.000000
8360937.000000
30868.000000
2175623.000000
3854434.000000
8151761.000000
5067157.000000
6915107.000000
695605.000000
2309551.000000
9329231.000000
110939.000000
991862.000000
2547966.000000
713178.000000
3646427.000000
6733530.000000
8676965.000000
775396.000000
6357617.000000
8616831.000000
3088533.000000
607986.000000
1125887.000000
5462058.000000
315775.000000
176926.000000
2713905.000000
2335536.000000
5012987.000000
5939720.000000
6260564.000000
471257.000000
5537177.000000
7238264.000000
862410.000000
9931896.000000
2147293.000000
3681521.000000
7572081.000000
7614750.000000
6360331.000000
2593182.000000
7139978.000000
105027.000000
5259953.000000
6297684.000000
6433898.000000
299107.000000
3208674.000000
5917866.000000
108271.000000
89562.000000
6854981.000000
7627578.000000
5111576.000000
8762993.000000
6863868.000000
3367654.000000
6575882.000000
1290877.000000
5639549.000000
2535967.000000
6157350.000000
1489867.000000
7881102.000000
549649.000000
7751266.000000
9167730.000000
6358078.000000
3223310.000000
5981581.000000
7914954.000000
289367.000000
10252814.000000
575652.000000
9158886.000000
253913.000000
647652.000000
938317.000000
4267608.000000
897016.000000
5548718.000000
8800386.000000
6336598.000000
5975030.000000
6713431.000000
187210.000000
547428.000000
9164645.000000
1444513.000000
738591.000000
5344323.000000
6741940.000000
7438344.000000
8144940.000000
3046781.000000
6308451.000000
6711658.000000
7603935.000000
6680064.000000
24253.000000
2964665.000000
119405.000000
288911.000000
3485971.000000
1322946.000000
7425841.000000
9926337.000000
9237592.000000
8530073.000000
125718.000000
3242274.000000
3926823.000000
2866379.000000
1523091.000000
7210001.000000
4799740.000000
1265440.000000
7618332.000000
7485156.000000
7176202.000000
5481755.000000
5129915.000000
743114.000000
923467.000000
561329.000000
1390752.000000
3627667.000000
7123084.000000
6405702.000000
9185498.000000
7267370.000000
4009747.000000
5010583.000000
4533823.000000
150889.000000
5534276.000000
3732507.000000
8174584.000000
391515.000000
5677295.000000
7784546.000000
1848491.000000
4784363.000000
1326397.000000
5645493.000000
7463768.000000
3838795.000000
4022626.000000
3093079.000000
9937634.000000
8476390.000000
11486.000000
4558663.000000
1663918.000000
30890.000000
6521430.000000
3692550.000000
5150134.000000
5379740.000000
3840025.000000
8465087.000000
1814743.000000
8548580.000000
96677.000000
8114774.000000
3254667.000000
2764956.000000
773722.000000
1886964.000000
5863831.000000
4037740.000000
3507952.000000
88893.000000
6944106.000000
823137.000000
5452263.000000
263234.000000
6421642.000000
1433411.000000
6500704.000000
5759697.000000
5579345.000000
740519.000000
5324968.000000
431389.000000
5794675.000000
8550419.000000
219585.000000
6452425.000000
6152278.000000
5324688.000000
155875.000000
7559788.000000
7515281.000000
635785.000000
640186.000000
9031248.000000
5035118.000000
342051.000000
554134.000000
5028927.000000
6610801.000000
1870768.000000
8315079.000000
1253866.000000
619896.000000
1094821.000000
6500029.000000
560846.000000
6171076.000000
90259.000000
6311346.000000
605180.000000
4142093.000000
8351704.000000
349401.000000
7119641.000000
6355116.000000
1037116.000000
5830953.000000
5437748.000000
4592723.000000
4528326.000000
114812.000000
999889.000000
343028.000000
5851014.000000
127791.000000
776921.000000
7820914.000000
635016.000000
5320622.000000
9804111.000000
6163335.000000
5496655.000000
1071221.000000
6882046.000000
942015.000000
5206291.000000
3459761.000000
3299283.000000
907308.000000
6099605.000000
5574815.000000
23160.000000
28804.000000
7571640.000000
2013020.000000
6930.000000
7748921.000000
5084798.000000
3278999.000000
326187.000000
2164389.000000
5324742.000000
4051587.000000
5371852.000000
811344.000000
710212.000000
7106129.000000
4645171.000000
4169977.000000
6974185.000000
6032769.000000
3668106.000000
7469554.000000
6871263.000000
3265753.000000
3385786.000000
6587391.000000
5085891.000000
1248722.000000
11237581.000000
682449.000000
7012707.000000
6424493.000000
3530052.000000
801563.000000
3657209.000000
4268881.000000
32209.000000
2864360.000000
3272182.000000
3418734.000000
3157298.000000
6203079.000000
9540781.000000
5277250.000000
1118407.000000
875743.000000
7913223.000000
4867644.000000
5285050.000000
8499168.000000
183271.000000
4022917.000000
2539193.000000
6631571.000000
4395770.000000
3103268.000000
455127.000000
6223999.000000
585397.000000
5249670.000000
1274299.000000
8317134.000000
544655.000000
1298120.000000
9728416.000000
2673957.000000
757891.000000
4316704.000000
1553111.000000
4853095.000000
2474557.000000
171476.000000
4821732.000000
6592527.000000
4448590.000000
7171615.000000
4915574.000000
6844189.000000
8305263.000000
270293.000000
3040434.000000
5911979.000000
7777974.000000
571590.000000
1065839.000000
5494242.000000
7037205.000000
3169876.000000
2383500.000000
2412274.000000
7843369.000000
306413.000000
7315576.000000
6514013.000000
6296924.000000
4645419.000000
1974289.000000
4017540.000000
5156758.000000
2609540.000000
2235035.000000
8393854.000000
8431760.000000
9264055.000000
4233668.000000
90882.000000
8124726.000000
8427759.000000
2984795.000000
6483170.000000
8429172.000000
8406594.000000
7301902.000000
3998901.000000
105037.000000
5757322.000000
7989953.000000
5621911.000000
917763.000000
4456991.000000
6478390.000000
5058144.000000
8557777.000000
2571252.000000
2236915.000000
456761.000000
7068487.000000
1111715.000000
84503.000000
6191389.000000
4073489.000000
8235105.000000
2672187.000000
7207411.000000
1307259.000000
8359694.000000
5059394.000000
7330254.000000
7947928.000000
31109.000000
5711444.000000
489194.000000
1698096.000000
752864.000000
249815.000000
6307007.000000
794601.000000
8612969.000000
5128479.000000
608193.000000
161910.000000
1281781.000000
6618241.000000
5985092.000000
4239353.000000
4470957.000000
152978.000000
5207789.000000
3809434.000000
451013.000000
5991141.000000
230993.000000
8750555.000000
3837929.000000
6784748.000000
4233368.000000
7576201.000000
1183598.000000
3232640.000000
5507757.000000
8165655.000000
1760004.000000
1293293.000000
6545905.000000
1841603.000000
1647479.000000
32562.000000
8595086.000000
9715660.000000
4358321.000000
9336624.000000
1242702.000000
443129.000000
10523483.000000
8533350.000000
3681343.000000
4606190.000000
3904002.000000
3015254.000000
1171354.000000
7728275.000000
8469646.000000
740340.000000
4036314.000000
9335622.000000
6656745.000000
7208367.000000
248037.000000
20023.000000
470636.000000
4641002.000000
7195618.000000
663188.000000
355269.000000
2698500.000000
487988.000000
1436410.000000
7226935.000000
226335.000000
525131.000000
6424329.000000
149725.000000
5249534.000000
6184081.000000
5443773.000000
2261094.000000
195632.000000
5429739.000000
9938739.000000
6497140.000000
495645.000000
6974366.000000
5592518.000000
5227065.000000
401804.000000
6447506.000000
10258348.000000
176935.000000
7883206.000000
3749348.000000
2732369.000000
344254.000000
7400625.000000
6559442.000000
8816316.000000
882721.000000
2790345.000000
6361445.000000
368444.000000
5576074.000000
886391.000000
4434512.000000
4044877.000000
5382123.000000
4017047.000000
1841756.000000
2438737.000000
1978842.000000
2059360.000000
5130191.000000
5927198.000000
2002664.000000
1996311.000000
5103023.000000
8190257.000000
6087562.000000
4182668.000000
815675.000000
1122993.000000
163870.000000
8660295.000000
301740.000000
2149194.000000
5421525.000000
8393407.000000
618562.000000
1884329.000000
2126968.000000
734417.000000
4756763.000000
5568914.000000
1522949.000000
2761908.000000
5321643.000000
8103739.000000
6799123.000000
5626868.000000
5380182.000000
4420013.000000
7178617.000000
91682.000000
3298513.000000
8691864.000000
3816848.000000
3475176.000000
4876925.000000
7542142.000000
271101.000000
5212050.000000
3919757.000000
4347756.000000
68853.000000
4296705.000000
1063832.000000
592009.000000
4315400.000000
4167271.000000
799204.000000
364100.000000
7974576.000000
5021604.000000
4258851.000000
8514523.000000
5917809.000000
3035739.000000
35196.000000
134085.000000
4854511.000000
354909.000000
5790526.000000
7622626.000000
3026487.000000
934142.000000
10338295.000000
6459472.000000
1153679.000000
8045997.000000
572961.000000
2023776.000000
881481.000000
7200748.000000
7398429.000000
3438765.000000
5356095.000000
119068.000000
550999.000000
97168.000000
542324.000000
8224715.000000
3741008.000000
5416761.000000
4851293.000000
1208939.000000
4642636.000000
7816227.000000
8288271.000000
1234332.000000
9657893.000000
4191674.000000
8574890.000000
3710017.000000
1826266.000000
4350665.000000
6651179.000000
9610051.000000
473361.000000
5674925.000000
2891557.000000
7030210.000000
927686.000000
6195501.000000
3818948.000000
7152135.000000
521310.000000
5257364.000000
8939455.000000
4411173.000000
3833379.000000
1324497.000000
21034.000000
6007340.000000
801804.000000
2866499.000000
753998.000000
1489609.000000
160592.000000
5132571.000000
2308419.000000
7071891.000000
1397965.000000
566036.000000
4757828.000000
431711.000000
10734488.000000
5463914.000000
694980.000000
5428453.000000
3717047.000000
5035594.000000
381550.000000
7758771.000000
375778.000000
9868982.000000
816620.000000
1035369.000000
2794666.000000
1949488.000000
6569061.000000
4406662.000000
4709718.000000
9217674.000000
5953474.000000
5715741.000000
1257458.000000
2321851.000000
1418671.000000
6520978.000000
7921834.000000
68746.000000
3176423.000000
966409.000000
6150170.000000
4171463.000000
5546221.000000
6756900.000000
1038849.000000
6925416.000000
206541.000000
8430207.000000
7792790.000000
8603481.000000
79223.000000
8536414.000000
1007785.000000
8185261.000000
762138.000000
266750.000000
4230356.000000
1606812.000000
3821881.000000
7229547.000000
3941298.000000
380912.000000
31294.000000
1180143.000000
1306934.000000
4187856.000000
989808.000000
98087.000000
4469802.000000
9472255.000000
2445132.000000
6366905.000000
9621844.000000
584284.000000
5565651.000000
677476.000000
7132178.000000
8263104.000000
6562971.000000
6269102.000000
598504.000000
414716.000000
9533582.000000
2162933.000000
1865794.000000
2393598.000000
5165530.000000
1249382.000000
5985373.000000
5992175.000000
6266334.000000
6747421.000000
635922.000000
630456.000000
4773577.000000
1051231.000000
7718431.000000
4104649.000000
3000929.000000
2710639.000000
9573809.000000
6000478.000000
3722793.000000
7253094.000000
5381714.000000
195149.000000
31452.000000
1231054.000000
81681.000000
9296620.000000
2873418.000000
4608081.000000
5572002.000000
249311.000000
9476277.000000
731531.000000
243498.000000
4172103.000000
5579945.000000
6772142.000000
3453565.000000
6837074.000000
1925896.000000
451050.000000
820897.000000
151893.000000
6082568.000000
283994.000000
2407729.000000
5211028.000000
4843595.000000
4701409.000000
7887796.000000
5186682.000000
6215108.000000
8137660.000000
5745642.000000
4795102.000000
2301424.000000
3075968.000000
1989101.000000
1011591.000000
184562.000000
5427718.000000
550045.000000
5712359.000000
3348529.000000
29399.000000
416510.000000
5077890.000000
3982363.000000
5012056.000000
3194770.000000
1386452.000000
9562883.000000
6060389.000000
6637719.000000
616646.000000
6111418.000000
4760581.000000
462744.000000
8747482.000000
5380990.000000
3645480.000000
76949.000000
7535446.000000
1840703.000000
3911959.000000
2196641.000000
4773268.000000
905235.000000
6977581.000000
6272294.000000
4987040.000000
5298464.000000
7389676.000000
9219199.000000
5982599.000000
3420716.000000
6551161.000000
1999765.000000
5869820.000000
1300020.000000
6651998.000000
2459681.000000
6163736.000000
1104358.000000
954697.000000
6781713.000000
1605512.000000
7867998.000000
3426957.000000
352874.000000
7967560.000000
5609680.000000
5180365.000000
120332.000000
4777097.000000
3253575.000000
2898159.000000
2017312.000000
4221922.000000
4831009.000000
8506031.000000
5429931.000000
924135.000000
9036431.000000
3429471.000000
5736202.000000
4726281.000000
1022809.000000
594592.000000
5974885.000000
216549.000000
6273058.000000
4855715.000000
5079753.000000
5638061.000000
231013.000000
1240304.000000
4518885.000000
480170.000000
4431894.000000
6856906.000000
561533.000000
5945140.000000
5074189.000000
4740496.000000
5887260.000000
7235380.000000
2265601.000000
7160598.000000
7671094.000000
829651.000000
5479240.000000
766504.000000
6766992.000000
7702625.000000
6147716.000000
3652185.000000
549044.000000
1149078.000000
9686211.000000
4681306.000000
1597427.000000
5310313.000000
7594905.000000
8657112.000000
428352.000000
2201181.000000
7290170.000000
4084768.000000
2476144.000000
1993691.000000
2678058.000000
3246245.000000
733343.000000
912132.000000
1688374.000000
293897.000000
774123.000000
9347965.000000
264349.000000
132276.000000
201546.000000
9208463.000000
5802583.000000
4192220.000000
3240422.000000
4825813.000000
362669.000000
327119.000000
7199726.000000
7979718.000000
4083978.000000
5021278.000000
4054325.000000
3101487.000000
9157644.000000
7148176.000000
7762820.000000
361097.000000
607388.000000
2046156.000000
167513.000000
4645817.000000
2624209.000000
1071980.000000
1530642.000000
8468451.000000
5599508.000000
3584137.000000
1288890.000000
2276007.000000
612397.000000
4343192.000000
4870833.000000
1237930.000000
291246.000000
5260665.000000
1052446.000000
5060612.000000
612943.000000
8357999.000000
8965324.000000
4399084.000000
7352537.000000
4253658.000000
1735390.000000
812044.000000
4010968.000000
432328.000000
1573979.000000
841346.000000
7853518.000000
4839704.000000
1427805.000000
2044867.000000
664079.000000
5767436.000000
8074841.000000
7725429.000000
383452.000000
5419416.000000
2735813.000000
4293053.000000
185998.000000
3586003.000000
7429053.000000
6473629.000000
2351989.000000
2321721.000000
3225294.000000
2589334.000000
2288865.000000
418750.000000
5780232.000000
1338351.000000
5062105.000000
12524.000000
3289674.000000
5555232.000000
6173826.000000
6776566.000000
8521621.000000
123011.000000
6286246.000000
2509152.000000
3497207.000000
6244351.000000
8866273.000000
4295649.000000
5020483.000000
1633382.000000
868144.000000
1885468.000000
7965359.000000
8867552.000000
10406035.000000
635226.000000
9939229.000000
5213914.000000
422868.000000
7623727.000000
1858000.000000
2086482.000000
757338.000000
9204129.000000
3998586.000000
411171.000000
3992330.000000
8185915.000000
8160301.000000
4805650.000000
1028093.000000
7084491.000000
7762808.000000
4978871.000000
538691.000000
6282137.000000
5706375.000000
1381454.000000
9116274.000000
3082540.000000
6698347.000000
1432856.000000
4689150.000000
4190210.000000
2880318.000000
1111059.000000
3470369.000000
2419933.000000
7483583.000000
2037683.000000
924681.000000
7894399.000000
7977788.000000
9281600.000000
668469.000000
5328533.000000
3900910.000000
175179.000000
5707594.000000
5902039.000000
6230866.000000
7165248.000000
9547235.000000
7486648.000000
8040065.000000
3246231.000000
1503420.000000
7813921.000000
8638568.000000
3091425.000000
709912.000000
2018191.000000
4256256.000000
5374729.000000
7542190.000000
7937926.000000
5147216.000000
9268188.000000
6730606.000000
423054.000000
8940759.000000
2774598.000000
129608.000000
7377897.000000
3941826.000000
8607391.000000
3435458.000000
1858100.000000
239734.000000
754058.000000
5049698.000000
3889013.000000
8174646.000000
6054888.000000
7021224.000000
3268487.000000
7692750.000000
3905356.000000
1256264.000000
9687015.000000
3132606.000000
7047556.000000
2089810.000000
1834933.000000
5495830.000000
1911126.000000
700415.000000
4970240.000000
3180878.000000
6897558.000000
9513261.000000
8621752.000000
9206983.000000
8481902.000000
1419920.000000
1378049.000000
9039438.000000
2390941.000000
9525406.000000
858770.000000
783332.000000
5603081.000000
6385038.000000
855136.000000
3189242.000000
2551562.000000
1295128.000000
8888752.000000
214379.000000
1064535.000000
5209412.000000
6813175.000000
4599417.000000
203450.000000
1871834.000000
7848129.000000
80582.000000
2705652.000000
966150.000000
3076670.000000
1896706.000000
4959100.000000
3312591.000000
742695.000000
1719956.000000
890409.000000
7245822.000000
6499343.000000
425886.000000
344982.000000
3946640.000000
77490.000000
5887657.000000
1071564.000000
305147.000000
6211209.000000
7059412.000000
3163811.000000
9107449.000000
7838963.000000
3154492.000000
3429161.000000
2110175.000000
5405003.000000
1199293.000000
7697852.000000
408627.000000
4289848.000000
2712033.000000
7071700.000000
4203850.000000
6312221.000000
4813632.000000
7899582.000000
674729.000000
6522302.000000
1092542.000000
5760152.000000
1743787.000000
4175516.000000
5134670.000000
96617.000000
7157098.000000
3632273.000000
1211582.000000
5323106.000000
7532684.000000
7599364.000000
3834870.000000
5667797.000000
4787134.000000
990569.000000
9475636.000000
7904317.000000
330663.000000
7146319.000000
2078122.000000
6195106.000000
5800190.000000
4194799.000000
109987.000000
4954371.000000
2411977.000000
7435737.000000
1890572.000000
8096866.000000
5020017.000000
109644.000000
6602763.000000
732434.000000
8626675.000000
8919234.000000
4091184.000000
4410725.000000
7052465.000000
6328404.000000
5257768.000000
2081768.000000
756294.000000
588093.000000
6153854.000000
6453967.000000
81442.000000
506712.000000
3277122.000000
6750172.000000
4768303.000000
443070.000000
6083558.000000
184913.000000
1322266.000000
2841546.000000
2160965.000000
3587355.000000
4030512.000000
9361727.000000
4500681.000000
676727.000000
8360021.000000
898077.000000
7624072.000000
6035378.000000
5547500.000000
2585346.000000
5371419.000000
6612082.000000
5343350.000000
6279857.000000
3486896.000000
214810.000000
97003.000000
4427309.000000
787806.000000
5591457.000000
5778122.000000
9424955.000000
31847.000000
4143624.000000
2785006.000000
288470.000000
3955303.000000
7755374.000000
7896646.000000
6523375.000000
322559.000000
6092311.000000
5702148.000000
4636876.000000
4792094.000000
9794170.000000
187116.000000
5365696.000000
1470288.000000
8519037.000000
7804256.000000
677662.000000
8320873.000000
71640.000000
194519.000000
4166284.000000
184534.000000
344656.000000
9829479.000000
7368266.000000
6355317.000000
2031813.000000
6250588.000000
1749372.000000
635339.000000
425703.000000
6213529.000000
2254027.000000
2623241.000000
4586814.000000
7675202.000000
462704.000000
5101445.000000
6541932.000000
102592.000000
4906039.000000
4043117.000000
1670598.000000
6682138.000000
702957.000000
5868548.000000
1032852.000000
604208.000000
1006656.000000
9641794.000000
7768458.000000
1427155.000000
405340.000000
1404282.000000
666025.000000
3832695.000000
3900213.000000
8309210.000000
6348090.000000
3860778.000000
551738.000000
4004500.000000
4996173.000000
3669679.000000
8431334.000000
2867019.000000
1735838.000000
2472995.000000
861729.000000
382380.000000
4726090.000000
1512645.000000
5353181.000000
6817932.000000
2396602.000000
6673284.000000
7484700.000000
117461.000000
445945.000000
788623.000000
4663382.000000
1751433.000000
6046543.000000
3212602.000000
5584161.000000
3318020.000000
8090218.000000
8851398.000000
4473758.000000
3703195.000000
8629965.000000
6543344.000000
8544811.000000
839794.000000
3117380.000000
834156.000000
252864.000000
245045.000000
558048.000000
239780.000000
4068198.000000
2062815.000000
4387427.000000
3779570.000000
6553280.000000
2185660.000000
4671907.000000
6495194.000000
5318230.000000
1390538.000000
272538.000000
8141781.000000
5966170.000000
6927174.000000
6682338.000000
6974648.000000
6914170.000000
445117.000000
7178338.000000
3069725.000000
9476460.000000
8463275.000000
3764079.000000
2813004.000000
413749.000000
5347231.000000
1340207.000000
774692.000000
7465580.000000
161945.000000
525493.000000
7763606.000000
1976880.000000
8454983.000000
1576327.000000
6050103.000000
4757820.000000
7953197.000000
5165066.000000
4555954.000000
868536.000000
3177284.000000
6376497.000000
409111.000000
1032640.000000
3611239.000000
1444411.000000
3542752.000000
434314.000000
246373.000000
562467.000000
1262103.000000
9315086.000000
5045072.000000
5503946.000000
