0.000000
0.000000
0.000000
0.000000
0.000000
0.000000
0.000000
0.000000
0.000000
0.000000
0.000000
0.000000
0.000000
0.000000
0.000000
0.000000
0.000000
0.000000
0.000000
0.000000
0.000000
0.000000
0.000000
0.000000
0.000000
0.000000
0.000000
0.000000
0.000000
0.000000
0.000000
0.000000
0.000000
0.000000
0.000000
0.000000
0.000000
0.000000
0.000000
0.000000
0.000000
0.000000
0.000000
0.000000
0.000000
0.000000
0.000000
0.000000
0.000000
0.000000
0.000000
0.000000
0.000000
0.000000
0.000000
0.000000
0.000000
0.000000
0.000000
0.000000
0.000000
0.000000
0.000000
0.000000
0.000000
0.000000
0.000000
0.000000
0.000000
0.000000
0.000000
0.000000
0.000000
0.000000
0.000000
0.000000
0.000000
0.000000
0.000000
0.000000
0.000000
0.000000
0.000000
0.000000
0.000000
0.000000
0.000000
0.000000
0.000000
0.000000
0.000000
0.000000
0.000000
0.000000
0.000000
0.000000
0.000000
0.000000
0.000000
0.000000
0.000000
0.000000
0.000000
0.000000
0.000000
0.000000
0.000000
0.000000
0.000000
0.000000
0.000000
0.000000
0.000000
0.000000
0.000000
0.000000
0.000000
0.000000
0.000000
0.000000
0.000000
0.000000
0.000000
0.000000
0.000000
0.000000
0.000000
0.000000
0.000000
0.000000
0.000000
0.000000
0.000000
0.000000
0.000000
0.000000
0.000000
0.000000
0.000000
0.000000
0.000000
0.000000
0.000000
0.000000
0.000000
0.000000
0.000000
0.000000
0.000000
0.000000
0.000000
0.000000
0.000000
0.000000
0.000000
0.000000
0.000000
0.000000
0.000000
0.000000
0.000000
0.000000
0.000000
0.000000
0.000000
0.000000
0.000000
0.000000
0.000000
0.000000
0.000000
0.000000
0.000000
0.000000
0.000000
0.000000
0.000000
0.000000
0.000000
0.000000
0.000000
0.000000
0.000000
0.000000
0.000000
0.000000
0.000000
0.000000
0.000000
0.000000
0.000000
0.000000
0.000000
0.000000
0.000000
0.000000
0.000000
0.000000
0.000000
0.000000
0.000000
0.000000
0.000000
0.000000
0.000000
0.000000
0.000000
0.000000
0.000000
0.000000
0.000000
0.000000
0.000000
0.000000
0.000000
0.000000
0.000000
0.000000
0.000000
0.000000
0.000000
0.000000
0.000000
0.000000
0.000000
0.000000
0.000000
0.000000
0.000000
0.000000
0.000000
0.000000
0.000000
0.000000
0.000000
0.000000
0.000000
0.000000
0.000000
0.000000
0.000000
0.000000
0.000000
0.000000
0.000000
0.000000
0.000000
0.000000
0.000000
0.000000
0.000000
0.000000
0.000000
0.000000
0.000000
0.000000
0.000000
0.000000
0.000000
0.000000
0.000000
0.000000
0.000000
0.000000
0.000000
0.000000
0.000000
0.000000
0.000000
0.000000
0.000000
0.000000
0.000000
0.000000
0.000000
0.000000
0.000000
0.000000
0.000000
0.000000
0.000000
0.000000
0.000000
0.000000
0.000000
0.000000
0.000000
0.000000
0.000000
0.000000
0.000000
0.000000
0.000000
0.000000
0.000000
0.000000
0.000000
0.000000
0.000000
0.000000
0.000000
0.000000
0.000000
0.000000
0.000000
0.000000
0.000000
0.000000
0.000000
0.000000
0.000000
0.000000
0.000000
0.000000
0.000000
0.000000
0.000000
0.000000
0.000000
0.000000
0.000000
0.000000
0.000000
0.000000
0.000000
0.000000
0.000000
0.000000
0.000000
0.000000
0.000000
0.000000
0.000000
0.000000
0.000000
0.000000
0.000000
0.000000
0.000000
0.000000
0.000000
0.000000
0.000000
0.000000
0.000000
0.000000
0.000000
0.000000
0.000000
0.000000
0.000000
0.000000
0.000000
0.000000
0.000000
0.000000
0.000000
0.000000
0.000000
0.000000
0.000000
0.000000
0.000000
0.000000
0.000000
0.000000
0.000000
0.000000
0.000000
0.000000
0.000000
0.000000
0.000000
0.000000
0.000000
0.000000
0.000000
0.000000
0.000000
0.000000
0.000000
0.000000
0.000000
0.000000
0.000000
0.000000
0.000000
0.000000
0.000000
0.000000
0.000000
0.000000
0.000000
0.000000
0.000000
0.000000
0.000000
0.000000
0.000000
0.000000
0.000000
0.000000
0.000000
0.000000
0.000000
0.000000
0.000000
0.000000
0.000000
0.000000
0.000000
0.000000
0.000000
0.000000
0.000000
0.000000
0.000000
0.000000
0.000000
0.000000
0.000000
0.000000
0.000000
0.000000
0.000000
0.000000
0.000000
0.000000
0.000000
0.000000
0.000000
0.000000
0.000000
0.000000
0.000000
0.000000
0.000000
0.000000
0.000000
0.000000
0.000000
0.000000
0.000000
0.000000
0.000000
0.000000
0.000000
0.000000
0.000000
0.000000
0.000000
0.000000
0.000000
0.000000
0.000000
0.000000
0.000000
0.000000
0.000000
0.000000
0.000000
0.000000
0.000000
0.000000
0.000000
0.000000
0.000000
0.000000
0.000000
0.000000
0.000000
0.000000
0.000000
0.000000
0.000000
0.000000
0.000000
0.000000
0.000000
0.000000
0.000000
0.000000
0.000000
0.000000
0.000000
0.000000
0.000000
0.000000
0.000000
0.000000
0.000000
0.000000
0.000000
0.000000
0.000000
0.000000
0.000000
0.000000
0.000000
0.000000
0.000000
0.000000
0.000000
0.000000
0.000000
0.000000
0.000000
0.000000
0.000000
0.000000
0.000000
0.000000
0.000000
0.000000
0.000000
0.000000
0.000000
0.000000
0.000000
0.000000
0.000000
0.000000
0.000000
0.000000
0.000000
0.000000
0.000000
0.000000
0.000000
0.000000
0.000000
0.000000
0.000000
0.000000
0.000000
27680640.000000
3961052.000000
604232.000000
771076.000000
3587391.000000
3850716.000000
299112.000000
5437238.000000
12688288.000000
7486458.000000
4390328.000000
6204713.000000
336197.000000
6268728.000000
11714088.000000
7510819.000000
9639700.000000
7939637.000000
4732663.000000
11233393.000000
12346169.000000
452611.000000
4343497.000000
12425440.000000
516250.000000
459289.000000
8009285.000000
2475942.000000
7537490.000000
1871455.000000
10895273.000000
359093.000000
10245167.000000
5501315.000000
1264328.000000
279514.000000
143670.000000
8160557.000000
6433686.000000
1405797.000000
2341519.000000
5536052.000000
13161111.000000
10473675.000000
6900797.000000
6420185.000000
2250699.000000
15091616.000000
754809.000000
2056302.000000
5919232.000000
7870298.000000
9975510.000000
14345998.000000
11865107.000000
4162911.000000
5884745.000000
710353.000000
1275083.000000
3708691.000000
1304830.000000
10455441.000000
1710301.000000
2717546.000000
5415994.000000
3295689.000000
398801.000000
1446741.000000
4146125.000000
8987220.000000
9373028.000000
14040464.000000
2917061.000000
6457354.000000
7264089.000000
366431.000000
3962264.000000
3130891.000000
3494124.000000
9396139.000000
745545.000000
6384407.000000
5115097.000000
1108871.000000
7276542.000000
6904736.000000
1467599.000000
1349944.000000
589543.000000
1714145.000000
6299389.000000
8307687.000000
4475875.000000
1838309.000000
2200109.000000
3546606.000000
2176346.000000
4429967.000000
8663734.000000
857573.000000
1494844.000000
8741231.000000
3603973.000000
3218101.000000
5714799.000000
8468077.000000
1738933.000000
1193522.000000
150208.000000
3936806.000000
1861761.000000
3621218.000000
741570.000000
7979194.000000
4755431.000000
8923868.000000
12858914.000000
1362258.000000
8757347.000000
4698100.000000
124554.000000
3034839.000000
5224141.000000
1377578.000000
4031887.000000
5702565.000000
1514697.000000
6873528.000000
70273.000000
4209238.000000
2517922.000000
2677496.000000
14484540.000000
567176.000000
5012161.000000
6034496.000000
13327988.000000
2562805.000000
7797376.000000
6381654.000000
12155757.000000
1901447.000000
1561829.000000
4639717.000000
7712645.000000
5465765.000000
11646886.000000
1234161.000000
3113676.000000
8383969.000000
1249067.000000
5507094.000000
105278.000000
3559565.000000
6573583.000000
336435.000000
4259195.000000
3202360.000000
5357722.000000
5233187.000000
10748401.000000
10172865.000000
4721186.000000
940330.000000
5617820.000000
483065.000000
132549.000000
8517093.000000
2562988.000000
1300093.000000
4096263.000000
4854715.000000
5040625.000000
13855999.000000
2984399.000000
12448181.000000
753929.000000
4524838.000000
14427793.000000
586896.000000
13861106.000000
9088357.000000
185341.000000
8189791.000000
2446667.000000
10234019.000000
9306711.000000
3211462.000000
1936145.000000
277102.000000
7293988.000000
117069.000000
11855213.000000
17918.000000
557663.000000
9403058.000000
6712660.000000
4684322.000000
670546.000000
12694121.000000
14236587.000000
11136246.000000
2140842.000000
390177.000000
504719.000000
1007709.000000
11666710.000000
12576725.000000
2101914.000000
6323012.000000
7878522.000000
6280534.000000
3862474.000000
4940205.000000
1098103.000000
421369.000000
578563.000000
5996356.000000
6873687.000000
837407.000000
9306597.000000
1025467.000000
12779432.000000
5998287.000000
5496004.000000
10787158.000000
258550.000000
7591616.000000
1547606.000000
11312817.000000
1201090.000000
269798.000000
1670092.000000
4117916.000000
1306100.000000
4468109.000000
1791996.000000
7412468.000000
3115439.000000
1996538.000000
3424555.000000
183868.000000
7340942.000000
6123703.000000
1044286.000000
4634983.000000
6339983.000000
7491216.000000
7000631.000000
480946.000000
9125522.000000
6000712.000000
1471752.000000
2946092.000000
11355074.000000
8444113.000000
3565390.000000
10513920.000000
435144.000000
3883566.000000
11397892.000000
7421067.000000
5342012.000000
6652523.000000
8702645.000000
2948915.000000
18834.000000
5664501.000000
69279.000000
1213509.000000
10035921.000000
12389146.000000
279655.000000
392133.000000
6948611.000000
12165382.000000
8863.000000
8633150.000000
4263914.000000
1248309.000000
108821.000000
2979981.000000
7992343.000000
588190.000000
110691.000000
12277738.000000
5480183.000000
1455642.000000
2315839.000000
4807191.000000
6453491.000000
2483336.000000
9356549.000000
7727915.000000
14154150.000000
165534.000000
153675.000000
3286152.000000
4285921.000000
13450667.000000
5561489.000000
65589.000000
4063502.000000
6571161.000000
245610.000000
8455277.000000
2141961.000000
9715571.000000
4235393.000000
11264439.000000
2703901.000000
4072004.000000
1700033.000000
271813.000000
7782695.000000
7907315.000000
2342048.000000
9923177.000000
221871.000000
4034623.000000
2764956.000000
9732729.000000
642226.000000
203965.000000
5131057.000000
637469.000000
5108536.000000
2257762.000000
5128818.000000
3625594.000000
3715244.000000
2174989.000000
1177562.000000
8095239.000000
8807601.000000
795266.000000
1777936.000000
5246778.000000
7977775.000000
231101.000000
672423.000000
2818100.000000
601965.000000
3900429.000000
156275.000000
58508.000000
1316848.000000
6032324.000000
8842003.000000
5431002.000000
164086.000000
3492446.000000
11093972.000000
13020112.000000
4447658.000000
4404806.000000
3853071.000000
5035473.000000
287869.000000
14487532.000000
181791.000000
6616906.000000
4452125.000000
4178530.000000
127650.000000
2402113.000000
7163467.000000
7842017.000000
7097927.000000
3864839.000000
437298.000000
5028252.000000
1685644.000000
4003272.000000
258701.000000
425381.000000
8305608.000000
6760897.000000
7203387.000000
2213011.000000
9019291.000000
9376592.000000
1575249.000000
11717434.000000
3833320.000000
158271.000000
2637662.000000
3110939.000000
1512936.000000
3531604.000000
4500382.000000
8205116.000000
3966095.000000
11295502.000000
336860.000000
93688.000000
6618574.000000
2979593.000000
11737305.000000
233098.000000
1685170.000000
213135.000000
14746529.000000
321186.000000
2841289.000000
3658286.000000
9867275.000000
1623073.000000
3756626.000000
10480693.000000
6667780.000000
3699352.000000
1726343.000000
3770532.000000
10184960.000000
4524215.000000
732932.000000
46691.000000
2354589.000000
7507894.000000
7420569.000000
1637318.000000
3620492.000000
8209973.000000
2990922.000000
9755020.000000
7884850.000000
6920837.000000
4149568.000000
11508218.000000
11309941.000000
12529747.000000
2355923.000000
3528141.000000
181389.000000
5359615.000000
1478598.000000
8945037.000000
1751981.000000
1693516.000000
5592649.000000
67103.000000
11314300.000000
8233352.000000
1378080.000000
3806694.000000
8322954.000000
1776834.000000
9966478.000000
1144036.000000
1364477.000000
6380994.000000
2492509.000000
8614677.000000
174627.000000
8810480.000000
10653103.000000
3921438.000000
1472604.000000
877954.000000
2604573.000000
4939372.000000
2696802.000000
1111177.000000
8314220.000000
3009717.000000
7098856.000000
3546871.000000
8584372.000000
4312396.000000
8107179.000000
1416538.000000
10030078.000000
7150443.000000
240754.000000
8862620.000000
3739724.000000
2158042.000000
2125197.000000
5567127.000000
2705564.000000
2970857.000000
11685650.000000
7013115.000000
5516022.000000
5408490.000000
1126782.000000
2213846.000000
8861323.000000
6390483.000000
9515814.000000
3805887.000000
7318533.000000
4873963.000000
1189176.000000
9165744.000000
3483877.000000
13856845.000000
6816194.000000
4802562.000000
9950052.000000
6524287.000000
646425.000000
2673946.000000
8696202.000000
7729410.000000
121030.000000
14494904.000000
997323.000000
374487.000000
123393.000000
1168388.000000
5764204.000000
3069519.000000
6294521.000000
5329626.000000
2454731.000000
3813118.000000
12113680.000000
898896.000000
1447726.000000
6938202.000000
277505.000000
10412730.000000
10797509.000000
2435408.000000
201534.000000
2592760.000000
7771922.000000
10093209.000000
4281721.000000
10206231.000000
5322780.000000
9972951.000000
5683113.000000
742914.000000
1709780.000000
1651542.000000
879634.000000
5697747.000000
287902.000000
380609.000000
11611913.000000
930876.000000
1543644.000000
1784727.000000
6526130.000000
573531.000000
9941646.000000
5461069.000000
5408636.000000
3142793.000000
6418348.000000
188384.000000
7273965.000000
11588901.000000
1084162.000000
5539210.000000
241599.000000
11201846.000000
2005313.000000
3056918.000000
5343756.000000
1722839.000000
1339615.000000
407587.000000
3033655.000000
222671.000000
4988483.000000
11969508.000000
270597.000000
8238569.000000
12880227.000000
5443419.000000
7223151.000000
6840908.000000
295097.000000
6285400.000000
493491.000000
10840375.000000
12893683.000000
11091106.000000
7116681.000000
9541309.000000
557438.000000
1196425.000000
2717298.000000
6906242.000000
4514638.000000
1847283.000000
9944072.000000
2575742.000000
3314508.000000
8624172.000000
5087847.000000
3658691.000000
5713407.000000
3432274.000000
254610.000000
885700.000000
2837216.000000
87696.000000
1051681.000000
225156.000000
6513601.000000
12292511.000000
7179819.000000
1874522.000000
33097.000000
12836384.000000
6980158.000000
6150057.000000
2527288.000000
9533348.000000
6361937.000000
5328061.000000
3325471.000000
3740738.000000
364252.000000
365558.000000
9748776.000000
1365627.000000
6099370.000000
271840.000000
6372929.000000
23158.000000
70864.000000
8100526.000000
114178.000000
3302108.000000
828723.000000
198206.000000
644368.000000
1616873.000000
6536815.000000
267305.000000
10161489.000000
4610354.000000
3510618.000000
13652231.000000
192354.000000
2683943.000000
8426056.000000
7936964.000000
5328016.000000
5374944.000000
8888198.000000
1097555.000000
4219287.000000
3829267.000000
4156063.000000
5226224.000000
1712587.000000
5124707.000000
66710.000000
5039569.000000
10436631.000000
20728.000000
2292014.000000
4052857.000000
11180050.000000
7206108.000000
7398372.000000
770633.000000
2252600.000000
13136613.000000
127487.000000
1163756.000000
2375959.000000
853063.000000
3055478.000000
7292740.000000
13529010.000000
945387.000000
8777953.000000
12949776.000000
2812889.000000
701180.000000
1299024.000000
5760094.000000
422287.000000
208646.000000
2420062.000000
2602673.000000
7694947.000000
7262106.000000
7559300.000000
506152.000000
5897646.000000
10016445.000000
806776.000000
12642472.000000
2100539.000000
2870896.000000
8715470.000000
7619301.000000
8223863.000000
3652182.000000
9626617.000000
105317.000000
4662382.000000
9264696.000000
8939590.000000
300464.000000
3698460.000000
7148084.000000
117540.000000
110622.000000
8939764.000000
10613909.000000
6902223.000000
8747399.000000
9726619.000000
3688301.000000
6794234.000000
1361703.000000
5119928.000000
2973233.000000
8526051.000000
1473125.000000
8032430.000000
493997.000000
9964799.000000
11077916.000000
7539927.000000
2807518.000000
7945489.000000
8627551.000000
258413.000000
11354370.000000
685239.000000
10754764.000000
226281.000000
800927.000000
1115402.000000
3957084.000000
1136648.000000
6905383.000000
14067994.000000
7767854.000000
7786632.000000
8254362.000000
136540.000000
639781.000000
10873031.000000
1373298.000000
744612.000000
5504113.000000
7234419.000000
10422013.000000
10951303.000000
2514769.000000
7806150.000000
8546546.000000
8837036.000000
9731105.000000
18448.000000
2809998.000000
125174.000000
233924.000000
3555870.000000
1378982.000000
11419101.000000
13631193.000000
12732625.000000
11454619.000000
127692.000000
3008709.000000
4554836.000000
2687772.000000
1673067.000000
9810545.000000
4133801.000000
1005852.000000
9991186.000000
8167453.000000
10010401.000000
5505034.000000
8101679.000000
774261.000000
936035.000000
516667.000000
1375960.000000
3691515.000000
8464730.000000
8396285.000000
12190621.000000
8409914.000000
3883889.000000
3699637.000000
5599089.000000
147315.000000
6182879.000000
3820466.000000
10857493.000000
424320.000000
6802096.000000
8293715.000000
2067041.000000
5549485.000000
1127542.000000
7808662.000000
8413251.000000
3278047.000000
5198752.000000
3330145.000000
12518186.000000
11266101.000000
12089.000000
6509709.000000
2044405.000000
25013.000000
8466972.000000
3203458.000000
5260168.000000
5052963.000000
4687357.000000
13451999.000000
1943176.000000
9921169.000000
111778.000000
12120298.000000
3509856.000000
3036759.000000
821517.000000
2129590.000000
6048306.000000
5180493.000000
3260634.000000
98424.000000
8303682.000000
797329.000000
8143540.000000
316524.000000
8762441.000000
1510195.000000
7847177.000000
7430986.000000
7117323.000000
657734.000000
6547304.000000
469688.000000
7726794.000000
9335260.000000
266263.000000
8374557.000000
6716948.000000
7533447.000000
147705.000000
11227515.000000
9520118.000000
649142.000000
524359.000000
11007479.000000
5119390.000000
395327.000000
515436.000000
5164808.000000
8157527.000000
1439227.000000
9235481.000000
1505775.000000
762450.000000
1107230.000000
7974487.000000
519966.000000
7395483.000000
86047.000000
7024170.000000
613958.000000
6308661.000000
11043172.000000
324851.000000
9086004.000000
7620172.000000
950748.000000
6962461.000000
5627788.000000
5315448.000000
5053000.000000
128344.000000
983616.000000
331210.000000
7604358.000000
126391.000000
837379.000000
9687324.000000
596846.000000
7854655.000000
13455127.000000
6794205.000000
7099588.000000
1204816.000000
8699011.000000
890384.000000
6165475.000000
3631689.000000
3383005.000000
735840.000000
6253918.000000
4038605.000000
28081.000000
23188.000000
10124667.000000
2248949.000000
9374.000000
11829820.000000
4869055.000000
3138982.000000
231795.000000
2134387.000000
6055147.000000
4089876.000000
8795573.000000
833508.000000
433780.000000
8622351.000000
4186873.000000
4770456.000000
11206827.000000
6207462.000000
3466272.000000
9904990.000000
7629796.000000
3894314.000000
3578287.000000
7898215.000000
6264893.000000
1398931.000000
12105296.000000
586308.000000
8411264.000000
7917959.000000
4512495.000000
888336.000000
3445629.000000
3763124.000000
22943.000000
2872658.000000
3269310.000000
3781492.000000
3675260.000000
7611090.000000
11669028.000000
5463694.000000
1295035.000000
1008426.000000
11951327.000000
5289687.000000
4996475.000000
9470376.000000
229114.000000
3881499.000000
3400088.000000
9998309.000000
4550902.000000
2782985.000000
414266.000000
7674122.000000
585826.000000
5184859.000000
1401837.000000
10219957.000000
716492.000000
1692989.000000
11467126.000000
3237358.000000
774672.000000
4798619.000000
1293055.000000
5109818.000000
2194710.000000
224483.000000
4528198.000000
6253517.000000
6240895.000000
10545899.000000
5386874.000000
8230874.000000
13004391.000000
193794.000000
2896616.000000
6531385.000000
8754085.000000
525396.000000
1431391.000000
7860697.000000
8266355.000000
3026487.000000
2893275.000000
2426207.000000
9865744.000000
268525.000000
12501098.000000
8828700.000000
7667006.000000
4596309.000000
2332249.000000
4128388.000000
6035142.000000
2175327.000000
2391128.000000
11198070.000000
9679265.000000
11374622.000000
4329189.000000
115258.000000
11787017.000000
9947094.000000
2799212.000000
9056109.000000
11058320.000000
11474483.000000
8636443.000000
3851864.000000
115138.000000
6953599.000000
10550080.000000
6556140.000000
840541.000000
4365208.000000
7847205.000000
6835741.000000
11362022.000000
2734504.000000
1772098.000000
443076.000000
6953428.000000
1137540.000000
86721.000000
7769078.000000
4990853.000000
12759848.000000
2861860.000000
7282077.000000
1426851.000000
10626928.000000
5947100.000000
7615673.000000
12866567.000000
20771.000000
5990059.000000
457088.000000
1902992.000000
883249.000000
255591.000000
5483561.000000
651151.000000
12401972.000000
4829716.000000
730482.000000
193265.000000
1217870.000000
8101140.000000
6550827.000000
5514783.000000
4698227.000000
156612.000000
5538843.000000
3345911.000000
601796.000000
9618833.000000
226378.000000
12664002.000000
4552281.000000
11887159.000000
4722550.000000
9624048.000000
1150162.000000
4322883.000000
5216826.000000
9936707.000000
1896285.000000
1389963.000000
8138658.000000
2151632.000000
1567990.000000
23231.000000
10819028.000000
14195789.000000
3830482.000000
14915227.000000
1387333.000000
438769.000000
11185625.000000
13753956.000000
3461807.000000
4769706.000000
4990972.000000
2727254.000000
1182503.000000
10520218.000000
10110229.000000
624279.000000
4607473.000000
9419143.000000
8997683.000000
9206941.000000
311577.000000
20626.000000
567114.000000
4872990.000000
11385270.000000
779100.000000
312802.000000
2809396.000000
546153.000000
1423073.000000
8992284.000000
251688.000000
550790.000000
6599365.000000
161339.000000
7196756.000000
7863438.000000
5590574.000000
2437867.000000
240350.000000
5975265.000000
10191506.000000
9094469.000000
626539.000000
8051350.000000
6104323.000000
6470650.000000
503164.000000
5937171.000000
13525451.000000
180111.000000
9319880.000000
4253082.000000
2850041.000000
394754.000000
8554600.000000
7071006.000000
12091831.000000
1024390.000000
3073733.000000
8293525.000000
343914.000000
5878171.000000
796739.000000
6091847.000000
4411026.000000
5003590.000000
4978934.000000
2390317.000000
2349203.000000
2188451.000000
2957376.000000
5603340.000000
6079906.000000
2171122.000000
2071310.000000
6691335.000000
13854438.000000
7415124.000000
5349942.000000
920867.000000
1192070.000000
155747.000000
11713409.000000
277626.000000
2442094.000000
7757445.000000
13366595.000000
705100.000000
1886217.000000
2147978.000000
788005.000000
4451192.000000
4891934.000000
1190086.000000
2336152.000000
4887098.000000
10477542.000000
6696440.000000
6556769.000000
8236300.000000
4235224.000000
10177152.000000
79223.000000
3871998.000000
12021743.000000
4905281.000000
3498430.000000
5278192.000000
10274768.000000
197657.000000
6097612.000000
5409801.000000
5708932.000000
78941.000000
5341595.000000
953911.000000
583171.000000
3632071.000000
3655517.000000
826045.000000
302160.000000
9266900.000000
5713597.000000
4277856.000000
10964588.000000
6953650.000000
3156138.000000
33462.000000
128811.000000
6575179.000000
386803.000000
5951092.000000
10618335.000000
3832580.000000
806086.000000
13674728.000000
8505050.000000
1244873.000000
11152781.000000
542701.000000
2044979.000000
770649.000000
9695462.000000
7286989.000000
3497758.000000
5128048.000000
94544.000000
631761.000000
109145.000000
484388.000000
9576449.000000
3238948.000000
5344206.000000
3895340.000000
1384184.000000
5451134.000000
9911929.000000
11022725.000000
1340985.000000
14058666.000000
4264857.000000
9859206.000000
2962880.000000
2532009.000000
3668926.000000
9129374.000000
11966745.000000
572267.000000
6328210.000000
2506525.000000
8711805.000000
974307.000000
7050174.000000
4058132.000000
8494141.000000
618817.000000
6078548.000000
11943331.000000
6085398.000000
3998401.000000
1829504.000000
26612.000000
6452535.000000
742877.000000
3123573.000000
615269.000000
1499715.000000
162240.000000
4944804.000000
2276029.000000
8118760.000000
1466192.000000
423895.000000
4845992.000000
336994.000000
14853859.000000
6966127.000000
479799.000000
8238761.000000
4431932.000000
5833963.000000
378193.000000
11583354.000000
446467.000000
12967893.000000
881994.000000
1220664.000000
3298485.000000
2245746.000000
8332977.000000
5141827.000000
5047240.000000
11859270.000000
6785112.000000
6017071.000000
1011147.000000
2427395.000000
2021678.000000
9252083.000000
11407547.000000
75435.000000
3627122.000000
860982.000000
7101454.000000
4016197.000000
6408317.000000
7329366.000000
1285313.000000
9011600.000000
194583.000000
11144149.000000
12533983.000000
10499446.000000
75065.000000
10801081.000000
1127903.000000
9378055.000000
818657.000000
274171.000000
3268880.000000
1364565.000000
4116602.000000
8781098.000000
4860500.000000
463823.000000
21128.000000
1162387.000000
1439594.000000
4106270.000000
1049956.000000
53707.000000
4396571.000000
13783121.000000
2123559.000000
8617360.000000
11936320.000000
490807.000000
6340594.000000
666102.000000
9265692.000000
10768579.000000
8052675.000000
7879062.000000
602216.000000
357865.000000
12363861.000000
2403829.000000
1505335.000000
2033250.000000
5969506.000000
990052.000000
7484765.000000
8270791.000000
7712412.000000
8812192.000000
571796.000000
651673.000000
5091973.000000
1266363.000000
10107828.000000
4583645.000000
3850764.000000
2630324.000000
12417179.000000
5531732.000000
3887985.000000
9033091.000000
6950897.000000
177900.000000
25302.000000
1165178.000000
103065.000000
12440719.000000
3184500.000000
4358640.000000
9055715.000000
314549.000000
9759895.000000
563131.000000
274024.000000
4792182.000000
4527173.000000
10327911.000000
3165429.000000
10169442.000000
2317740.000000
536061.000000
792226.000000
121762.000000
6244017.000000
286922.000000
2062543.000000
6736204.000000
5977286.000000
4233295.000000
11330799.000000
5084455.000000
6318920.000000
11265731.000000
6170308.000000
4758591.000000
1737647.000000
2502830.000000
1670115.000000
821809.000000
197702.000000
5991444.000000
499660.000000
8534036.000000
3289475.000000
22077.000000
514870.000000
4398338.000000
4721529.000000
6972122.000000
2931872.000000
931998.000000
13291605.000000
6098496.000000
6277089.000000
616610.000000
7870692.000000
4817311.000000
462747.000000
12110798.000000
6000030.000000
3840552.000000
54815.000000
14844957.000000
1914828.000000
3622638.000000
2593348.000000
5070408.000000
1035249.000000
10794340.000000
8517612.000000
5881068.000000
5920706.000000
7482281.000000
13326062.000000
6581344.000000
3636403.000000
9749388.000000
2139361.000000
5969730.000000
1286135.000000
8758995.000000
2821041.000000
6850506.000000
1035512.000000
863641.000000
7251792.000000
1292190.000000
11882479.000000
2861150.000000
459754.000000
10028449.000000
6425109.000000
4692489.000000
120037.000000
3858275.000000
3127782.000000
2665738.000000
1524079.000000
5091244.000000
5392432.000000
8728803.000000
9310198.000000
925703.000000
12874509.000000
3330166.000000
6300485.000000
4941829.000000
1208174.000000
684667.000000
6612474.000000
243142.000000
8978666.000000
6310808.000000
5838787.000000
5724874.000000
218528.000000
1484575.000000
4049099.000000
433905.000000
5729706.000000
7639282.000000
467650.000000
7069267.000000
5795033.000000
5773607.000000
8296774.000000
7554979.000000
2602744.000000
8219580.000000
9065984.000000
850729.000000
6353845.000000
694533.000000
8609913.000000
10866144.000000
9281649.000000
4111098.000000
627452.000000
901408.000000
11907914.000000
5991105.000000
1341478.000000
8648080.000000
11615040.000000
10635821.000000
435863.000000
2224092.000000
9392276.000000
3446331.000000
2513150.000000
1994672.000000
2727059.000000
3234566.000000
621927.000000
869760.000000
1923802.000000
236303.000000
792047.000000
11155482.000000
278346.000000
142856.000000
178669.000000
11507493.000000
5920756.000000
4743919.000000
4078039.000000
5069149.000000
405279.000000
397511.000000
8904899.000000
10763686.000000
4807104.000000
6549037.000000
3859191.000000
2855351.000000
13824576.000000
7586307.000000
7470487.000000
276684.000000
490335.000000
2002418.000000
158781.000000
7278402.000000
2424271.000000
1042507.000000
1596945.000000
11968465.000000
4991848.000000
3971760.000000
1367615.000000
2127315.000000
750663.000000
3745198.000000
5408391.000000
1220509.000000
198701.000000
5261630.000000
836544.000000
5224946.000000
646329.000000
11046252.000000
10346249.000000
4587485.000000
9602215.000000
4189321.000000
1848566.000000
713184.000000
3624905.000000
423477.000000
1718780.000000
779969.000000
10510084.000000
6253555.000000
1276824.000000
2540688.000000
723430.000000
6715389.000000
11771770.000000
9009465.000000
428126.000000
6337240.000000
4300439.000000
4746651.000000
156598.000000
5195261.000000
8853649.000000
8471706.000000
1947253.000000
2424843.000000
3964800.000000
2539098.000000
2443965.000000
429306.000000
8639809.000000
1266676.000000
5667711.000000
16700.000000
3292918.000000
5923443.000000
7618266.000000
9048784.000000
12301715.000000
139371.000000
7036955.000000
2584761.000000
3092795.000000
6102119.000000
12987919.000000
3969506.000000
5566192.000000
1452385.000000
890205.000000
1402165.000000
10991425.000000
13096579.000000
14032627.000000
590363.000000
13353185.000000
5391588.000000
375156.000000
10470207.000000
1543321.000000
1920195.000000
712981.000000
10711436.000000
5003945.000000
494143.000000
3210733.000000
11586050.000000
9481038.000000
4290779.000000
1378146.000000
8643294.000000
11328439.000000
6407323.000000
604631.000000
7170142.000000
5895032.000000
1656336.000000
12031644.000000
2794584.000000
6598993.000000
1566475.000000
5228658.000000
5821621.000000
2939629.000000
1333507.000000
4230801.000000
2668172.000000
9506328.000000
3006372.000000
940493.000000
9850913.000000
13867734.000000
12278568.000000
716527.000000
5057977.000000
4672191.000000
173621.000000
5940672.000000
6736393.000000
8203633.000000
7766957.000000
11720550.000000
9065613.000000
7987127.000000
4358603.000000
1886154.000000
10107434.000000
12238054.000000
3970617.000000
750239.000000
1870048.000000
4772652.000000
5038428.000000
10820838.000000
14012856.000000
5046315.000000
9719628.000000
9909757.000000
450275.000000
14244223.000000
2848377.000000
147986.000000
9212162.000000
3591533.000000
10001148.000000
4268747.000000
2046319.000000
220623.000000
737227.000000
7037292.000000
3656277.000000
9677546.000000
6990814.000000
10299424.000000
3755972.000000
7631707.000000
3625885.000000
1132423.000000
14022211.000000
2737459.000000
7202305.000000
2705517.000000
2038237.000000
5521976.000000
1673528.000000
785294.000000
4797031.000000
3910198.000000
7817530.000000
12204590.000000
10446013.000000
11739084.000000
12850493.000000
1604702.000000
1435128.000000
11532217.000000
1950428.000000
12769306.000000
688086.000000
861236.000000
7850248.000000
8407563.000000
832812.000000
3594381.000000
2082590.000000
1505433.000000
9752791.000000
217164.000000
1126910.000000
6903808.000000
7120100.000000
4975571.000000
211542.000000
2037433.000000
11276588.000000
79117.000000
3710725.000000
883754.000000
2677588.000000
1913172.000000
5617544.000000
2622273.000000
678713.000000
1687768.000000
1144811.000000
8216560.000000
10163984.000000
382914.000000
448163.000000
3831556.000000
95719.000000
6832123.000000
1156924.000000
282655.000000
6236337.000000
10332057.000000
3168036.000000
13511964.000000
10772635.000000
3644744.000000
4644140.000000
1490950.000000
5575997.000000
1108234.000000
10523661.000000
487188.000000
5624423.000000
2289548.000000
8498005.000000
4778825.000000
7746313.000000
6079176.000000
10071821.000000
617756.000000
9207537.000000
1181260.000000
5434719.000000
1289705.000000
4808324.000000
4278063.000000
74758.000000
7703186.000000
3322126.000000
1589692.000000
6273110.000000
7913385.000000
7933230.000000
4452665.000000
6148313.000000
5683913.000000
966370.000000
12554771.000000
11717325.000000
422293.000000
9453884.000000
1720567.000000
8020863.000000
7672263.000000
4695934.000000
119681.000000
7025824.000000
2467051.000000
14167330.000000
1977433.000000
11149584.000000
5284989.000000
89945.000000
8032004.000000
622164.000000
10430433.000000
11045861.000000
3538207.000000
4806739.000000
7903094.000000
9423209.000000
6291560.000000
2212140.000000
785550.000000
647756.000000
7927555.000000
6707040.000000
92321.000000
435765.000000
3114692.000000
7173990.000000
4681988.000000
557760.000000
6120809.000000
170291.000000
1293160.000000
3061905.000000
2006693.000000
3939976.000000
4913900.000000
12103033.000000
4759411.000000
752653.000000
10315644.000000
908434.000000
9364760.000000
6285175.000000
7328967.000000
2930073.000000
7883111.000000
8187612.000000
6402564.000000
7280878.000000
3635396.000000
196704.000000
105414.000000
5423901.000000
672420.000000
7324721.000000
8090653.000000
10697676.000000
22730.000000
4672435.000000
2848736.000000
278199.000000
3822441.000000
10220101.000000
9474421.000000
6984975.000000
334028.000000
8118942.000000
5857481.000000
5348436.000000
5304364.000000
13434374.000000
176311.000000
4189150.000000
1479674.000000
9436102.000000
11599185.000000
679592.000000
11662418.000000
88333.000000
180007.000000
4440939.000000
170106.000000
363242.000000
12334479.000000
13049718.000000
7554033.000000
2301456.000000
8859375.000000
1810910.000000
721933.000000
458327.000000
7410144.000000
2146256.000000
2195806.000000
4987614.000000
8522819.000000
622811.000000
4383007.000000
8210954.000000
85672.000000
4754245.000000
4585069.000000
1632890.000000
9227859.000000
683683.000000
6804277.000000
1184428.000000
534860.000000
825018.000000
13664957.000000
7763206.000000
1709422.000000
431729.000000
1273719.000000
506476.000000
5100436.000000
4395097.000000
10538305.000000
6694185.000000
3754167.000000
530435.000000
3397222.000000
6198698.000000
3690300.000000
13316381.000000
2435800.000000
1563609.000000
2800275.000000
929392.000000
407073.000000
4959945.000000
1604760.000000
6720545.000000
9266224.000000
2400941.000000
8684123.000000
9281904.000000
135696.000000
429197.000000
545708.000000
4716337.000000
1917792.000000
8201873.000000
3469035.000000
6834717.000000
3587463.000000
8707661.000000
11310862.000000
4796069.000000
3474502.000000
9668081.000000
7145948.000000
10352711.000000
880038.000000
3008155.000000
967854.000000
237888.000000
279187.000000
482133.000000
227504.000000
3725550.000000
1771696.000000
4601131.000000
3965014.000000
6742067.000000
1824664.000000
6104292.000000
8189983.000000
7113173.000000
1335479.000000
203660.000000
14690855.000000
5754102.000000
7626885.000000
7418140.000000
8872226.000000
8061317.000000
331482.000000
9879521.000000
4172389.000000
11375319.000000
12517820.000000
4900077.000000
3222368.000000
372459.000000
5755475.000000
1692956.000000
779003.000000
9206576.000000
167472.000000
674009.000000
13783382.000000
2507742.000000
10878027.000000
1708004.000000
6673955.000000
6651227.000000
10681779.000000
4131495.000000
4393872.000000
811010.000000
2988519.000000
7753236.000000
501827.000000
1348433.000000
4082323.000000
1375873.000000
4069175.000000
398681.000000
278154.000000
556146.000000
1176830.000000
10680994.000000
5601324.000000
6146180.000000
