0.000000
0.000000
0.000000
0.000000
0.000000
0.000000
0.000000
0.000000
0.000000
0.000000
0.000000
0.000000
0.000000
0.000000
0.000000
0.000000
0.000000
0.000000
0.000000
0.000000
0.000000
0.000000
0.000000
0.000000
0.000000
0.000000
0.000000
0.000000
0.000000
0.000000
0.000000
0.000000
0.000000
0.000000
0.000000
0.000000
0.000000
0.000000
0.000000
0.000000
0.000000
0.000000
0.000000
0.000000
0.000000
0.000000
0.000000
0.000000
0.000000
0.000000
0.000000
0.000000
0.000000
0.000000
0.000000
0.000000
0.000000
0.000000
0.000000
0.000000
0.000000
0.000000
0.000000
0.000000
0.000000
0.000000
0.000000
0.000000
0.000000
0.000000
0.000000
0.000000
0.000000
0.000000
0.000000
0.000000
0.000000
0.000000
0.000000
0.000000
0.000000
0.000000
0.000000
0.000000
0.000000
0.000000
0.000000
0.000000
0.000000
0.000000
0.000000
0.000000
0.000000
0.000000
0.000000
0.000000
0.000000
0.000000
0.000000
0.000000
0.000000
0.000000
0.000000
0.000000
0.000000
0.000000
0.000000
0.000000
0.000000
0.000000
0.000000
0.000000
0.000000
0.000000
0.000000
0.000000
0.000000
0.000000
0.000000
0.000000
0.000000
0.000000
0.000000
0.000000
0.000000
0.000000
0.000000
0.000000
0.000000
0.000000
0.000000
0.000000
0.000000
0.000000
0.000000
0.000000
0.000000
0.000000
0.000000
0.000000
0.000000
0.000000
0.000000
0.000000
0.000000
0.000000
0.000000
0.000000
0.000000
0.000000
0.000000
0.000000
0.000000
0.000000
0.000000
0.000000
0.000000
0.000000
0.000000
0.000000
0.000000
0.000000
0.000000
0.000000
0.000000
0.000000
0.000000
0.000000
0.000000
0.000000
0.000000
0.000000
0.000000
0.000000
0.000000
0.000000
0.000000
0.000000
0.000000
0.000000
0.000000
0.000000
0.000000
0.000000
0.000000
0.000000
0.000000
0.000000
0.000000
0.000000
0.000000
0.000000
0.000000
0.000000
0.000000
0.000000
0.000000
0.000000
0.000000
0.000000
0.000000
0.000000
0.000000
0.000000
0.000000
0.000000
0.000000
0.000000
0.000000
0.000000
0.000000
0.000000
0.000000
0.000000
0.000000
0.000000
0.000000
0.000000
0.000000
0.000000
0.000000
0.000000
0.000000
0.000000
0.000000
0.000000
0.000000
0.000000
0.000000
0.000000
0.000000
0.000000
0.000000
0.000000
0.000000
0.000000
0.000000
0.000000
0.000000
0.000000
0.000000
0.000000
0.000000
0.000000
0.000000
0.000000
0.000000
0.000000
0.000000
0.000000
0.000000
0.000000
0.000000
0.000000
0.000000
0.000000
0.000000
0.000000
0.000000
0.000000
0.000000
0.000000
0.000000
0.000000
0.000000
0.000000
0.000000
0.000000
0.000000
0.000000
0.000000
0.000000
0.000000
0.000000
0.000000
0.000000
0.000000
0.000000
0.000000
0.000000
0.000000
0.000000
0.000000
0.000000
0.000000
0.000000
0.000000
0.000000
0.000000
0.000000
0.000000
0.000000
0.000000
0.000000
0.000000
0.000000
0.000000
0.000000
0.000000
0.000000
0.000000
0.000000
0.000000
0.000000
0.000000
0.000000
0.000000
0.000000
0.000000
0.000000
0.000000
0.000000
0.000000
0.000000
0.000000
0.000000
0.000000
0.000000
0.000000
0.000000
0.000000
0.000000
0.000000
0.000000
0.000000
0.000000
0.000000
0.000000
0.000000
0.000000
0.000000
0.000000
0.000000
0.000000
0.000000
0.000000
0.000000
0.000000
0.000000
0.000000
0.000000
0.000000
0.000000
0.000000
0.000000
0.000000
0.000000
0.000000
0.000000
0.000000
0.000000
0.000000
0.000000
0.000000
0.000000
0.000000
0.000000
0.000000
0.000000
0.000000
0.000000
0.000000
0.000000
0.000000
0.000000
0.000000
0.000000
0.000000
0.000000
0.000000
0.000000
0.000000
0.000000
0.000000
0.000000
0.000000
0.000000
0.000000
0.000000
0.000000
0.000000
0.000000
0.000000
0.000000
0.000000
0.000000
0.000000
0.000000
0.000000
0.000000
0.000000
0.000000
0.000000
0.000000
0.000000
0.000000
0.000000
0.000000
0.000000
0.000000
0.000000
0.000000
0.000000
0.000000
0.000000
0.000000
0.000000
0.000000
0.000000
0.000000
0.000000
0.000000
0.000000
0.000000
0.000000
0.000000
0.000000
0.000000
0.000000
0.000000
0.000000
0.000000
0.000000
0.000000
0.000000
0.000000
0.000000
0.000000
0.000000
0.000000
0.000000
0.000000
0.000000
0.000000
0.000000
0.000000
0.000000
0.000000
0.000000
0.000000
0.000000
0.000000
0.000000
0.000000
0.000000
0.000000
0.000000
0.000000
0.000000
0.000000
0.000000
0.000000
0.000000
0.000000
0.000000
0.000000
0.000000
0.000000
0.000000
0.000000
0.000000
0.000000
0.000000
0.000000
0.000000
0.000000
0.000000
0.000000
0.000000
0.000000
0.000000
0.000000
0.000000
0.000000
0.000000
0.000000
0.000000
0.000000
0.000000
0.000000
0.000000
0.000000
0.000000
0.000000
0.000000
0.000000
0.000000
0.000000
0.000000
0.000000
0.000000
0.000000
0.000000
0.000000
0.000000
0.000000
0.000000
0.000000
0.000000
0.000000
0.000000
0.000000
0.000000
0.000000
0.000000
0.000000
0.000000
0.000000
0.000000
0.000000
0.000000
0.000000
0.000000
0.000000
0.000000
0.000000
0.000000
0.000000
0.000000
0.000000
0.000000
0.000000
0.000000
0.000000
0.000000
0.000000
0.000000
0.000000
0.000000
0.000000
0.000000
0.000000
0.000000
0.000000
0.000000
0.000000
0.000000
931775.000000
453049.000000
553484.000000
608775.000000
239799.000000
663715.000000
697030.000000
506846.000000
605812.000000
531778.000000
298693.000000
638748.000000
627387.000000
509034.000000
538532.000000
599834.000000
529266.000000
558569.000000
591300.000000
342677.000000
594138.000000
679015.000000
348387.000000
345068.000000
558654.000000
529443.000000
559409.000000
587519.000000
580019.000000
304273.000000
518381.000000
634021.000000
466350.000000
220036.000000
127964.000000
579298.000000
629920.000000
466874.000000
572710.000000
635174.000000
597425.000000
653716.000000
539577.000000
595118.000000
482896.000000
624392.000000
453275.000000
539055.000000
597297.000000
602620.000000
602242.000000
558552.000000
524687.000000
502383.000000
532944.000000
442694.000000
510090.000000
525762.000000
545561.000000
588295.000000
527163.000000
521575.000000
564292.000000
626059.000000
301637.000000
434055.000000
550862.000000
484503.000000
709758.000000
635539.000000
663928.000000
557008.000000
588319.000000
245920.000000
536765.000000
509250.000000
564399.000000
513343.000000
474537.000000
642938.000000
627219.000000
517465.000000
462888.000000
631787.000000
520139.000000
408361.000000
405103.000000
581338.000000
578236.000000
540124.000000
571764.000000
590686.000000
578216.000000
611829.000000
518588.000000
547892.000000
517814.000000
371953.000000
439078.000000
539562.000000
543805.000000
444513.000000
499679.000000
606278.000000
574032.000000
494463.000000
130334.000000
613501.000000
505290.000000
569992.000000
469004.000000
574946.000000
561114.000000
548580.000000
581694.000000
639144.000000
505089.000000
536026.000000
103518.000000
464315.000000
598303.000000
574637.000000
499809.000000
600246.000000
553182.000000
588393.000000
79697.000000
609339.000000
627055.000000
533537.000000
540387.000000
428844.000000
599866.000000
530300.000000
601851.000000
635550.000000
606281.000000
520692.000000
639731.000000
595593.000000
602373.000000
587506.000000
538899.000000
484743.000000
557942.000000
512360.000000
644505.000000
542607.000000
472153.000000
615924.000000
122611.000000
553781.000000
575836.000000
303278.000000
513547.000000
576535.000000
556032.000000
531068.000000
586300.000000
617565.000000
557591.000000
469154.000000
491256.000000
394539.000000
123255.000000
581993.000000
584574.000000
511458.000000
565638.000000
560955.000000
632855.000000
621375.000000
626988.000000
613714.000000
404889.000000
569291.000000
588807.000000
406545.000000
640738.000000
591572.000000
212923.000000
601410.000000
626768.000000
532863.000000
494255.000000
552455.000000
487678.000000
269686.000000
556662.000000
109399.000000
584393.000000
14112.000000
374709.000000
593532.000000
497896.000000
563362.000000
400760.000000
554245.000000
567044.000000
594257.000000
541189.000000
317260.000000
392894.000000
486828.000000
556285.000000
612131.000000
604746.000000
659775.000000
570931.000000
550891.000000
533663.000000
537940.000000
431156.000000
323388.000000
368255.000000
552288.000000
689902.000000
467410.000000
568947.000000
471947.000000
613632.000000
483836.000000
493782.000000
582776.000000
253532.000000
597458.000000
552954.000000
631351.000000
584486.000000
219233.000000
514176.000000
510069.000000
472343.000000
527154.000000
483622.000000
588323.000000
519555.000000
594205.000000
554922.000000
134485.000000
474014.000000
543005.000000
471737.000000
578569.000000
597597.000000
553055.000000
596352.000000
349235.000000
592859.000000
503567.000000
541079.000000
602903.000000
602755.000000
535077.000000
659516.000000
635018.000000
304422.000000
615640.000000
582833.000000
605865.000000
573989.000000
667651.000000
565863.000000
586635.000000
32556.000000
525998.000000
79475.000000
471310.000000
561732.000000
537881.000000
300332.000000
320848.000000
558566.000000
592452.000000
7649.000000
536572.000000
519270.000000
567504.000000
79319.000000
559755.000000
677926.000000
330853.000000
128306.000000
580711.000000
580036.000000
525658.000000
521415.000000
473259.000000
635851.000000
582480.000000
621411.000000
579548.000000
511286.000000
187353.000000
133256.000000
520564.000000
594908.000000
665124.000000
511732.000000
54046.000000
579073.000000
541250.000000
217914.000000
622131.000000
544780.000000
547591.000000
546570.000000
642945.000000
608978.000000
522997.000000
463263.000000
205074.000000
629584.000000
708503.000000
571219.000000
580772.000000
205192.000000
574918.000000
443931.000000
538604.000000
335871.000000
193962.000000
567133.000000
411248.000000
528814.000000
619868.000000
531497.000000
609268.000000
567087.000000
610206.000000
492996.000000
609449.000000
574634.000000
443373.000000
513213.000000
605244.000000
582130.000000
199520.000000
468638.000000
562134.000000
417478.000000
516784.000000
159914.000000
49970.000000
523625.000000
543423.000000
742120.000000
533611.000000
172169.000000
526594.000000
490070.000000
605025.000000
587398.000000
582934.000000
518414.000000
610474.000000
221511.000000
566658.000000
179168.000000
586422.000000
582310.000000
558967.000000
101071.000000
511623.000000
594880.000000
542335.000000
610023.000000
622077.000000
368670.000000
696182.000000
444513.000000
556194.000000
233406.000000
293841.000000
619629.000000
628547.000000
571102.000000
586123.000000
641374.000000
612603.000000
621406.000000
549443.000000
450500.000000
138942.000000
616812.000000
662744.000000
584506.000000
543315.000000
570033.000000
586609.000000
557866.000000
629723.000000
269592.000000
79821.000000
638261.000000
556770.000000
640615.000000
227409.000000
506295.000000
201804.000000
577650.000000
274163.000000
504663.000000
577116.000000
512920.000000
539580.000000
551346.000000
603183.000000
651272.000000
548595.000000
604147.000000
516960.000000
539497.000000
587130.000000
474447.000000
62794.000000
506108.000000
568288.000000
608602.000000
536329.000000
494538.000000
599690.000000
469157.000000
566027.000000
495469.000000
632716.000000
595481.000000
583119.000000
515977.000000
574544.000000
508294.000000
596347.000000
148068.000000
589124.000000
487840.000000
632132.000000
596047.000000
546233.000000
518792.000000
67915.000000
525735.000000
666787.000000
539015.000000
626788.000000
616783.000000
536742.000000
577038.000000
520576.000000
598181.000000
543979.000000
552296.000000
504155.000000
130706.000000
676226.000000
603450.000000
537767.000000
481518.000000
534765.000000
621216.000000
612239.000000
534838.000000
500125.000000
574946.000000
621702.000000
666974.000000
599095.000000
564394.000000
602690.000000
559586.000000
607436.000000
575103.000000
599232.000000
227175.000000
663851.000000
651032.000000
519657.000000
539121.000000
602882.000000
513154.000000
613336.000000
610836.000000
591750.000000
634440.000000
469756.000000
555422.000000
549932.000000
593555.000000
584653.000000
585244.000000
577070.000000
677082.000000
526100.000000
494701.000000
500407.000000
596782.000000
533440.000000
608811.000000
602879.000000
588431.000000
656934.000000
313689.000000
569614.000000
585432.000000
606115.000000
84892.000000
534361.000000
468906.000000
336364.000000
126716.000000
459842.000000
540801.000000
577601.000000
548021.000000
593678.000000
627311.000000
578348.000000
616331.000000
412302.000000
466038.000000
600960.000000
265904.000000
556867.000000
601648.000000
645642.000000
133341.000000
521299.000000
559818.000000
597967.000000
566381.000000
526872.000000
682866.000000
616704.000000
590925.000000
448238.000000
544744.000000
452596.000000
480914.000000
530275.000000
260710.000000
254085.000000
515857.000000
511429.000000
521168.000000
578137.000000
532182.000000
404814.000000
566573.000000
717492.000000
584520.000000
475530.000000
577268.000000
148691.000000
625076.000000
602506.000000
442131.000000
541380.000000
213397.000000
588166.000000
514837.000000
553738.000000
745011.000000
483440.000000
531322.000000
359428.000000
536507.000000
214164.000000
591573.000000
527287.000000
187453.000000
561815.000000
618601.000000
602022.000000
629911.000000
567186.000000
236313.000000
654433.000000
347036.000000
584422.000000
550395.000000
502011.000000
662790.000000
642340.000000
365643.000000
504192.000000
615381.000000
483121.000000
549424.000000
512764.000000
608675.000000
583182.000000
536100.000000
578722.000000
558686.000000
491246.000000
509065.000000
544461.000000
193232.000000
501983.000000
546659.000000
92636.000000
526425.000000
228317.000000
578280.000000
621350.000000
529804.000000
485389.000000
31959.000000
604552.000000
581475.000000
555633.000000
588696.000000
670834.000000
633577.000000
537382.000000
593643.000000
672170.000000
313796.000000
246504.000000
586916.000000
567982.000000
508450.000000
246565.000000
629277.000000
18939.000000
73064.000000
596838.000000
123460.000000
525775.000000
502576.000000
195876.000000
388617.000000
601392.000000
560621.000000
269932.000000
561304.000000
540890.000000
642379.000000
564104.000000
156893.000000
613802.000000
565852.000000
564622.000000
567712.000000
513705.000000
513252.000000
507833.000000
681560.000000
609751.000000
611208.000000
634155.000000
491681.000000
530661.000000
66934.000000
513499.000000
616716.000000
23113.000000
562528.000000
591467.000000
553185.000000
570785.000000
554501.000000
399404.000000
502872.000000
602943.000000
117504.000000
428257.000000
575703.000000
452861.000000
536739.000000
469885.000000
606419.000000
511323.000000
574560.000000
648944.000000
519933.000000
385585.000000
496124.000000
520036.000000
317027.000000
159649.000000
597546.000000
520223.000000
566882.000000
547441.000000
571868.000000
387986.000000
614686.000000
633002.000000
473691.000000
590729.000000
593131.000000
502138.000000
643510.000000
574782.000000
588638.000000
543459.000000
539290.000000
97350.000000
553342.000000
484934.000000
597685.000000
266182.000000
603810.000000
615017.000000
120262.000000
89697.000000
541600.000000
541875.000000
576977.000000
564699.000000
564016.000000
492596.000000
493456.000000
539458.000000
581963.000000
497458.000000
615085.000000
440171.000000
599770.000000
386955.000000
554429.000000
519024.000000
606683.000000
661905.000000
669916.000000
642793.000000
275228.000000
704825.000000
412372.000000
596004.000000
222752.000000
473299.000000
513826.000000
619179.000000
527655.000000
563713.000000
614908.000000
567485.000000
511495.000000
587648.000000
142322.000000
394217.000000
566217.000000
572325.000000
461844.000000
555142.000000
536107.000000
644898.000000
617185.000000
528324.000000
723692.000000
599872.000000
611962.000000
546452.000000
24557.000000
685661.000000
101186.000000
245474.000000
583685.000000
636859.000000
512420.000000
558796.000000
590610.000000
619288.000000
120626.000000
617893.000000
517359.000000
534811.000000
591150.000000
642808.000000
609283.000000
552471.000000
655694.000000
543631.000000
589299.000000
646375.000000
558830.000000
481090.000000
515293.000000
395890.000000
520167.000000
569025.000000
665931.000000
690487.000000
606952.000000
563842.000000
575355.000000
590748.000000
653575.000000
154233.000000
629639.000000
553130.000000
658397.000000
383573.000000
685768.000000
556340.000000
510414.000000
596943.000000
500422.000000
637992.000000
622482.000000
656849.000000
628670.000000
542798.000000
634214.000000
580007.000000
12935.000000
551531.000000
489574.000000
24346.000000
540167.000000
612309.000000
625093.000000
562014.000000
597879.000000
648858.000000
574701.000000
600240.000000
108300.000000
494463.000000
581185.000000
638440.000000
506382.000000
515810.000000
571105.000000
571899.000000
659809.000000
88152.000000
607241.000000
415170.000000
652611.000000
218342.000000
574423.000000
544257.000000
614186.000000
601400.000000
586908.000000
424505.000000
576346.000000
311334.000000
634404.000000
520947.000000
234887.000000
557152.000000
537940.000000
448413.000000
161037.000000
570314.000000
679015.000000
429844.000000
429242.000000
593850.000000
527051.000000
297226.000000
383407.000000
485050.000000
487096.000000
568357.000000
573719.000000
488228.000000
414354.000000
490180.000000
562338.000000
351348.000000
629277.000000
87200.000000
445856.000000
431230.000000
542152.000000
690268.000000
288654.000000
585540.000000
617212.000000
467334.000000
556862.000000
615333.000000
567188.000000
501760.000000
118817.000000
515038.000000
324622.000000
531809.000000
98467.000000
425732.000000
626341.000000
394867.000000
507867.000000
660002.000000
643485.000000
569989.000000
515566.000000
573313.000000
463158.000000
582555.000000
573200.000000
526020.000000
414923.000000
571704.000000
566517.000000
30380.000000
26014.000000
571981.000000
504860.000000
9092.000000
624864.000000
610380.000000
546229.000000
202920.000000
546052.000000
707915.000000
531061.000000
529692.000000
432082.000000
395173.000000
585492.000000
663386.000000
625105.000000
543973.000000
490614.000000
505190.000000
585748.000000
561476.000000
536176.000000
619603.000000
537050.000000
548796.000000
572964.000000
571514.000000
442776.000000
579365.000000
575166.000000
607244.000000
432970.000000
650226.000000
547560.000000
16822.000000
588993.000000
550743.000000
576265.000000
565419.000000
662545.000000
519436.000000
594508.000000
516164.000000
450889.000000
573830.000000
637101.000000
560946.000000
521491.000000
193961.000000
532435.000000
504448.000000
593147.000000
501862.000000
548854.000000
332356.000000
575159.000000
385863.000000
558765.000000
533560.000000
585695.000000
320702.000000
578405.000000
562443.000000
490275.000000
457530.000000
595666.000000
434449.000000
596542.000000
459169.000000
190788.000000
475561.000000
619969.000000
487217.000000
597625.000000
591687.000000
630846.000000
586453.000000
234129.000000
546642.000000
635968.000000
590826.000000
405880.000000
449163.000000
555150.000000
496319.000000
588644.000000
617491.000000
586476.000000
574175.000000
282080.000000
511472.000000
589809.000000
504593.000000
580665.000000
499887.000000
538065.000000
529872.000000
544767.000000
570557.000000
628233.000000
570295.000000
605025.000000
564269.000000
106789.000000
623466.000000
498078.000000
535796.000000
592648.000000
649338.000000
580181.000000
614328.000000
608485.000000
116947.000000
578775.000000
600238.000000
620330.000000
488355.000000
599368.000000
642400.000000
588317.000000
574156.000000
587072.000000
509481.000000
343869.000000
637304.000000
473027.000000
75814.000000
673182.000000
521845.000000
558747.000000
556084.000000
519318.000000
479037.000000
635640.000000
678513.000000
524297.000000
571208.000000
27930.000000
596065.000000
378316.000000
559864.000000
426549.000000
221933.000000
511427.000000
429599.000000
591873.000000
660602.000000
458444.000000
164872.000000
533872.000000
605608.000000
604481.000000
600609.000000
502060.000000
145158.000000
596329.000000
502314.000000
349473.000000
586045.000000
211914.000000
616366.000000
496345.000000
538316.000000
633660.000000
669011.000000
533055.000000
493010.000000
572568.000000
620459.000000
522598.000000
585818.000000
620196.000000
618170.000000
607310.000000
20214.000000
657326.000000
496094.000000
519495.000000
528931.000000
535855.000000
336408.000000
579419.000000
534229.000000
518406.000000
545850.000000
529854.000000
581502.000000
468227.000000
605622.000000
586479.000000
456039.000000
532284.000000
554359.000000
590594.000000
514085.000000
248874.000000
20558.000000
367905.000000
582240.000000
594549.000000
435891.000000
231237.000000
539256.000000
347925.000000
495324.000000
594484.000000
243907.000000
397460.000000
609268.000000
134463.000000
553563.000000
556607.000000
640525.000000
571641.000000
208218.000000
564820.000000
518794.000000
623189.000000
402009.000000
597101.000000
538027.000000
676528.000000
329163.000000
658560.000000
597142.000000
168693.000000
518012.000000
555257.000000
586678.000000
344563.000000
533034.000000
539090.000000
555912.000000
421901.000000
591259.000000
548630.000000
310759.000000
600094.000000
385632.000000
496602.000000
564169.000000
561607.000000
509659.000000
540631.000000
622982.000000
617582.000000
441608.000000
561389.000000
659951.000000
588757.000000
555832.000000
536424.000000
611207.000000
596862.000000
486136.000000
533258.000000
544610.000000
136564.000000
635411.000000
273337.000000
513544.000000
562225.000000
533666.000000
389551.000000
537464.000000
587274.000000
488645.000000
468805.000000
665649.000000
512431.000000
602713.000000
586184.000000
543003.000000
541246.000000
590979.000000
543775.000000
586898.000000
621712.000000
106140.000000
593850.000000
610579.000000
582003.000000
632777.000000
548737.000000
557526.000000
221660.000000
560531.000000
570086.000000
484683.000000
63399.000000
549311.000000
514592.000000
441466.000000
471265.000000
583119.000000
490637.000000
309550.000000
564804.000000
541879.000000
614822.000000
555768.000000
620554.000000
505445.000000
32349.000000
147180.000000
506551.000000
313815.000000
560211.000000
534276.000000
565647.000000
509398.000000
633113.000000
627050.000000
556265.000000
630094.000000
396756.000000
547043.000000
533465.000000
525502.000000
577058.000000
550139.000000
499948.000000
96691.000000
413220.000000
88865.000000
357993.000000
595341.000000
610124.000000
620441.000000
523334.000000
573616.000000
549065.000000
570115.000000
496029.000000
564716.000000
522434.000000
608595.000000
570305.000000
559400.000000
509943.000000
526453.000000
607966.000000
633596.000000
381559.000000
424883.000000
524705.000000
635100.000000
497553.000000
628686.000000
644634.000000
647086.000000
387724.000000
658078.000000
626262.000000
612656.000000
525489.000000
556125.000000
23242.000000
663846.000000
464746.000000
495770.000000
416346.000000
538493.000000
154895.000000
525845.000000
621439.000000
566887.000000
577247.000000
343681.000000
593878.000000
312536.000000
617108.000000
492818.000000
365851.000000
555022.000000
625126.000000
503996.000000
310311.000000
545348.000000
344033.000000
506514.000000
519952.000000
512877.000000
541387.000000
585182.000000
590856.000000
572767.000000
540917.000000
496639.000000
561643.000000
668562.000000
459914.000000
623528.000000
478111.000000
459593.000000
530013.000000
57564.000000
559278.000000
455915.000000
668009.000000
499803.000000
639676.000000
547394.000000
482010.000000
638765.000000
207884.000000
540419.000000
570755.000000
614542.000000
76491.000000
539602.000000
487229.000000
584260.000000
483327.000000
201701.000000
567014.000000
462570.000000
549131.000000
538693.000000
570787.000000
359994.000000
25665.000000
506179.000000
500310.000000
489326.000000
492945.000000
54255.000000
532434.000000
600408.000000
652903.000000
580398.000000
588757.000000
391580.000000
490657.000000
447284.000000
609246.000000
582549.000000
557310.000000
587395.000000
418906.000000
293961.000000
641582.000000
498492.000000
591834.000000
508505.000000
531531.000000
525863.000000
552994.000000
545287.000000
625503.000000
513603.000000
426963.000000
397924.000000
642516.000000
532414.000000
539898.000000
522752.000000
427401.000000
549798.000000
676029.000000
599535.000000
517524.000000
518488.000000
586050.000000
145950.000000
19379.000000
481639.000000
94639.000000
633185.000000
564618.000000
676706.000000
552275.000000
244779.000000
615106.000000
374328.000000
228910.000000
548890.000000
472336.000000
550850.000000
540310.000000
661158.000000
544000.000000
318050.000000
478522.000000
137890.000000
584425.000000
255092.000000
505267.000000
566388.000000
575539.000000
611810.000000
603609.000000
634580.000000
525575.000000
617824.000000
673004.000000
601060.000000
464853.000000
625210.000000
561355.000000
498948.000000
157638.000000
581363.000000
419256.000000
509811.000000
607577.000000
21329.000000
341190.000000
548012.000000
656927.000000
518879.000000
500933.000000
445222.000000
556003.000000
580971.000000
617778.000000
413381.000000
598841.000000
581649.000000
375413.000000
551348.000000
612048.000000
573417.000000
68173.000000
540739.000000
491494.000000
656670.000000
522761.000000
548382.000000
555010.000000
539792.000000
591441.000000
682545.000000
539580.000000
593753.000000
631632.000000
598400.000000
548746.000000
578662.000000
543635.000000
569818.000000
568355.000000
547635.000000
683013.000000
510839.000000
579738.000000
495266.000000
626896.000000
554368.000000
594486.000000
562362.000000
293247.000000
578558.000000
485750.000000
607663.000000
127019.000000
574438.000000
589886.000000
597862.000000
608550.000000
640853.000000
576312.000000
570635.000000
560060.000000
447764.000000
599819.000000
545381.000000
611706.000000
624757.000000
520863.000000
419345.000000
618510.000000
181309.000000
518472.000000
593167.000000
705233.000000
700329.000000
205221.000000
542573.000000
478955.000000
346746.000000
553484.000000
518475.000000
339943.000000
612048.000000
584412.000000
568617.000000
546633.000000
594586.000000
625080.000000
545402.000000
611732.000000
539070.000000
611923.000000
391195.000000
681239.000000
600959.000000
533745.000000
544635.000000
400218.000000
505720.000000
612240.000000
521501.000000
507875.000000
471085.000000
641798.000000
631726.000000
380379.000000
574149.000000
542100.000000
581434.000000
572529.000000
653625.000000
521382.000000
513540.000000
418963.000000
440509.000000
553559.000000
225675.000000
418675.000000
572572.000000
238811.000000
135814.000000
180726.000000
562763.000000
614909.000000
608026.000000
573957.000000
548046.000000
300212.000000
304246.000000
593687.000000
511137.000000
534644.000000
486616.000000
511611.000000
576019.000000
624914.000000
544044.000000
605842.000000
239536.000000
381911.000000
462749.000000
150080.000000
603293.000000
504435.000000
425943.000000
562178.000000
603722.000000
538483.000000
566288.000000
516090.000000
501585.000000
429718.000000
578696.000000
572647.000000
504696.000000
207147.000000
476009.000000
484976.000000
647303.000000
396316.000000
607950.000000
555079.000000
630162.000000
609388.000000
542860.000000
545554.000000
410018.000000
623122.000000
307892.000000
501304.000000
475039.000000
614289.000000
547031.000000
537172.000000
589908.000000
392845.000000
622755.000000
549280.000000
569372.000000
321651.000000
524702.000000
577094.000000
587155.000000
171932.000000
541666.000000
599290.000000
536433.000000
555519.000000
568396.000000
522771.000000
473522.000000
604841.000000
321188.000000
560241.000000
538106.000000
586377.000000
16633.000000
564950.000000
588069.000000
626888.000000
609636.000000
669071.000000
110977.000000
653605.000000
569989.000000
500196.000000
441402.000000
657592.000000
571071.000000
584417.000000
556753.000000
510653.000000
472549.000000
574842.000000
522906.000000
607897.000000
424984.000000
568677.000000
610517.000000
338760.000000
628628.000000
492619.000000
485223.000000
452738.000000
577715.000000
611125.000000
367514.000000
709675.000000
543778.000000
737852.000000
512728.000000
556434.000000
522948.000000
609899.000000
509290.000000
378813.000000
627928.000000
479103.000000
539396.000000
604886.000000
596102.000000
509427.000000
568243.000000
587156.000000
541484.000000
546472.000000
543297.000000
522967.000000
528289.000000
611963.000000
593894.000000
511348.000000
667453.000000
599403.000000
548279.000000
388246.000000
598088.000000
542924.000000
163650.000000
604743.000000
615508.000000
625429.000000
521388.000000
686085.000000
596856.000000
525845.000000
568005.000000
586047.000000
594230.000000
574977.000000
616420.000000
416330.000000
444513.000000
619014.000000
513031.000000
598074.000000
567765.000000
664194.000000
610298.000000
576461.000000
374294.000000
657525.000000
541200.000000
112737.000000
547245.000000
537521.000000
600648.000000
506280.000000
534887.000000
195604.000000
457172.000000
584267.000000
599471.000000
618980.000000
531104.000000
551924.000000
553393.000000
608902.000000
578619.000000
543128.000000
676200.000000
608577.000000
515796.000000
507631.000000
491058.000000
658259.000000
451292.000000
406124.000000
638579.000000
521049.000000
581805.000000
570335.000000
626582.000000
658072.000000
588359.000000
575955.000000
587066.000000
613155.000000
550890.000000
578800.000000
416086.000000
475057.000000
589677.000000
496807.000000
421347.000000
629613.000000
592728.000000
659359.000000
619629.000000
201706.000000
582812.000000
626065.000000
615322.000000
598320.000000
220925.000000
614013.000000
548573.000000
69629.000000
607042.000000
554379.000000
532231.000000
584715.000000
603795.000000
580471.000000
434100.000000
550278.000000
458805.000000
605567.000000
584963.000000
339026.000000
286156.000000
661752.000000
94608.000000
591506.000000
434662.000000
280809.000000
458396.000000
581479.000000
565400.000000
603026.000000
594008.000000
503727.000000
585870.000000
440712.000000
537846.000000
432200.000000
594960.000000
342168.000000
517914.000000
571995.000000
560243.000000
600639.000000
644872.000000
539663.000000
709796.000000
397355.000000
555322.000000
575832.000000
531282.000000
635238.000000
633852.000000
565591.000000
76535.000000
602025.000000
516383.000000
516444.000000
561400.000000
558618.000000
579013.000000
593243.000000
569663.000000
598907.000000
419090.000000
479128.000000
591965.000000
324196.000000
593268.000000
503618.000000
609019.000000
510257.000000
586397.000000
97346.000000
589548.000000
513014.000000
631126.000000
514811.000000
570793.000000
625790.000000
83189.000000
606058.000000
437639.000000
633633.000000
628210.000000
423171.000000
611564.000000
607980.000000
554171.000000
605372.000000
551449.000000
407756.000000
393681.000000
574280.000000
506676.000000
111799.000000
360509.000000
589998.000000
529249.000000
564449.000000
363553.000000
606147.000000
153828.000000
524929.000000
585203.000000
601762.000000
557950.000000
513416.000000
615260.000000
574923.000000
420346.000000
693428.000000
546444.000000
647473.000000
547068.000000
540241.000000
547588.000000
487414.000000
614859.000000
590162.000000
629956.000000
648339.000000
142737.000000
97283.000000
569547.000000
454923.000000
577289.000000
609822.000000
580080.000000
16822.000000
645311.000000
539198.000000
200606.000000
525940.000000
617135.000000
537923.000000
586007.000000
295695.000000
535478.000000
576404.000000
587886.000000
591056.000000
532636.000000
159747.000000
553025.000000
552908.000000
566278.000000
564437.000000
455942.000000
567275.000000
64873.000000
208198.000000
507473.000000
191484.000000
323934.000000
510294.000000
575291.000000
496928.000000
594913.000000
555789.000000
572719.000000
387545.000000
363470.000000
605187.000000
499220.000000
499055.000000
562051.000000
612253.000000
369530.000000
595436.000000
567643.000000
71565.000000
551853.000000
477736.000000
579626.000000
603346.000000
423438.000000
553764.000000
497245.000000
389656.000000
454497.000000
610892.000000
594400.000000
492458.000000
366787.000000
494976.000000
442454.000000
545387.000000
528313.000000
650101.000000
589206.000000
518279.000000
364339.000000
555700.000000
629479.000000
554238.000000
553088.000000
524778.000000
557185.000000
493018.000000
475542.000000
283353.000000
537842.000000
519448.000000
613188.000000
572718.000000
526777.000000
529741.000000
535358.000000
154897.000000
342152.000000
408844.000000
577870.000000
552648.000000
652727.000000
534815.000000
498413.000000
517400.000000
645149.000000
639310.000000
558136.000000
588055.000000
629094.000000
544750.000000
560831.000000
547499.000000
591586.000000
535653.000000
228746.000000
282420.000000
420816.000000
190110.000000
561311.000000
564128.000000
528118.000000
677773.000000
599032.000000
466536.000000
549949.000000
576538.000000
549207.000000
497595.000000
260794.000000
581061.000000
577669.000000
552545.000000
628346.000000
637313.000000
632124.000000
282485.000000
616234.000000
544420.000000
625090.000000
595307.000000
561841.000000
618674.000000
386926.000000
625509.000000
555605.000000
440674.000000
598557.000000
174970.000000
331561.000000
557417.000000
702926.000000
594611.000000
592125.000000
475303.000000
567973.000000
645579.000000
552471.000000
680276.000000
390355.000000
517359.000000
552748.000000
331293.000000
479203.000000
573242.000000
628933.000000
585632.000000
331461.000000
202745.000000
408356.000000
567786.000000
573069.000000
563249.000000
590758.000000
