0.000000
0.000000
0.000000
0.000000
0.000000
0.000000
0.000000
0.000000
0.000000
0.000000
0.000000
0.000000
0.000000
0.000000
0.000000
0.000000
0.000000
0.000000
0.000000
0.000000
0.000000
0.000000
0.000000
0.000000
0.000000
0.000000
0.000000
0.000000
0.000000
0.000000
0.000000
0.000000
0.000000
0.000000
0.000000
0.000000
0.000000
0.000000
0.000000
0.000000
0.000000
0.000000
0.000000
0.000000
0.000000
0.000000
0.000000
0.000000
0.000000
0.000000
0.000000
0.000000
0.000000
0.000000
0.000000
0.000000
0.000000
0.000000
0.000000
0.000000
0.000000
0.000000
0.000000
0.000000
0.000000
0.000000
0.000000
0.000000
0.000000
0.000000
0.000000
0.000000
0.000000
0.000000
0.000000
0.000000
0.000000
0.000000
0.000000
0.000000
0.000000
0.000000
0.000000
0.000000
0.000000
0.000000
0.000000
0.000000
0.000000
0.000000
0.000000
0.000000
0.000000
0.000000
0.000000
0.000000
0.000000
0.000000
0.000000
0.000000
0.000000
0.000000
0.000000
0.000000
0.000000
0.000000
0.000000
0.000000
0.000000
0.000000
0.000000
0.000000
0.000000
0.000000
0.000000
0.000000
0.000000
0.000000
0.000000
0.000000
0.000000
0.000000
0.000000
0.000000
0.000000
0.000000
0.000000
0.000000
0.000000
0.000000
0.000000
0.000000
0.000000
0.000000
0.000000
0.000000
0.000000
0.000000
0.000000
0.000000
0.000000
0.000000
0.000000
0.000000
0.000000
0.000000
0.000000
0.000000
0.000000
0.000000
0.000000
0.000000
0.000000
0.000000
0.000000
0.000000
0.000000
0.000000
0.000000
0.000000
0.000000
0.000000
0.000000
0.000000
0.000000
0.000000
0.000000
0.000000
0.000000
0.000000
0.000000
0.000000
0.000000
0.000000
0.000000
0.000000
0.000000
0.000000
0.000000
0.000000
0.000000
0.000000
0.000000
0.000000
0.000000
0.000000
0.000000
0.000000
0.000000
0.000000
0.000000
0.000000
0.000000
0.000000
0.000000
0.000000
0.000000
0.000000
0.000000
0.000000
0.000000
0.000000
0.000000
0.000000
0.000000
0.000000
0.000000
0.000000
0.000000
0.000000
0.000000
0.000000
0.000000
0.000000
0.000000
0.000000
0.000000
0.000000
0.000000
0.000000
0.000000
0.000000
0.000000
0.000000
0.000000
0.000000
0.000000
0.000000
0.000000
0.000000
0.000000
0.000000
0.000000
0.000000
0.000000
0.000000
0.000000
0.000000
0.000000
0.000000
0.000000
0.000000
0.000000
0.000000
0.000000
0.000000
0.000000
0.000000
0.000000
0.000000
0.000000
0.000000
0.000000
0.000000
0.000000
0.000000
0.000000
0.000000
0.000000
0.000000
0.000000
0.000000
0.000000
0.000000
0.000000
0.000000
0.000000
0.000000
0.000000
0.000000
0.000000
0.000000
0.000000
0.000000
0.000000
0.000000
0.000000
0.000000
0.000000
0.000000
0.000000
0.000000
0.000000
0.000000
0.000000
0.000000
0.000000
0.000000
0.000000
0.000000
0.000000
0.000000
0.000000
0.000000
0.000000
0.000000
0.000000
0.000000
0.000000
0.000000
0.000000
0.000000
0.000000
0.000000
0.000000
0.000000
0.000000
0.000000
0.000000
0.000000
0.000000
0.000000
0.000000
0.000000
0.000000
0.000000
0.000000
0.000000
0.000000
0.000000
0.000000
0.000000
0.000000
0.000000
0.000000
0.000000
0.000000
0.000000
0.000000
0.000000
0.000000
0.000000
0.000000
0.000000
0.000000
0.000000
0.000000
0.000000
0.000000
0.000000
0.000000
0.000000
0.000000
0.000000
0.000000
0.000000
0.000000
0.000000
0.000000
0.000000
0.000000
0.000000
0.000000
0.000000
0.000000
0.000000
0.000000
0.000000
0.000000
0.000000
0.000000
0.000000
0.000000
0.000000
0.000000
0.000000
0.000000
0.000000
0.000000
0.000000
0.000000
0.000000
0.000000
0.000000
0.000000
0.000000
0.000000
0.000000
0.000000
0.000000
0.000000
0.000000
0.000000
0.000000
0.000000
0.000000
0.000000
0.000000
0.000000
0.000000
0.000000
0.000000
0.000000
0.000000
0.000000
0.000000
0.000000
0.000000
0.000000
0.000000
0.000000
0.000000
0.000000
0.000000
0.000000
0.000000
0.000000
0.000000
0.000000
0.000000
0.000000
0.000000
0.000000
0.000000
0.000000
0.000000
0.000000
0.000000
0.000000
0.000000
0.000000
0.000000
0.000000
0.000000
0.000000
0.000000
0.000000
0.000000
0.000000
0.000000
0.000000
0.000000
0.000000
0.000000
0.000000
0.000000
0.000000
0.000000
0.000000
0.000000
0.000000
0.000000
0.000000
0.000000
0.000000
0.000000
0.000000
0.000000
0.000000
0.000000
0.000000
0.000000
0.000000
0.000000
0.000000
0.000000
0.000000
0.000000
0.000000
0.000000
0.000000
0.000000
0.000000
0.000000
0.000000
0.000000
0.000000
0.000000
0.000000
0.000000
0.000000
0.000000
0.000000
0.000000
0.000000
0.000000
0.000000
0.000000
0.000000
0.000000
0.000000
0.000000
0.000000
0.000000
0.000000
0.000000
0.000000
0.000000
0.000000
0.000000
0.000000
0.000000
0.000000
0.000000
0.000000
0.000000
0.000000
0.000000
0.000000
0.000000
0.000000
0.000000
0.000000
0.000000
0.000000
0.000000
0.000000
0.000000
0.000000
0.000000
0.000000
0.000000
0.000000
0.000000
0.000000
0.000000
0.000000
0.000000
0.000000
0.000000
0.000000
0.000000
0.000000
0.000000
0.000000
0.000000
0.000000
0.000000
0.000000
0.000000
0.000000
0.000000
0.000000
0.000000
0.000000
0.000000
0.000000
0.000000
0.000000
0.000000
7748400.000000
270749.000000
3555822.000000
4217601.000000
4299921.000000
2942430.000000
2880349.000000
296699.000000
4051955.000000
4576552.000000
3234325.000000
3983608.000000
4742599.000000
3407951.000000
4537212.000000
3957823.000000
412359.000000
3617046.000000
4573484.000000
432880.000000
489932.000000
4442959.000000
1888501.000000
3371560.000000
1615611.000000
4250270.000000
370222.000000
4049005.000000
3182329.000000
1593020.000000
242162.000000
144231.000000
3383387.000000
4336956.000000
1210014.000000
2211362.000000
3582434.000000
4681347.000000
4707159.000000
3014543.000000
4325775.000000
2075133.000000
4332213.000000
756023.000000
1756461.000000
3362814.000000
4961621.000000
4948327.000000
3997614.000000
4367184.000000
2943046.000000
4173019.000000
764164.000000
1428878.000000
2603662.000000
1580410.000000
4739227.000000
2124110.000000
2599399.000000
2833021.000000
3047231.000000
285757.000000
1114348.000000
3240866.000000
3380549.000000
4025484.000000
4375866.000000
2505020.000000
3151678.000000
4017491.000000
255156.000000
3685239.000000
2073713.000000
3042125.000000
4621850.000000
1039562.000000
3961125.000000
3220301.000000
1090430.000000
4629511.000000
4133653.000000
1162041.000000
2064007.000000
644602.000000
1852905.000000
4051652.000000
4423262.000000
2825415.000000
2247673.000000
2389877.000000
3105106.000000
1851232.000000
2958622.000000
3628458.000000
748791.000000
1239465.000000
2991070.000000
2897520.000000
2691787.000000
3853398.000000
4466644.000000
1694347.000000
1324905.000000
127899.000000
3073870.000000
2276514.000000
2555617.000000
817980.000000
3500777.000000
2754104.000000
4112882.000000
4132554.000000
1451826.000000
4437880.000000
3592454.000000
94245.000000
1790503.000000
3863745.000000
1520340.000000
2493938.000000
3303127.000000
2003230.000000
3794783.000000
77507.000000
3334505.000000
2139788.000000
2293976.000000
4130628.000000
558379.000000
3676458.000000
2907115.000000
4688697.000000
2359555.000000
4756877.000000
4722815.000000
4871817.000000
1411750.000000
2044042.000000
2475330.000000
4550516.000000
3476735.000000
4245607.000000
1186019.000000
2659081.000000
3783443.000000
1518465.000000
3404456.000000
167606.000000
3116497.000000
4147806.000000
321494.000000
2429860.000000
2219046.000000
2741244.000000
4069919.000000
3810222.000000
3924984.000000
3969591.000000
1048846.000000
2928054.000000
531702.000000
141843.000000
4435808.000000
2524522.000000
1673331.000000
3710082.000000
3008903.000000
4403922.000000
4437987.000000
2420746.000000
4193418.000000
789942.000000
3460369.000000
4363099.000000
593662.000000
3995359.000000
4537933.000000
241300.000000
4559535.000000
2357099.000000
4673090.000000
4214166.000000
3379730.000000
1884962.000000
341634.000000
4016844.000000
99516.000000
4085682.000000
14807.000000
431322.000000
4114169.000000
4401452.000000
2556427.000000
634621.000000
3748308.000000
3735546.000000
4068533.000000
2551885.000000
404267.000000
510007.000000
949452.000000
4416744.000000
4821336.000000
1644934.000000
3813470.000000
4082266.000000
4260927.000000
3591467.000000
3161105.000000
929643.000000
376844.000000
549389.000000
4393290.000000
4103156.000000
825930.000000
4297055.000000
774069.000000
4072986.000000
2686764.000000
3059082.000000
4748782.000000
286560.000000
3960370.000000
1449657.000000
4623821.000000
1651806.000000
255687.000000
2041765.000000
3113875.000000
1188081.000000
4062378.000000
2046503.000000
4608303.000000
2367103.000000
1764791.000000
2338938.000000
141277.000000
3378422.000000
3955138.000000
1653886.000000
3811360.000000
2691528.000000
4502206.000000
3456484.000000
442002.000000
3508029.000000
4020796.000000
1355479.000000
2023208.000000
4394373.000000
3757781.000000
2431821.000000
3853769.000000
435517.000000
3177140.000000
4416136.000000
3978440.000000
3815022.000000
4005883.000000
3766091.000000
3039791.000000
20958.000000
3188944.000000
78481.000000
1253517.000000
4069529.000000
4279723.000000
368480.000000
365678.000000
4950874.000000
4405084.000000
8061.000000
3795684.000000
2647705.000000
1662351.000000
112873.000000
2608213.000000
4415735.000000
520015.000000
142959.000000
4704307.000000
3812234.000000
1278983.000000
1839302.000000
2579476.000000
3878737.000000
1898115.000000
4403857.000000
3768414.000000
3952314.000000
180834.000000
164775.000000
2095313.000000
3247267.000000
5001356.000000
4136655.000000
56626.000000
3429554.000000
3359039.000000
242335.000000
4555162.000000
2178671.000000
4401792.000000
3382060.000000
4889592.000000
2030339.000000
2414144.000000
1813238.000000
307493.000000
4882216.000000
4590010.000000
2051812.000000
4705298.000000
252345.000000
3299868.000000
3127235.000000
5006488.000000
547624.000000
224866.000000
4009058.000000
827144.000000
4630644.000000
2132807.000000
3068142.000000
3312609.000000
3427690.000000
1529519.000000
1296651.000000
4012967.000000
3478362.000000
743674.000000
1591423.000000
2985343.000000
4212668.000000
223208.000000
790237.000000
2847546.000000
562092.000000
2584248.000000
175371.000000
63642.000000
1336293.000000
4045250.000000
4355312.000000
4076159.000000
178207.000000
2961923.000000
3571662.000000
4229495.000000
2834990.000000
3572134.000000
2746641.000000
3248873.000000
296943.000000
3889813.000000
172321.000000
3578750.000000
3207222.000000
3516913.000000
128353.000000
2415282.000000
4187632.000000
3211940.000000
3413522.000000
2804304.000000
476364.000000
3980053.000000
1557017.000000
2937150.000000
254546.000000
412149.000000
5306585.000000
3655093.000000
3793796.000000
2023979.000000
4473778.000000
4368266.000000
1360769.000000
4540143.000000
2361341.000000
139439.000000
2520544.000000
2568998.000000
1802413.000000
2066354.000000
2598952.000000
3699155.000000
2504824.000000
4846195.000000
268582.000000
81129.000000
3280965.000000
2598665.000000
4363612.000000
250640.000000
1567811.000000
219851.000000
4171431.000000
340472.000000
2012145.000000
2914789.000000
4177101.000000
1880406.000000
2671002.000000
4850184.000000
4223036.000000
2388800.000000
1530167.000000
2621777.000000
3737971.000000
3408724.000000
1007359.000000
72201.000000
2446423.000000
4009362.000000
4505026.000000
1257694.000000
3471333.000000
4237264.000000
2374413.000000
3819472.000000
3861063.000000
3178543.000000
2739459.000000
4558926.000000
4786629.000000
4122893.000000
2383165.000000
2606265.000000
186030.000000
3980184.000000
2065360.000000
3950173.000000
1724367.000000
1629986.000000
3165564.000000
70557.000000
4361098.000000
3507590.000000
1146370.000000
2906131.000000
3677300.000000
1578154.000000
4313701.000000
1229458.000000
1290788.000000
4191802.000000
1903589.000000
3789717.000000
139845.000000
4510608.000000
4568156.000000
3757192.000000
1211550.000000
915971.000000
2260043.000000
3949474.000000
2826153.000000
1150923.000000
3810439.000000
2686206.000000
3096332.000000
2583401.000000
4829553.000000
3160156.000000
4190744.000000
1460767.000000
4628825.000000
4507978.000000
284420.000000
3865264.000000
2583767.000000
1766797.000000
2199112.000000
4422473.000000
1917861.000000
2639446.000000
4865066.000000
4494182.000000
3368033.000000
2957218.000000
1043262.000000
1588301.000000
4815043.000000
3182577.000000
4535005.000000
2982416.000000
4664636.000000
3454755.000000
1994878.000000
3302333.000000
2926149.000000
4582891.000000
2963295.000000
3629312.000000
4489828.000000
2929605.000000
594042.000000
1980281.000000
4897488.000000
4012977.000000
103352.000000
3660850.000000
931332.000000
401556.000000
137458.000000
936703.000000
3621093.000000
2514387.000000
4103621.000000
3643811.000000
2096024.000000
3250374.000000
4433815.000000
958615.000000
1653950.000000
4348006.000000
324274.000000
3997812.000000
4944111.000000
1973952.000000
158949.000000
1719697.000000
3501303.000000
4339698.000000
4015309.000000
4494766.000000
3482089.000000
4420584.000000
3065915.000000
708599.000000
1606374.000000
1308672.000000
895161.000000
4057931.000000
354788.000000
301092.000000
3887786.000000
894960.000000
1456735.000000
2068762.000000
3551406.000000
607658.000000
4417866.000000
4055622.000000
3314647.000000
2375090.000000
3904039.000000
195772.000000
4387571.000000
3982056.000000
1541230.000000
3846184.000000
212994.000000
4819397.000000
1654472.000000
3074580.000000
4024650.000000
1424296.000000
1259965.000000
441209.000000
2816659.000000
258494.000000
3176944.000000
3814303.000000
224958.000000
3819341.000000
4487931.000000
3354690.000000
4218909.000000
3976383.000000
260618.000000
4311621.000000
498855.000000
4085852.000000
3961712.000000
4080473.000000
4199700.000000
4721361.000000
474713.000000
953294.000000
2534768.000000
3387827.000000
3417327.000000
1758869.000000
4174621.000000
2052483.000000
2847765.000000
4205285.000000
2923498.000000
2873647.000000
3591379.000000
2568367.000000
298182.000000
921312.000000
2031519.000000
118260.000000
1189697.000000
243045.000000
4284702.000000
3298330.000000
3588042.000000
1563925.000000
33457.000000
4221842.000000
4039932.000000
3728016.000000
2122234.000000
4560611.000000
3836173.000000
3675688.000000
3018499.000000
3208804.000000
336053.000000
300845.000000
4125703.000000
1435731.000000
3900430.000000
306827.000000
3998525.000000
20403.000000
74862.000000
3982399.000000
111719.000000
2901981.000000
735601.000000
190181.000000
565639.000000
1745979.000000
4220319.000000
367728.000000
4818570.000000
3459063.000000
3017889.000000
4319681.000000
169644.000000
2410538.000000
3724899.000000
4175697.000000
2998481.000000
4227975.000000
3653445.000000
1177956.000000
3036800.000000
3124321.000000
2945510.000000
4071181.000000
1322840.000000
2857371.000000
74300.000000
2814357.000000
4496783.000000
27940.000000
1885511.000000
3015928.000000
4109522.000000
3013427.000000
4313053.000000
755897.000000
2300095.000000
4413998.000000
140364.000000
1160041.000000
2605755.000000
812879.000000
3020500.000000
4265333.000000
3907756.000000
940430.000000
3930781.000000
3560032.000000
2934783.000000
663027.000000
1208838.000000
3995238.000000
370963.000000
182193.000000
2491358.000000
1811108.000000
3254536.000000
3922291.000000
4306871.000000
571592.000000
3870935.000000
4028514.000000
843601.000000
4574409.000000
1995556.000000
3129317.000000
4656876.000000
4289499.000000
3892747.000000
2797697.000000
4238081.000000
86811.000000
3711365.000000
4179922.000000
4395907.000000
320683.000000
2581841.000000
3983417.000000
120749.000000
83246.000000
3828507.000000
3949372.000000
3438749.000000
5100143.000000
3408616.000000
2565670.000000
4415630.000000
1442913.000000
3993211.000000
1785183.000000
3510369.000000
1728235.000000
5075275.000000
585799.000000
4396241.000000
4709174.000000
3953530.000000
2433639.000000
3707830.000000
4218904.000000
300838.000000
4879293.000000
702269.000000
4833142.000000
287540.000000
768211.000000
974463.000000
3564454.000000
1184633.000000
3651214.000000
4621376.000000
4594032.000000
3830669.000000
4405426.000000
191509.000000
629503.000000
4862709.000000
1500627.000000
739880.000000
3942861.000000
3357931.000000
4165436.000000
4018075.000000
2530228.000000
4376379.000000
3800833.000000
4379331.000000
4168403.000000
22073.000000
2884751.000000
122264.000000
337219.000000
2841687.000000
1544187.000000
3325731.000000
4425093.000000
4854485.000000
4034366.000000
117430.000000
2831342.000000
3154897.000000
2512201.000000
1789325.000000
4214974.000000
3571694.000000
1397168.000000
3697796.000000
4379379.000000
3916654.000000
4003328.000000
3418071.000000
890249.000000
955095.000000
543740.000000
1319956.000000
3137243.000000
3573142.000000
4047422.000000
4728881.000000
4494612.000000
3179426.000000
3912437.000000
3765158.000000
193192.000000
3698051.000000
2994867.000000
4353228.000000
532858.000000
4089717.000000
4503499.000000
1923038.000000
3371069.000000
1188359.000000
3347676.000000
4736501.000000
2891232.000000
3796707.000000
2731729.000000
4364397.000000
4834316.000000
11228.000000
2696001.000000
1577774.000000
21946.000000
4042362.000000
3236950.000000
3593559.000000
3661528.000000
3292966.000000
4281690.000000
2048304.000000
4117462.000000
105137.000000
3885846.000000
2988626.000000
2379792.000000
734964.000000
1617177.000000
4284357.000000
3339185.000000
3260785.000000
94110.000000
4295570.000000
709402.000000
3145088.000000
202316.000000
3938909.000000
1368014.000000
4370736.000000
3985674.000000
4117803.000000
687108.000000
3642094.000000
367212.000000
3863954.000000
4941799.000000
187538.000000
3689530.000000
3854902.000000
3321977.000000
141691.000000
4301522.000000
4384106.000000
595688.000000
713031.000000
4610489.000000
3727459.000000
371160.000000
493498.000000
3158415.000000
4316571.000000
1711559.000000
3952951.000000
1610457.000000
746448.000000
1226128.000000
3783496.000000
541783.000000
4009153.000000
87733.000000
4434159.000000
565574.000000
4220311.000000
3657948.000000
342933.000000
4196593.000000
3756689.000000
1100899.000000
4277731.000000
3710300.000000
3094623.000000
3422602.000000
104509.000000
827605.000000
424640.000000
3967206.000000
139866.000000
640951.000000
4562149.000000
537002.000000
3075945.000000
4318848.000000
4394746.000000
3532097.000000
1334777.000000
4628113.000000
992437.000000
3852426.000000
2883307.000000
2914004.000000
994548.000000
4452762.000000
3951754.000000
24296.000000
22027.000000
3891066.000000
2097672.000000
7572.000000
3891199.000000
3939895.000000
3111906.000000
317389.000000
1797421.000000
3488643.000000
3121632.000000
2848557.000000
788188.000000
546807.000000
4656856.000000
3419899.000000
3495015.000000
3316193.000000
3641121.000000
3221537.000000
4230340.000000
4631675.000000
2727703.000000
2230829.000000
4390487.000000
3277415.000000
1040867.000000
4476125.000000
646528.000000
4238024.000000
4108000.000000
2855795.000000
637151.000000
2838607.000000
3290289.000000
23934.000000
2655605.000000
2576977.000000
2807264.000000
2150692.000000
4147896.000000
4505163.000000
3479233.000000
1261597.000000
778923.000000
3566298.000000
3456757.000000
4226957.000000
3710720.000000
278634.000000
3359624.000000
2412422.000000
3710012.000000
3577984.000000
2834529.000000
375052.000000
4210855.000000
591862.000000
3756577.000000
1340246.000000
4325216.000000
604394.000000
1395518.000000
4287871.000000
2430628.000000
624913.000000
3435511.000000
1817803.000000
3388608.000000
2497493.000000
185625.000000
3893298.000000
3765930.000000
2936229.000000
4267327.000000
3535138.000000
3550307.000000
3777569.000000
228743.000000
2678146.000000
3487135.000000
4258928.000000
607880.000000
1021166.000000
3687317.000000
3967026.000000
2705817.000000
2399007.000000
1977849.000000
4255200.000000
357717.000000
3567792.000000
4054429.000000
3966633.000000
3466609.000000
2132667.000000
2842858.000000
4131951.000000
2343735.000000
1799668.000000
4865632.000000
4908481.000000
3783330.000000
3467311.000000
105958.000000
3822201.000000
4491628.000000
2480853.000000
3782663.000000
3925681.000000
4921392.000000
4070792.000000
3366359.000000
103775.000000
3682172.000000
4574018.000000
3995572.000000
1085509.000000
3482751.000000
3916089.000000
3441396.000000
4238471.000000
2382352.000000
2049792.000000
437920.000000
4414608.000000
1264084.000000
87123.000000
4166537.000000
2461841.000000
4670868.000000
2460389.000000
4492380.000000
1389992.000000
4246309.000000
3899531.000000
4400130.000000
4450575.000000
22643.000000
3828167.000000
518285.000000
1818083.000000
871777.000000
242070.000000
4022545.000000
671996.000000
4243683.000000
3676746.000000
665580.000000
255067.000000
1262787.000000
3983041.000000
3470568.000000
2745956.000000
3153637.000000
176006.000000
3890057.000000
3276934.000000
483208.000000
3453676.000000
225897.000000
4555052.000000
3137905.000000
3946970.000000
2962458.000000
4385298.000000
1196948.000000
2656786.000000
3774512.000000
3993079.000000
1517196.000000
1386653.000000
3857870.000000
1796247.000000
1709671.000000
22401.000000
4369995.000000
4358455.000000
3361199.000000
4488196.000000
1093783.000000
494886.000000
4568550.000000
4086899.000000
2861670.000000
3611181.000000
2590288.000000
2393790.000000
1204103.000000
4099398.000000
4110932.000000
735530.000000
3398477.000000
4183984.000000
4140814.000000
4201445.000000
261690.000000
14216.000000
513115.000000
3400316.000000
4032718.000000
720099.000000
307331.000000
2820545.000000
474702.000000
1357289.000000
4893982.000000
288660.000000
525315.000000
4536658.000000
157007.000000
3073852.000000
3643984.000000
3548635.000000
2106042.000000
238957.000000
3410857.000000
4479605.000000
3786562.000000
483270.000000
4756439.000000
4072881.000000
3548730.000000
579883.000000
4238668.000000
4589956.000000
196115.000000
4707033.000000
2644322.000000
2377262.000000
333006.000000
4247755.000000
3817851.000000
4877250.000000
717920.000000
2118838.000000
4274516.000000
411760.000000
3818015.000000
701591.000000
2846848.000000
3239908.000000
3792155.000000
3358741.000000
1850904.000000
2215818.000000
1931214.000000
1842918.000000
3371262.000000
3893097.000000
1955134.000000
1795756.000000
3104611.000000
4098826.000000
3940187.000000
2990752.000000
885824.000000
1132604.000000
137076.000000
4562814.000000
311691.000000
1813768.000000
3170904.000000
3870627.000000
663780.000000
1846459.000000
1744711.000000
810985.000000
3875317.000000
3757065.000000
1458428.000000
2409872.000000
3601542.000000
4198945.000000
3579724.000000
4189924.000000
3548165.000000
3510695.000000
4323077.000000
83248.000000
2995737.000000
3981851.000000
3633353.000000
2984043.000000
3594926.000000
4434218.000000
266201.000000
3179300.000000
2914317.000000
3184691.000000
64356.000000
2909708.000000
1161784.000000
571565.000000
3448145.000000
3292633.000000
690668.000000
370786.000000
3822628.000000
3499044.000000
3644187.000000
4395151.000000
3906936.000000
2586267.000000
42861.000000
144499.000000
3308389.000000
441512.000000
4376754.000000
4039109.000000
2762817.000000
978658.000000
4810595.000000
3455842.000000
1068740.000000
4118023.000000
590658.000000
2056875.000000
949221.000000
3999572.000000
4601368.000000
2710730.000000
3652899.000000
84296.000000
596120.000000
83833.000000
482876.000000
4181026.000000
3454937.000000
4328591.000000
3389627.000000
1248220.000000
3501764.000000
4520652.000000
3759381.000000
1251212.000000
3907521.000000
3458217.000000
4159516.000000
3307702.000000
1707822.000000
3469920.000000
3989455.000000
5390540.000000
511823.000000
3725050.000000
2623242.000000
4313832.000000
1187306.000000
3954160.000000
3021341.000000
4223223.000000
624922.000000
3827419.000000
4833782.000000
3027534.000000
3004075.000000
1544095.000000
27653.000000
4389196.000000
885152.000000
2166093.000000
704227.000000
1603332.000000
191217.000000
3986535.000000
2440343.000000
3969544.000000
1551854.000000
651278.000000
3166364.000000
411090.000000
4831104.000000
3549257.000000
587633.000000
2865149.000000
3172189.000000
2995282.000000
400142.000000
3636587.000000
406954.000000
4212796.000000
871267.000000
953540.000000
2790708.000000
1773803.000000
4127368.000000
3668774.000000
3245973.000000
4320204.000000
4190815.000000
4071454.000000
1389525.000000
1929883.000000
1510475.000000
3535071.000000
3742851.000000
67641.000000
2622708.000000
1136908.000000
4531576.000000
3711555.000000
3809408.000000
4139220.000000
1210414.000000
4298586.000000
265074.000000
4288716.000000
3682256.000000
4788805.000000
72730.000000
4331790.000000
949643.000000
5028287.000000
905180.000000
309216.000000
3085598.000000
1872790.000000
3248082.000000
4417479.000000
2646297.000000
443123.000000
20731.000000
1161203.000000
1420645.000000
2860775.000000
959411.000000
69786.000000
3469391.000000
4299338.000000
2108302.000000
3423772.000000
4170156.000000
632769.000000
3630440.000000
649039.000000
3779422.000000
4416239.000000
4314249.000000
3658727.000000
668827.000000
419361.000000
4789167.000000
1912542.000000
1548575.000000
2139241.000000
3126977.000000
1273791.000000
4229719.000000
3809834.000000
4138653.000000
4183545.000000
584698.000000
603738.000000
3621030.000000
1350774.000000
4489102.000000
3301905.000000
2898699.000000
2327210.000000
4646639.000000
4336417.000000
3069263.000000
4264223.000000
3275816.000000
178558.000000
25011.000000
1268281.000000
101861.000000
4351377.000000
2424720.000000
3516745.000000
2938041.000000
295310.000000
4368529.000000
683609.000000
267801.000000
3447677.000000
3846273.000000
3516932.000000
3183322.000000
3754452.000000
1876951.000000
425363.000000
989407.000000
139161.000000
4157568.000000
282575.000000
2435000.000000
3228888.000000
3270384.000000
3776004.000000
4092601.000000
4094566.000000
4649427.000000
3958440.000000
3450361.000000
3644408.000000
2708767.000000
2758213.000000
2145766.000000
956132.000000
164760.000000
3717194.000000
640465.000000
3655737.000000
2832572.000000
22431.000000
330761.000000
3610938.000000
3201142.000000
3100773.000000
2908098.000000
1595317.000000
4781488.000000
3755920.000000
4080995.000000
683921.000000
3841135.000000
3686853.000000
521253.000000
3805157.000000
3710147.000000
2783916.000000
69171.000000
3570503.000000
1910191.000000
2981684.000000
2387782.000000
3689742.000000
1067657.000000
3369451.000000
3389234.000000
3908204.000000
3809293.000000
4471809.000000
4613069.000000
4183543.000000
2720199.000000
3715790.000000
2103708.000000
3908474.000000
1328542.000000
3967703.000000
2084298.000000
3889962.000000
1150665.000000
1023109.000000
4352524.000000
1345578.000000
4315366.000000
3072089.000000
407926.000000
4073642.000000
3918193.000000
3754008.000000
146450.000000
3641189.000000
1994398.000000
2343284.000000
1877769.000000
3217051.000000
3004621.000000
5164034.000000
3192509.000000
963586.000000
4998274.000000
3017960.000000
3762884.000000
3331111.000000
984734.000000
694044.000000
4058387.000000
207175.000000
3360625.000000
3104527.000000
3468790.000000
3373108.000000
247527.000000
1282806.000000
3359806.000000
449651.000000
3095049.000000
4644848.000000
439460.000000
4213466.000000
3503502.000000
3412458.000000
3561605.000000
4683850.000000
2404870.000000
4471109.000000
4729563.000000
1130211.000000
3813871.000000
777137.000000
4056497.000000
4482338.000000
2951354.000000
2714212.000000
609982.000000
977619.000000
4627544.000000
3166015.000000
1646518.000000
3193248.000000
4150571.000000
4744018.000000
419712.000000
2216460.000000
4293526.000000
2489819.000000
2582942.000000
1909554.000000
2968100.000000
2195404.000000
767466.000000
1110653.000000
1807838.000000
355333.000000
776394.000000
4281380.000000
339523.000000
151727.000000
217590.000000
4161484.000000
4232726.000000
3389292.000000
2776327.000000
3224101.000000
356328.000000
334758.000000
4217862.000000
4900147.000000
2676645.000000
3057685.000000
3378388.000000
2689635.000000
3676633.000000
4662124.000000
4440070.000000
426470.000000
559981.000000
2160560.000000
158702.000000
3125375.000000
2177105.000000
939155.000000
1606092.000000
4682325.000000
3687188.000000
3132369.000000
1121916.000000
2416422.000000
677861.000000
2708704.000000
3605593.000000
1220796.000000
270905.000000
3574419.000000
1022727.000000
3756866.000000
652943.000000
4699214.000000
4601970.000000
3511661.000000
4457236.000000
3309299.000000
2235115.000000
645034.000000
3215373.000000
390912.000000
1391154.000000
965709.000000
4558764.000000
3410920.000000
1445409.000000
1912567.000000
736034.000000
3907101.000000
3281473.000000
4364254.000000
378830.000000
3999087.000000
2696177.000000
3631331.000000
155384.000000
2717845.000000
4593907.000000
4170666.000000
2454405.000000
2338090.000000
2438948.000000
2425621.000000
2177492.000000
392664.000000
3882406.000000
1356691.000000
3977261.000000
14387.000000
2594302.000000
3996235.000000
3944439.000000
4406246.000000
3896847.000000
136005.000000
4195336.000000
2297619.000000
2525639.000000
4151396.000000
4531560.000000
3090327.000000
3463155.000000
1598492.000000
960354.000000
2124257.000000
4222510.000000
3634995.000000
4392109.000000
613996.000000
4112543.000000
3708646.000000
476318.000000
4732797.000000
1605065.000000
1903081.000000
843898.000000
4020847.000000
2740131.000000
405480.000000
3135073.000000
4098339.000000
5506925.000000
3463710.000000
1313216.000000
4476929.000000
4173876.000000
3327045.000000
446622.000000
4247718.000000
4289748.000000
1393972.000000
4453740.000000
2763901.000000
4063461.000000
1402267.000000
3211780.000000
2995404.000000
2563982.000000
1186637.000000
3131952.000000
2389612.000000
4135922.000000
2481811.000000
832250.000000
4586884.000000
4002393.000000
4153887.000000
880017.000000
3787031.000000
2617927.000000
158582.000000
4006223.000000
3652504.000000
3767258.000000
4114455.000000
4808386.000000
4704733.000000
4561054.000000
2834823.000000
1514505.000000
4483234.000000
3760447.000000
2726629.000000
685833.000000
1904977.000000
2854265.000000
3818170.000000
4018282.000000
4869457.000000
3836903.000000
4528714.000000
3799131.000000
501880.000000
4020519.000000
2932912.000000
114002.000000
4426893.000000
3286404.000000
4646015.000000
2606044.000000
1574415.000000
227544.000000
831838.000000
3545769.000000
3256754.000000
4782334.000000
4201374.000000
3441937.000000
2820326.000000
4443424.000000
3011278.000000
1236657.000000
3702136.000000
2701562.000000
5135126.000000
1937018.000000
1864844.000000
3616270.000000
1926006.000000
757177.000000
3206162.000000
2615363.000000
4116045.000000
4153505.000000
4121737.000000
4539642.000000
4014340.000000
1574463.000000
1602499.000000
4455048.000000
2075632.000000
4240215.000000
974886.000000
808330.000000
3209905.000000
3616010.000000
808232.000000
2904142.000000
2335286.000000
1467694.000000
5059036.000000
191836.000000
1341758.000000
3422892.000000
4416274.000000
3562483.000000
210678.000000
1850532.000000
3524117.000000
77908.000000
2239051.000000
964819.000000
2841474.000000
2073506.000000
3586703.000000
2902712.000000
637868.000000
1469071.000000
905343.000000
5019479.000000
3441345.000000
477704.000000
353685.000000
3330586.000000
63041.000000
3650245.000000
1040828.000000
412257.000000
4786273.000000
4336538.000000
2835248.000000
4512530.000000
4604127.000000
2384917.000000
2423718.000000
2231881.000000
4005160.000000
1209074.000000
4462117.000000
508875.000000
2621699.000000
2360995.000000
5092006.000000
2967978.000000
3806543.000000
3295563.000000
4207229.000000
586545.000000
3899999.000000
1374360.000000
4185590.000000
1570538.000000
2871583.000000
3971787.000000
101256.000000
4554471.000000
3259023.000000
1441268.000000
3125849.000000
5579143.000000
4269159.000000
2841697.000000
4067779.000000
3418449.000000
1227955.000000
4702806.000000
3677547.000000
393693.000000
4254998.000000
2108676.000000
3846272.000000
3609219.000000
3040135.000000
114244.000000
3009524.000000
1939586.000000
3904619.000000
1290317.000000
4677468.000000
3653882.000000
106419.000000
4199900.000000
746387.000000
4509223.000000
4579197.000000
3141317.000000
3613140.000000
4033922.000000
3328983.000000
3762265.000000
2030936.000000
1056224.000000
606924.000000
3532640.000000
4315599.000000
92005.000000
576084.000000
2609968.000000
4812917.000000
3441848.000000
514483.000000
3975183.000000
173734.000000
1269635.000000
2244871.000000
1861349.000000
2915957.000000
2654995.000000
4495612.000000
3682904.000000
754193.000000
4881077.000000
1138625.000000
4808527.000000
4090825.000000
3261354.000000
2266423.000000
3064698.000000
3696691.000000
3515499.000000
4369598.000000
2378019.000000
179809.000000
104553.000000
3459706.000000
780429.000000
3459217.000000
3353520.000000
5058806.000000
23496.000000
3235178.000000
2318329.000000
110218.000000
2944266.000000
4454588.000000
4146473.000000
4218965.000000
425887.000000
3395344.000000
4251997.000000
3434354.000000
3201454.000000
4453932.000000
172423.000000
3702139.000000
1296699.000000
4449835.000000
3830274.000000
765660.000000
4617944.000000
76657.000000
213695.000000
3411465.000000
183750.000000
433571.000000
4750494.000000
3150923.000000
4093453.000000
2292393.000000
3635139.000000
1904505.000000
637445.000000
550435.000000
4160367.000000
2258681.000000
2377174.000000
3436301.000000
4596424.000000
461747.000000
3859259.000000
3560652.000000
100805.000000
3764163.000000
2957507.000000
1556630.000000
4123114.000000
681535.000000
3940308.000000
848623.000000
796695.000000
1123871.000000
4195795.000000
4445558.000000
1488420.000000
408210.000000
1841628.000000
641489.000000
2836409.000000
3015850.000000
4529778.000000
4701052.000000
3542857.000000
517855.000000
3148667.000000
3285688.000000
2883746.000000
3585861.000000
2398418.000000
1589111.000000
2302550.000000
904868.000000
326462.000000
3571159.000000
1610537.000000
3377987.000000
4040747.000000
1994682.000000
3898327.000000
4268533.000000
106437.000000
384351.000000
695584.000000
3543036.000000
2035855.000000
3696173.000000
3075272.000000
3491398.000000
2648748.000000
4823119.000000
4753699.000000
3159816.000000
3304779.000000
4419326.000000
4147717.000000
4186073.000000
875971.000000
2771496.000000
910102.000000
259327.000000
299059.000000
604723.000000
181617.000000
3531379.000000
1884357.000000
2947753.000000
3090848.000000
4332881.000000
1920915.000000
3157337.000000
3988711.000000
3190949.000000
1374537.000000
320225.000000
3402488.000000
3883510.000000
4534571.000000
4573785.000000
4325531.000000
4274784.000000
506618.000000
4418457.000000
2566227.000000
4967176.000000
4043701.000000
2958707.000000
2436301.000000
425962.000000
3777829.000000
1533023.000000
725210.000000
4453547.000000
168258.000000
488051.000000
3758022.000000
2336070.000000
4128486.000000
1412781.000000
4045976.000000
3073134.000000
3961949.000000
3632659.000000
3870883.000000
948886.000000
2865316.000000
4481085.000000
420627.000000
1104865.000000
2460661.000000
1498040.000000
2688404.000000
437224.000000
271243.000000
558743.000000
1621862.000000
4478563.000000
3527888.000000
3438136.000000
