0.000000
0.000000
0.000000
0.000000
0.000000
0.000000
0.000000
0.000000
0.000000
0.000000
0.000000
0.000000
0.000000
0.000000
0.000000
0.000000
0.000000
0.000000
0.000000
0.000000
0.000000
0.000000
0.000000
0.000000
0.000000
0.000000
0.000000
0.000000
0.000000
0.000000
0.000000
0.000000
0.000000
0.000000
0.000000
0.000000
0.000000
0.000000
0.000000
0.000000
0.000000
0.000000
0.000000
0.000000
0.000000
0.000000
0.000000
0.000000
0.000000
0.000000
0.000000
0.000000
0.000000
0.000000
0.000000
0.000000
0.000000
0.000000
0.000000
0.000000
0.000000
0.000000
0.000000
0.000000
0.000000
0.000000
0.000000
0.000000
0.000000
0.000000
0.000000
0.000000
0.000000
0.000000
0.000000
0.000000
0.000000
0.000000
0.000000
0.000000
0.000000
0.000000
0.000000
0.000000
0.000000
0.000000
0.000000
0.000000
0.000000
0.000000
0.000000
0.000000
0.000000
0.000000
0.000000
0.000000
0.000000
0.000000
0.000000
0.000000
0.000000
0.000000
0.000000
0.000000
0.000000
0.000000
0.000000
0.000000
0.000000
0.000000
0.000000
0.000000
0.000000
0.000000
0.000000
0.000000
0.000000
0.000000
0.000000
0.000000
0.000000
0.000000
0.000000
0.000000
0.000000
0.000000
0.000000
0.000000
0.000000
0.000000
0.000000
0.000000
0.000000
0.000000
0.000000
0.000000
0.000000
0.000000
0.000000
0.000000
0.000000
0.000000
0.000000
0.000000
0.000000
0.000000
0.000000
0.000000
0.000000
0.000000
0.000000
0.000000
0.000000
0.000000
0.000000
0.000000
0.000000
0.000000
0.000000
0.000000
0.000000
0.000000
0.000000
0.000000
0.000000
0.000000
0.000000
0.000000
0.000000
0.000000
0.000000
0.000000
0.000000
0.000000
0.000000
0.000000
0.000000
0.000000
0.000000
0.000000
0.000000
0.000000
0.000000
0.000000
0.000000
0.000000
0.000000
0.000000
0.000000
0.000000
0.000000
0.000000
0.000000
0.000000
0.000000
0.000000
0.000000
0.000000
0.000000
0.000000
0.000000
0.000000
0.000000
0.000000
0.000000
0.000000
0.000000
0.000000
0.000000
0.000000
0.000000
0.000000
0.000000
0.000000
0.000000
0.000000
0.000000
0.000000
0.000000
0.000000
0.000000
0.000000
0.000000
0.000000
0.000000
0.000000
0.000000
0.000000
0.000000
0.000000
0.000000
0.000000
0.000000
0.000000
0.000000
0.000000
0.000000
0.000000
0.000000
0.000000
0.000000
0.000000
0.000000
0.000000
0.000000
0.000000
0.000000
0.000000
0.000000
0.000000
0.000000
0.000000
0.000000
0.000000
0.000000
0.000000
0.000000
0.000000
0.000000
0.000000
0.000000
0.000000
0.000000
0.000000
0.000000
0.000000
0.000000
0.000000
0.000000
0.000000
0.000000
0.000000
0.000000
0.000000
0.000000
0.000000
0.000000
0.000000
0.000000
0.000000
0.000000
0.000000
0.000000
0.000000
0.000000
0.000000
0.000000
0.000000
0.000000
0.000000
0.000000
0.000000
0.000000
0.000000
0.000000
0.000000
0.000000
0.000000
0.000000
0.000000
0.000000
0.000000
0.000000
0.000000
0.000000
0.000000
0.000000
0.000000
0.000000
0.000000
0.000000
0.000000
0.000000
0.000000
0.000000
0.000000
0.000000
0.000000
0.000000
0.000000
0.000000
0.000000
0.000000
0.000000
0.000000
0.000000
0.000000
0.000000
0.000000
0.000000
0.000000
0.000000
0.000000
0.000000
0.000000
0.000000
0.000000
0.000000
0.000000
0.000000
0.000000
0.000000
0.000000
0.000000
0.000000
0.000000
0.000000
0.000000
0.000000
0.000000
0.000000
0.000000
0.000000
0.000000
0.000000
0.000000
0.000000
0.000000
0.000000
0.000000
0.000000
0.000000
0.000000
0.000000
0.000000
0.000000
0.000000
0.000000
0.000000
0.000000
0.000000
0.000000
0.000000
0.000000
0.000000
0.000000
0.000000
0.000000
0.000000
0.000000
0.000000
0.000000
0.000000
0.000000
0.000000
0.000000
0.000000
0.000000
0.000000
0.000000
0.000000
0.000000
0.000000
0.000000
0.000000
0.000000
0.000000
0.000000
0.000000
0.000000
0.000000
0.000000
0.000000
0.000000
0.000000
0.000000
0.000000
0.000000
0.000000
0.000000
0.000000
0.000000
0.000000
0.000000
0.000000
0.000000
0.000000
0.000000
0.000000
0.000000
0.000000
0.000000
0.000000
0.000000
0.000000
0.000000
0.000000
0.000000
0.000000
0.000000
0.000000
0.000000
0.000000
0.000000
0.000000
0.000000
0.000000
0.000000
0.000000
0.000000
0.000000
0.000000
0.000000
0.000000
0.000000
0.000000
0.000000
0.000000
0.000000
0.000000
0.000000
0.000000
0.000000
0.000000
0.000000
0.000000
0.000000
0.000000
0.000000
0.000000
0.000000
0.000000
0.000000
0.000000
0.000000
0.000000
0.000000
0.000000
0.000000
0.000000
0.000000
0.000000
0.000000
0.000000
0.000000
0.000000
0.000000
0.000000
0.000000
0.000000
0.000000
0.000000
0.000000
0.000000
0.000000
0.000000
0.000000
0.000000
0.000000
0.000000
0.000000
0.000000
0.000000
0.000000
0.000000
0.000000
0.000000
0.000000
0.000000
0.000000
0.000000
0.000000
0.000000
0.000000
0.000000
0.000000
0.000000
0.000000
0.000000
0.000000
0.000000
0.000000
0.000000
0.000000
0.000000
0.000000
0.000000
0.000000
0.000000
0.000000
0.000000
0.000000
0.000000
0.000000
0.000000
0.000000
0.000000
0.000000
0.000000
0.000000
0.000000
0.000000
0.000000
0.000000
0.000000
0.000000
0.000000
0.000000
0.000000
0.000000
0.000000
0.000000
0.000000
0.000000
0.000000
0.000000
0.000000
0.000000
0.000000
0.000000
11093355.000000
5736305.000000
5183013.000000
4227108.000000
5733936.000000
6220358.000000
359651.000000
3619828.000000
6602403.000000
530671.000000
423313.000000
5018239.000000
2453903.000000
5384620.000000
1522197.000000
6459579.000000
364445.000000
6031381.000000
4728333.000000
1109422.000000
240338.000000
151266.000000
5502321.000000
4614068.000000
1236590.000000
2454246.000000
4288637.000000
5835384.000000
6413630.000000
4655726.000000
4184872.000000
2301563.000000
6966116.000000
670717.000000
1939831.000000
4290442.000000
5016380.000000
4746484.000000
7675689.000000
6741595.000000
3321796.000000
4115486.000000
711684.000000
1202419.000000
3146714.000000
1218525.000000
5504069.000000
1883952.000000
2038549.000000
4122004.000000
2852529.000000
376518.000000
1345813.000000
3561570.000000
5967684.000000
5706540.000000
6406554.000000
2867706.000000
4887173.000000
4880368.000000
333297.000000
2601355.000000
2487376.000000
3124247.000000
5304610.000000
658594.000000
4705008.000000
4217546.000000
1062963.000000
4655952.000000
4746266.000000
1586061.000000
1062718.000000
570227.000000
1715786.000000
4622219.000000
5724490.000000
3695434.000000
1862442.000000
2113153.000000
2839466.000000
1837642.000000
3676871.000000
5547728.000000
773775.000000
1593615.000000
5458760.000000
3184489.000000
2883683.000000
4289888.000000
5144905.000000
1527782.000000
1181690.000000
126541.000000
3683330.000000
1736415.000000
2917169.000000
675600.000000
5364275.000000
3951216.000000
5468631.000000
6500391.000000
1363858.000000
5681096.000000
3822179.000000
109346.000000
2922052.000000
3626226.000000
1299372.000000
3839350.000000
4420746.000000
1557746.000000
4957670.000000
66526.000000
3619799.000000
2380095.000000
2508661.000000
7143442.000000
526186.000000
3922469.000000
4462612.000000
6282356.000000
2324017.000000
4885036.000000
4310180.000000
6695468.000000
2000248.000000
1652287.000000
3533858.000000
4903486.000000
4172009.000000
6942867.000000
1195963.000000
2344298.000000
5519826.000000
942723.000000
4056438.000000
130921.000000
2639814.000000
4629405.000000
406459.000000
3775647.000000
2811354.000000
4155654.000000
3880912.000000
6745880.000000
5449372.000000
3156751.000000
944907.000000
4610249.000000
435208.000000
145090.000000
5590279.000000
2072887.000000
1040049.000000
3448071.000000
3904911.000000
3479499.000000
7984927.000000
2359098.000000
7024626.000000
746454.000000
3617564.000000
6751981.000000
576747.000000
7605337.000000
5506043.000000
201562.000000
5508034.000000
2409258.000000
4399868.000000
6069648.000000
2731925.000000
1660617.000000
279256.000000
5349365.000000
86152.000000
6940049.000000
15668.000000
599811.000000
5741248.000000
4641562.000000
3806946.000000
639539.000000
6999312.000000
6637791.000000
6773910.000000
1739802.000000
318603.000000
424787.000000
1067613.000000
5991649.000000
7058960.000000
1862900.000000
4173207.000000
5384201.000000
4299072.000000
2486312.000000
3962193.000000
1054554.000000
338969.000000
575034.000000
3815003.000000
4984115.000000
674347.000000
6004309.000000
1004511.000000
7581007.000000
4748162.000000
4174592.000000
6754822.000000
198755.000000
5458001.000000
1451609.000000
6453408.000000
1241135.000000
210493.000000
1497962.000000
3556675.000000
1338826.000000
3233111.000000
1437467.000000
4846754.000000
3048347.000000
1922824.000000
3282328.000000
162144.000000
5200372.000000
4213083.000000
801455.000000
3465865.000000
4917719.000000
4749308.000000
4494638.000000
514492.000000
5795277.000000
4151522.000000
1445050.000000
2906266.000000
6223576.000000
5700041.000000
3230416.000000
6410858.000000
420090.000000
3159951.000000
6922279.000000
4725059.000000
3959849.000000
4287017.000000
5682605.000000
2325641.000000
21693.000000
4439754.000000
82368.000000
1188016.000000
6224357.000000
6749665.000000
326174.000000
339463.000000
4062671.000000
5488645.000000
7975.000000
5837020.000000
3384706.000000
1275838.000000
99700.000000
3094521.000000
5509406.000000
484342.000000
131498.000000
5869975.000000
4309144.000000
1478059.000000
2267502.000000
3684811.000000
4481386.000000
2371790.000000
4917877.000000
5214171.000000
7096394.000000
183595.000000
166481.000000
3119705.000000
3372670.000000
6150564.000000
3996612.000000
70140.000000
3597132.000000
4890531.000000
206718.000000
4985858.000000
1901646.000000
5946510.000000
3463290.000000
5806268.000000
2489113.000000
3638810.000000
1452383.000000
239516.000000
4737200.000000
4866198.000000
2026246.000000
4977205.000000
230153.000000
3314438.000000
2427206.000000
6546165.000000
442386.000000
214418.000000
3550793.000000
564404.000000
3979756.000000
2395493.000000
4117855.000000
3204207.000000
2598642.000000
2167490.000000
938589.000000
5355780.000000
5841043.000000
691276.000000
1790442.000000
3968411.000000
5302441.000000
225019.000000
705575.000000
2369120.000000
529993.000000
3219891.000000
167872.000000
60954.000000
1310314.000000
4118346.000000
5455656.000000
3684557.000000
188176.000000
2778896.000000
6189811.000000
6748678.000000
3919833.000000
3632281.000000
3562630.000000
3986081.000000
285217.000000
7116160.000000
191250.000000
4329113.000000
3431181.000000
3204193.000000
131468.000000
2245422.000000
5191489.000000
5387924.000000
4830214.000000
2723707.000000
448426.000000
3588309.000000
1494987.000000
3695797.000000
230849.000000
355180.000000
4762795.000000
4889142.000000
4404734.000000
2203042.000000
5572771.000000
5655040.000000
1334180.000000
6703419.000000
3319076.000000
134557.000000
2529547.000000
2664354.000000
1319307.000000
3080238.000000
4130180.000000
5215475.000000
3417476.000000
4571265.000000
313346.000000
90073.000000
4879814.000000
2900782.000000
6274944.000000
229366.000000
1777691.000000
217442.000000
7772445.000000
365972.000000
2661939.000000
3194194.000000
6063147.000000
1728235.000000
3118368.000000
5159312.000000
4696793.000000
3404085.000000
1709616.000000
3331781.000000
5989437.000000
3479922.000000
738768.000000
49411.000000
2192947.000000
5080745.000000
4589788.000000
1468839.000000
2773972.000000
4970146.000000
2610200.000000
5696644.000000
5196822.000000
5084703.000000
3536312.000000
7349630.000000
5893268.000000
7290179.000000
2258279.000000
3458369.000000
151483.000000
4102533.000000
1176816.000000
5769928.000000
1659235.000000
1929327.000000
4509950.000000
74781.000000
6001194.000000
5947563.000000
1401389.000000
3420970.000000
5883229.000000
1596920.000000
5786252.000000
1039924.000000
1139934.000000
4468864.000000
2376343.000000
5673839.000000
169756.000000
5054615.000000
5702439.000000
3055146.000000
1391177.000000
917012.000000
2773573.000000
3824976.000000
2377697.000000
864140.000000
5514774.000000
2621688.000000
5037333.000000
2994093.000000
5729175.000000
3391367.000000
4835856.000000
1149508.000000
5780213.000000
4762914.000000
278053.000000
5653431.000000
3249381.000000
2102157.000000
2141605.000000
3744287.000000
2497793.000000
2502577.000000
7000860.000000
4950515.000000
4588165.000000
4057038.000000
1172338.000000
2296438.000000
5316855.000000
4618738.000000
5905476.000000
3330147.000000
4616653.000000
3457990.000000
851973.000000
5812268.000000
3419842.000000
7035165.000000
4890689.000000
3609903.000000
5859011.000000
4393574.000000
531231.000000
2013054.000000
5100668.000000
5423182.000000
97082.000000
6683304.000000
961927.000000
297320.000000
123147.000000
1108774.000000
4323835.000000
2615281.000000
4672767.000000
3816726.000000
2461120.000000
2974729.000000
6297371.000000
939945.000000
1208281.000000
4925548.000000
308806.000000
6814400.000000
5242461.000000
2228315.000000
179739.000000
2203959.000000
5259963.000000
7009792.000000
3346017.000000
5810898.000000
4216013.000000
5430785.000000
4117831.000000
730064.000000
2003843.000000
1302515.000000
921382.000000
4246171.000000
223856.000000
346178.000000
6650699.000000
848658.000000
1768072.000000
1515799.000000
5037705.000000
550488.000000
6706050.000000
3831864.000000
4220437.000000
2847508.000000
4461145.000000
157903.000000
4615929.000000
6384863.000000
1153962.000000
4007255.000000
182702.000000
5402377.000000
2116875.000000
2607881.000000
4272049.000000
1564619.000000
1574336.000000
335991.000000
2742049.000000
205159.000000
3906936.000000
6978436.000000
272786.000000
5612923.000000
6942723.000000
4501682.000000
5080967.000000
4271679.000000
272757.000000
4178020.000000
514357.000000
5757923.000000
6742504.000000
6559749.000000
5100251.000000
5935906.000000
509803.000000
1236813.000000
2134300.000000
4547378.000000
3716504.000000
1966563.000000
5920127.000000
2638414.000000
2928504.000000
5375327.000000
3954727.000000
3217146.000000
4119603.000000
2949555.000000
191935.000000
757469.000000
2760494.000000
92687.000000
825646.000000
196300.000000
4844224.000000
6992302.000000
4819295.000000
1835504.000000
31198.000000
7482817.000000
4666710.000000
4473836.000000
2245835.000000
6307319.000000
4563123.000000
4190193.000000
2975150.000000
2808278.000000
301247.000000
325474.000000
6349964.000000
1185489.000000
4628064.000000
267496.000000
4745061.000000
17964.000000
59901.000000
5425110.000000
113600.000000
2849840.000000
715662.000000
215556.000000
554626.000000
1600232.000000
4502746.000000
207167.000000
6413605.000000
3677421.000000
2723463.000000
7248026.000000
194083.000000
2429456.000000
5160895.000000
5438922.000000
4329999.000000
3957182.000000
5690051.000000
967594.000000
3804522.000000
3232420.000000
3645481.000000
3654815.000000
1704019.000000
4264159.000000
60577.000000
4164987.000000
6644199.000000
18259.000000
1648586.000000
3145738.000000
5861701.000000
4983869.000000
4576445.000000
698969.000000
2063217.000000
6874203.000000
107653.000000
1095265.000000
2147291.000000
748120.000000
2500337.000000
4333238.000000
7214658.000000
836946.000000
5530032.000000
6598922.000000
2147804.000000
828434.000000
1240008.000000
4295042.000000
417690.000000
191486.000000
1942330.000000
2776808.000000
5182638.000000
5580966.000000
5102862.000000
511532.000000
4545954.000000
5872794.000000
902250.000000
6561403.000000
1797552.000000
2003531.000000
5643020.000000
4827623.000000
5806745.000000
3113127.000000
5687389.000000
103702.000000
3691349.000000
5955437.000000
5461667.000000
267837.000000
3360384.000000
5048251.000000
95501.000000
78261.000000
6121001.000000
5891186.000000
5151507.000000
5402190.000000
5835350.000000
3301680.000000
4360472.000000
1070995.000000
3738593.000000
2692208.000000
5767235.000000
1216095.000000
4915097.000000
392387.000000
5809462.000000
5007735.000000
4899873.000000
2464456.000000
5163882.000000
5623721.000000
254201.000000
7293011.000000
629686.000000
6299323.000000
207772.000000
822546.000000
913365.000000
2970847.000000
1222258.000000
5027014.000000
8050317.000000
5292253.000000
5356772.000000
5338463.000000
151916.000000
623506.000000
5992082.000000
1411969.000000
712425.000000
4017400.000000
4502962.000000
6374208.000000
6385118.000000
2544747.000000
5036581.000000
5794706.000000
4913910.000000
5563336.000000
21797.000000
2461716.000000
127434.000000
213580.000000
2821056.000000
1121128.000000
6902708.000000
6542026.000000
7344477.000000
6734572.000000
123306.000000
2542141.000000
3685684.000000
2248698.000000
1500876.000000
6223245.000000
3625316.000000
982187.000000
6615086.000000
5149912.000000
6548899.000000
3978901.000000
5224864.000000
677908.000000
871058.000000
517864.000000
1393880.000000
2950832.000000
5785527.000000
5671259.000000
7461880.000000
5304488.000000
3191151.000000
3132323.000000
4300418.000000
159098.000000
4767668.000000
3197419.000000
5819965.000000
471438.000000
4992758.000000
5292959.000000
1885915.000000
4498908.000000
864932.000000
5009526.000000
5245021.000000
3089929.000000
3628658.000000
2903059.000000
6018723.000000
7172841.000000
13890.000000
5196906.000000
1959372.000000
15985.000000
5664791.000000
2542593.000000
3970247.000000
3909699.000000
3590178.000000
7194371.000000
1635976.000000
6245034.000000
94586.000000
7226157.000000
2954323.000000
2688813.000000
849503.000000
1917269.000000
3676283.000000
4044382.000000
2782814.000000
88813.000000
5623277.000000
755899.000000
5648721.000000
322331.000000
5891788.000000
1347420.000000
5510225.000000
4959754.000000
4712174.000000
603871.000000
4749306.000000
427353.000000
5162147.000000
5344147.000000
211471.000000
5526634.000000
4796762.000000
4887858.000000
176514.000000
6922736.000000
5997806.000000
513849.000000
458157.000000
6755915.000000
4353690.000000
419006.000000
605495.000000
4140608.000000
4700482.000000
1243931.000000
5654203.000000
1216596.000000
785703.000000
1172042.000000
5605437.000000
580186.000000
5020562.000000
74273.000000
3648763.000000
544546.000000
4618713.000000
6606728.000000
281009.000000
5780459.000000
5052701.000000
852577.000000
4715964.000000
4463123.000000
3995871.000000
3934367.000000
121234.000000
868680.000000
333015.000000
5316596.000000
97056.000000
865957.000000
5994804.000000
638215.000000
5529404.000000
7532130.000000
4117626.000000
4776118.000000
941974.000000
5552665.000000
913546.000000
4308422.000000
2968173.000000
2910757.000000
580965.000000
4246167.000000
3092308.000000
26590.000000
18335.000000
6957996.000000
1908311.000000
7606.000000
6027760.000000
3833908.000000
2371031.000000
191907.000000
2096916.000000
4481225.000000
3577616.000000
5298790.000000
807543.000000
428016.000000
5450054.000000
3326642.000000
3682198.000000
5921949.000000
4267204.000000
2718609.000000
5873609.000000
4657462.000000
3569542.000000
3378668.000000
5003763.000000
4529396.000000
1133318.000000
6433360.000000
597972.000000
5213092.000000
5126224.000000
3728604.000000
788512.000000
2433164.000000
2761089.000000
17194.000000
2593477.000000
3230548.000000
3187546.000000
3471802.000000
5482994.000000
5679096.000000
4410337.000000
1255154.000000
988184.000000
6541872.000000
3760788.000000
3713041.000000
5617155.000000
207580.000000
3238142.000000
2746776.000000
6141205.000000
3741468.000000
2161514.000000
402654.000000
4836655.000000
550415.000000
3732323.000000
1414118.000000
6288799.000000
537644.000000
1544175.000000
6172185.000000
2864954.000000
864453.000000
3714113.000000
1107956.000000
3792253.000000
1889834.000000
194980.000000
3192579.000000
4493412.000000
4284665.000000
6521028.000000
4364458.000000
5293407.000000
6557589.000000
239201.000000
2546204.000000
4726006.000000
5488639.000000
480548.000000
1500798.000000
5077168.000000
5287050.000000
2773431.000000
3030581.000000
2247095.000000
5998479.000000
279440.000000
5755661.000000
5253652.000000
5177208.000000
3790176.000000
2462580.000000
3794523.000000
4708042.000000
1922527.000000
2176649.000000
6638751.000000
6208805.000000
7258355.000000
3535246.000000
98482.000000
6794314.000000
5318916.000000
2436754.000000
5821581.000000
6209047.000000
6179798.000000
5696058.000000
3076683.000000
118433.000000
4745046.000000
6395764.000000
4724459.000000
749763.000000
3601305.000000
5855095.000000
4696523.000000
6837452.000000
2331605.000000
1715317.000000
433451.000000
4555505.000000
1120794.000000
70651.000000
5101368.000000
4094645.000000
6301354.000000
2441549.000000
4310216.000000
1201429.000000
6069336.000000
4025249.000000
4857305.000000
6464001.000000
16165.000000
4137852.000000
459856.000000
1900338.000000
841483.000000
271493.000000
3658822.000000
618796.000000
6483309.000000
3818714.000000
670889.000000
152179.000000
1011025.000000
5594215.000000
4706990.000000
4384066.000000
3500623.000000
156616.000000
4441202.000000
2411253.000000
600409.000000
5826808.000000
260730.000000
5918511.000000
3178380.000000
7321223.000000
3718055.000000
5703100.000000
905162.000000
3537392.000000
4157233.000000
5549426.000000
1740168.000000
1291175.000000
5435505.000000
1625669.000000
1426824.000000
17611.000000
6270614.000000
6327430.000000
3006231.000000
7201129.000000
1502605.000000
433121.000000
5674989.000000
6381758.000000
3034611.000000
3839394.000000
4144041.000000
2481907.000000
1122769.000000
6219561.000000
6074697.000000
546899.000000
3777224.000000
5631820.000000
5864416.000000
5823186.000000
262461.000000
17129.000000
522661.000000
4144841.000000
6239046.000000
704909.000000
265171.000000
2125192.000000
516765.000000
1366103.000000
5571968.000000
239179.000000
450286.000000
4709684.000000
160600.000000
5121691.000000
5263147.000000
4559014.000000
2185951.000000
224396.000000
4885902.000000
4583348.000000
5767908.000000
499002.000000
4621012.000000
4454286.000000
4730182.000000
429182.000000
4110530.000000
6259228.000000
151519.000000
5503420.000000
3685333.000000
2344591.000000
365414.000000
5303167.000000
5109368.000000
6097698.000000
927860.000000
2732140.000000
5276889.000000
263390.000000
4066675.000000
790975.000000
4190475.000000
3120593.000000
3891492.000000
3780125.000000
2229412.000000
2125290.000000
2077047.000000
2651140.000000
4216373.000000
4642791.000000
2017144.000000
1592811.000000
5136661.000000
7350441.000000
4986404.000000
4322040.000000
783726.000000
1178786.000000
146293.000000
5910377.000000
319555.000000
2284566.000000
5338295.000000
6739898.000000
676216.000000
2021541.000000
2213644.000000
752763.000000
3117309.000000
3805818.000000
1031911.000000
2476725.000000
3852157.000000
6225125.000000
4527878.000000
4377998.000000
5270209.000000
3466565.000000
6307652.000000
85522.000000
3252186.000000
6353632.000000
3879400.000000
2795133.000000
4361481.000000
6433901.000000
163487.000000
4817927.000000
4092701.000000
4579405.000000
74426.000000
4134912.000000
980889.000000
475042.000000
2683537.000000
2759996.000000
725676.000000
308413.000000
5694544.000000
4126103.000000
3528160.000000
6265783.000000
4285032.000000
2745867.000000
34120.000000
139046.000000
4544573.000000
389655.000000
3933722.000000
6658259.000000
3383272.000000
694636.000000
6430873.000000
5176519.000000
1118074.000000
6425234.000000
460416.000000
1877862.000000
909986.000000
6065098.000000
4379784.000000
3125275.000000
4194958.000000
85598.000000
546051.000000
100725.000000
526877.000000
5766415.000000
2510947.000000
3922460.000000
2885139.000000
1312954.000000
4086600.000000
6285220.000000
6137899.000000
1222074.000000
6914608.000000
3105047.000000
6171770.000000
2952765.000000
2124367.000000
2556978.000000
5652665.000000
5992363.000000
487704.000000
3833168.000000
2353508.000000
5849411.000000
821241.000000
5035345.000000
3169695.000000
6062056.000000
552346.000000
4592732.000000
5862826.000000
4648506.000000
3566234.000000
1698720.000000
25999.000000
4665334.000000
746309.000000
2847602.000000
625765.000000
1406146.000000
161760.000000
3788215.000000
2117968.000000
5167805.000000
1492537.000000
403125.000000
3799057.000000
430236.000000
8487522.000000
4603942.000000
501685.000000
5548126.000000
3351290.000000
4293962.000000
378642.000000
6640274.000000
400049.000000
6477206.000000
806455.000000
1135021.000000
2697408.000000
2388057.000000
4942721.000000
3712596.000000
4057393.000000
6015427.000000
4549893.000000
4657668.000000
708924.000000
2306570.000000
1953555.000000
5847410.000000
6233457.000000
65777.000000
3464636.000000
677544.000000
4651752.000000
2703332.000000
4738699.000000
4441541.000000
1146821.000000
5978740.000000
190716.000000
6908091.000000
6538996.000000
6181715.000000
85440.000000
6269073.000000
882531.000000
5368736.000000
852042.000000
241562.000000
3020438.000000
1205467.000000
3135110.000000
5103345.000000
3902444.000000
411842.000000
16100.000000
1306666.000000
1584063.000000
3277955.000000
893624.000000
36914.000000
2791222.000000
7170426.000000
2164630.000000
5667516.000000
5808651.000000
470646.000000
4333528.000000
708575.000000
6575590.000000
6299758.000000
4839722.000000
5287236.000000
622426.000000
242924.000000
6070958.000000
2130185.000000
1322247.000000
1954317.000000
4783969.000000
1179661.000000
5026343.000000
5079842.000000
4818763.000000
5714128.000000
524327.000000
681615.000000
4221102.000000
1109024.000000
6393872.000000
3654233.000000
2541565.000000
2258522.000000
5788392.000000
3610819.000000
3006421.000000
5235028.000000
4950550.000000
162842.000000
17644.000000
895529.000000
89785.000000
6154594.000000
2697481.000000
3741826.000000
5753063.000000
242354.000000
5672215.000000
652627.000000
239483.000000
4037896.000000
3180864.000000
5940601.000000
2627273.000000
6814279.000000
2038112.000000
445818.000000
918547.000000
130582.000000
4347523.000000
271092.000000
1913473.000000
4873227.000000
4586023.000000
3193322.000000
5867507.000000
3453110.000000
4090125.000000
6261504.000000
4900836.000000
3460788.000000
1467479.000000
2475765.000000
1155675.000000
825076.000000
179849.000000
3920617.000000
503717.000000
5576363.000000
3017690.000000
20259.000000
420275.000000
3778977.000000
4021742.000000
4674322.000000
2611344.000000
813675.000000
6132933.000000
4608076.000000
3818840.000000
626102.000000
5005252.000000
3653333.000000
319373.000000
7643847.000000
4378001.000000
3167058.000000
59185.000000
7203319.000000
1981284.000000
3209314.000000
2448502.000000
3861101.000000
1032364.000000
6761057.000000
5750040.000000
4260397.000000
4003218.000000
4493956.000000
6502589.000000
4354159.000000
3147877.000000
5802362.000000
2426562.000000
4381820.000000
1144309.000000
5760340.000000
2423991.000000
4948137.000000
1015008.000000
917122.000000
5125380.000000
1192490.000000
5915304.000000
2359701.000000
430341.000000
6021447.000000
4328290.000000
3357229.000000
123904.000000
3050744.000000
3288197.000000
2619321.000000
1577992.000000
4117255.000000
4545638.000000
5259693.000000
5189466.000000
961844.000000
5762725.000000
2872565.000000
4562713.000000
4166089.000000
1105573.000000
695020.000000
4743095.000000
229321.000000
5992494.000000
4765192.000000
4694157.000000
4495415.000000
155861.000000
1594144.000000
2583086.000000
381701.000000
4277207.000000
4345791.000000
429201.000000
4809753.000000
4029233.000000
4115309.000000
5411685.000000
5012448.000000
2417954.000000
5448009.000000
5210431.000000
911831.000000
4769042.000000
552212.000000
5079177.000000
6156850.000000
5622034.000000
3384836.000000
623864.000000
986784.000000
6435309.000000
4136521.000000
1185431.000000
5490771.000000
6520959.000000
6561169.000000
428281.000000
1864491.000000
5524053.000000
3090788.000000
2322761.000000
1760024.000000
2121139.000000
3319526.000000
568123.000000
788038.000000
1769703.000000
185839.000000
747753.000000
6779957.000000
250639.000000
111068.000000
171127.000000
5429602.000000
4440197.000000
3801659.000000
3473056.000000
4198694.000000
390073.000000
430755.000000
5621215.000000
5815872.000000
4149119.000000
4455380.000000
3409284.000000
2523383.000000
8018587.000000
4887210.000000
4616775.000000
220689.000000
423971.000000
1759527.000000
158409.000000
5021031.000000
2017597.000000
1002198.000000
1541999.000000
5754193.000000
3892564.000000
3231526.000000
1400042.000000
2101107.000000
714954.000000
3177017.000000
3779478.000000
1291590.000000
191639.000000
3847132.000000
693957.000000
3735931.000000
600921.000000
5796240.000000
5223667.000000
3650589.000000
5982479.000000
3195462.000000
1633136.000000
662755.000000
3009681.000000
399371.000000
1683299.000000
651119.000000
6059762.000000
4828014.000000
1278274.000000
2408713.000000
598213.000000
4882679.000000
6952877.000000
5976625.000000
380951.000000
4576243.000000
3851818.000000
3426088.000000
143893.000000
4081056.000000
5710134.000000
5444757.000000
1742186.000000
2140592.000000
3437755.000000
2446416.000000
2184755.000000
474336.000000
5570383.000000
1276433.000000
4387928.000000
13672.000000
2628439.000000
4600176.000000
5174974.000000
6092092.000000
6967055.000000
123094.000000
5260924.000000
1986811.000000
2775916.000000
4560299.000000
6815079.000000
3597716.000000
4153509.000000
1132678.000000
803226.000000
1257432.000000
5351703.000000
5895732.000000
6796938.000000
609135.000000
6712363.000000
4253520.000000
368680.000000
5984581.000000
1210071.000000
1927778.000000
672079.000000
6419270.000000
3923392.000000
399585.000000
2763343.000000
7849041.000000
5612931.000000
3381279.000000
1308064.000000
5161456.000000
6816135.000000
4653638.000000
590298.000000
4775543.000000
4039070.000000
1428217.000000
6014544.000000
2718444.000000
4538521.000000
1456496.000000
4127267.000000
3740012.000000
2707913.000000
1136636.000000
3178026.000000
2596745.000000
5731523.000000
2765262.000000
955207.000000
6174309.000000
7974337.000000
6730756.000000
719998.000000
3789818.000000
3948894.000000
150264.000000
4007563.000000
4884739.000000
4967764.000000
5415283.000000
6015016.000000
5307618.000000
4910444.000000
3583117.000000
1814900.000000
6040392.000000
6905297.000000
3199674.000000
697538.000000
1734543.000000
3830082.000000
3157740.000000
6726123.000000
7163061.000000
4070958.000000
5111178.000000
6227366.000000
400388.000000
8502330.000000
2171273.000000
116921.000000
5571954.000000
2813491.000000
5399012.000000
3795974.000000
1958745.000000
229446.000000
682415.000000
4872551.000000
2924262.000000
5754961.000000
4576384.000000
6708675.000000
3306715.000000
4508782.000000
3091759.000000
1115838.000000
7468450.000000
2352489.000000
4187371.000000
2696516.000000
1821052.000000
4189211.000000
1447094.000000
656802.000000
3823548.000000
3502337.000000
5059948.000000
6475696.000000
6242473.000000
7381113.000000
7435038.000000
1806689.000000
1198296.000000
7321850.000000
2025013.000000
6560239.000000
670645.000000
896028.000000
5241007.000000
5108960.000000
850353.000000
2816077.000000
1971251.000000
1404912.000000
5712624.000000
198175.000000
1068520.000000
4677718.000000
4455198.000000
3683354.000000
235468.000000
1953322.000000
5955972.000000
92906.000000
2910932.000000
730832.000000
2039502.000000
1600237.000000
4534321.000000
2413895.000000
733341.000000
1717671.000000
941793.000000
5518482.000000
6583804.000000
424466.000000
417486.000000
3290145.000000
50203.000000
5155882.000000
1344211.000000
302883.000000
3987557.000000
6540622.000000
2631492.000000
6225527.000000
6019109.000000
3105119.000000
3865583.000000
1301331.000000
4364208.000000
1153744.000000
6323023.000000
427794.000000
4071443.000000
2074961.000000
5014089.000000
3896655.000000
5171978.000000
4346484.000000
5042494.000000
620384.000000
5820192.000000
1233784.000000
3862339.000000
1282142.000000
3656094.000000
3188501.000000
106142.000000
5021698.000000
2548751.000000
1371469.000000
4803991.000000
4816935.000000
5229682.000000
3952245.000000
4636242.000000
4608796.000000
923574.000000
7091156.000000
6731036.000000
390564.000000
6125879.000000
1473459.000000
5312854.000000
5167851.000000
3251052.000000
105244.000000
4950813.000000
2108990.000000
7252396.000000
1770305.000000
6450098.000000
3942085.000000
87493.000000
5127189.000000
568144.000000
5313220.000000
6474217.000000
2660483.000000
3688633.000000
5199816.000000
6114020.000000
4402021.000000
2596728.000000
768061.000000
632088.000000
5195407.000000
4222819.000000
97884.000000
470124.000000
2728822.000000
4257470.000000
3754984.000000
518902.000000
3961214.000000
161649.000000
1252632.000000
3070773.000000
1728391.000000
3316016.000000
3515941.000000
7200413.000000
3531150.000000
547129.000000
6467413.000000
884184.000000
5421281.000000
4458458.000000
4953465.000000
2564847.000000
5315465.000000
5802531.000000
4913734.000000
4508260.000000
3505271.000000
160889.000000
81250.000000
4096462.000000
527678.000000
4839073.000000
5133022.000000
4732465.000000
16715.000000
3957066.000000
2726693.000000
229151.000000
2984790.000000
5891670.000000
5862326.000000
4871358.000000
324513.000000
5333224.000000
4378069.000000
4169013.000000
4403619.000000
5638657.000000
154349.000000
3337627.000000
1326503.000000
5756912.000000
5959798.000000
715828.000000
7050097.000000
91985.000000
194961.000000
3051902.000000
183857.000000
297608.000000
5796820.000000
7041999.000000
5071416.000000
1950298.000000
5975675.000000
1412796.000000
735912.000000
384612.000000
4942367.000000
2210290.000000
1964957.000000
3867665.000000
5372816.000000
525776.000000
3039182.000000
5133136.000000
77071.000000
3706723.000000
3736985.000000
1560527.000000
5557725.000000
732123.000000
4949388.000000
1000843.000000
422861.000000
916216.000000
8128167.000000
4330008.000000
1422576.000000
390208.000000
972037.000000
500115.000000
4164475.000000
3702268.000000
6607190.000000
4567311.000000
2611208.000000
507709.000000
2790193.000000
4254241.000000
3003383.000000
7004734.000000
2414245.000000
1389815.000000
2401305.000000
819177.000000
410954.000000
3911167.000000
1490299.000000
4740840.000000
6222624.000000
2156076.000000
6278169.000000
5334019.000000
115611.000000
380555.000000
485765.000000
3715881.000000
1549574.000000
5509789.000000
2834257.000000
4948674.000000
2901203.000000
5419724.000000
6078974.000000
3805432.000000
2471996.000000
5636701.000000
4895558.000000
6287163.000000
931986.000000
2793875.000000
989140.000000
209264.000000
299830.000000
504399.000000
221288.000000
2960040.000000
1766845.000000
3822169.000000
3328015.000000
4755341.000000
1632412.000000
3883214.000000
5503845.000000
5081610.000000
1370214.000000
232027.000000
7704657.000000
3883309.000000
4669126.000000
4722732.000000
5040134.000000
4898737.000000
316976.000000
6469797.000000
3621176.000000
5999723.000000
7278698.000000
3974157.000000
3252556.000000
382253.000000
4090984.000000
1555692.000000
579275.000000
5717875.000000
171824.000000
709945.000000
7058853.000000
2569424.000000
6358239.000000
1675486.000000
4513749.000000
4626617.000000
6574025.000000
3501428.000000
3549568.000000
650803.000000
2371127.000000
4674071.000000
406875.000000
1252399.000000
3504557.000000
1479821.000000
3665184.000000
326135.000000
239489.000000
466873.000000
1119950.000000
6110978.000000
3689537.000000
4638008.000000
