0.000000
0.000000
0.000000
0.000000
0.000000
0.000000
0.000000
0.000000
0.000000
0.000000
0.000000
0.000000
0.000000
0.000000
0.000000
0.000000
0.000000
0.000000
0.000000
0.000000
0.000000
0.000000
0.000000
0.000000
0.000000
0.000000
0.000000
0.000000
0.000000
0.000000
0.000000
0.000000
0.000000
0.000000
0.000000
0.000000
0.000000
0.000000
0.000000
0.000000
0.000000
0.000000
0.000000
0.000000
0.000000
0.000000
0.000000
0.000000
0.000000
0.000000
0.000000
0.000000
0.000000
0.000000
0.000000
0.000000
0.000000
0.000000
0.000000
0.000000
0.000000
0.000000
0.000000
0.000000
0.000000
0.000000
0.000000
0.000000
0.000000
0.000000
0.000000
0.000000
0.000000
0.000000
0.000000
0.000000
0.000000
0.000000
0.000000
0.000000
0.000000
0.000000
0.000000
0.000000
0.000000
0.000000
0.000000
0.000000
0.000000
0.000000
0.000000
0.000000
0.000000
0.000000
0.000000
0.000000
0.000000
0.000000
0.000000
0.000000
0.000000
0.000000
0.000000
0.000000
0.000000
0.000000
0.000000
0.000000
0.000000
0.000000
0.000000
0.000000
0.000000
0.000000
0.000000
0.000000
0.000000
0.000000
0.000000
0.000000
0.000000
0.000000
0.000000
0.000000
0.000000
0.000000
0.000000
0.000000
0.000000
0.000000
0.000000
0.000000
0.000000
0.000000
0.000000
0.000000
0.000000
0.000000
0.000000
0.000000
0.000000
0.000000
0.000000
0.000000
0.000000
0.000000
0.000000
0.000000
0.000000
0.000000
0.000000
0.000000
0.000000
0.000000
0.000000
0.000000
0.000000
0.000000
0.000000
0.000000
0.000000
0.000000
0.000000
0.000000
0.000000
0.000000
0.000000
0.000000
0.000000
0.000000
0.000000
0.000000
0.000000
0.000000
0.000000
0.000000
0.000000
0.000000
0.000000
0.000000
0.000000
0.000000
0.000000
0.000000
0.000000
0.000000
0.000000
0.000000
0.000000
0.000000
0.000000
0.000000
0.000000
0.000000
0.000000
0.000000
0.000000
0.000000
0.000000
0.000000
0.000000
0.000000
0.000000
0.000000
0.000000
0.000000
0.000000
0.000000
0.000000
0.000000
0.000000
0.000000
0.000000
0.000000
0.000000
0.000000
0.000000
0.000000
0.000000
0.000000
0.000000
0.000000
0.000000
0.000000
0.000000
0.000000
0.000000
0.000000
0.000000
0.000000
0.000000
0.000000
0.000000
0.000000
0.000000
0.000000
0.000000
0.000000
0.000000
0.000000
0.000000
0.000000
0.000000
0.000000
0.000000
0.000000
0.000000
0.000000
0.000000
0.000000
0.000000
0.000000
0.000000
0.000000
0.000000
0.000000
0.000000
0.000000
0.000000
0.000000
0.000000
0.000000
0.000000
0.000000
0.000000
0.000000
0.000000
0.000000
0.000000
0.000000
0.000000
0.000000
0.000000
0.000000
0.000000
0.000000
0.000000
0.000000
0.000000
0.000000
0.000000
0.000000
0.000000
0.000000
0.000000
0.000000
0.000000
0.000000
0.000000
0.000000
0.000000
0.000000
0.000000
0.000000
0.000000
0.000000
0.000000
0.000000
0.000000
0.000000
0.000000
0.000000
0.000000
0.000000
0.000000
0.000000
0.000000
0.000000
0.000000
0.000000
0.000000
0.000000
0.000000
0.000000
0.000000
0.000000
0.000000
0.000000
0.000000
0.000000
0.000000
0.000000
0.000000
0.000000
0.000000
0.000000
0.000000
0.000000
0.000000
0.000000
0.000000
0.000000
0.000000
0.000000
0.000000
0.000000
0.000000
0.000000
0.000000
0.000000
0.000000
0.000000
0.000000
0.000000
0.000000
0.000000
0.000000
0.000000
0.000000
0.000000
0.000000
0.000000
0.000000
0.000000
0.000000
0.000000
0.000000
0.000000
0.000000
0.000000
0.000000
0.000000
0.000000
0.000000
0.000000
0.000000
0.000000
0.000000
0.000000
0.000000
0.000000
0.000000
0.000000
0.000000
0.000000
0.000000
0.000000
0.000000
0.000000
0.000000
0.000000
0.000000
0.000000
0.000000
0.000000
0.000000
0.000000
0.000000
0.000000
0.000000
0.000000
0.000000
0.000000
0.000000
0.000000
0.000000
0.000000
0.000000
0.000000
0.000000
0.000000
0.000000
0.000000
0.000000
0.000000
0.000000
0.000000
0.000000
0.000000
0.000000
0.000000
0.000000
0.000000
0.000000
0.000000
0.000000
0.000000
0.000000
0.000000
0.000000
0.000000
0.000000
0.000000
0.000000
0.000000
0.000000
0.000000
0.000000
0.000000
0.000000
0.000000
0.000000
0.000000
0.000000
0.000000
0.000000
0.000000
0.000000
0.000000
0.000000
0.000000
0.000000
0.000000
0.000000
0.000000
0.000000
0.000000
0.000000
0.000000
0.000000
0.000000
0.000000
0.000000
0.000000
0.000000
0.000000
0.000000
0.000000
0.000000
0.000000
0.000000
0.000000
0.000000
0.000000
0.000000
0.000000
0.000000
0.000000
0.000000
0.000000
0.000000
0.000000
0.000000
0.000000
0.000000
0.000000
0.000000
0.000000
0.000000
0.000000
0.000000
0.000000
0.000000
0.000000
0.000000
0.000000
0.000000
0.000000
0.000000
0.000000
0.000000
0.000000
0.000000
0.000000
0.000000
0.000000
0.000000
0.000000
0.000000
0.000000
0.000000
0.000000
0.000000
0.000000
0.000000
0.000000
0.000000
0.000000
0.000000
0.000000
0.000000
0.000000
0.000000
0.000000
0.000000
0.000000
0.000000
0.000000
0.000000
0.000000
0.000000
0.000000
0.000000
0.000000
0.000000
0.000000
0.000000
0.000000
0.000000
0.000000
0.000000
0.000000
0.000000
0.000000
0.000000
0.000000
0.000000
0.000000
0.000000
0.000000
0.000000
0.000000
0.000000
0.000000
0.000000
0.000000
0.000000
0.000000
0.000000
0.000000
0.000000
0.000000
0.000000
0.000000
0.000000
0.000000
669515.000000
419402.000000
409864.000000
304385.000000
264847.000000
390660.000000
486171.000000
482724.000000
419631.000000
435383.000000
260136.000000
398175.000000
387401.000000
325565.000000
182962.000000
83153.000000
411668.000000
350272.000000
351030.000000
425159.000000
434584.000000
473362.000000
531266.000000
349469.000000
359176.000000
369808.000000
415097.000000
364057.000000
372779.000000
396782.000000
400190.000000
467500.000000
462242.000000
367893.000000
384784.000000
363599.000000
349882.000000
374715.000000
427196.000000
376073.000000
461838.000000
371580.000000
372041.000000
425603.000000
360072.000000
217393.000000
293033.000000
356790.000000
373803.000000
388042.000000
487481.000000
391108.000000
403880.000000
433351.000000
221232.000000
384649.000000
433864.000000
466272.000000
391345.000000
307783.000000
461122.000000
383569.000000
427753.000000
444983.000000
393401.000000
417737.000000
279269.000000
314332.000000
427689.000000
406568.000000
428681.000000
402700.000000
396016.000000
406826.000000
456793.000000
469142.000000
441646.000000
424660.000000
340601.000000
367696.000000
412066.000000
367781.000000
315099.000000
448984.000000
443331.000000
355497.000000
398847.000000
124029.000000
379566.000000
378933.000000
414311.000000
308929.000000
372674.000000
350178.000000
405215.000000
414551.000000
449059.000000
431625.000000
414262.000000
95832.000000
408053.000000
370905.000000
417812.000000
419260.000000
402338.000000
358113.000000
480878.000000
57094.000000
472521.000000
317857.000000
439484.000000
415385.000000
322280.000000
404513.000000
434386.000000
397650.000000
414799.000000
357598.000000
378938.000000
424130.000000
356832.000000
459902.000000
424304.000000
398636.000000
415192.000000
376350.000000
415384.000000
414279.000000
411722.000000
356287.000000
397870.000000
98270.000000
471335.000000
449375.000000
264458.000000
397336.000000
364477.000000
434463.000000
346356.000000
494866.000000
367674.000000
316048.000000
395128.000000
331155.000000
279025.000000
107961.000000
431196.000000
453520.000000
414328.000000
406637.000000
383829.000000
477441.000000
424436.000000
421108.000000
385853.000000
329372.000000
393722.000000
418336.000000
312388.000000
410505.000000
404749.000000
186867.000000
438766.000000
441085.000000
392154.000000
394812.000000
350869.000000
353305.000000
211258.000000
396660.000000
105439.000000
425279.000000
10502.000000
330313.000000
409454.000000
415093.000000
385763.000000
336593.000000
431512.000000
375364.000000
409632.000000
307001.000000
263600.000000
303995.000000
385120.000000
364015.000000
442420.000000
487531.000000
507105.000000
450529.000000
400879.000000
354400.000000
458558.000000
348567.000000
275283.000000
284331.000000
373875.000000
405691.000000
345939.000000
441655.000000
329229.000000
446081.000000
377172.000000
444302.000000
395824.000000
214204.000000
387976.000000
355947.000000
415201.000000
374061.000000
188987.000000
386802.000000
370675.000000
352358.000000
346725.000000
420923.000000
395489.000000
368601.000000
470205.000000
410662.000000
102345.000000
437082.000000
348574.000000
320923.000000
380567.000000
424237.000000
381944.000000
391831.000000
276915.000000
389219.000000
382908.000000
398317.000000
390932.000000
407043.000000
428917.000000
385302.000000
388576.000000
276153.000000
474268.000000
449502.000000
357598.000000
400869.000000
414202.000000
370958.000000
394062.000000
20460.000000
415849.000000
62015.000000
454196.000000
384329.000000
373594.000000
224031.000000
218381.000000
352338.000000
463888.000000
6524.000000
463848.000000
382839.000000
408745.000000
69511.000000
419684.000000
468200.000000
338947.000000
99312.000000
447976.000000
431767.000000
376110.000000
367973.000000
367342.000000
389970.000000
423171.000000
424266.000000
433477.000000
460376.000000
134116.000000
126116.000000
413593.000000
372290.000000
461953.000000
412485.000000
61045.000000
422881.000000
389288.000000
163600.000000
420262.000000
395735.000000
469596.000000
422842.000000
457578.000000
421223.000000
370678.000000
371065.000000
181691.000000
422827.000000
425089.000000
380736.000000
396343.000000
198011.000000
421431.000000
348348.000000
431809.000000
317887.000000
183218.000000
396347.000000
296571.000000
398986.000000
358141.000000
381204.000000
435667.000000
379238.000000
391392.000000
391820.000000
370685.000000
391767.000000
287738.000000
360212.000000
431085.000000
458759.000000
177231.000000
335381.000000
353483.000000
341518.000000
416344.000000
129904.000000
51947.000000
386145.000000
403946.000000
458442.000000
429777.000000
159349.000000
378248.000000
363097.000000
403071.000000
371098.000000
488030.000000
374652.000000
388380.000000
217370.000000
431018.000000
144627.000000
381605.000000
429499.000000
358722.000000
104625.000000
425820.000000
440879.000000
464712.000000
483695.000000
422284.000000
278645.000000
385235.000000
315099.000000
448795.000000
172253.000000
275328.000000
448865.000000
355566.000000
346799.000000
423880.000000
392765.000000
434378.000000
385369.000000
396126.000000
344361.000000
121208.000000
418298.000000
383484.000000
376470.000000
411379.000000
329444.000000
410818.000000
381688.000000
388548.000000
213824.000000
72646.000000
394640.000000
357775.000000
434244.000000
181956.000000
434775.000000
170334.000000
425607.000000
247157.000000
357335.000000
369528.000000
457663.000000
391128.000000
409341.000000
399144.000000
442706.000000
437441.000000
350159.000000
385705.000000
418344.000000
459619.000000
314730.000000
61015.000000
383866.000000
407192.000000
396943.000000
298072.000000
469907.000000
429500.000000
306986.000000
473861.000000
456091.000000
410956.000000
438058.000000
406989.000000
420418.000000
367101.000000
372386.000000
403351.000000
125880.000000
374624.000000
333514.000000
399868.000000
378906.000000
392678.000000
410725.000000
54559.000000
446283.000000
372609.000000
350408.000000
420730.000000
374538.000000
365239.000000
424045.000000
376923.000000
391773.000000
413232.000000
393607.000000
375805.000000
112689.000000
439604.000000
442285.000000
408261.000000
346068.000000
386619.000000
422196.000000
456950.000000
364086.000000
377900.000000
398200.000000
418145.000000
382073.000000
363313.000000
384001.000000
347016.000000
437776.000000
418446.000000
426390.000000
397085.000000
207274.000000
394009.000000
325485.000000
376102.000000
440666.000000
377915.000000
357109.000000
462789.000000
476008.000000
396008.000000
428090.000000
392051.000000
419088.000000
405195.000000
471990.000000
388941.000000
424202.000000
431461.000000
424495.000000
364989.000000
364417.000000
355284.000000
364560.000000
408965.000000
400361.000000
389271.000000
382644.000000
413037.000000
243480.000000
497214.000000
416691.000000
354208.000000
90449.000000
444357.000000
297843.000000
247104.000000
88546.000000
338767.000000
466611.000000
365186.000000
342421.000000
401195.000000
477799.000000
338187.000000
408762.000000
315971.000000
364238.000000
384345.000000
228490.000000
437854.000000
440570.000000
490043.000000
143662.000000
396269.000000
343760.000000
412408.000000
410266.000000
472460.000000
464999.000000
383888.000000
371450.000000
368603.000000
395531.000000
393257.000000
375210.000000
373734.000000
240605.000000
207165.000000
409257.000000
367713.000000
442062.000000
411877.000000
412604.000000
279183.000000
423987.000000
464021.000000
417732.000000
393441.000000
433166.000000
129941.000000
437651.000000
442884.000000
391238.000000
385691.000000
162297.000000
421467.000000
392749.000000
386450.000000
442753.000000
385774.000000
413679.000000
280257.000000
336876.000000
195325.000000
393565.000000
373029.000000
229131.000000
400971.000000
464659.000000
338235.000000
415338.000000
447147.000000
155126.000000
351982.000000
271630.000000
402396.000000
418284.000000
409712.000000
411933.000000
455387.000000
299692.000000
331194.000000
375207.000000
420682.000000
421185.000000
406928.000000
436111.000000
422597.000000
359890.000000
402230.000000
439885.000000
390042.000000
406648.000000
356852.000000
168073.000000
371861.000000
373977.000000
106263.000000
473510.000000
181629.000000
415721.000000
358581.000000
375599.000000
368875.000000
27841.000000
379327.000000
385312.000000
434557.000000
420013.000000
399519.000000
399280.000000
461003.000000
408622.000000
406276.000000
246228.000000
184580.000000
405193.000000
370962.000000
343154.000000
214428.000000
461581.000000
18834.000000
64094.000000
381969.000000
99625.000000
458802.000000
369519.000000
132848.000000
292497.000000
377410.000000
469907.000000
200836.000000
452049.000000
382917.000000
415553.000000
388011.000000
144471.000000
376605.000000
391550.000000
436961.000000
367894.000000
433469.000000
370507.000000
416236.000000
449411.000000
413085.000000
375437.000000
435100.000000
400271.000000
435387.000000
58581.000000
393013.000000
401304.000000
15875.000000
468171.000000
376525.000000
403987.000000
385116.000000
644000.000000
309690.000000
369823.000000
402002.000000
92954.000000
354232.000000
421680.000000
347504.000000
357849.000000
393607.000000
398730.000000
361564.000000
430712.000000
376280.000000
394490.000000
314931.000000
288277.000000
396458.000000
262845.000000
142474.000000
390167.000000
388436.000000
388846.000000
448198.000000
415533.000000
323099.000000
439460.000000
418656.000000
370491.000000
432032.000000
479058.000000
405782.000000
457360.000000
400764.000000
445573.000000
422531.000000
428728.000000
86387.000000
408565.000000
480336.000000
478935.000000
222748.000000
391926.000000
405921.000000
95775.000000
76696.000000
413797.000000
402947.000000
424881.000000
392882.000000
456888.000000
471094.000000
352428.000000
382099.000000
409375.000000
367384.000000
413758.000000
353016.000000
385817.000000
290995.000000
376775.000000
420741.000000
448257.000000
395339.000000
356279.000000
475671.000000
198380.000000
378851.000000
326416.000000
451288.000000
181003.000000
378071.000000
407995.000000
400643.000000
378965.000000
418800.000000
450619.000000
419294.000000
380199.000000
398712.000000
136271.000000
326214.000000
367762.000000
405189.000000
340233.000000
387036.000000
328434.000000
398781.000000
426410.000000
385432.000000
478242.000000
452788.000000
395992.000000
398810.000000
17434.000000
401796.000000
117033.000000
192469.000000
423019.000000
439427.000000
366045.000000
432147.000000
453938.000000
401018.000000
101243.000000
393614.000000
415350.000000
381660.000000
365822.000000
399733.000000
508196.000000
371302.000000
399077.000000
469761.000000
423918.000000
442674.000000
379155.000000
328976.000000
357953.000000
300914.000000
400022.000000
396646.000000
404688.000000
375112.000000
403842.000000
404837.000000
364787.000000
442739.000000
415210.000000
141656.000000
447869.000000
383510.000000
473315.000000
320681.000000
471497.000000
411439.000000
322763.000000
358316.000000
332726.000000
403866.000000
360545.000000
409104.000000
435100.000000
459157.000000
404393.000000
471522.000000
11430.000000
353784.000000
397187.000000
16128.000000
388368.000000
340948.000000
459118.000000
385238.000000
428510.000000
436554.000000
403084.000000
363360.000000
78646.000000
385660.000000
398545.000000
418346.000000
324435.000000
417475.000000
353814.000000
388915.000000
403211.000000
62944.000000
429036.000000
316506.000000
405956.000000
195533.000000
405049.000000
381205.000000
401394.000000
412812.000000
374677.000000
253812.000000
381553.000000
226696.000000
409917.000000
400550.000000
202677.000000
407902.000000
458558.000000
337001.000000
107208.000000
390283.000000
409864.000000
301776.000000
304188.000000
385676.000000
355129.000000
279154.000000
288754.000000
437507.000000
390247.000000
433290.000000
429143.000000
341982.000000
311925.000000
401139.000000
433652.000000
287973.000000
460934.000000
71718.000000
345554.000000
327031.000000
417412.000000
387686.000000
222986.000000
410114.000000
429755.000000
439645.000000
442646.000000
413260.000000
387499.000000
436405.000000
86202.000000
355039.000000
270325.000000
375548.000000
93635.000000
325661.000000
409479.000000
306882.000000
364166.000000
410252.000000
345899.000000
378732.000000
334603.000000
422889.000000
365311.000000
400012.000000
475107.000000
410887.000000
316021.000000
400634.000000
417509.000000
27483.000000
16978.000000
330836.000000
414485.000000
7034.000000
407939.000000
380934.000000
334907.000000
173445.000000
348545.000000
367888.000000
349067.000000
405132.000000
389798.000000
297978.000000
427121.000000
467080.000000
399575.000000
381928.000000
393688.000000
371855.000000
375881.000000
437108.000000
424522.000000
347920.000000
401191.000000
396398.000000
386350.000000
375530.000000
305350.000000
494533.000000
422770.000000
412082.000000
319604.000000
342682.000000
321418.000000
18453.000000
365572.000000
414568.000000
480108.000000
432343.000000
367702.000000
482118.000000
441621.000000
314631.000000
356004.000000
402700.000000
431771.000000
406114.000000
427331.000000
193424.000000
397433.000000
387932.000000
398128.000000
372971.000000
406783.000000
266007.000000
349414.000000
291601.000000
378255.000000
426400.000000
393744.000000
332566.000000
311953.000000
436543.000000
335677.000000
334136.000000
424279.000000
329655.000000
390430.000000
326543.000000
175569.000000
328534.000000
338746.000000
374860.000000
404855.000000
387608.000000
472460.000000
458923.000000
197966.000000
383541.000000
402956.000000
487261.000000
325227.000000
297760.000000
393634.000000
354652.000000
425336.000000
474505.000000
424421.000000
427640.000000
242918.000000
442392.000000
404282.000000
423020.000000
415727.000000
378061.000000
365951.000000
436669.000000
369937.000000
443642.000000
383673.000000
364846.000000
434242.000000
442187.000000
89732.000000
397139.000000
363295.000000
435344.000000
429181.000000
368023.000000
429131.000000
501370.000000
427711.000000
92706.000000
464390.000000
413255.000000
370936.000000
322860.000000
381179.000000
453263.000000
348629.000000
392930.000000
403962.000000
342890.000000
293482.000000
422545.000000
309793.000000
59248.000000
487121.000000
396143.000000
528368.000000
465741.000000
436845.000000
348597.000000
415339.000000
410538.000000
418133.000000
413526.000000
18438.000000
441405.000000
270618.000000
438591.000000
346292.000000
175285.000000
325932.000000
378034.000000
426430.000000
443768.000000
358246.000000
163551.000000
397231.000000
410937.000000
412225.000000
371695.000000
415051.000000
120500.000000
394227.000000
377343.000000
279766.000000
400414.000000
180165.000000
358224.000000
422567.000000
420654.000000
434084.000000
415892.000000
346660.000000
367289.000000
394279.000000
459719.000000
408048.000000
406297.000000
443032.000000
349943.000000
361913.000000
19460.000000
459077.000000
422099.000000
369779.000000
436946.000000
386878.000000
241161.000000
425171.000000
385733.000000
389439.000000
356385.000000
433030.000000
369559.000000
349069.000000
454009.000000
394267.000000
300868.000000
417628.000000
450965.000000
384760.000000
461792.000000
222933.000000
14477.000000
283795.000000
425489.000000
435561.000000
335590.000000
203183.000000
363628.000000
248909.000000
416743.000000
415086.000000
221001.000000
273621.000000
440442.000000
138692.000000
381494.000000
388057.000000
396838.000000
383544.000000
183402.000000
401065.000000
383943.000000
433133.000000
287967.000000
366775.000000
401155.000000
389299.000000
310885.000000
442992.000000
412624.000000
159550.000000
410061.000000
427182.000000
389351.000000
256374.000000
350111.000000
367969.000000
509817.000000
354551.000000
413390.000000
466122.000000
260164.000000
405787.000000
312891.000000
464714.000000
367531.000000
400440.000000
415276.000000
418740.000000
464420.000000
460502.000000
333226.000000
409486.000000
488420.000000
361089.000000
328897.000000
397342.000000
446127.000000
440735.000000
429187.000000
394094.000000
367007.000000
121133.000000
459672.000000
212447.000000
347217.000000
391742.000000
431664.000000
316870.000000
402511.000000
401687.000000
372090.000000
364674.000000
443768.000000
453215.000000
434960.000000
420610.000000
436177.000000
379559.000000
396259.000000
334994.000000
423508.000000
413996.000000
73443.000000
449331.000000
377006.000000
387333.000000
392904.000000
392829.000000
480543.000000
177630.000000
383751.000000
405134.000000
379763.000000
54002.000000
411604.000000
320178.000000
284205.000000
332748.000000
394600.000000
327741.000000
265605.000000
471155.000000
379177.000000
443589.000000
390613.000000
470612.000000
348012.000000
33365.000000
101045.000000
345056.000000
248614.000000
374344.000000
462272.000000
431880.000000
301462.000000
403577.000000
434601.000000
388523.000000
409553.000000
269214.000000
425498.000000
395349.000000
411602.000000
375225.000000
414259.000000
400790.000000
74106.000000
359357.000000
81446.000000
296869.000000
432735.000000
419546.000000
378422.000000
395073.000000
339513.000000
421830.000000
438721.000000
328092.000000
422856.000000
350281.000000
391528.000000
465983.000000
428934.000000
343834.000000
332462.000000
357214.000000
367423.000000
295948.000000
403542.000000
404991.000000
356462.000000
373355.000000
471665.000000
368523.000000
461680.000000
341843.000000
386557.000000
409119.000000
354066.000000
502002.000000
389781.000000
16780.000000
438170.000000
325787.000000
398533.000000
367466.000000
388328.000000
138067.000000
520890.000000
331220.000000
388424.000000
396979.000000
223944.000000
438483.000000
251678.000000
490605.000000
358324.000000
288631.000000
400069.000000
370580.000000
373062.000000
239362.000000
348927.000000
273621.000000
394354.000000
403897.000000
391239.000000
462081.000000
346631.000000
443975.000000
452753.000000
399246.000000
431625.000000
348835.000000
493112.000000
327521.000000
381750.000000
404804.000000
387020.000000
372680.000000
52204.000000
346875.000000
296752.000000
438299.000000
344740.000000
404243.000000
375261.000000
388241.000000
449473.000000
171377.000000
366587.000000
410245.000000
412733.000000
68577.000000
419241.000000
412573.000000
373550.000000
376779.000000
239551.000000
386963.000000
403266.000000
414024.000000
442309.000000
404704.000000
269773.000000
16306.000000
341759.000000
446416.000000
423514.000000
389787.000000
47146.000000
393516.000000
455199.000000
443217.000000
392084.000000
366030.000000
275825.000000
453372.000000
288429.000000
389446.000000
394482.000000
406274.000000
453174.000000
329381.000000
221372.000000
470813.000000
400996.000000
430020.000000
393428.000000
379168.000000
352856.000000
465312.000000
363822.000000
413993.000000
366614.000000
277799.000000
322150.000000
388466.000000
406970.000000
418327.000000
417013.000000
274897.000000
393053.000000
446458.000000
422461.000000
417380.000000
412956.000000
391191.000000
126696.000000
18453.000000
363754.000000
94019.000000
398900.000000
429147.000000
433553.000000
395355.000000
217278.000000
411628.000000
259651.000000
185347.000000
390657.000000
384441.000000
373303.000000
350525.000000
429156.000000
342624.000000
254205.000000
338696.000000
133236.000000
350380.000000
201815.000000
428122.000000
394072.000000
397794.000000
425436.000000
428588.000000
476765.000000
423959.000000
372102.000000
478633.000000
419450.000000
282014.000000
403457.000000
301073.000000
395665.000000
130322.000000
483633.000000
318797.000000
442275.000000
345871.000000
18955.000000
251568.000000
461059.000000
446457.000000
316760.000000
413441.000000
242946.000000
404222.000000
364167.000000
416706.000000
315650.000000
472692.000000
434215.000000
266197.000000
456624.000000
422705.000000
350296.000000
55843.000000
460187.000000
408482.000000
451722.000000
388455.000000
402813.000000
370890.000000
403777.000000
420326.000000
491870.000000
406823.000000
378301.000000
415063.000000
407994.000000
514054.000000
449295.000000
376733.000000
469413.000000
346279.000000
426978.000000
464134.000000
430656.000000
350285.000000
344046.000000
423819.000000
394959.000000
473582.000000
412666.000000
266808.000000
420475.000000
399021.000000
447114.000000
116541.000000
374272.000000
387148.000000
439669.000000
389336.000000
438986.000000
418862.000000
363715.000000
376182.000000
365314.000000
435958.000000
340799.000000
478236.000000
368050.000000
386867.000000
313974.000000
377578.000000
169452.000000
415553.000000
413147.000000
364219.000000
409840.000000
154463.000000
394549.000000
310005.000000
286255.000000
387679.000000
435233.000000
297857.000000
460159.000000
371148.000000
358566.000000
403934.000000
377858.000000
419377.000000
457993.000000
417752.000000
436464.000000
390220.000000
305066.000000
510981.000000
463748.000000
340732.000000
374654.000000
319803.000000
323699.000000
451607.000000
401929.000000
348559.000000
357963.000000
409718.000000
448610.000000
288647.000000
379306.000000
450302.000000
365841.000000
453744.000000
408085.000000
368144.000000
383452.000000
349015.000000
315033.000000
401390.000000
180668.000000
334450.000000
407762.000000
201317.000000
92655.000000
160561.000000
394100.000000
414800.000000
356851.000000
434802.000000
349683.000000
249942.000000
235153.000000
429825.000000
408840.000000
445984.000000
427828.000000
440143.000000
343544.000000
405212.000000
387619.000000
392234.000000
193390.000000
303687.000000
319961.000000
132159.000000
350673.000000
412601.000000
356818.000000
383166.000000
402355.000000
347802.000000
397171.000000
374927.000000
382117.000000
322626.000000
387160.000000
450918.000000
366841.000000
157866.000000
433891.000000
353429.000000
356183.000000
291354.000000
423827.000000
416348.000000
390934.000000
408637.000000
402001.000000
396211.000000
309290.000000
374795.000000
260129.000000
355178.000000
390727.000000
379220.000000
497615.000000
435809.000000
448513.000000
356846.000000
454804.000000
378444.000000
483705.000000
253817.000000
477218.000000
466975.000000
387697.000000
147954.000000
425654.000000
373795.000000
376976.000000
310231.000000
483637.000000
404564.000000
333875.000000
379157.000000
256981.000000
456275.000000
365002.000000
414897.000000
13965.000000
402596.000000
419582.000000
377786.000000
482143.000000
440410.000000
106935.000000
437035.000000
422385.000000
362223.000000
358638.000000
470474.000000
400215.000000
424024.000000
393224.000000
393582.000000
330682.000000
477536.000000
381352.000000
436546.000000
335250.000000
396485.000000
425490.000000
260179.000000
450533.000000
328625.000000
447027.000000
286563.000000
468683.000000
400881.000000
288449.000000
386779.000000
417217.000000
435494.000000
393715.000000
427928.000000
428248.000000
400886.000000
415684.000000
307026.000000
388314.000000
351789.000000
383666.000000
413463.000000
397215.000000
403448.000000
419598.000000
423799.000000
333554.000000
369647.000000
368943.000000
432996.000000
417439.000000
441813.000000
408335.000000
352164.000000
458692.000000
422625.000000
441766.000000
376623.000000
382278.000000
389166.000000
163920.000000
469761.000000
381807.000000
399436.000000
412635.000000
456948.000000
394615.000000
520890.000000
392590.000000
386935.000000
369953.000000
406230.000000
423466.000000
318337.000000
315099.000000
416518.000000
297981.000000
408131.000000
334247.000000
462979.000000
363712.000000
441179.000000
265287.000000
397458.000000
391374.000000
95387.000000
444172.000000
393875.000000
377729.000000
403236.000000
378365.000000
178633.000000
384379.000000
434473.000000
403751.000000
459031.000000
452729.000000
404489.000000
409805.000000
399062.000000
454603.000000
400597.000000
391442.000000
427194.000000
374609.000000
393764.000000
345423.000000
470924.000000
348804.000000
321594.000000
370775.000000
392438.000000
404943.000000
398366.000000
384875.000000
410802.000000
379757.000000
404812.000000
374380.000000
470559.000000
475743.000000
473395.000000
320157.000000
335457.000000
358927.000000
463874.000000
289949.000000
415014.000000
369137.000000
440003.000000
376978.000000
139741.000000
414220.000000
408820.000000
395843.000000
399533.000000
169254.000000
423419.000000
461665.000000
72560.000000
409474.000000
367614.000000
364044.000000
391100.000000
348617.000000
420232.000000
358942.000000
356034.000000
359583.000000
405650.000000
405427.000000
271908.000000
250327.000000
415543.000000
64845.000000
389948.000000
337388.000000
222552.000000
374940.000000
421907.000000
366908.000000
435781.000000
434365.000000
382122.000000
410363.000000
378670.000000
358903.000000
325107.000000
421842.000000
254418.000000
402007.000000
398328.000000
430244.000000
426608.000000
478241.000000
402289.000000
454031.000000
294958.000000
400695.000000
422117.000000
406360.000000
373693.000000
407005.000000
337673.000000
61448.000000
455489.000000
358110.000000
413593.000000
406087.000000
373128.000000
349479.000000
455759.000000
419287.000000
428631.000000
350444.000000
469901.000000
381140.000000
268924.000000
435845.000000
396210.000000
438288.000000
357218.000000
387872.000000
101708.000000
439411.000000
333639.000000
474430.000000
416786.000000
476399.000000
403499.000000
103231.000000
357118.000000
298196.000000
437328.000000
438367.000000
398542.000000
456793.000000
447652.000000
376265.000000
399415.000000
344406.000000
311267.000000
286905.000000
393799.000000
335300.000000
85322.000000
272840.000000
395937.000000
371050.000000
395354.000000
291040.000000
442517.000000
143133.000000
402649.000000
405267.000000
399408.000000
411509.000000
474274.000000
375277.000000
384502.000000
322112.000000
471562.000000
386537.000000
449629.000000
381611.000000
451162.000000
396217.000000
395677.000000
415407.000000
406508.000000
380107.000000
380175.000000
130780.000000
107430.000000
407933.000000
368815.000000
344023.000000
456747.000000
365579.000000
18453.000000
416366.000000
352728.000000
97758.000000
394866.000000
451623.000000
385205.000000
446297.000000
253304.000000
377303.000000
422897.000000
403810.000000
413458.000000
469529.000000
145618.000000
316951.000000
434117.000000
468812.000000
487775.000000
320153.000000
428879.000000
81788.000000
176697.000000
404676.000000
126718.000000
237971.000000
432360.000000
420500.000000
409959.000000
354720.000000
392272.000000
455461.000000
332331.000000
292878.000000
405647.000000
362507.000000
389053.000000
419337.000000
438726.000000
268288.000000
396970.000000
390432.000000
63250.000000
411296.000000
412421.000000
371051.000000
431595.000000
316569.000000
372994.000000
368121.000000
262073.000000
286609.000000
470093.000000
401873.000000
398564.000000
270400.000000
379215.000000
312429.000000
416975.000000
504529.000000
409123.000000
435029.000000
396508.000000
294945.000000
339175.000000
401799.000000
334444.000000
390188.000000
391042.000000
382084.000000
420462.000000
330961.000000
268973.000000
396180.000000
359184.000000
341399.000000
432651.000000
373911.000000
416830.000000
491876.000000
93547.000000
279146.000000
343030.000000
346194.000000
397554.000000
520238.000000
401150.000000
399043.000000
476162.000000
439792.000000
476550.000000
418255.000000
420152.000000
403945.000000
385938.000000
370578.000000
381172.000000
458110.000000
385022.000000
197848.000000
264099.000000
325509.000000
173232.000000
370557.000000
427775.000000
370122.000000
426161.000000
443931.000000
298967.000000
389404.000000
374865.000000
351145.000000
374133.000000
218140.000000
395911.000000
393537.000000
449154.000000
479330.000000
404641.000000
468102.000000
260560.000000
391246.000000
404985.000000
426041.000000
403711.000000
401777.000000
405376.000000
256256.000000
438804.000000
418430.000000
357169.000000
445546.000000
135994.000000
274659.000000
435030.000000
501145.000000
405623.000000
337867.000000
371788.000000
426911.000000
390335.000000
343414.000000
415862.000000
303858.000000
302275.000000
432452.000000
270703.000000
410996.000000
364202.000000
416583.000000
408443.000000
235740.000000
196456.000000
311328.000000
407397.000000
370650.000000
425191.000000
405550.000000
