0.000000
0.000000
0.000000
0.000000
0.000000
0.000000
0.000000
0.000000
0.000000
0.000000
0.000000
0.000000
0.000000
0.000000
0.000000
0.000000
0.000000
0.000000
0.000000
0.000000
0.000000
0.000000
0.000000
0.000000
0.000000
0.000000
0.000000
0.000000
0.000000
0.000000
0.000000
0.000000
0.000000
0.000000
0.000000
0.000000
0.000000
0.000000
0.000000
0.000000
0.000000
0.000000
0.000000
0.000000
0.000000
0.000000
0.000000
0.000000
0.000000
0.000000
0.000000
0.000000
0.000000
0.000000
0.000000
0.000000
0.000000
0.000000
0.000000
0.000000
0.000000
0.000000
0.000000
0.000000
0.000000
0.000000
0.000000
0.000000
0.000000
0.000000
0.000000
0.000000
0.000000
0.000000
0.000000
0.000000
0.000000
0.000000
0.000000
0.000000
0.000000
0.000000
0.000000
0.000000
0.000000
0.000000
0.000000
0.000000
0.000000
0.000000
0.000000
0.000000
0.000000
0.000000
0.000000
0.000000
0.000000
0.000000
0.000000
0.000000
0.000000
0.000000
0.000000
0.000000
0.000000
0.000000
0.000000
0.000000
0.000000
0.000000
0.000000
0.000000
0.000000
0.000000
0.000000
0.000000
0.000000
0.000000
0.000000
0.000000
0.000000
0.000000
0.000000
0.000000
0.000000
0.000000
0.000000
0.000000
0.000000
0.000000
0.000000
0.000000
0.000000
0.000000
0.000000
0.000000
0.000000
0.000000
0.000000
0.000000
0.000000
0.000000
0.000000
0.000000
0.000000
0.000000
0.000000
0.000000
0.000000
0.000000
0.000000
0.000000
0.000000
0.000000
0.000000
0.000000
0.000000
0.000000
0.000000
0.000000
0.000000
0.000000
0.000000
0.000000
0.000000
0.000000
0.000000
0.000000
0.000000
0.000000
0.000000
0.000000
0.000000
0.000000
0.000000
0.000000
0.000000
0.000000
0.000000
0.000000
0.000000
0.000000
0.000000
0.000000
0.000000
0.000000
0.000000
0.000000
0.000000
0.000000
0.000000
0.000000
0.000000
0.000000
0.000000
0.000000
0.000000
0.000000
0.000000
0.000000
0.000000
0.000000
0.000000
0.000000
0.000000
0.000000
0.000000
0.000000
0.000000
0.000000
0.000000
0.000000
0.000000
0.000000
0.000000
0.000000
0.000000
0.000000
0.000000
0.000000
0.000000
0.000000
0.000000
0.000000
0.000000
0.000000
0.000000
0.000000
0.000000
0.000000
0.000000
0.000000
0.000000
0.000000
0.000000
0.000000
0.000000
0.000000
0.000000
0.000000
0.000000
0.000000
0.000000
0.000000
0.000000
0.000000
0.000000
0.000000
0.000000
0.000000
0.000000
0.000000
0.000000
0.000000
0.000000
0.000000
0.000000
0.000000
0.000000
0.000000
0.000000
0.000000
0.000000
0.000000
0.000000
0.000000
0.000000
0.000000
0.000000
0.000000
0.000000
0.000000
0.000000
0.000000
0.000000
0.000000
0.000000
0.000000
0.000000
0.000000
0.000000
0.000000
0.000000
0.000000
0.000000
0.000000
0.000000
0.000000
0.000000
0.000000
0.000000
0.000000
0.000000
0.000000
0.000000
0.000000
0.000000
0.000000
0.000000
0.000000
0.000000
0.000000
0.000000
0.000000
0.000000
0.000000
0.000000
0.000000
0.000000
0.000000
0.000000
0.000000
0.000000
0.000000
0.000000
0.000000
0.000000
0.000000
0.000000
0.000000
0.000000
0.000000
0.000000
0.000000
0.000000
0.000000
0.000000
0.000000
0.000000
0.000000
0.000000
0.000000
0.000000
0.000000
0.000000
0.000000
0.000000
0.000000
0.000000
0.000000
0.000000
0.000000
0.000000
0.000000
0.000000
0.000000
0.000000
0.000000
0.000000
0.000000
0.000000
0.000000
0.000000
0.000000
0.000000
0.000000
0.000000
0.000000
0.000000
0.000000
0.000000
0.000000
0.000000
0.000000
0.000000
0.000000
0.000000
0.000000
0.000000
0.000000
0.000000
0.000000
0.000000
0.000000
0.000000
0.000000
0.000000
0.000000
0.000000
0.000000
0.000000
0.000000
0.000000
0.000000
0.000000
0.000000
0.000000
0.000000
0.000000
0.000000
0.000000
0.000000
0.000000
0.000000
0.000000
0.000000
0.000000
0.000000
0.000000
0.000000
0.000000
0.000000
0.000000
0.000000
0.000000
0.000000
0.000000
0.000000
0.000000
0.000000
0.000000
0.000000
0.000000
0.000000
0.000000
0.000000
0.000000
0.000000
0.000000
0.000000
0.000000
0.000000
0.000000
0.000000
0.000000
0.000000
0.000000
0.000000
0.000000
0.000000
0.000000
0.000000
0.000000
0.000000
0.000000
0.000000
0.000000
0.000000
0.000000
0.000000
0.000000
0.000000
0.000000
0.000000
0.000000
0.000000
0.000000
0.000000
0.000000
0.000000
0.000000
0.000000
0.000000
0.000000
0.000000
0.000000
0.000000
0.000000
0.000000
0.000000
0.000000
0.000000
0.000000
0.000000
0.000000
0.000000
0.000000
0.000000
0.000000
0.000000
0.000000
0.000000
0.000000
0.000000
0.000000
0.000000
0.000000
0.000000
0.000000
0.000000
0.000000
0.000000
0.000000
0.000000
0.000000
0.000000
0.000000
0.000000
0.000000
0.000000
0.000000
0.000000
0.000000
0.000000
0.000000
0.000000
0.000000
0.000000
0.000000
0.000000
0.000000
0.000000
0.000000
0.000000
0.000000
0.000000
0.000000
0.000000
0.000000
0.000000
0.000000
0.000000
0.000000
0.000000
0.000000
0.000000
0.000000
0.000000
0.000000
0.000000
0.000000
0.000000
0.000000
0.000000
0.000000
0.000000
0.000000
0.000000
0.000000
0.000000
0.000000
0.000000
0.000000
0.000000
0.000000
0.000000
0.000000
0.000000
0.000000
0.000000
0.000000
0.000000
0.000000
0.000000
0.000000
0.000000
0.000000
0.000000
0.000000
0.000000
0.000000
0.000000
0.000000
0.000000
0.000000
0.000000
0.000000
0.000000
0.000000
0.000000
0.000000
0.000000
0.000000
0.000000
0.000000
0.000000
0.000000
0.000000
0.000000
0.000000
0.000000
0.000000
0.000000
0.000000
0.000000
0.000000
0.000000
0.000000
0.000000
10490880.000000
4299030.000000
2365903.000000
6715223.000000
854189.000000
1664021.000000
4121924.000000
4694314.000000
5098217.000000
6563874.000000
6097830.000000
3337392.000000
4377778.000000
671759.000000
1166862.000000
3317293.000000
1361832.000000
6167136.000000
1687190.000000
1910469.000000
3805072.000000
2659662.000000
400210.000000
1216670.000000
3386140.000000
5587239.000000
5889830.000000
6295855.000000
2691842.000000
4692469.000000
4812905.000000
322605.000000
2580803.000000
2746086.000000
2924365.000000
5122387.000000
791455.000000
4380307.000000
3653039.000000
1133361.000000
4440904.000000
4271936.000000
1594030.000000
1282786.000000
611858.000000
1925623.000000
4732878.000000
5462893.000000
3409519.000000
1824814.000000
2043684.000000
3036453.000000
1955528.000000
3634560.000000
5300157.000000
879392.000000
1437027.000000
5294638.000000
3121391.000000
2761990.000000
4050622.000000
4991299.000000
1729472.000000
1371243.000000
165625.000000
3134574.000000
1953699.000000
2863670.000000
651351.000000
5131476.000000
3969662.000000
5214275.000000
6108423.000000
1370567.000000
5909059.000000
3580803.000000
98424.000000
2659489.000000
3578213.000000
1357584.000000
3520106.000000
4063853.000000
1652965.000000
4609316.000000
68078.000000
3513893.000000
2258770.000000
1967757.000000
6100116.000000
523307.000000
3598794.000000
4382344.000000
5866950.000000
2485330.000000
4997719.000000
4920915.000000
6330475.000000
1900051.000000
1651522.000000
3233772.000000
4993564.000000
4019618.000000
6430825.000000
1262880.000000
2363271.000000
5403943.000000
1071317.000000
4152710.000000
132960.000000
2892503.000000
4676014.000000
324175.000000
3299199.000000
2783211.000000
4073132.000000
3989803.000000
6220668.000000
5090220.000000
3089998.000000
878824.000000
4286280.000000
561966.000000
154537.000000
5308309.000000
1839312.000000
1115909.000000
3720791.000000
4048055.000000
3483025.000000
6308321.000000
2486954.000000
6621775.000000
765640.000000
3422133.000000
6515952.000000
572559.000000
6522392.000000
5392895.000000
231417.000000
5050253.000000
2265492.000000
4224242.000000
5077403.000000
2728641.000000
1640801.000000
329713.000000
4840782.000000
105141.000000
6197099.000000
11590.000000
519306.000000
5319277.000000
4700524.000000
3264748.000000
608706.000000
5799741.000000
6260746.000000
6123164.000000
2001568.000000
411688.000000
457002.000000
866714.000000
6312196.000000
6020189.000000
1900940.000000
4179431.000000
4986201.000000
4225160.000000
2512691.000000
4096325.000000
1042525.000000
358338.000000
693027.000000
4071618.000000
4706768.000000
684571.000000
5156014.000000
896934.000000
6130100.000000
4710366.000000
4129037.000000
6265242.000000
247827.000000
4958420.000000
1436430.000000
5807716.000000
1378476.000000
245430.000000
1535656.000000
3105154.000000
1392077.000000
3279769.000000
1769812.000000
4595593.000000
2803738.000000
1651121.000000
3294076.000000
144005.000000
5133693.000000
4804944.000000
1110199.000000
3655959.000000
4564141.000000
4494598.000000
4428347.000000
505628.000000
5610623.000000
4122950.000000
1504347.000000
2714554.000000
5832143.000000
5402618.000000
3275376.000000
6330032.000000
510785.000000
3159693.000000
5522031.000000
4405669.000000
3894533.000000
4326314.000000
5042993.000000
2731425.000000
26611.000000
4054133.000000
81155.000000
1234174.000000
5897031.000000
6431386.000000
316303.000000
306639.000000
4140618.000000
5480883.000000
6560.000000
5233076.000000
3409592.000000
1371703.000000
96736.000000
2718790.000000
5240486.000000
508834.000000
153280.000000
6033830.000000
4152815.000000
1068963.000000
2222663.000000
3859955.000000
4345976.000000
2338655.000000
4816768.000000
5669945.000000
6913762.000000
157181.000000
184979.000000
3035354.000000
3518511.000000
5674800.000000
4192496.000000
48700.000000
3584011.000000
4495356.000000
218086.000000
5001348.000000
1766873.000000
5398140.000000
3430856.000000
6212238.000000
2014841.000000
3051590.000000
1707509.000000
263729.000000
4313515.000000
5111509.000000
1705393.000000
5800125.000000
219928.000000
3046746.000000
2494565.000000
5487160.000000
527505.000000
197999.000000
3671080.000000
677145.000000
3975205.000000
1460542.000000
4152628.000000
3145252.000000
2848401.000000
2270645.000000
1105301.000000
5293664.000000
5203674.000000
769884.000000
1475687.000000
3866941.000000
5060101.000000
212413.000000
812258.000000
2117225.000000
642116.000000
3209851.000000
168291.000000
52697.000000
1377880.000000
4568066.000000
5322258.000000
3659551.000000
169619.000000
2935089.000000
5688804.000000
5618416.000000
3685475.000000
3582368.000000
3309100.000000
3985559.000000
258710.000000
5777811.000000
182559.000000
4539361.000000
3487225.000000
3245736.000000
120037.000000
2023145.000000
4856539.000000
5118498.000000
5070521.000000
2862579.000000
426810.000000
3746782.000000
1388962.000000
3481955.000000
265316.000000
396876.000000
5433479.000000
4893082.000000
4345965.000000
2147948.000000
5947473.000000
5745520.000000
1356378.000000
5886132.000000
3339290.000000
162425.000000
2185725.000000
2607358.000000
1436353.000000
3254185.000000
3793153.000000
5486373.000000
3352047.000000
5907525.000000
378191.000000
77243.000000
4701043.000000
2487229.000000
6395924.000000
229607.000000
1607255.000000
213829.000000
7404434.000000
298267.000000
2337059.000000
3094716.000000
5707697.000000
1521895.000000
3237157.000000
5300176.000000
4825874.000000
3104525.000000
1864579.000000
3080974.000000
6195662.000000
3358874.000000
734606.000000
58362.000000
2324463.000000
4818516.000000
4578365.000000
1484891.000000
2973267.000000
4703413.000000
2376147.000000
5975752.000000
4960996.000000
4776537.000000
3365070.000000
5859437.000000
6179897.000000
6785478.000000
2334805.000000
3211431.000000
159732.000000
4065609.000000
1380013.000000
5235587.000000
1357994.000000
1886125.000000
4104225.000000
74291.000000
6101650.000000
5472887.000000
1205414.000000
2922653.000000
5351691.000000
1611937.000000
6317454.000000
1051495.000000
1271032.000000
4279773.000000
2519051.000000
5331533.000000
133659.000000
5063358.000000
5609977.000000
2895633.000000
1356399.000000
923140.000000
2511648.000000
3738260.000000
2829222.000000
1054989.000000
5128445.000000
2459968.000000
4882652.000000
2919352.000000
4893551.000000
3625483.000000
4804945.000000
1299955.000000
5465871.000000
4590259.000000
254889.000000
5574411.000000
3190851.000000
2137456.000000
1749487.000000
3512764.000000
2491797.000000
2740130.000000
6369385.000000
4861234.000000
4140831.000000
4096833.000000
1153197.000000
1989574.000000
5019815.000000
4200985.000000
6074728.000000
3488113.000000
4854138.000000
3364815.000000
1129829.000000
5123421.000000
2817175.000000
6048551.000000
4499337.000000
4322049.000000
5678470.000000
4280012.000000
573598.000000
1968447.000000
4990341.000000
4882320.000000
83498.000000
6352942.000000
982577.000000
341863.000000
139788.000000
1055034.000000
4272104.000000
3042060.000000
4628942.000000
3447848.000000
2357569.000000
3146604.000000
6016603.000000
711926.000000
1312352.000000
4860731.000000
302620.000000
5810652.000000
4969411.000000
2108529.000000
161016.000000
2437119.000000
4972043.000000
5507544.000000
3253907.000000
5588868.000000
3381750.000000
5360291.000000
4351209.000000
896016.000000
1802166.000000
1352306.000000
773118.000000
3837984.000000
316264.000000
364302.000000
6731419.000000
920963.000000
1547215.000000
1730166.000000
4442307.000000
604218.000000
6048179.000000
3616474.000000
3674591.000000
3053453.000000
4263682.000000
221067.000000
4615116.000000
6027085.000000
1249990.000000
3802935.000000
208742.000000
5776110.000000
2258876.000000
2449535.000000
4100361.000000
1545881.000000
1358100.000000
399882.000000
2657065.000000
219616.000000
3731470.000000
6363410.000000
259789.000000
5112036.000000
6491048.000000
4304714.000000
4624978.000000
4116548.000000
283241.000000
4087212.000000
481060.000000
5786349.000000
5901051.000000
6260694.000000
4664846.000000
5820205.000000
542797.000000
1088356.000000
2291791.000000
4462937.000000
3410956.000000
1656923.000000
5358792.000000
2206377.000000
2872822.000000
5714584.000000
4017751.000000
3405953.000000
4689193.000000
2828699.000000
186061.000000
852542.000000
2631330.000000
102462.000000
911535.000000
221482.000000
4561605.000000
6225435.000000
4908437.000000
1811053.000000
29851.000000
6702079.000000
4830511.000000
4369794.000000
2294248.000000
5384367.000000
4398103.000000
3894048.000000
2572177.000000
2842904.000000
314548.000000
387327.000000
5952151.000000
1243471.000000
4970041.000000
230824.000000
4631143.000000
28036.000000
60929.000000
5267809.000000
113332.000000
2873784.000000
786605.000000
212450.000000
710941.000000
1482316.000000
4368584.000000
262819.000000
6041365.000000
3497718.000000
3025781.000000
6474082.000000
185793.000000
2401933.000000
4857777.000000
4857097.000000
3891571.000000
3825717.000000
5822450.000000
1046410.000000
3458442.000000
3260549.000000
3607394.000000
4193036.000000
1433794.000000
4117142.000000
65976.000000
3761597.000000
6180780.000000
27059.000000
1775318.000000
3038956.000000
6305658.000000
4581642.000000
4547779.000000
627318.000000
1786786.000000
6155382.000000
103835.000000
965506.000000
1989413.000000
916379.000000
2634863.000000
4517080.000000
6849326.000000
1019823.000000
5246067.000000
6079543.000000
2013194.000000
740306.000000
1237645.000000
4131879.000000
330260.000000
212672.000000
2040346.000000
2350754.000000
5097084.000000
5242738.000000
4919418.000000
595601.000000
4331859.000000
5953475.000000
796356.000000
6134041.000000
1611808.000000
2240746.000000
5571919.000000
4343485.000000
5177933.000000
2248626.000000
5716214.000000
99656.000000
4177109.000000
5192831.000000
5465571.000000
328246.000000
2990873.000000
4998154.000000
107559.000000
86010.000000
6008986.000000
6263420.000000
4643445.000000
5245766.000000
5529104.000000
3247778.000000
4650826.000000
897065.000000
3487151.000000
2744702.000000
5193274.000000
1275582.000000
4571010.000000
430834.000000
5825191.000000
5553534.000000
4763163.000000
2911679.000000
5030428.000000
5441903.000000
269484.000000
6121240.000000
621362.000000
6922807.000000
223610.000000
717358.000000
970560.000000
3226933.000000
1184541.000000
4801845.000000
6729014.000000
4793370.000000
5012449.000000
5164595.000000
173040.000000
610609.000000
5748332.000000
1395819.000000
640958.000000
4242350.000000
4012406.000000
6209247.000000
5849612.000000
2443563.000000
5265948.000000
5096284.000000
4786096.000000
6032234.000000
21602.000000
2941221.000000
121333.000000
249093.000000
2969482.000000
1230098.000000
6237219.000000
6086603.000000
6108634.000000
5696663.000000
114021.000000
2762815.000000
3323591.000000
2753024.000000
1477945.000000
5721761.000000
3331790.000000
1046427.000000
6022311.000000
4869083.000000
6037196.000000
4215069.000000
4950596.000000
762338.000000
1031396.000000
485514.000000
1381173.000000
2914046.000000
5356437.000000
5455418.000000
6414867.000000
6009161.000000
3176973.000000
2591170.000000
4303510.000000
154858.000000
4468309.000000
3302238.000000
6446585.000000
492660.000000
4830734.000000
4896785.000000
1477568.000000
3885612.000000
1113492.000000
4930906.000000
5310519.000000
3359571.000000
3729216.000000
3017527.000000
5890938.000000
6499184.000000
11018.000000
4615523.000000
1761837.000000
25931.000000
5290238.000000
2626591.000000
3958671.000000
3981203.000000
3786623.000000
6254218.000000
1540117.000000
5446678.000000
111865.000000
6152042.000000
2826478.000000
2668478.000000
803258.000000
1880945.000000
3997949.000000
4030811.000000
2721959.000000
84751.000000
5481372.000000
799263.000000
5405779.000000
322508.000000
5514569.000000
1438019.000000
5180999.000000
5280084.000000
4296955.000000
632338.000000
4609918.000000
440619.000000
4972684.000000
5815909.000000
268521.000000
5135893.000000
4768443.000000
4826825.000000
188098.000000
6229899.000000
5489594.000000
555943.000000
818402.000000
6089112.000000
4103149.000000
352273.000000
565332.000000
3999017.000000
4775704.000000
1278240.000000
5354718.000000
1248382.000000
651367.000000
1126318.000000
5373765.000000
507803.000000
4709161.000000
78869.000000
4184801.000000
593084.000000
4363167.000000
5652887.000000
297515.000000
5424330.000000
4586174.000000
942203.000000
4758558.000000
3984315.000000
4015196.000000
3515804.000000
114942.000000
1141884.000000
345937.000000
4501382.000000
118515.000000
853834.000000
5687642.000000
550338.000000
4947877.000000
6550944.000000
4048725.000000
4875061.000000
995479.000000
5619165.000000
945372.000000
4168286.000000
2985056.000000
2657877.000000
647043.000000
4612933.000000
3184854.000000
19177.000000
23877.000000
5718226.000000
2107709.000000
7325.000000
6629801.000000
3723124.000000
2685935.000000
240729.000000
1983225.000000
4439940.000000
3510079.000000
4914050.000000
881036.000000
586411.000000
5442262.000000
3553384.000000
3317678.000000
5851747.000000
4241105.000000
2823554.000000
5777696.000000
4529281.000000
3559234.000000
3137402.000000
4883102.000000
4011940.000000
1303566.000000
7295257.000000
503842.000000
5404345.000000
4866333.000000
3800495.000000
782591.000000
2625116.000000
3123489.000000
28922.000000
2164845.000000
2783060.000000
3427255.000000
3146643.000000
4994132.000000
5419883.000000
4088285.000000
1256638.000000
1058781.000000
6788263.000000
3799923.000000
3720130.000000
6160769.000000
266808.000000
2769706.000000
2625531.000000
5339370.000000
3475952.000000
2184554.000000
417955.000000
4822140.000000
636229.000000
3529627.000000
1296520.000000
5998740.000000
533106.000000
1212715.000000
5330640.000000
2830622.000000
713378.000000
3485806.000000
1316306.000000
4071615.000000
1910003.000000
177132.000000
3323376.000000
5054365.000000
4360948.000000
5841483.000000
4228918.000000
5647684.000000
6450365.000000
224878.000000
2619512.000000
5502931.000000
5684619.000000
490354.000000
1400519.000000
5211186.000000
5585490.000000
2682807.000000
2836763.000000
2273210.000000
5561103.000000
314515.000000
5409825.000000
5310066.000000
5362141.000000
3841179.000000
2152969.000000
3588041.000000
4472863.000000
2186943.000000
2026911.000000
5756050.000000
5489051.000000
6897463.000000
3783557.000000
115542.000000
6376238.000000
5487971.000000
2422319.000000
5770198.000000
5693764.000000
5653315.000000
5243651.000000
3476169.000000
128744.000000
4562377.000000
5691784.000000
4556356.000000
829274.000000
3376412.000000
5299244.000000
4426137.000000
6892253.000000
2611583.000000
1714621.000000
493804.000000
4534187.000000
1138958.000000
77993.000000
4805088.000000
3768623.000000
6232101.000000
2495560.000000
4381031.000000
1152098.000000
5930383.000000
4056747.000000
4864417.000000
6373256.000000
27198.000000
3885317.000000
441480.000000
1618414.000000
754368.000000
250427.000000
3897498.000000
619162.000000
6704653.000000
3821133.000000
677950.000000
186754.000000
1455020.000000
5345988.000000
4675000.000000
4161223.000000
3262609.000000
154771.000000
3920432.000000
2545298.000000
523295.000000
5692634.000000
256113.000000
6254987.000000
3473916.000000
6634480.000000
3753770.000000
5610911.000000
1035265.000000
3449533.000000
4263375.000000
5473560.000000
1760292.000000
1167785.000000
5552797.000000
1765339.000000
1653855.000000
27650.000000
5383740.000000
6019780.000000
3174346.000000
5571559.000000
1394801.000000
469302.000000
5453157.000000
5891040.000000
3084865.000000
3590836.000000
4081671.000000
2371903.000000
1138686.000000
6110650.000000
5930663.000000
607737.000000
3538934.000000
5810099.000000
5292366.000000
5575272.000000
254812.000000
17585.000000
541557.000000
3902749.000000
6294860.000000
769883.000000
269900.000000
2141746.000000
472135.000000
1356513.000000
5402077.000000
292117.000000
528043.000000
4465672.000000
118438.000000
4904328.000000
5013317.000000
4230470.000000
2022192.000000
201297.000000
4755462.000000
5626104.000000
5315835.000000
520102.000000
4666787.000000
4401301.000000
4704881.000000
456739.000000
3863421.000000
6028777.000000
166221.000000
5028476.000000
3591970.000000
2364836.000000
384873.000000
4792992.000000
5036614.000000
6253746.000000
976601.000000
2721227.000000
5154160.000000
329990.000000
4081249.000000
859801.000000
4119341.000000
2798918.000000
3587477.000000
3546524.000000
2059878.000000
1944027.000000
2053468.000000
2564160.000000
4513347.000000
5030684.000000
1719317.000000
1614047.000000
4861991.000000
5877401.000000
4599053.000000
4191874.000000
713169.000000
1304324.000000
173129.000000
5637814.000000
259506.000000
2201161.000000
4931170.000000
6837893.000000
662948.000000
1674836.000000
2025418.000000
772982.000000
3276071.000000
3893492.000000
1082823.000000
2367210.000000
3696977.000000
5954167.000000
4019153.000000
4393883.000000
4839952.000000
3389280.000000
6051415.000000
78598.000000
3232842.000000
6256181.000000
2921960.000000
3235358.000000
4212897.000000
6066973.000000
216370.000000
4379098.000000
4126416.000000
4226429.000000
61175.000000
4044915.000000
1020149.000000
608505.000000
2988332.000000
2922594.000000
794914.000000
316121.000000
5300370.000000
3961603.000000
3410352.000000
6248627.000000
4350614.000000
2597192.000000
37957.000000
136037.000000
4396289.000000
373821.000000
4170455.000000
5952707.000000
3124328.000000
987988.000000
5978433.000000
5294402.000000
1204165.000000
5866260.000000
472953.000000
1598059.000000
731121.000000
6044215.000000
4517449.000000
2988691.000000
4083685.000000
103400.000000
643932.000000
91257.000000
525923.000000
5414913.000000
2501313.000000
3622700.000000
3188679.000000
1302836.000000
4122965.000000
5355105.000000
5493506.000000
1132333.000000
6829717.000000
3109700.000000
5455817.000000
2406155.000000
1834588.000000
2642995.000000
5362875.000000
5522783.000000
515584.000000
4340658.000000
2001089.000000
5524260.000000
833995.000000
4625018.000000
3445034.000000
5436680.000000
556629.000000
4193625.000000
5242026.000000
4204568.000000
3193951.000000
1422551.000000
23995.000000
4305532.000000
751629.000000
2918695.000000
705639.000000
1754295.000000
154327.000000
3581583.000000
1903625.000000
5007794.000000
1286014.000000
530261.000000
3967689.000000
316871.000000
6748760.000000
4780570.000000
544844.000000
4982875.000000
3552780.000000
4154791.000000
358911.000000
5759286.000000
475640.000000
6089450.000000
850099.000000
1075734.000000
2803831.000000
1905345.000000
5237896.000000
3701805.000000
3799719.000000
6424795.000000
4368456.000000
4509800.000000
989160.000000
2727945.000000
1751312.000000
4817667.000000
6051911.000000
57234.000000
3594465.000000
1023448.000000
4610829.000000
2939811.000000
4521943.000000
4228828.000000
1074361.000000
5539912.000000
188646.000000
5724851.000000
6189110.000000
6659947.000000
98984.000000
5691321.000000
890646.000000
5541543.000000
924058.000000
285021.000000
3109154.000000
1360789.000000
3166043.000000
5137028.000000
3972075.000000
467112.000000
25762.000000
1170741.000000
1320645.000000
3650446.000000
958849.000000
83968.000000
3338144.000000
6730398.000000
1850855.000000
5260855.000000
5945754.000000
633097.000000
4472844.000000
622041.000000
5568663.000000
5725741.000000
4917450.000000
5073973.000000
590809.000000
340349.000000
6035426.000000
2280299.000000
1393847.000000
2037516.000000
4602579.000000
1115917.000000
5150446.000000
4887654.000000
4790806.000000
5562653.000000
636040.000000
597381.000000
3961356.000000
1177242.000000
5804901.000000
3384423.000000
2869750.000000
2433391.000000
5672872.000000
3730754.000000
2858922.000000
5716775.000000
4892086.000000
159557.000000
28905.000000
1084366.000000
106674.000000
5937775.000000
2245238.000000
3506871.000000
5175570.000000
269284.000000
6083466.000000
752104.000000
255464.000000
3947661.000000
3653159.000000
5748769.000000
3223934.000000
5853814.000000
2050418.000000
507284.000000
831048.000000
125769.000000
4232359.000000
230192.000000
1844994.000000
4539579.000000
4631989.000000
3411406.000000
6418773.000000
3529065.000000
3924277.000000
5277680.000000
4911165.000000
3326640.000000
1562928.000000
2243097.000000
1407177.000000
925550.000000
158654.000000
4357284.000000
582170.000000
5227564.000000
2731406.000000
27055.000000
470086.000000
3838860.000000
3617253.000000
4605279.000000
2543366.000000
859243.000000
6345064.000000
4569431.000000
3654505.000000
724521.000000
5127285.000000
3715882.000000
382210.000000
6760217.000000
4377275.000000
3377209.000000
76093.000000
5561304.000000
1446138.000000
3002086.000000
2507873.000000
3691866.000000
1062808.000000
6028626.000000
5218472.000000
4085701.000000
4307171.000000
4780778.000000
6857325.000000
4384202.000000
3035773.000000
5459533.000000
2169624.000000
4338253.000000
1131630.000000
5408350.000000
2444455.000000
4471454.000000
928750.000000
1005341.000000
4840808.000000
1340207.000000
5971321.000000
2361169.000000
438161.000000
6104174.000000
4033587.000000
3259197.000000
129601.000000
3290021.000000
3133141.000000
2395893.000000
1679999.000000
4027314.000000
4158575.000000
5424726.000000
5386585.000000
931411.000000
6862510.000000
2922753.000000
4681650.000000
3525272.000000
1042919.000000
625221.000000
4444317.000000
272983.000000
5386807.000000
4127727.000000
5234505.000000
4076898.000000
215433.000000
1476063.000000
2959658.000000
412750.000000
4230089.000000
4585910.000000
392938.000000
4670572.000000
4273798.000000
4207207.000000
5431087.000000
4460155.000000
2280909.000000
5066121.000000
5234544.000000
1009179.000000
4443379.000000
687766.000000
5287369.000000
5291770.000000
5558237.000000
3372731.000000
591670.000000
995613.000000
6175240.000000
4226284.000000
1291524.000000
5472550.000000
6802370.000000
6267197.000000
468855.000000
2300814.000000
5346297.000000
3159476.000000
2282600.000000
1796332.000000
2215550.000000
3316357.000000
658565.000000
941657.000000
1759845.000000
270565.000000
781377.000000
6164527.000000
258208.000000
113484.000000
203291.000000
6360403.000000
4163778.000000
3789543.000000
3314687.000000
4722132.000000
414461.000000
396973.000000
5590859.000000
5613117.000000
3860340.000000
4729533.000000
3209548.000000
2654355.000000
6448120.000000
4433043.000000
4713615.000000
316960.000000
615467.000000
1680679.000000
139490.000000
4786660.000000
2448122.000000
979323.000000
1500950.000000
5882873.000000
3896983.000000
3310958.000000
1430411.000000
1978586.000000
625339.000000
3837948.000000
3830865.000000
1167551.000000
212036.000000
3787952.000000
904309.000000
4281504.000000
679743.000000
5098444.000000
5413413.000000
3349677.000000
5497302.000000
3451387.000000
1631605.000000
748483.000000
2943159.000000
380619.000000
1457950.000000
641126.000000
5247843.000000
4640898.000000
1256772.000000
2323426.000000
709601.000000
4310768.000000
5815584.000000
5738553.000000
475898.000000
4608952.000000
2535669.000000
3281114.000000
173098.000000
3840703.000000
5333736.000000
5067130.000000
1724110.000000
2140408.000000
3216858.000000
2208710.000000
1980180.000000
434723.000000
5264226.000000
1117184.000000
4124665.000000
18406.000000
2878605.000000
4523093.000000
4879538.000000
5570928.000000
6453777.000000
113432.000000
4693968.000000
2327553.000000
2685800.000000
4345835.000000
6531037.000000
3258895.000000
3854323.000000
1425272.000000
774405.000000
1343606.000000
6544642.000000
5378014.000000
5743228.000000
571378.000000
5803794.000000
4171806.000000
415521.000000
6183090.000000
1637675.000000
1748914.000000
869086.000000
5308793.000000
3907168.000000
453729.000000
2734107.000000
5968862.000000
5529237.000000
3318347.000000
1400881.000000
4493083.000000
6369286.000000
4550345.000000
570312.000000
4869157.000000
4004485.000000
1372460.000000
5422380.000000
2747140.000000
4390950.000000
1477291.000000
4095383.000000
3613695.000000
2770764.000000
1068308.000000
3100035.000000
2423479.000000
5567747.000000
1657444.000000
956439.000000
6017699.000000
6559142.000000
6081968.000000
696009.000000
3437787.000000
3500763.000000
161660.000000
3829747.000000
4968471.000000
4895699.000000
4999377.000000
5837166.000000
5083368.000000
4978453.000000
3800040.000000
1497997.000000
5415671.000000
6381283.000000
3327208.000000
644469.000000
1565156.000000
3901681.000000
3395537.000000
6059721.000000
6530832.000000
3938314.000000
4840850.000000
5769627.000000
404274.000000
6135230.000000
2384083.000000
114311.000000
5392323.000000
2847320.000000
5333963.000000
2967005.000000
2023438.000000
222007.000000
829904.000000
4620005.000000
3027728.000000
5240680.000000
4592193.000000
6359265.000000
2978613.000000
4307399.000000
3152981.000000
987996.000000
6381572.000000
2439094.000000
4255719.000000
2683821.000000
1536899.000000
4190024.000000
1432228.000000
852515.000000
3751748.000000
3351508.000000
5048150.000000
5749534.000000
5493873.000000
6397371.000000
6917726.000000
1395026.000000
1359314.000000
6279965.000000
1647825.000000
5790853.000000
769105.000000
869521.000000
5189302.000000
5607258.000000
807553.000000
2947103.000000
2073278.000000
1390920.000000
5595896.000000
168806.000000
1052960.000000
4603363.000000
5055484.000000
3536047.000000
230451.000000
1820952.000000
5672077.000000
77589.000000
2998387.000000
692951.000000
2371123.000000
1723444.000000
4120989.000000
2187159.000000
735485.000000
1871172.000000
983800.000000
5345828.000000
5753392.000000
431378.000000
459383.000000
3222927.000000
99615.000000
4872457.000000
1216885.000000
372695.000000
3770936.000000
5598710.000000
2137141.000000
5631724.000000
6222571.000000
3254868.000000
3767160.000000
1348385.000000
4012625.000000
1118476.000000
6063717.000000
433190.000000
4215491.000000
2144655.000000
4649743.000000
3658557.000000
4828017.000000
4097992.000000
6234849.000000
610620.000000
5668928.000000
1198009.000000
3781564.000000
1308887.000000
3413641.000000
3387783.000000
94912.000000
4655364.000000
3028226.000000
1363046.000000
4216020.000000
5062832.000000
5680501.000000
3624639.000000
4349384.000000
4555634.000000
912357.000000
6080475.000000
5631748.000000
354408.000000
5477508.000000
1671369.000000
4731941.000000
5011598.000000
3132098.000000
105781.000000
4732438.000000
2325205.000000
6490335.000000
1912093.000000
5489663.000000
3894161.000000
87510.000000
4353077.000000
600333.000000
5183598.000000
5725745.000000
2779676.000000
3434055.000000
5930591.000000
5244906.000000
4185444.000000
1943671.000000
932928.000000
588908.000000
4555324.000000
4466089.000000
81842.000000
551176.000000
2444071.000000
4112505.000000
3621480.000000
582109.000000
4336659.000000
181303.000000
1320819.000000
2892349.000000
1882138.000000
2952405.000000
3621022.000000
5804446.000000
3782862.000000
503952.000000
5132827.000000
883138.000000
5786646.000000
4360539.000000
5298037.000000
2287529.000000
4976166.000000
5454214.000000
4343564.000000
4633714.000000
3712140.000000
183407.000000
106561.000000
3842014.000000
710916.000000
4352575.000000
4814614.000000
5646792.000000
28922.000000
3870390.000000
2669887.000000
272036.000000
3266466.000000
4922193.000000
5835050.000000
4823310.000000
370361.000000
4796681.000000
4020576.000000
4094009.000000
4261188.000000
6458191.000000
164121.000000
3548308.000000
1209042.000000
5215610.000000
6265621.000000
625214.000000
5751736.000000
86072.000000
240977.000000
3253707.000000
223683.000000
389501.000000
5535018.000000
6310339.000000
5051034.000000
1945624.000000
5569343.000000
1389679.000000
640033.000000
458411.000000
4585358.000000
1899432.000000
1753297.000000
3865422.000000
5049451.000000
596369.000000
3047914.000000
5087122.000000
70678.000000
3496703.000000
3605990.000000
1465737.000000
5645620.000000
658643.000000
4509849.000000
1010933.000000
573212.000000
852885.000000
6710143.000000
4251866.000000
1413189.000000
422372.000000
1275311.000000
614908.000000
3839054.000000
3602050.000000
5410276.000000
4312102.000000
2661055.000000
473761.000000
2591353.000000
4499084.000000
2856202.000000
6712288.000000
2208861.000000
1472642.000000
2039605.000000
901462.000000
446455.000000
3678073.000000
1720666.000000
4570164.000000
5439573.000000
2493245.000000
5608926.000000
4991376.000000
139851.000000
477825.000000
702374.000000
3578846.000000
1555916.000000
5070277.000000
3246706.000000
4832785.000000
2847060.000000
5642041.000000
5783919.000000
3832521.000000
2679429.000000
5384797.000000
4306694.000000
5543350.000000
839012.000000
2756460.000000
939974.000000
238085.000000
280226.000000
508608.000000
224233.000000
3159270.000000
2102655.000000
3969283.000000
3520707.000000
4793271.000000
1598744.000000
3731639.000000
5234657.000000
4877106.000000
1329739.000000
244250.000000
6780552.000000
3635081.000000
4824158.000000
4497400.000000
5276564.000000
5005487.000000
400725.000000
5906267.000000
3402690.000000
5187677.000000
6369202.000000
3855071.000000
3142305.000000
412341.000000
4122990.000000
1476485.000000
630898.000000
5491226.000000
176667.000000
534471.000000
6455047.000000
1490905.000000
5858632.000000
1564714.000000
4573020.000000
4225516.000000
6201289.000000
3253747.000000
3479881.000000
790678.000000
2781618.000000
4926355.000000
402638.000000
1373102.000000
3281509.000000
1300638.000000
3855513.000000
368593.000000
249789.000000
472779.000000
1366174.000000
5361796.000000
3626443.000000
4151051.000000
