0.000000
0.000000
0.000000
0.000000
0.000000
0.000000
0.000000
0.000000
0.000000
0.000000
0.000000
0.000000
0.000000
0.000000
0.000000
0.000000
0.000000
0.000000
0.000000
0.000000
0.000000
0.000000
0.000000
0.000000
0.000000
0.000000
0.000000
0.000000
0.000000
0.000000
0.000000
0.000000
0.000000
0.000000
0.000000
0.000000
0.000000
0.000000
0.000000
0.000000
0.000000
0.000000
0.000000
0.000000
0.000000
0.000000
0.000000
0.000000
0.000000
0.000000
0.000000
0.000000
0.000000
0.000000
0.000000
0.000000
0.000000
0.000000
0.000000
0.000000
0.000000
0.000000
0.000000
0.000000
0.000000
0.000000
0.000000
0.000000
0.000000
0.000000
0.000000
0.000000
0.000000
0.000000
0.000000
0.000000
0.000000
0.000000
0.000000
0.000000
0.000000
0.000000
0.000000
0.000000
0.000000
0.000000
0.000000
0.000000
0.000000
0.000000
0.000000
0.000000
0.000000
0.000000
0.000000
0.000000
0.000000
0.000000
0.000000
0.000000
0.000000
0.000000
0.000000
0.000000
0.000000
0.000000
0.000000
0.000000
0.000000
0.000000
0.000000
0.000000
0.000000
0.000000
0.000000
0.000000
0.000000
0.000000
0.000000
0.000000
0.000000
0.000000
0.000000
0.000000
0.000000
0.000000
0.000000
0.000000
0.000000
0.000000
0.000000
0.000000
0.000000
0.000000
0.000000
0.000000
0.000000
0.000000
0.000000
0.000000
0.000000
0.000000
0.000000
0.000000
0.000000
0.000000
0.000000
0.000000
0.000000
0.000000
0.000000
0.000000
0.000000
0.000000
0.000000
0.000000
0.000000
0.000000
0.000000
0.000000
0.000000
0.000000
0.000000
0.000000
0.000000
0.000000
0.000000
0.000000
0.000000
0.000000
0.000000
0.000000
0.000000
0.000000
0.000000
0.000000
0.000000
0.000000
0.000000
0.000000
0.000000
0.000000
0.000000
0.000000
0.000000
0.000000
0.000000
0.000000
0.000000
0.000000
0.000000
0.000000
0.000000
0.000000
0.000000
0.000000
0.000000
0.000000
0.000000
0.000000
0.000000
0.000000
0.000000
0.000000
0.000000
0.000000
0.000000
0.000000
0.000000
0.000000
0.000000
0.000000
0.000000
0.000000
0.000000
0.000000
0.000000
0.000000
0.000000
0.000000
0.000000
0.000000
0.000000
0.000000
0.000000
0.000000
0.000000
0.000000
0.000000
0.000000
0.000000
0.000000
0.000000
0.000000
0.000000
0.000000
0.000000
0.000000
0.000000
0.000000
0.000000
0.000000
0.000000
0.000000
0.000000
0.000000
0.000000
0.000000
0.000000
0.000000
0.000000
0.000000
0.000000
0.000000
0.000000
0.000000
0.000000
0.000000
0.000000
0.000000
0.000000
0.000000
0.000000
0.000000
0.000000
0.000000
0.000000
0.000000
0.000000
0.000000
0.000000
0.000000
0.000000
0.000000
0.000000
0.000000
0.000000
0.000000
0.000000
0.000000
0.000000
0.000000
0.000000
0.000000
0.000000
0.000000
0.000000
0.000000
0.000000
0.000000
0.000000
0.000000
0.000000
0.000000
0.000000
0.000000
0.000000
0.000000
0.000000
0.000000
0.000000
0.000000
0.000000
0.000000
0.000000
0.000000
0.000000
0.000000
0.000000
0.000000
0.000000
0.000000
0.000000
0.000000
0.000000
0.000000
0.000000
0.000000
0.000000
0.000000
0.000000
0.000000
0.000000
0.000000
0.000000
0.000000
0.000000
0.000000
0.000000
0.000000
0.000000
0.000000
0.000000
0.000000
0.000000
0.000000
0.000000
0.000000
0.000000
0.000000
0.000000
0.000000
0.000000
0.000000
0.000000
0.000000
0.000000
0.000000
0.000000
0.000000
0.000000
0.000000
0.000000
0.000000
0.000000
0.000000
0.000000
0.000000
0.000000
0.000000
0.000000
0.000000
0.000000
0.000000
0.000000
0.000000
0.000000
0.000000
0.000000
0.000000
0.000000
0.000000
0.000000
0.000000
0.000000
0.000000
0.000000
0.000000
0.000000
0.000000
0.000000
0.000000
0.000000
0.000000
0.000000
0.000000
0.000000
0.000000
0.000000
0.000000
0.000000
0.000000
0.000000
0.000000
0.000000
0.000000
0.000000
0.000000
0.000000
0.000000
0.000000
0.000000
0.000000
0.000000
0.000000
0.000000
0.000000
0.000000
0.000000
0.000000
0.000000
0.000000
0.000000
0.000000
0.000000
0.000000
0.000000
0.000000
0.000000
0.000000
0.000000
0.000000
0.000000
0.000000
0.000000
0.000000
0.000000
0.000000
0.000000
0.000000
0.000000
0.000000
0.000000
0.000000
0.000000
0.000000
0.000000
0.000000
0.000000
0.000000
0.000000
0.000000
0.000000
0.000000
0.000000
0.000000
0.000000
0.000000
0.000000
0.000000
0.000000
0.000000
0.000000
0.000000
0.000000
0.000000
0.000000
0.000000
0.000000
0.000000
0.000000
0.000000
0.000000
0.000000
0.000000
0.000000
0.000000
0.000000
0.000000
0.000000
0.000000
0.000000
0.000000
0.000000
0.000000
0.000000
0.000000
0.000000
0.000000
0.000000
0.000000
0.000000
0.000000
0.000000
0.000000
0.000000
0.000000
0.000000
0.000000
0.000000
0.000000
0.000000
0.000000
0.000000
0.000000
0.000000
0.000000
0.000000
0.000000
0.000000
0.000000
0.000000
0.000000
0.000000
0.000000
0.000000
0.000000
0.000000
0.000000
0.000000
0.000000
0.000000
0.000000
0.000000
0.000000
0.000000
0.000000
0.000000
0.000000
0.000000
0.000000
0.000000
0.000000
0.000000
0.000000
0.000000
0.000000
0.000000
0.000000
0.000000
0.000000
0.000000
0.000000
0.000000
0.000000
0.000000
0.000000
0.000000
0.000000
0.000000
0.000000
0.000000
0.000000
0.000000
0.000000
0.000000
0.000000
0.000000
0.000000
0.000000
0.000000
0.000000
0.000000
0.000000
0.000000
0.000000
0.000000
0.000000
0.000000
0.000000
0.000000
0.000000
0.000000
0.000000
0.000000
0.000000
0.000000
0.000000
0.000000
0.000000
0.000000
0.000000
0.000000
0.000000
0.000000
0.000000
0.000000
0.000000
0.000000
0.000000
0.000000
4144140.000000
2614521.000000
655631.000000
1367546.000000
2231461.000000
2722393.000000
2307733.000000
2644999.000000
2121977.000000
2179055.000000
2164204.000000
704860.000000
1147928.000000
2062391.000000
1264016.000000
2530984.000000
1493599.000000
1610315.000000
2124287.000000
2037565.000000
307101.000000
1071476.000000
1981609.000000
2123778.000000
2678049.000000
2694257.000000
2114684.000000
2402371.000000
2567919.000000
258396.000000
1948692.000000
1761100.000000
1974492.000000
2575565.000000
657220.000000
2349044.000000
2169935.000000
922078.000000
2321639.000000
2381251.000000
1255246.000000
1187947.000000
535848.000000
1481491.000000
2404235.000000
2457560.000000
2274283.000000
1453321.000000
1743887.000000
2149940.000000
1619745.000000
2131848.000000
2378533.000000
753242.000000
1131027.000000
2437957.000000
2169617.000000
1801973.000000
2191967.000000
2455103.000000
1388408.000000
1088655.000000
148376.000000
2096837.000000
1634157.000000
1766416.000000
677332.000000
2360030.000000
2341168.000000
2678721.000000
2400830.000000
1337233.000000
2424553.000000
2107153.000000
102713.000000
1826719.000000
2307351.000000
1272631.000000
1908768.000000
2282405.000000
1383097.000000
2457202.000000
70824.000000
2497446.000000
1785252.000000
1647363.000000
2479162.000000
574379.000000
2342497.000000
2027784.000000
2412003.000000
1885832.000000
2467753.000000
2430226.000000
2625264.000000
1449752.000000
1442508.000000
2117471.000000
2463656.000000
2314652.000000
2426399.000000
1119964.000000
1815466.000000
2209305.000000
1084011.000000
2247754.000000
117095.000000
2154978.000000
2576441.000000
373241.000000
1985093.000000
1860748.000000
2204856.000000
2182690.000000
2318915.000000
2282513.000000
2109141.000000
847696.000000
2181269.000000
495156.000000
113001.000000
2565839.000000
1630509.000000
1066017.000000
2191577.000000
2248478.000000
2249481.000000
2693289.000000
1874796.000000
2505489.000000
758103.000000
2260954.000000
2704451.000000
632004.000000
2619248.000000
2571210.000000
228374.000000
2369392.000000
1798798.000000
2476666.000000
2412886.000000
1835964.000000
1438460.000000
314727.000000
2601202.000000
87299.000000
2519512.000000
12593.000000
523927.000000
2327895.000000
2071699.000000
2278843.000000
545237.000000
2112235.000000
2510102.000000
2319740.000000
1580851.000000
381698.000000
491173.000000
981061.000000
2618956.000000
2825375.000000
1454451.000000
2373300.000000
2316652.000000
2368030.000000
1657065.000000
2285993.000000
976041.000000
377590.000000
536631.000000
2308104.000000
2359416.000000
670338.000000
2232950.000000
881699.000000
2463103.000000
2095036.000000
2409174.000000
2612867.000000
259070.000000
2127087.000000
1463863.000000
2716480.000000
1260894.000000
247780.000000
1492495.000000
2071998.000000
1130082.000000
2162001.000000
1566063.000000
2732441.000000
1789111.000000
1424052.000000
2058626.000000
144220.000000
2255424.000000
2500782.000000
1153544.000000
2271046.000000
1935994.000000
2324084.000000
2122553.000000
502659.000000
2419802.000000
2467502.000000
1247260.000000
1787786.000000
2344364.000000
2344780.000000
2063113.000000
2375872.000000
419054.000000
2028535.000000
2590402.000000
2425554.000000
2259273.000000
2388778.000000
2096314.000000
2049891.000000
22509.000000
2185940.000000
66828.000000
1204887.000000
2313610.000000
2484278.000000
317052.000000
413449.000000
2199820.000000
2757131.000000
6685.000000
2448043.000000
2112184.000000
1144196.000000
97144.000000
1905785.000000
2492560.000000
559628.000000
118703.000000
2384838.000000
2458961.000000
1309572.000000
1577623.000000
1749461.000000
2489782.000000
1757937.000000
2303654.000000
2268184.000000
2667052.000000
178971.000000
153970.000000
1914505.000000
2233053.000000
2358061.000000
2334886.000000
72784.000000
2270748.000000
2644661.000000
189700.000000
2521645.000000
1521448.000000
2357826.000000
2359769.000000
2603176.000000
1631998.000000
1931988.000000
1275979.000000
210590.000000
2654200.000000
2475818.000000
1703166.000000
2483841.000000
205608.000000
2151396.000000
1810445.000000
2277052.000000
447256.000000
181519.000000
2108739.000000
700240.000000
2274564.000000
1766864.000000
2522779.000000
2210855.000000
2145548.000000
1520526.000000
1141612.000000
2417876.000000
2521017.000000
602080.000000
1367223.000000
2397394.000000
2451069.000000
233914.000000
815511.000000
1780751.000000
614132.000000
2084450.000000
167391.000000
56363.000000
1098590.000000
2363235.000000
2545670.000000
2168721.000000
171281.000000
2028056.000000
2172145.000000
2369500.000000
2076977.000000
2228031.000000
2138865.000000
2324134.000000
324445.000000
2722639.000000
161279.000000
2444201.000000
2165410.000000
2022637.000000
106476.000000
1624680.000000
2185524.000000
2532328.000000
2358436.000000
2048664.000000
389510.000000
2625818.000000
1343043.000000
2271889.000000
247912.000000
383241.000000
2705761.000000
2413115.000000
2189189.000000
1554780.000000
2391592.000000
2531291.000000
1310460.000000
2926861.000000
1944998.000000
155311.000000
1877245.000000
1921320.000000
1289705.000000
1701844.000000
2206597.000000
2327824.000000
1967218.000000
2542266.000000
222036.000000
75869.000000
2189983.000000
1937135.000000
2542467.000000
254988.000000
1484496.000000
202281.000000
2401503.000000
324403.000000
1870911.000000
1777857.000000
2336544.000000
1404874.000000
2098153.000000
2237879.000000
2664641.000000
2007680.000000
1550147.000000
1970622.000000
2249157.000000
2024690.000000
857696.000000
63764.000000
1684148.000000
2310180.000000
2377944.000000
1131161.000000
2180013.000000
2431939.000000
1665812.000000
2527303.000000
2344274.000000
2307081.000000
2111559.000000
2375913.000000
2657344.000000
2681072.000000
1797108.000000
1923808.000000
153550.000000
2524473.000000
1384188.000000
2605802.000000
1412833.000000
1470218.000000
2098822.000000
67435.000000
2339986.000000
2275095.000000
1149408.000000
2055209.000000
2457480.000000
1319453.000000
2729267.000000
1012288.000000
1248246.000000
2442400.000000
1767244.000000
2236004.000000
150821.000000
2558109.000000
2580862.000000
1817074.000000
1217967.000000
864593.000000
1845179.000000
2416223.000000
1789763.000000
906113.000000
2612406.000000
2070122.000000
2378909.000000
2166074.000000
2291859.000000
2290675.000000
2371805.000000
1158372.000000
2570113.000000
2383681.000000
273569.000000
2574209.000000
1973093.000000
1600309.000000
1443675.000000
2284926.000000
1617838.000000
1998397.000000
2558481.000000
2883244.000000
2377358.000000
2141958.000000
1033572.000000
1400678.000000
2700858.000000
2304342.000000
2643343.000000
2153755.000000
2315992.000000
1972097.000000
1171412.000000
2221338.000000
2062065.000000
2401843.000000
2264700.000000
2131041.000000
2532577.000000
2301223.000000
446256.000000
1627054.000000
2381841.000000
2529718.000000
91110.000000
2258086.000000
944852.000000
353180.000000
121532.000000
1010342.000000
2676859.000000
1810060.000000
2316884.000000
2348746.000000
1934620.000000
2251260.000000
2374940.000000
932171.000000
1165742.000000
2485806.000000
337935.000000
2541936.000000
2228855.000000
1755335.000000
148883.000000
1618640.000000
2232744.000000
2569596.000000
2607305.000000
2321012.000000
2408456.000000
2245248.000000
2085142.000000
702405.000000
1530291.000000
1208133.000000
867945.000000
2159853.000000
270935.000000
354231.000000
2028009.000000
750376.000000
1378841.000000
1546698.000000
2172849.000000
527769.000000
2478075.000000
1987958.000000
2333071.000000
1776779.000000
2176922.000000
187578.000000
2249145.000000
2738706.000000
1037434.000000
2297185.000000
159396.000000
2493051.000000
1258114.000000
1967411.000000
2472990.000000
1289342.000000
1359161.000000
409791.000000
1891484.000000
212580.000000
2220834.000000
2454162.000000
194400.000000
2565351.000000
2742531.000000
2276703.000000
2386713.000000
2600028.000000
253094.000000
2332267.000000
509622.000000
2523216.000000
2277371.000000
2259820.000000
2566622.000000
2405991.000000
561812.000000
958207.000000
1740677.000000
2374799.000000
2306905.000000
1501487.000000
2405663.000000
1754102.000000
1928643.000000
2261253.000000
2095777.000000
2072375.000000
2649184.000000
1921228.000000
251297.000000
811743.000000
1797898.000000
93378.000000
910982.000000
226028.000000
2499832.000000
2242720.000000
2376139.000000
1413568.000000
26334.000000
2468069.000000
2494737.000000
2390611.000000
1763680.000000
2576445.000000
2476394.000000
2184640.000000
2084626.000000
1992880.000000
345791.000000
287208.000000
2488680.000000
1273807.000000
2600020.000000
269774.000000
2558408.000000
20064.000000
62605.000000
2265448.000000
114415.000000
1935383.000000
694607.000000
182363.000000
537499.000000
1282334.000000
2346854.000000
278051.000000
2240289.000000
2106557.000000
2028974.000000
2463569.000000
202533.000000
1801015.000000
2443818.000000
2789890.000000
2218875.000000
2400975.000000
2182416.000000
941397.000000
2325036.000000
2147295.000000
2396815.000000
2353255.000000
1406230.000000
2055627.000000
62088.000000
2131145.000000
2519255.000000
23064.000000
1614237.000000
2155548.000000
2461410.000000
2447335.000000
2216312.000000
581998.000000
1590792.000000
2486936.000000
110063.000000
1139925.000000
1795559.000000
760119.000000
1903242.000000
2765585.000000
2729902.000000
768702.000000
2198226.000000
2340901.000000
1736789.000000
708759.000000
949833.000000
2447847.000000
336729.000000
215918.000000
1741495.000000
1772474.000000
2352815.000000
2484837.000000
2815572.000000
507438.000000
2543585.000000
2146601.000000
711705.000000
2368162.000000
1633366.000000
1838351.000000
2524497.000000
2455917.000000
2263978.000000
2201999.000000
2323283.000000
98729.000000
2271193.000000
2435481.000000
2408011.000000
325370.000000
2092805.000000
2384397.000000
94552.000000
88625.000000
2366678.000000
2465315.000000
2356429.000000
2580672.000000
2440918.000000
1929225.000000
2578767.000000
1173398.000000
2314831.000000
1753594.000000
2408943.000000
1169080.000000
2890387.000000
487910.000000
2479814.000000
2767676.000000
2674319.000000
1883585.000000
2755394.000000
2700198.000000
295563.000000
2292474.000000
522684.000000
2604278.000000
249112.000000
740973.000000
877681.000000
2150703.000000
1045196.000000
2455115.000000
2367019.000000
2261758.000000
2618416.000000
2473203.000000
171365.000000
635519.000000
2834637.000000
1331285.000000
677077.000000
2270375.000000
2124035.000000
2309354.000000
2687156.000000
1998885.000000
2651861.000000
2322041.000000
2280745.000000
2473848.000000
22874.000000
1953914.000000
111781.000000
251516.000000
2053367.000000
1203467.000000
2191728.000000
2799263.000000
2450721.000000
2509686.000000
95240.000000
2088634.000000
2268744.000000
1846163.000000
1397883.000000
2749330.000000
2399598.000000
986835.000000
2178374.000000
2630129.000000
2780720.000000
2291732.000000
2238957.000000
712662.000000
877360.000000
516302.000000
1150907.000000
2343453.000000
2368888.000000
2546891.000000
2665436.000000
2423323.000000
2274913.000000
1929490.000000
2284192.000000
145288.000000
2549260.000000
2118553.000000
2302424.000000
455089.000000
2394177.000000
2400390.000000
1591850.000000
2231031.000000
901028.000000
2525775.000000
2555907.000000
2164358.000000
2441745.000000
2044651.000000
2592900.000000
2566756.000000
8817.000000
2136356.000000
1497294.000000
22794.000000
2601556.000000
2041530.000000
2610550.000000
2252861.000000
2313216.000000
2420273.000000
1514438.000000
2157003.000000
99984.000000
2301390.000000
2032543.000000
2025036.000000
756302.000000
1502274.000000
2707124.000000
2466714.000000
2004231.000000
75233.000000
2481319.000000
680606.000000
2248993.000000
236576.000000
2264719.000000
1352357.000000
2658353.000000
2528124.000000
2534682.000000
642200.000000
2407229.000000
363353.000000
2772173.000000
2487429.000000
226397.000000
2403836.000000
2666928.000000
1956218.000000
164515.000000
2573541.000000
2767969.000000
611844.000000
599620.000000
2748049.000000
2244003.000000
364971.000000
490872.000000
2253314.000000
2377061.000000
1339279.000000
2556331.000000
1293224.000000
733144.000000
813639.000000
2228782.000000
487335.000000
2558408.000000
66390.000000
2465174.000000
585988.000000
2467089.000000
2575158.000000
332445.000000
2435087.000000
2319337.000000
913819.000000
2632027.000000
2558495.000000
2498767.000000
2336849.000000
118590.000000
858038.000000
357618.000000
2500090.000000
122451.000000
645503.000000
2536519.000000
573337.000000
2358987.000000
2677805.000000
2312608.000000
2392791.000000
1038895.000000
2653149.000000
858686.000000
2639195.000000
1844462.000000
1955721.000000
749855.000000
2591896.000000
2286304.000000
19897.000000
23088.000000
2656470.000000
1700772.000000
8272.000000
2555481.000000
2283271.000000
1952335.000000
285544.000000
1625224.000000
2369371.000000
1898335.000000
2166382.000000
712797.000000
527879.000000
2525476.000000
2130491.000000
2178608.000000
2412253.000000
2116257.000000
1741617.000000
2571806.000000
2419020.000000
2015957.000000
1814330.000000
2017667.000000
2184009.000000
1142826.000000
2713750.000000
621962.000000
2676204.000000
2316696.000000
2243137.000000
719380.000000
1952990.000000
1808562.000000
17803.000000
1677097.000000
1983147.000000
1935933.000000
2026858.000000
2651026.000000
2625465.000000
2350063.000000
1105139.000000
766634.000000
2225368.000000
2479182.000000
2080239.000000
2618291.000000
267056.000000
2113553.000000
1718887.000000
2230694.000000
2122170.000000
1722786.000000
482649.000000
2438348.000000
513838.000000
2135977.000000
1152452.000000
2756342.000000
482759.000000
1353220.000000
2200532.000000
1784320.000000
691155.000000
2275024.000000
1126196.000000
2447192.000000
1506079.000000
167100.000000
2278145.000000
2546033.000000
2207001.000000
2397015.000000
2463462.000000
2276571.000000
2543177.000000
241314.000000
1828338.000000
2370506.000000
2559472.000000
499810.000000
1135112.000000
2379908.000000
2549810.000000
1915744.000000
1738307.000000
1585977.000000
2693736.000000
304222.000000
2259041.000000
2244635.000000
2261879.000000
2230153.000000
1655153.000000
2235241.000000
2523073.000000
1697979.000000
1615819.000000
2590838.000000
2750497.000000
2616061.000000
2102576.000000
98319.000000
2212005.000000
2226947.000000
1932226.000000
2331341.000000
2746483.000000
2661831.000000
2459888.000000
2267809.000000
108967.000000
2298137.000000
2690176.000000
2692376.000000
802933.000000
2195499.000000
2307467.000000
2322699.000000
2622184.000000
1925153.000000
1580595.000000
406771.000000
2463089.000000
1009580.000000
79704.000000
2275547.000000
2316646.000000
2406949.000000
2041812.000000
2194336.000000
1218021.000000
2811546.000000
2410037.000000
2164511.000000
2483448.000000
17893.000000
2059638.000000
403756.000000
1451850.000000
701565.000000
239927.000000
2300523.000000
685505.000000
2254538.000000
2404212.000000
557384.000000
192382.000000
1095880.000000
2603454.000000
2449304.000000
2182139.000000
2266501.000000
174472.000000
2333506.000000
1720082.000000
445872.000000
2139071.000000
240515.000000
2773040.000000
2222372.000000
2391629.000000
2382378.000000
2208139.000000
986958.000000
2032184.000000
2452914.000000
2391663.000000
1519398.000000
1073188.000000
2809484.000000
1390877.000000
1457888.000000
23646.000000
2554621.000000
2461092.000000
1832133.000000
2455521.000000
1262287.000000
455033.000000
2346045.000000
2719371.000000
1961236.000000
2377359.000000
2149295.000000
1838442.000000
912917.000000
2620767.000000
2380004.000000
546493.000000
2066951.000000
2665046.000000
2415738.000000
2755420.000000
288983.000000
19971.000000
539639.000000
2235356.000000
2688284.000000
658805.000000
268172.000000
1794292.000000
483027.000000
1291542.000000
2901030.000000
213301.000000
495242.000000
2611146.000000
115881.000000
2345482.000000
2440758.000000
2316689.000000
1701694.000000
223225.000000
2461906.000000
2256326.000000
2744168.000000
526851.000000
2343957.000000
2174159.000000
2495030.000000
424177.000000
2439932.000000
2727295.000000
172485.000000
2325292.000000
1952936.000000
1749430.000000
372164.000000
2413656.000000
2451434.000000
2358687.000000
835983.000000
1830377.000000
2903838.000000
349599.000000
2439907.000000
649260.000000
2472470.000000
2051791.000000
2407947.000000
2337037.000000
1585853.000000
1706304.000000
1642525.000000
1605295.000000
2141984.000000
2445147.000000
1504137.000000
1540918.000000
2269263.000000
2310336.000000
2548838.000000
2198611.000000
716352.000000
1126853.000000
113053.000000
2736842.000000
241568.000000
1719250.000000
2177448.000000
2614702.000000
544795.000000
1490805.000000
1541740.000000
715987.000000
1915060.000000
2465437.000000
1061071.000000
1859422.000000
2266383.000000
2500934.000000
1936215.000000
2321396.000000
2470925.000000
2165991.000000
2360473.000000
70750.000000
2212721.000000
2456171.000000
2565966.000000
2001491.000000
2340898.000000
2566349.000000
211678.000000
2472034.000000
1998105.000000
2240000.000000
64214.000000
2375762.000000
930870.000000
536427.000000
1727346.000000
1903748.000000
711825.000000
344927.000000
2244090.000000
2151317.000000
2339682.000000
2325497.000000
2521866.000000
1976681.000000
41280.000000
137510.000000
2364622.000000
377149.000000
2425472.000000
2582648.000000
1934065.000000
965004.000000
2684410.000000
2455981.000000
1116636.000000
2671952.000000
525534.000000
1399365.000000
972018.000000
2428961.000000
2304094.000000
2080608.000000
2247002.000000
97869.000000
505325.000000
74151.000000
426375.000000
2216373.000000
1988189.000000
2030082.000000
2172687.000000
1218715.000000
2108821.000000
2652463.000000
2552258.000000
1178840.000000
2243705.000000
2339801.000000
2461704.000000
1923605.000000
1475755.000000
1884687.000000
2446948.000000
2520115.000000
473786.000000
2114668.000000
1816284.000000
2562932.000000
917904.000000
2557524.000000
2121413.000000
2595955.000000
562928.000000
2406063.000000
2912865.000000
2309914.000000
2038443.000000
1390406.000000
24581.000000
2664002.000000
685293.000000
1925759.000000
635025.000000
1333490.000000
159857.000000
2315764.000000
1728486.000000
2089361.000000
1329666.000000
400697.000000
2372859.000000
346139.000000
2708459.000000
2219450.000000
475947.000000
2184094.000000
2295016.000000
2045780.000000
387343.000000
2428674.000000
420398.000000
2503257.000000
716390.000000
924709.000000
2152901.000000
1496567.000000
2414140.000000
2233258.000000
2217249.000000
2849374.000000
2318888.000000
2519726.000000
913640.000000
1876044.000000
1318815.000000
2301213.000000
2120081.000000
62338.000000
2031786.000000
846816.000000
2272499.000000
2337493.000000
2644069.000000
2121153.000000
1184211.000000
2357830.000000
208317.000000
2388402.000000
2342496.000000
2635110.000000
78919.000000
2844882.000000
871768.000000
2287880.000000
784626.000000
282792.000000
1983351.000000
1242612.000000
2005341.000000
2214953.000000
2098416.000000
407408.000000
23889.000000
1178972.000000
1318661.000000
2090825.000000
743999.000000
59778.000000
1833055.000000
2424770.000000
1618173.000000
2476441.000000
2460015.000000
506610.000000
2617951.000000
600662.000000
2240527.000000
2211767.000000
2538977.000000
2288841.000000
501584.000000
294280.000000
2837371.000000
1765892.000000
1321172.000000
1602845.000000
2397188.000000
945912.000000
2388075.000000
2292784.000000
2095800.000000
2373001.000000
507612.000000
584142.000000
2471179.000000
1013841.000000
2709643.000000
2241236.000000
1407117.000000
1693155.000000
2624361.000000
2156545.000000
2074221.000000
2344072.000000
2497954.000000
209310.000000
18351.000000
837853.000000
101915.000000
2554703.000000
1865271.000000
2075044.000000
2095289.000000
297737.000000
2485532.000000
538594.000000
271580.000000
2496485.000000
2457347.000000
2255274.000000
1931809.000000
2391952.000000
1622837.000000
399091.000000
778861.000000
118636.000000
2307876.000000
215981.000000
1635351.000000
2404262.000000
2190792.000000
2133503.000000
2980502.000000
2491265.000000
2139533.000000
2768707.000000
2343235.000000
2393917.000000
1368251.000000
1547734.000000
1357117.000000
930594.000000
168418.000000
2162195.000000
542465.000000
2321670.000000
2094091.000000
22546.000000
364011.000000
2375949.000000
2553543.000000
1951700.000000
1887236.000000
977576.000000
2497925.000000
2440613.000000
2207373.000000
570105.000000
2410628.000000
2367024.000000
423913.000000
2342505.000000
2486802.000000
2026010.000000
63796.000000
2301855.000000
1164042.000000
2109384.000000
1613075.000000
2311042.000000
994301.000000
2431484.000000
2421735.000000
2259291.000000
2385085.000000
2307105.000000
2682675.000000
2497697.000000
1986220.000000
2202870.000000
1573212.000000
2363408.000000
1222234.000000
2363783.000000
1787306.000000
2275650.000000
979441.000000
785573.000000
2724729.000000
1194546.000000
2544416.000000
1742611.000000
422616.000000
2587463.000000
2076241.000000
2237925.000000
123546.000000
2339531.000000
1852445.000000
1848350.000000
1542501.000000
2306009.000000
2301429.000000
2407329.000000
2342888.000000
862666.000000
2480466.000000
2103064.000000
2406299.000000
2215805.000000
1022495.000000
572200.000000
2675754.000000
189649.000000
2180841.000000
2383593.000000
2322167.000000
2437286.000000
197474.000000
1225161.000000
1918265.000000
430093.000000
2207526.000000
1954765.000000
406945.000000
2229742.000000
2457172.000000
2172307.000000
2528780.000000
2245841.000000
1740114.000000
2635732.000000
2408437.000000
838106.000000
2480060.000000
637761.000000
2426361.000000
2636798.000000
2277246.000000
2034804.000000
630227.000000
1024002.000000
2438806.000000
2296368.000000
1056935.000000
2192793.000000
2440203.000000
2696831.000000
363048.000000
1676194.000000
2485540.000000
1972734.000000
1777664.000000
1656021.000000
1823775.000000
1890370.000000
671856.000000
800141.000000
1433881.000000
277807.000000
660479.000000
2597405.000000
233463.000000
129276.000000
175865.000000
2423613.000000
2333454.000000
2229360.000000
2200515.000000
2276196.000000
412400.000000
311387.000000
2910416.000000
2391828.000000
2123444.000000
2330665.000000
2045108.000000
1750039.000000
2355807.000000
2555431.000000
2346001.000000
268535.000000
558380.000000
1421239.000000
146840.000000
2427475.000000
1764917.000000
971272.000000
1215389.000000
2294157.000000
2076404.000000
2152986.000000
1193472.000000
1665764.000000
669468.000000
2087073.000000
2390794.000000
1171052.000000
260665.000000
2418157.000000
745003.000000
2259465.000000
557347.000000
2415935.000000
2912479.000000
2147397.000000
2514665.000000
2050333.000000
1437097.000000
610162.000000
1990105.000000
380059.000000
1416875.000000
769316.000000
2529656.000000
2540873.000000
1258914.000000
1591512.000000
689523.000000
2379008.000000
2355823.000000
2347360.000000
430547.000000
2232013.000000
2290267.000000
2316627.000000
154497.000000
2251689.000000
2429518.000000
2269031.000000
1389346.000000
1747653.000000
2067512.000000
1685908.000000
1717713.000000
445965.000000
2304838.000000
1132645.000000
2101089.000000
14437.000000
1975023.000000
2439524.000000
2355365.000000
2411606.000000
2540255.000000
118329.000000
2481203.000000
1621157.000000
1892977.000000
2389950.000000
2693138.000000
2151824.000000
2454842.000000
1336325.000000
778095.000000
1245427.000000
2602560.000000
2289458.000000
2346832.000000
581419.000000
2273328.000000
2253306.000000
345949.000000
2567176.000000
1320400.000000
1567434.000000
772088.000000
2496538.000000
2197930.000000
416301.000000
2012260.000000
2404392.000000
2831216.000000
2350607.000000
1061553.000000
2272196.000000
2454417.000000
2371420.000000
511881.000000
2851477.000000
2188386.000000
1374344.000000
2368920.000000
1728390.000000
2252099.000000
1275345.000000
2557978.000000
2067259.000000
1814821.000000
1261579.000000
2139392.000000
1957872.000000
2224651.000000
1901130.000000
790564.000000
2411784.000000
2473144.000000
2395488.000000
580515.000000
2458285.000000
2126742.000000
143790.000000
2291367.000000
2532902.000000
2405150.000000
2530681.000000
2545512.000000
2349228.000000
2373453.000000
2148619.000000
1298177.000000
2258233.000000
2573684.000000
2053234.000000
693226.000000
1486778.000000
2316773.000000
2005862.000000
2328862.000000
2430464.000000
2390511.000000
2188708.000000
2584058.000000
401149.000000
2434878.000000
1862912.000000
122776.000000
2527040.000000
2025082.000000
2399413.000000
1902023.000000
1442655.000000
255890.000000
762747.000000
2459724.000000
1986908.000000
2583148.000000
2577342.000000
2564722.000000
2040182.000000
2199363.000000
2124862.000000
1081627.000000
2615045.000000
1999919.000000
2375361.000000
1735004.000000
1426577.000000
2435907.000000
1485014.000000
780425.000000
2362765.000000
2092108.000000
2131574.000000
2364682.000000
2477251.000000
2635989.000000
2721302.000000
1341873.000000
1214589.000000
2412711.000000
1605719.000000
2645994.000000
832896.000000
703014.000000
2371690.000000
2539753.000000
561883.000000
1897728.000000
1767607.000000
1369110.000000
2697382.000000
176838.000000
1150596.000000
2414184.000000
2260082.000000
2373011.000000
218390.000000
1353099.000000
2304710.000000
105152.000000
2078198.000000
1002574.000000
1630000.000000
1451350.000000
2184656.000000
1622519.000000
660409.000000
1304151.000000
761103.000000
2630406.000000
2499276.000000
347460.000000
397104.000000
1889950.000000
81904.000000
2343962.000000
870517.000000
292987.000000
2302928.000000
2523300.000000
1769579.000000
2754637.000000
2570352.000000
2104097.000000
2035663.000000
1449744.000000
2226414.000000
1066279.000000
2584630.000000
428030.000000
2284668.000000
1635236.000000
2651470.000000
2255942.000000
2361384.000000
2252955.000000
2559803.000000
498546.000000
2152358.000000
1111507.000000
2277263.000000
1226808.000000
2231828.000000
2087431.000000
87782.000000
2230637.000000
1777836.000000
1248252.000000
2611271.000000
2567114.000000
2657515.000000
2383920.000000
2289269.000000
2261767.000000
1049802.000000
2519464.000000
2429935.000000
348276.000000
2559250.000000
1608784.000000
2539872.000000
2427829.000000
2104793.000000
104927.000000
2362659.000000
1765436.000000
2383289.000000
1401650.000000
2404224.000000
2421904.000000
99793.000000
2515718.000000
628116.000000
2488052.000000
2521840.000000
2049808.000000
2538163.000000
2882265.000000
2206655.000000
2552313.000000
1602704.000000
771993.000000
587578.000000
2305876.000000
2244754.000000
83775.000000
541893.000000
1961149.000000
2387557.000000
2143519.000000
476115.000000
2126124.000000
150216.000000
1142978.000000
1926116.000000
1646099.000000
2023462.000000
2278556.000000
2719742.000000
2016933.000000
653474.000000
2605164.000000
867839.000000
2424943.000000
2477826.000000
2114538.000000
1710345.000000
2489506.000000
2408787.000000
2287606.000000
2500816.000000
2039771.000000
150792.000000
93338.000000
2342322.000000
717807.000000
2355159.000000
2821359.000000
2593258.000000
17803.000000
2238785.000000
1831070.000000
268620.000000
1974436.000000
2557976.000000
2250876.000000
2580386.000000
296329.000000
2218469.000000
2558265.000000
2403093.000000
2412491.000000
2678494.000000
128804.000000
2310815.000000
1239369.000000
2630321.000000
2408128.000000
672837.000000
2352905.000000
65226.000000
191074.000000
1910461.000000
196322.000000
309974.000000
2786236.000000
2193337.000000
2521324.000000
1602818.000000
2256132.000000
1296675.000000
549483.000000
465703.000000
2255922.000000
1614211.000000
1530338.000000
2171722.000000
2429597.000000
459995.000000
2313433.000000
2595429.000000
87411.000000
2209939.000000
2107304.000000
1414303.000000
2704332.000000
663890.000000
2356106.000000
867125.000000
519930.000000
864255.000000
2477404.000000
2119600.000000
1334379.000000
412074.000000
1149865.000000
551627.000000
2235919.000000
2367355.000000
2786038.000000
2426401.000000
1917594.000000
460146.000000
1821174.000000
2237148.000000
2081541.000000
2599907.000000
1822310.000000
1303670.000000
1745360.000000
844367.000000
367581.000000
2355803.000000
1495583.000000
2197754.000000
2562003.000000
1622235.000000
2338622.000000
2367854.000000
119048.000000
397600.000000
532383.000000
2020794.000000
1509541.000000
2520739.000000
2096193.000000
2570995.000000
1968990.000000
2562776.000000
2619086.000000
2218577.000000
1986039.000000
2392168.000000
2434442.000000
2526055.000000
858191.000000
1935033.000000
836682.000000
182347.000000
260038.000000
513629.000000
167377.000000
1948451.000000
1548087.000000
2126550.000000
2369053.000000
2552564.000000
1441478.000000
2275250.000000
2566892.000000
2202399.000000
1039757.000000
285528.000000
2347200.000000
2107791.000000
2445238.000000
2406987.000000
2929910.000000
2401853.000000
381205.000000
2706391.000000
1772642.000000
2297115.000000
2265336.000000
2389639.000000
2064114.000000
437747.000000
2529429.000000
1325165.000000
592262.000000
2515238.000000
155216.000000
571519.000000
2313196.000000
1846257.000000
2584190.000000
1335282.000000
2236975.000000
2184347.000000
2348327.000000
2199989.000000
2236244.000000
698761.000000
1883980.000000
2621373.000000
385554.000000
1024170.000000
1983754.000000
1145029.000000
2260691.000000
369128.000000
272462.000000
547825.000000
1108740.000000
2286070.000000
1935856.000000
2344149.000000
