0.000000
0.000000
0.000000
0.000000
0.000000
0.000000
0.000000
0.000000
0.000000
0.000000
0.000000
0.000000
0.000000
0.000000
0.000000
0.000000
0.000000
0.000000
0.000000
0.000000
0.000000
0.000000
0.000000
0.000000
0.000000
0.000000
0.000000
0.000000
0.000000
0.000000
0.000000
0.000000
0.000000
0.000000
0.000000
0.000000
0.000000
0.000000
0.000000
0.000000
0.000000
0.000000
0.000000
0.000000
0.000000
0.000000
0.000000
0.000000
0.000000
0.000000
0.000000
0.000000
0.000000
0.000000
0.000000
0.000000
0.000000
0.000000
0.000000
0.000000
0.000000
0.000000
0.000000
0.000000
0.000000
0.000000
0.000000
0.000000
0.000000
0.000000
0.000000
0.000000
0.000000
0.000000
0.000000
0.000000
0.000000
0.000000
0.000000
0.000000
0.000000
0.000000
0.000000
0.000000
0.000000
0.000000
0.000000
0.000000
0.000000
0.000000
0.000000
0.000000
0.000000
0.000000
0.000000
0.000000
0.000000
0.000000
0.000000
0.000000
0.000000
0.000000
0.000000
0.000000
0.000000
0.000000
0.000000
0.000000
0.000000
0.000000
0.000000
0.000000
0.000000
0.000000
0.000000
0.000000
0.000000
0.000000
0.000000
0.000000
0.000000
0.000000
0.000000
0.000000
0.000000
0.000000
0.000000
0.000000
0.000000
0.000000
0.000000
0.000000
0.000000
0.000000
0.000000
0.000000
0.000000
0.000000
0.000000
0.000000
0.000000
0.000000
0.000000
0.000000
0.000000
0.000000
0.000000
0.000000
0.000000
0.000000
0.000000
0.000000
0.000000
0.000000
0.000000
0.000000
0.000000
0.000000
0.000000
0.000000
0.000000
0.000000
0.000000
0.000000
0.000000
0.000000
0.000000
0.000000
0.000000
0.000000
0.000000
0.000000
0.000000
0.000000
0.000000
0.000000
0.000000
0.000000
0.000000
0.000000
0.000000
0.000000
0.000000
0.000000
0.000000
0.000000
0.000000
0.000000
0.000000
0.000000
0.000000
0.000000
0.000000
0.000000
0.000000
0.000000
0.000000
0.000000
0.000000
0.000000
0.000000
0.000000
0.000000
0.000000
0.000000
0.000000
0.000000
0.000000
0.000000
0.000000
0.000000
0.000000
0.000000
0.000000
0.000000
0.000000
0.000000
0.000000
0.000000
0.000000
0.000000
0.000000
0.000000
0.000000
0.000000
0.000000
0.000000
0.000000
0.000000
0.000000
0.000000
0.000000
0.000000
0.000000
0.000000
0.000000
0.000000
0.000000
0.000000
0.000000
0.000000
0.000000
0.000000
0.000000
0.000000
0.000000
0.000000
0.000000
0.000000
0.000000
0.000000
0.000000
0.000000
0.000000
0.000000
0.000000
0.000000
0.000000
0.000000
0.000000
0.000000
0.000000
0.000000
0.000000
0.000000
0.000000
0.000000
0.000000
0.000000
0.000000
0.000000
0.000000
0.000000
0.000000
0.000000
0.000000
0.000000
0.000000
0.000000
0.000000
0.000000
0.000000
0.000000
0.000000
0.000000
0.000000
0.000000
0.000000
0.000000
0.000000
0.000000
0.000000
0.000000
0.000000
0.000000
0.000000
0.000000
0.000000
0.000000
0.000000
0.000000
0.000000
0.000000
0.000000
0.000000
0.000000
0.000000
0.000000
0.000000
0.000000
0.000000
0.000000
0.000000
0.000000
0.000000
0.000000
0.000000
0.000000
0.000000
0.000000
0.000000
0.000000
0.000000
0.000000
0.000000
0.000000
0.000000
0.000000
0.000000
0.000000
0.000000
0.000000
0.000000
0.000000
0.000000
0.000000
0.000000
0.000000
0.000000
0.000000
0.000000
0.000000
0.000000
0.000000
0.000000
0.000000
0.000000
0.000000
0.000000
0.000000
0.000000
0.000000
0.000000
0.000000
0.000000
0.000000
0.000000
0.000000
0.000000
0.000000
0.000000
0.000000
0.000000
0.000000
0.000000
0.000000
0.000000
0.000000
0.000000
0.000000
0.000000
0.000000
0.000000
0.000000
0.000000
0.000000
0.000000
0.000000
0.000000
0.000000
0.000000
0.000000
0.000000
0.000000
0.000000
0.000000
0.000000
0.000000
0.000000
0.000000
0.000000
0.000000
0.000000
0.000000
0.000000
0.000000
0.000000
0.000000
0.000000
0.000000
0.000000
0.000000
0.000000
0.000000
0.000000
0.000000
0.000000
0.000000
0.000000
0.000000
0.000000
0.000000
0.000000
0.000000
0.000000
0.000000
0.000000
0.000000
0.000000
0.000000
0.000000
0.000000
0.000000
0.000000
0.000000
0.000000
0.000000
0.000000
0.000000
0.000000
0.000000
0.000000
0.000000
0.000000
0.000000
0.000000
0.000000
0.000000
0.000000
0.000000
0.000000
0.000000
0.000000
0.000000
0.000000
0.000000
0.000000
0.000000
0.000000
0.000000
0.000000
0.000000
0.000000
0.000000
0.000000
0.000000
0.000000
0.000000
0.000000
0.000000
0.000000
0.000000
0.000000
0.000000
0.000000
0.000000
0.000000
0.000000
0.000000
0.000000
0.000000
0.000000
0.000000
0.000000
0.000000
0.000000
0.000000
0.000000
0.000000
0.000000
0.000000
0.000000
0.000000
0.000000
0.000000
0.000000
0.000000
0.000000
0.000000
0.000000
0.000000
0.000000
0.000000
0.000000
0.000000
0.000000
0.000000
0.000000
0.000000
0.000000
0.000000
0.000000
0.000000
0.000000
0.000000
0.000000
0.000000
0.000000
0.000000
0.000000
0.000000
0.000000
0.000000
0.000000
0.000000
0.000000
0.000000
0.000000
0.000000
0.000000
0.000000
0.000000
0.000000
0.000000
0.000000
0.000000
0.000000
0.000000
0.000000
0.000000
0.000000
0.000000
0.000000
0.000000
0.000000
0.000000
0.000000
0.000000
0.000000
0.000000
0.000000
0.000000
0.000000
0.000000
0.000000
0.000000
0.000000
0.000000
0.000000
0.000000
0.000000
0.000000
0.000000
0.000000
0.000000
0.000000
0.000000
0.000000
0.000000
0.000000
0.000000
0.000000
0.000000
0.000000
0.000000
0.000000
0.000000
0.000000
0.000000
0.000000
0.000000
0.000000
0.000000
0.000000
0.000000
0.000000
0.000000
0.000000
0.000000
0.000000
0.000000
0.000000
0.000000
0.000000
0.000000
0.000000
0.000000
0.000000
0.000000
0.000000
6687150.000000
3386869.000000
764828.000000
1493996.000000
2583827.000000
1489412.000000
4307321.000000
1790830.000000
2167793.000000
3017040.000000
2667834.000000
345754.000000
1275098.000000
2782733.000000
3545039.000000
3841785.000000
4275968.000000
2354768.000000
3366842.000000
3664260.000000
304928.000000
2739159.000000
2245950.000000
2926380.000000
3535918.000000
765657.000000
3636732.000000
3088922.000000
1068401.000000
3629670.000000
3666124.000000
1459927.000000
1564436.000000
597936.000000
1558942.000000
3595452.000000
4130663.000000
2818033.000000
2077478.000000
2089799.000000
2833567.000000
1999973.000000
2842236.000000
3521944.000000
845846.000000
1200464.000000
3393327.000000
2766236.000000
2490926.000000
3389504.000000
4387553.000000
1667275.000000
1172933.000000
141254.000000
2915400.000000
2176322.000000
2392123.000000
766428.000000
3585071.000000
2700149.000000
3718939.000000
4175086.000000
1536280.000000
3965159.000000
3223980.000000
83520.000000
2171291.000000
3014835.000000
1392920.000000
2532466.000000
3058096.000000
1453836.000000
3633241.000000
78868.000000
3042565.000000
2057989.000000
1914496.000000
3793075.000000
570366.000000
3154736.000000
2942309.000000
3747585.000000
2289291.000000
3886138.000000
3268349.000000
4667454.000000
1741864.000000
1930501.000000
2752322.000000
3935334.000000
3341282.000000
3656945.000000
1223029.000000
2234359.000000
4017051.000000
1192363.000000
3295769.000000
100968.000000
2840592.000000
3697992.000000
396208.000000
2828413.000000
2526233.000000
2963473.000000
3220448.000000
3823598.000000
4163335.000000
2857505.000000
974624.000000
3260644.000000
463700.000000
120969.000000
3975004.000000
2236937.000000
1497854.000000
3188663.000000
3119630.000000
3357381.000000
3918550.000000
2193255.000000
3747576.000000
735417.000000
3002849.000000
3948730.000000
647338.000000
3831890.000000
3623056.000000
202424.000000
3925820.000000
2202241.000000
3663142.000000
4172033.000000
2758208.000000
1794967.000000
291552.000000
3863641.000000
101885.000000
4319000.000000
13112.000000
536649.000000
3685156.000000
3526208.000000
2774332.000000
613858.000000
3673296.000000
3766132.000000
3798043.000000
2044305.000000
444596.000000
450500.000000
1054965.000000
3783279.000000
4405564.000000
1989820.000000
3305211.000000
3904321.000000
3463064.000000
2637528.000000
3113744.000000
1014009.000000
364614.000000
522417.000000
3128587.000000
3747614.000000
840176.000000
3877507.000000
890026.000000
3934163.000000
3090603.000000
2972745.000000
4134759.000000
237538.000000
3634423.000000
1334824.000000
4095890.000000
1372290.000000
257115.000000
1946783.000000
2712325.000000
1234540.000000
3273883.000000
1790637.000000
3677232.000000
2603944.000000
1856871.000000
2417906.000000
159511.000000
3578796.000000
3474639.000000
1399720.000000
3358511.000000
3130393.000000
3926653.000000
3323806.000000
468497.000000
3423503.000000
3587421.000000
1438645.000000
2275722.000000
3547426.000000
3932863.000000
2600704.000000
3925578.000000
514605.000000
2841843.000000
4007050.000000
3744897.000000
3328095.000000
3700966.000000
3637842.000000
2609098.000000
24685.000000
3179241.000000
72552.000000
1183546.000000
4178557.000000
4028567.000000
246171.000000
349623.000000
3517505.000000
3595016.000000
8714.000000
3456298.000000
2819604.000000
1476323.000000
88240.000000
2325746.000000
3737769.000000
544455.000000
149870.000000
3821243.000000
3319720.000000
1290508.000000
1954640.000000
2659647.000000
3405547.000000
2035317.000000
3366522.000000
3509831.000000
4041233.000000
179273.000000
147428.000000
2510905.000000
2871941.000000
4171921.000000
3638626.000000
49763.000000
3080180.000000
3548309.000000
218892.000000
3586925.000000
2144362.000000
3778254.000000
3124450.000000
3923011.000000
2194347.000000
2520063.000000
1664493.000000
233469.000000
3672854.000000
4005464.000000
1936819.000000
3545524.000000
213288.000000
2819634.000000
2618504.000000
4115108.000000
580565.000000
246384.000000
3112592.000000
705204.000000
3740573.000000
2002517.000000
3233496.000000
3082503.000000
2705556.000000
1863830.000000
1128586.000000
3841502.000000
3307492.000000
793479.000000
1572009.000000
2845062.000000
3542010.000000
227162.000000
778678.000000
2305462.000000
616809.000000
2638976.000000
169697.000000
62480.000000
1322242.000000
3409553.000000
3653198.000000
3460973.000000
172006.000000
2593958.000000
3592193.000000
4046313.000000
2767839.000000
3038712.000000
2658981.000000
3266893.000000
289837.000000
3807898.000000
186369.000000
3433664.000000
2888150.000000
2993696.000000
116078.000000
2045735.000000
3826912.000000
3122837.000000
3229505.000000
2573261.000000
439322.000000
3242888.000000
1553235.000000
2699114.000000
275122.000000
436336.000000
4345520.000000
3654642.000000
3068624.000000
1848992.000000
4443872.000000
4160779.000000
1431446.000000
3850613.000000
2511581.000000
134365.000000
2360672.000000
2349678.000000
1457051.000000
2421448.000000
2815027.000000
3739554.000000
2743021.000000
3487940.000000
337093.000000
85524.000000
3594906.000000
2281962.000000
3812631.000000
218310.000000
1779228.000000
188385.000000
4105698.000000
344886.000000
2146645.000000
2650215.000000
4164479.000000
1624583.000000
2799565.000000
3714268.000000
3806725.000000
2625707.000000
1628714.000000
2683204.000000
3599820.000000
2795107.000000
951900.000000
64070.000000
2475683.000000
3588655.000000
3671344.000000
1420138.000000
2943067.000000
3802470.000000
2425058.000000
3377038.000000
3788835.000000
3427954.000000
2689040.000000
3804098.000000
4103602.000000
3799540.000000
2199367.000000
2661070.000000
140468.000000
3537787.000000
1579403.000000
3933765.000000
1655713.000000
1546083.000000
3318226.000000
75215.000000
3895537.000000
3328676.000000
1307035.000000
2874802.000000
3427023.000000
1564960.000000
4176697.000000
1078568.000000
1388548.000000
3488492.000000
2111373.000000
3679090.000000
163836.000000
3786280.000000
4205872.000000
3053956.000000
1523285.000000
974272.000000
2223878.000000
3226035.000000
2283969.000000
1172416.000000
3754451.000000
2434725.000000
3421535.000000
2533647.000000
4073033.000000
2879831.000000
3473698.000000
1282007.000000
4340694.000000
3654320.000000
259453.000000
3723759.000000
2485551.000000
1982382.000000
2030420.000000
3368487.000000
2177458.000000
2425786.000000
4283522.000000
3836033.000000
3468147.000000
3060056.000000
1050859.000000
1739196.000000
4435164.000000
3266807.000000
4259493.000000
2774042.000000
4299803.000000
3059712.000000
1584159.000000
3600871.000000
2653797.000000
3765316.000000
2940444.000000
3211013.000000
3531807.000000
3121288.000000
613747.000000
1964184.000000
3653709.000000
3434941.000000
102501.000000
3930930.000000
960730.000000
427777.000000
165197.000000
1017574.000000
3370732.000000
2265706.000000
3989838.000000
3301830.000000
2367361.000000
2962957.000000
4433088.000000
896083.000000
1582649.000000
3960083.000000
324527.000000
4240102.000000
3774685.000000
1997834.000000
160770.000000
2096156.000000
3526347.000000
3627946.000000
3229777.000000
3833364.000000
3114789.000000
4032176.000000
3192119.000000
691850.000000
1802723.000000
1361164.000000
841568.000000
3273714.000000
305753.000000
353066.000000
3478388.000000
830751.000000
1548272.000000
1721643.000000
3546120.000000
552056.000000
3983985.000000
3125107.000000
3070596.000000
2611045.000000
3557769.000000
173762.000000
4064482.000000
3520727.000000
1256147.000000
3348891.000000
178232.000000
4077838.000000
1783746.000000
2504950.000000
3600744.000000
1566192.000000
1484680.000000
487336.000000
2514536.000000
225263.000000
2803227.000000
4092241.000000
235711.000000
3609290.000000
4337638.000000
3301835.000000
3598136.000000
3483213.000000
262128.000000
3749583.000000
424476.000000
3902462.000000
3536747.000000
4048538.000000
3658369.000000
3824597.000000
578744.000000
1028595.000000
2188329.000000
3508691.000000
3026435.000000
1927034.000000
4215982.000000
2222288.000000
2586674.000000
3789047.000000
2963276.000000
2905919.000000
3440197.000000
2401329.000000
214664.000000
909016.000000
2213056.000000
106357.000000
1033845.000000
237271.000000
3661524.000000
3694782.000000
3030813.000000
1634913.000000
26698.000000
3778506.000000
3664930.000000
3306365.000000
2067842.000000
3978854.000000
3575136.000000
3339686.000000
2547022.000000
2597064.000000
313207.000000
357680.000000
4222112.000000
1233988.000000
3575841.000000
228671.000000
3644764.000000
22746.000000
56093.000000
3858054.000000
109250.000000
2474221.000000
763952.000000
206442.000000
591458.000000
1669504.000000
3528068.000000
299926.000000
4081713.000000
3237223.000000
2783555.000000
3840363.000000
201115.000000
2217054.000000
3324541.000000
3981685.000000
3166536.000000
3600971.000000
3473101.000000
1249023.000000
3023425.000000
2852385.000000
3086409.000000
3200149.000000
1364988.000000
3010666.000000
75532.000000
2872784.000000
3968870.000000
25355.000000
1850206.000000
2643343.000000
3930179.000000
3332814.000000
3673444.000000
675518.000000
2134534.000000
4186103.000000
122536.000000
1182485.000000
2223316.000000
752600.000000
2672653.000000
3433290.000000
4217261.000000
860487.000000
3851289.000000
3628774.000000
2279755.000000
692923.000000
1098423.000000
3694983.000000
361689.000000
224177.000000
2118297.000000
2040459.000000
3409476.000000
4206712.000000
4309133.000000
562957.000000
3822720.000000
3572891.000000
889102.000000
4265590.000000
1891483.000000
2385690.000000
4012991.000000
3363750.000000
3502454.000000
2636515.000000
3947879.000000
112834.000000
3292874.000000
3842438.000000
3788135.000000
293021.000000
2602395.000000
3757054.000000
119226.000000
94365.000000
3646511.000000
3493603.000000
3408594.000000
3834068.000000
3730961.000000
2633826.000000
3567933.000000
1325601.000000
3067857.000000
2051259.000000
3531373.000000
1448173.000000
4034428.000000
480671.000000
3985262.000000
3978295.000000
3813812.000000
2459580.000000
3382910.000000
4040850.000000
250142.000000
4171976.000000
625093.000000
3893658.000000
233359.000000
681387.000000
944244.000000
3059883.000000
1122411.000000
3439704.000000
3980173.000000
4141745.000000
3549537.000000
4135284.000000
173905.000000
694753.000000
4250405.000000
1296014.000000
742072.000000
3454545.000000
3608379.000000
3843620.000000
4418069.000000
2612053.000000
4054804.000000
3554808.000000
3511620.000000
3994987.000000
23866.000000
2378960.000000
112113.000000
275747.000000
2733872.000000
1309232.000000
3581254.000000
3665090.000000
4481424.000000
3864465.000000
115064.000000
2624115.000000
2992234.000000
2203340.000000
1607892.000000
4049190.000000
3169413.000000
1337307.000000
3744391.000000
3685681.000000
3688575.000000
3475854.000000
3304203.000000
761393.000000
937601.000000
453405.000000
1249593.000000
2820999.000000
3753257.000000
3782025.000000
4108235.000000
3734066.000000
2946619.000000
2719343.000000
3333910.000000
155927.000000
3786586.000000
2935424.000000
4061305.000000
451605.000000
3620138.000000
3880225.000000
1907932.000000
3171041.000000
1159535.000000
3644481.000000
3946898.000000
2701719.000000
3281193.000000
2633376.000000
4281532.000000
4666383.000000
13478.000000
3323991.000000
1564343.000000
21044.000000
3913838.000000
2499126.000000
3482044.000000
3154049.000000
3107201.000000
3841422.000000
1902501.000000
4065640.000000
85216.000000
3646862.000000
2742840.000000
2572175.000000
824893.000000
1924895.000000
3675166.000000
3294157.000000
2722636.000000
91865.000000
3892944.000000
658615.000000
3577545.000000
299848.000000
3735180.000000
1446155.000000
4210568.000000
4001935.000000
3762833.000000
630545.000000
3686638.000000
403935.000000
3690429.000000
4434849.000000
235091.000000
3910004.000000
3646570.000000
3289088.000000
168274.000000
4317778.000000
4286526.000000
626868.000000
649450.000000
3604743.000000
3400747.000000
337738.000000
556338.000000
3344614.000000
3495089.000000
1636495.000000
3417896.000000
1234984.000000
723247.000000
1152455.000000
3958465.000000
454855.000000
3651562.000000
72671.000000
3458621.000000
578124.000000
3693784.000000
3790550.000000
330164.000000
3600892.000000
3382854.000000
962456.000000
3807983.000000
3510005.000000
3151806.000000
3169168.000000
120349.000000
880936.000000
335304.000000
3513121.000000
103531.000000
803133.000000
3880231.000000
675198.000000
3122272.000000
4017302.000000
3532242.000000
3702564.000000
1300802.000000
3795171.000000
944929.000000
3837386.000000
2488315.000000
2598184.000000
779363.000000
3489330.000000
3246415.000000
27257.000000
23353.000000
3519241.000000
2134774.000000
7141.000000
3590408.000000
3339671.000000
2681597.000000
292918.000000
2099523.000000
3253495.000000
2851330.000000
3449616.000000
695055.000000
486669.000000
3762426.000000
3085406.000000
3001434.000000
3678322.000000
3217590.000000
2478002.000000
4296462.000000
3635821.000000
2576157.000000
2438986.000000
3792216.000000
3114144.000000
1198330.000000
3555213.000000
677868.000000
4191999.000000
3631803.000000
2838496.000000
705480.000000
2454928.000000
2680828.000000
24650.000000
2302468.000000
2599729.000000
2642486.000000
2597523.000000
3672173.000000
4150481.000000
3468769.000000
1271820.000000
858841.000000
3526741.000000
3398742.000000
3017173.000000
3696646.000000
240808.000000
2772496.000000
2274560.000000
3636948.000000
3035337.000000
2249073.000000
386307.000000
3626301.000000
587976.000000
2962718.000000
1408920.000000
4629912.000000
534927.000000
1410312.000000
3912545.000000
2499508.000000
783623.000000
2965562.000000
1577309.000000
3104296.000000
1808782.000000
169833.000000
2963282.000000
3087381.000000
3312855.000000
4277573.000000
3349522.000000
3447420.000000
3657530.000000
241822.000000
2323798.000000
3252923.000000
3797340.000000
649390.000000
1175651.000000
3607272.000000
3721458.000000
2407788.000000
2390187.000000
2044315.000000
3672428.000000
335254.000000
3556115.000000
3687971.000000
3750546.000000
3040506.000000
2091223.000000
2918962.000000
3916111.000000
2134544.000000
1893473.000000
4115711.000000
4052677.000000
4081580.000000
2976251.000000
96355.000000
3572397.000000
3872814.000000
2457177.000000
3934635.000000
3855524.000000
4126989.000000
3945139.000000
2923232.000000
124975.000000
3668557.000000
4075137.000000
3574404.000000
889205.000000
3018511.000000
3659572.000000
3412244.000000
3835255.000000
2279546.000000
1660934.000000
515170.000000
3871115.000000
1135425.000000
74413.000000
3785934.000000
2935187.000000
3805607.000000
2302327.000000
3787095.000000
1461744.000000
3982827.000000
3317639.000000
3850054.000000
4192122.000000
24770.000000
3202989.000000
406303.000000
1981363.000000
824955.000000
262924.000000
3092230.000000
679570.000000
4258531.000000
3320316.000000
640293.000000
224603.000000
1292945.000000
4199323.000000
3425121.000000
2996690.000000
2806301.000000
174292.000000
3570258.000000
2514047.000000
454880.000000
3949593.000000
242198.000000
3920216.000000
2912517.000000
3788201.000000
2959714.000000
3649659.000000
1351412.000000
2499674.000000
3503765.000000
3597423.000000
1592491.000000
1239828.000000
3888783.000000
1918755.000000
1509638.000000
24877.000000
4233061.000000
4089151.000000
2821846.000000
4085649.000000
1401249.000000
437992.000000
3873184.000000
3971322.000000
2473328.000000
2922986.000000
2704702.000000
2211841.000000
1102509.000000
3723461.000000
4050077.000000
642140.000000
2883965.000000
4046981.000000
3527859.000000
4076037.000000
275314.000000
16144.000000
520564.000000
3034698.000000
3547288.000000
691284.000000
265814.000000
2247770.000000
443564.000000
1399343.000000
4309907.000000
282945.000000
501658.000000
4046611.000000
157113.000000
3423445.000000
3579101.000000
3385757.000000
2002944.000000
285278.000000
3518380.000000
3610799.000000
3519036.000000
526562.000000
3734338.000000
3776546.000000
3578169.000000
557764.000000
3662500.000000
4318491.000000
176035.000000
3780784.000000
2636380.000000
2447303.000000
386070.000000
3814691.000000
3642302.000000
3958419.000000
832927.000000
2405903.000000
3662632.000000
347988.000000
3214282.000000
841596.000000
3111572.000000
2636524.000000
3127271.000000
3180533.000000
1935150.000000
2021321.000000
2050426.000000
2240418.000000
3362946.000000
3704826.000000
1977482.000000
1755059.000000
3171953.000000
3878985.000000
3497743.000000
3102431.000000
968568.000000
1331364.000000
114265.000000
3920214.000000
268135.000000
1993225.000000
3368974.000000
3740907.000000
673717.000000
1943163.000000
1941803.000000
828730.000000
2632026.000000
3412776.000000
1336343.000000
2237538.000000
3332722.000000
4011954.000000
3118341.000000
3291822.000000
3303427.000000
2809409.000000
3849559.000000
83231.000000
2815240.000000
3947016.000000
3313163.000000
2591458.000000
3441473.000000
3875242.000000
256843.000000
3447283.000000
3019925.000000
3067925.000000
63826.000000
3280722.000000
1053007.000000
541198.000000
2703591.000000
2765838.000000
689675.000000
308168.000000
4163676.000000
3271722.000000
3120481.000000
3841360.000000
3900149.000000
2282737.000000
33108.000000
148068.000000
3499481.000000
396383.000000
3536776.000000
3804919.000000
2620608.000000
907314.000000
3763938.000000
3871747.000000
1246860.000000
3529924.000000
480656.000000
1538263.000000
1003805.000000
3364285.000000
3888608.000000
2686944.000000
3357608.000000
77607.000000
546371.000000
75145.000000
452692.000000
4174260.000000
2625837.000000
3153000.000000
2984444.000000
1396148.000000
3305379.000000
3933336.000000
3682765.000000
1152182.000000
3592182.000000
2809388.000000
4359040.000000
2641024.000000
1624563.000000
2622488.000000
4162798.000000
3564546.000000
485689.000000
3542855.000000
2300915.000000
4326252.000000
1003995.000000
3855447.000000
3030908.000000
3838150.000000
604533.000000
3208884.000000
4478737.000000
3227392.000000
2864613.000000
1532312.000000
23763.000000
3644450.000000
689280.000000
2360049.000000
703210.000000
1482753.000000
172729.000000
3184403.000000
2116735.000000
3431446.000000
1555504.000000
514730.000000
3178089.000000
371979.000000
4444886.000000
3262132.000000
498527.000000
3204376.000000
2964569.000000
3111261.000000
409226.000000
3865425.000000
438651.000000
3827170.000000
878224.000000
1033330.000000
2417715.000000
1933269.000000
3962735.000000
3040060.000000
2957036.000000
3778703.000000
3656293.000000
3774116.000000
1200528.000000
2091434.000000
1811988.000000
3723361.000000
3820885.000000
66146.000000
2680466.000000
908175.000000
3819471.000000
2673320.000000
3471896.000000
3282147.000000
1193876.000000
3869294.000000
236262.000000
3810049.000000
3360293.000000
3890993.000000
77584.000000
4244006.000000
1055141.000000
4106657.000000
846924.000000
293178.000000
2563402.000000
1540691.000000
2892511.000000
4002768.000000
2883496.000000
410098.000000
22292.000000
1249373.000000
1519256.000000
2746532.000000
879214.000000
67259.000000
2805534.000000
4093402.000000
1984238.000000
3741285.000000
3517814.000000
476454.000000
3445801.000000
750444.000000
3728926.000000
3734417.000000
3407188.000000
3722609.000000
563588.000000
359838.000000
3986699.000000
2117175.000000
1569556.000000
1985615.000000
3389044.000000
1222156.000000
3734049.000000
3136155.000000
3734611.000000
4135853.000000
638955.000000
652973.000000
3112446.000000
1079060.000000
3923530.000000
2880796.000000
2288160.000000
2157030.000000
4145136.000000
3568939.000000
2806537.000000
3939905.000000
3575948.000000
192983.000000
26027.000000
1116522.000000
89381.000000
3870009.000000
2443348.000000
3251517.000000
3289714.000000
301783.000000
3749799.000000
540465.000000
221779.000000
3153444.000000
3120772.000000
3614938.000000
2726183.000000
3733761.000000
1975862.000000
543689.000000
926242.000000
144852.000000
3626951.000000
255863.000000
2077835.000000
3424826.000000
3263168.000000
3111035.000000
4229602.000000
3448628.000000
3544522.000000
3996756.000000
3743239.000000
3183697.000000
1834159.000000
2028539.000000
1544635.000000
930769.000000
174406.000000
3345273.000000
544945.000000
3795485.000000
2514359.000000
24901.000000
357642.000000
3412404.000000
3111711.000000
3131918.000000
2549595.000000
1029992.000000
4201900.000000
3319748.000000
3411590.000000
552291.000000
3732256.000000
3258495.000000
486165.000000
3733340.000000
3762331.000000
2741507.000000
68534.000000
3435982.000000
1877910.000000
2767562.000000
2320488.000000
3160967.000000
959892.000000
3665708.000000
3332294.000000
3323284.000000
3388561.000000
3938470.000000
4237870.000000
3662692.000000
2639444.000000
3838494.000000
2104183.000000
3272025.000000
1333932.000000
3561546.000000
2212974.000000
3604803.000000
1089713.000000
887534.000000
3833190.000000
1199102.000000
3754793.000000
2564032.000000
478348.000000
4002837.000000
3305499.000000
3339724.000000
127488.000000
3149799.000000
2331133.000000
2339287.000000
1869521.000000
3167344.000000
3157272.000000
4012695.000000
3260471.000000
1006641.000000
4409898.000000
2861687.000000
3493864.000000
3141038.000000
1037681.000000
733538.000000
3572080.000000
209174.000000
3377794.000000
3133277.000000
3517349.000000
3482234.000000
229235.000000
1438626.000000
2637019.000000
503930.000000
3105686.000000
3611271.000000
454413.000000
3836548.000000
3385722.000000
3113903.000000
3550862.000000
3936907.000000
2137057.000000
4457517.000000
4364629.000000
961580.000000
3755016.000000
690447.000000
3913456.000000
3888498.000000
3225648.000000
2772707.000000
529615.000000
953419.000000
3611982.000000
3177025.000000
1191622.000000
3307990.000000
3822942.000000
4527289.000000
390272.000000
1636151.000000
3919880.000000
2665612.000000
2381081.000000
1784930.000000
2368878.000000
2493997.000000
769653.000000
797194.000000
1875940.000000
305608.000000
791857.000000
4516245.000000
249670.000000
123624.000000
214476.000000
3633650.000000
3679542.000000
3135973.000000
2774307.000000
3162065.000000
353950.000000
399510.000000
3660809.000000
3709279.000000
2896599.000000
3201448.000000
2788652.000000
2635381.000000
4067095.000000
3546247.000000
3333235.000000
271007.000000
415137.000000
2012272.000000
139317.000000
3173673.000000
2259904.000000
1093924.000000
1773584.000000
3685363.000000
3421063.000000
2720079.000000
1194521.000000
2033945.000000
676388.000000
2842712.000000
3503249.000000
1238158.000000
279868.000000
3197184.000000
1005313.000000
3278281.000000
709880.000000
3740082.000000
3842902.000000
2978910.000000
3989483.000000
2818709.000000
1871464.000000
646667.000000
2687849.000000
477933.000000
1530888.000000
762224.000000
4089927.000000
3544354.000000
1300398.000000
2188939.000000
817870.000000
3677907.000000
3838919.000000
4160230.000000
402415.000000
3716745.000000
2747608.000000
3246735.000000
153482.000000
2871876.000000
4529847.000000
3793074.000000
1948011.000000
2221669.000000
2674042.000000
2268950.000000
1966927.000000
418333.000000
3771754.000000
1086258.000000
3460975.000000
15887.000000
2701543.000000
3495148.000000
3402845.000000
3774994.000000
3925781.000000
137335.000000
3336982.000000
1972308.000000
2338352.000000
3803110.000000
3880082.000000
2976886.000000
3157706.000000
1329428.000000
972349.000000
1578543.000000
3842884.000000
3719420.000000
4190839.000000
592665.000000
4157383.000000
3465254.000000
391831.000000
4104030.000000
1659839.000000
1800608.000000
725908.000000
4013205.000000
3055913.000000
412797.000000
2621007.000000
3857210.000000
4506593.000000
3101029.000000
1231313.000000
3644073.000000
3344949.000000
3137721.000000
543519.000000
3978233.000000
3468969.000000
1556579.000000
3937783.000000
2347127.000000
3435046.000000
1248046.000000
3202903.000000
2920157.000000
2437975.000000
1190472.000000
3045388.000000
2323630.000000
3809842.000000
2259028.000000
852811.000000
4227131.000000
3876241.000000
3771126.000000
747953.000000
3263807.000000
2879064.000000
158342.000000
3398228.000000
3681920.000000
3383399.000000
3804912.000000
4378177.000000
4052589.000000
3657092.000000
2817597.000000
1749660.000000
3994723.000000
4119411.000000
2668046.000000
707672.000000
1679566.000000
2927233.000000
3177914.000000
3888927.000000
3852359.000000
3468585.000000
3686251.000000
3890151.000000
374901.000000
3950208.000000
2301641.000000
129167.000000
3374730.000000
2985052.000000
4298564.000000
2631866.000000
1796435.000000
201054.000000
815846.000000
3377486.000000
2763991.000000
4317254.000000
3695253.000000
3726143.000000
2685375.000000
4118613.000000
2721649.000000
1107244.000000
3718882.000000
2435120.000000
3884341.000000
1988965.000000
1647498.000000
3796830.000000
1574660.000000
762122.000000
3176198.000000
2570046.000000
3590565.000000
4001763.000000
3747068.000000
3978867.000000
3888088.000000
1498683.000000
1361317.000000
4164613.000000
1947610.000000
4262211.000000
767348.000000
785027.000000
3378059.000000
3746025.000000
918544.000000
2679402.000000
2079073.000000
1524390.000000
4403397.000000
170700.000000
1255927.000000
3510624.000000
3599203.000000
2992764.000000
186491.000000
1775172.000000
3279591.000000
82082.000000
2527183.000000
960562.000000
2369637.000000
1856727.000000
3408655.000000
2375938.000000
682718.000000
1707749.000000
969908.000000
4057945.000000
3548806.000000
427224.000000
373769.000000
2966815.000000
81567.000000
3422314.000000
1099684.000000
318444.000000
3368107.000000
3843482.000000
2269544.000000
4244829.000000
3895651.000000
2580436.000000
2881488.000000
1569674.000000
3309730.000000
1083711.000000
4151163.000000
400182.000000
2969855.000000
2047179.000000
3605928.000000
2961448.000000
3509253.000000
3290620.000000
3841316.000000
606082.000000
3510541.000000
1180538.000000
3355052.000000
1625602.000000
2762356.000000
3180468.000000
93378.000000
3929764.000000
2734639.000000
1387186.000000
3484178.000000
4326959.000000
3983134.000000
2877952.000000
3762527.000000
3248076.000000
976287.000000
3898439.000000
3974944.000000
383131.000000
4267591.000000
1891330.000000
3541262.000000
3389720.000000
2712622.000000
112347.000000
3036922.000000
2054880.000000
3579937.000000
1840893.000000
3969264.000000
3062739.000000
104975.000000
3760429.000000
812336.000000
3775116.000000
4100032.000000
2672475.000000
3156137.000000
4050316.000000
3625068.000000
3675274.000000
2031426.000000
684386.000000
631819.000000
3864653.000000
3299815.000000
96977.000000
487754.000000
2501007.000000
4020105.000000
3087816.000000
546892.000000
3832192.000000
194308.000000
1208229.000000
2335773.000000
1733537.000000
2850079.000000
3029243.000000
4564635.000000
2910762.000000
607133.000000
4161847.000000
959435.000000
3920021.000000
3492570.000000
3658778.000000
2349053.000000
3400946.000000
3791870.000000
3342706.000000
3494124.000000
2685074.000000
164392.000000
101075.000000
3238546.000000
605855.000000
3354949.000000
3264297.000000
3514934.000000
24650.000000
3012860.000000
2260154.000000
258841.000000
2587863.000000
3688734.000000
3533366.000000
4039621.000000
356194.000000
3571143.000000
3433398.000000
3211045.000000
3200115.000000
3800725.000000
166976.000000
3321170.000000
1235258.000000
3829454.000000
4083973.000000
675481.000000
4437188.000000
83325.000000
246114.000000
2963323.000000
199051.000000
339373.000000
4324969.000000
3635171.000000
3777459.000000
1991108.000000
3334508.000000
1372850.000000
676108.000000
498281.000000
3638322.000000
1976226.000000
2129803.000000
3291007.000000
3863685.000000
495976.000000
3216909.000000
3665821.000000
75226.000000
3352529.000000
3031088.000000
1530236.000000
3853189.000000
821008.000000
3595326.000000
993850.000000
577377.000000
936650.000000
3578497.000000
3480895.000000
1562332.000000
435137.000000
1491498.000000
527940.000000
3070352.000000
2971419.000000
4462369.000000
3825315.000000
2777100.000000
464929.000000
2641271.000000
3324878.000000
2754844.000000
4073657.000000
2268495.000000
1514225.000000
2329051.000000
943106.000000
353853.000000
3204293.000000
1545356.000000
3355740.000000
3690765.000000
2105906.000000
3735265.000000
3652960.000000
97905.000000
451262.000000
694452.000000
3005517.000000
1485767.000000
3496833.000000
2616447.000000
3420704.000000
2582069.000000
3636450.000000
4263571.000000
2924384.000000
2703548.000000
3428028.000000
3683494.000000
3998684.000000
942085.000000
2491760.000000
894857.000000
267612.000000
276738.000000
557116.000000
190905.000000
2693068.000000
1781237.000000
2852323.000000
2917594.000000
3379525.000000
1799801.000000
2909749.000000
3390717.000000
3222686.000000
1402989.000000
277710.000000
3649689.000000
3240370.000000
3739440.000000
3882940.000000
4089992.000000
3654073.000000
391298.000000
3369859.000000
2534433.000000
3830106.000000
3668021.000000
2952972.000000
2465603.000000
366968.000000
3446101.000000
1332289.000000
614762.000000
4049573.000000
162236.000000
494535.000000
3884110.000000
2308558.000000
4066548.000000
1603312.000000
3462853.000000
3001856.000000
3601099.000000
3127744.000000
2971308.000000
783348.000000
2413431.000000
3977552.000000
396118.000000
1082055.000000
2795495.000000
1371027.000000
2829831.000000
477243.000000
267259.000000
509511.000000
1243638.000000
3893975.000000
3010108.000000
3379538.000000
