0.000000
0.000000
0.000000
0.000000
0.000000
0.000000
0.000000
0.000000
0.000000
0.000000
0.000000
0.000000
0.000000
0.000000
0.000000
0.000000
0.000000
0.000000
0.000000
0.000000
0.000000
0.000000
0.000000
0.000000
0.000000
0.000000
0.000000
0.000000
0.000000
0.000000
0.000000
0.000000
0.000000
0.000000
0.000000
0.000000
0.000000
0.000000
0.000000
0.000000
0.000000
0.000000
0.000000
0.000000
0.000000
0.000000
0.000000
0.000000
0.000000
0.000000
0.000000
0.000000
0.000000
0.000000
0.000000
0.000000
0.000000
0.000000
0.000000
0.000000
0.000000
0.000000
0.000000
0.000000
0.000000
0.000000
0.000000
0.000000
0.000000
0.000000
0.000000
0.000000
0.000000
0.000000
0.000000
0.000000
0.000000
0.000000
0.000000
0.000000
0.000000
0.000000
0.000000
0.000000
0.000000
0.000000
0.000000
0.000000
0.000000
0.000000
0.000000
0.000000
0.000000
0.000000
0.000000
0.000000
0.000000
0.000000
0.000000
0.000000
0.000000
0.000000
0.000000
0.000000
0.000000
0.000000
0.000000
0.000000
0.000000
0.000000
0.000000
0.000000
0.000000
0.000000
0.000000
0.000000
0.000000
0.000000
0.000000
0.000000
0.000000
0.000000
0.000000
0.000000
0.000000
0.000000
0.000000
0.000000
0.000000
0.000000
0.000000
0.000000
0.000000
0.000000
0.000000
0.000000
0.000000
0.000000
0.000000
0.000000
0.000000
0.000000
0.000000
0.000000
0.000000
0.000000
0.000000
0.000000
0.000000
0.000000
0.000000
0.000000
0.000000
0.000000
0.000000
0.000000
0.000000
0.000000
0.000000
0.000000
0.000000
0.000000
0.000000
0.000000
0.000000
0.000000
0.000000
0.000000
0.000000
0.000000
0.000000
0.000000
0.000000
0.000000
0.000000
0.000000
0.000000
0.000000
0.000000
0.000000
0.000000
0.000000
0.000000
0.000000
0.000000
0.000000
0.000000
0.000000
0.000000
0.000000
0.000000
0.000000
0.000000
0.000000
0.000000
0.000000
0.000000
0.000000
0.000000
0.000000
0.000000
0.000000
0.000000
0.000000
0.000000
0.000000
0.000000
0.000000
0.000000
0.000000
0.000000
0.000000
0.000000
0.000000
0.000000
0.000000
0.000000
0.000000
0.000000
0.000000
0.000000
0.000000
0.000000
0.000000
0.000000
0.000000
0.000000
0.000000
0.000000
0.000000
0.000000
0.000000
0.000000
0.000000
0.000000
0.000000
0.000000
0.000000
0.000000
0.000000
0.000000
0.000000
0.000000
0.000000
0.000000
0.000000
0.000000
0.000000
0.000000
0.000000
0.000000
0.000000
0.000000
0.000000
0.000000
0.000000
0.000000
0.000000
0.000000
0.000000
0.000000
0.000000
0.000000
0.000000
0.000000
0.000000
0.000000
0.000000
0.000000
0.000000
0.000000
0.000000
0.000000
0.000000
0.000000
0.000000
0.000000
0.000000
0.000000
0.000000
0.000000
0.000000
0.000000
0.000000
0.000000
0.000000
0.000000
0.000000
0.000000
0.000000
0.000000
0.000000
0.000000
0.000000
0.000000
0.000000
0.000000
0.000000
0.000000
0.000000
0.000000
0.000000
0.000000
0.000000
0.000000
0.000000
0.000000
0.000000
0.000000
0.000000
0.000000
0.000000
0.000000
0.000000
0.000000
0.000000
0.000000
0.000000
0.000000
0.000000
0.000000
0.000000
0.000000
0.000000
0.000000
0.000000
0.000000
0.000000
0.000000
0.000000
0.000000
0.000000
0.000000
0.000000
0.000000
0.000000
0.000000
0.000000
0.000000
0.000000
0.000000
0.000000
0.000000
0.000000
0.000000
0.000000
0.000000
0.000000
0.000000
0.000000
0.000000
0.000000
0.000000
0.000000
0.000000
0.000000
0.000000
0.000000
0.000000
0.000000
0.000000
0.000000
0.000000
0.000000
0.000000
0.000000
0.000000
0.000000
0.000000
0.000000
0.000000
0.000000
0.000000
0.000000
0.000000
0.000000
0.000000
0.000000
0.000000
0.000000
0.000000
0.000000
0.000000
0.000000
0.000000
0.000000
0.000000
0.000000
0.000000
0.000000
0.000000
0.000000
0.000000
0.000000
0.000000
0.000000
0.000000
0.000000
0.000000
0.000000
0.000000
0.000000
0.000000
0.000000
0.000000
0.000000
0.000000
0.000000
0.000000
0.000000
0.000000
0.000000
0.000000
0.000000
0.000000
0.000000
0.000000
0.000000
0.000000
0.000000
0.000000
0.000000
0.000000
0.000000
0.000000
0.000000
0.000000
0.000000
0.000000
0.000000
0.000000
0.000000
0.000000
0.000000
0.000000
0.000000
0.000000
0.000000
0.000000
0.000000
0.000000
0.000000
0.000000
0.000000
0.000000
0.000000
0.000000
0.000000
0.000000
0.000000
0.000000
0.000000
0.000000
0.000000
0.000000
0.000000
0.000000
0.000000
0.000000
0.000000
0.000000
0.000000
0.000000
0.000000
0.000000
0.000000
0.000000
0.000000
0.000000
0.000000
0.000000
0.000000
0.000000
0.000000
0.000000
0.000000
0.000000
0.000000
0.000000
0.000000
0.000000
0.000000
0.000000
0.000000
0.000000
0.000000
0.000000
0.000000
0.000000
0.000000
0.000000
0.000000
0.000000
0.000000
0.000000
0.000000
0.000000
0.000000
0.000000
0.000000
0.000000
0.000000
0.000000
0.000000
0.000000
0.000000
0.000000
0.000000
0.000000
0.000000
0.000000
0.000000
0.000000
0.000000
0.000000
0.000000
0.000000
0.000000
0.000000
0.000000
0.000000
0.000000
0.000000
0.000000
0.000000
0.000000
0.000000
0.000000
0.000000
0.000000
0.000000
0.000000
0.000000
0.000000
0.000000
0.000000
0.000000
0.000000
0.000000
0.000000
0.000000
0.000000
0.000000
0.000000
0.000000
0.000000
0.000000
0.000000
0.000000
0.000000
0.000000
0.000000
0.000000
0.000000
0.000000
0.000000
0.000000
0.000000
0.000000
0.000000
0.000000
0.000000
0.000000
0.000000
0.000000
0.000000
0.000000
0.000000
0.000000
0.000000
0.000000
0.000000
0.000000
0.000000
0.000000
0.000000
0.000000
0.000000
0.000000
0.000000
0.000000
0.000000
0.000000
0.000000
0.000000
0.000000
0.000000
0.000000
0.000000
0.000000
0.000000
0.000000
0.000000
0.000000
0.000000
0.000000
0.000000
0.000000
4840680.000000
1922448.000000
2432899.000000
331708.000000
831421.000000
2633053.000000
1869617.000000
2761292.000000
2568494.000000
2041902.000000
2239422.000000
2770446.000000
326168.000000
2619723.000000
1419744.000000
2413372.000000
3254103.000000
973910.000000
2809142.000000
2300747.000000
1044689.000000
2864924.000000
3141222.000000
966438.000000
1706275.000000
603450.000000
1504614.000000
2713962.000000
2604557.000000
2045473.000000
1991719.000000
1999533.000000
2348611.000000
1645752.000000
2218202.000000
1889407.000000
545295.000000
993670.000000
2069278.000000
2386864.000000
1986887.000000
2806201.000000
3427227.000000
1415716.000000
1333371.000000
155454.000000
2484968.000000
1997776.000000
1945874.000000
740194.000000
2435571.000000
2183032.000000
2598133.000000
2486363.000000
1462442.000000
2598070.000000
2963444.000000
103525.000000
1188971.000000
3082150.000000
1365304.000000
1735002.000000
1976431.000000
1430443.000000
2293985.000000
80675.000000
2489449.000000
1642924.000000
1829576.000000
2214673.000000
625983.000000
2915929.000000
1500444.000000
2553489.000000
2033155.000000
2844727.000000
3078312.000000
2992221.000000
1372330.000000
1885728.000000
1729410.000000
2740094.000000
2578575.000000
2498007.000000
1021077.000000
2163480.000000
2733050.000000
1673257.000000
2531058.000000
151159.000000
2430053.000000
2821638.000000
287862.000000
1664911.000000
1813062.000000
1912069.000000
2881522.000000
2489510.000000
2632678.000000
2845673.000000
739722.000000
1893989.000000
438273.000000
114138.000000
3188739.000000
2138584.000000
1763727.000000
2910851.000000
1989279.000000
3203679.000000
2891655.000000
1976517.000000
2450780.000000
697674.000000
2394630.000000
2572196.000000
622460.000000
2427413.000000
2599002.000000
275198.000000
3107113.000000
1979371.000000
3101924.000000
2841649.000000
2642087.000000
1844041.000000
318722.000000
2744898.000000
114701.000000
2535295.000000
14682.000000
466281.000000
2935958.000000
2529560.000000
1960247.000000
535606.000000
1910561.000000
2426955.000000
2151165.000000
2056341.000000
371981.000000
524435.000000
868831.000000
2622061.000000
3007871.000000
1535928.000000
2914070.000000
2419437.000000
2787386.000000
2816874.000000
2328820.000000
921268.000000
323803.000000
527368.000000
2936127.000000
2631787.000000
718470.000000
2968726.000000
732492.000000
2265054.000000
1806674.000000
2076637.000000
2775850.000000
320740.000000
2358475.000000
1252248.000000
3130947.000000
1412000.000000
330035.000000
1638565.000000
2430554.000000
1237124.000000
2987164.000000
1725024.000000
2854454.000000
1681807.000000
1794305.000000
1819332.000000
137055.000000
1940501.000000
2905788.000000
1528386.000000
2651993.000000
1702901.000000
2548329.000000
2553112.000000
510206.000000
1931932.000000
2582459.000000
1173638.000000
1745601.000000
2645099.000000
2489250.000000
1824632.000000
2511355.000000
379710.000000
2515578.000000
2320509.000000
2837944.000000
2889412.000000
2959560.000000
2236420.000000
2394236.000000
21469.000000
2355330.000000
77572.000000
1079632.000000
2631579.000000
2403163.000000
324519.000000
396844.000000
3081448.000000
2745914.000000
7516.000000
2270457.000000
1582171.000000
1496318.000000
99848.000000
2018368.000000
2500248.000000
477598.000000
132883.000000
2774270.000000
2615064.000000
1114516.000000
1416737.000000
1717368.000000
2528257.000000
1468714.000000
2543040.000000
2722639.000000
2609742.000000
180461.000000
158124.000000
1533128.000000
2420935.000000
3262430.000000
2801156.000000
68760.000000
2610108.000000
2231723.000000
239145.000000
2786884.000000
1803086.000000
2664116.000000
2627122.000000
2940666.000000
1821526.000000
1775125.000000
1530002.000000
290644.000000
3366083.000000
3111386.000000
1852056.000000
2884605.000000
217332.000000
2594813.000000
2439421.000000
2723204.000000
547746.000000
215803.000000
3012798.000000
776695.000000
3207827.000000
1582707.000000
2084512.000000
2716419.000000
2850520.000000
1208571.000000
1460699.000000
2418524.000000
2284127.000000
687110.000000
1352266.000000
2308377.000000
2703513.000000
207866.000000
759663.000000
2327475.000000
564119.000000
2007100.000000
182070.000000
53885.000000
1254025.000000
2572708.000000
3175723.000000
3115350.000000
199432.000000
2304652.000000
1966781.000000
2615904.000000
2002937.000000
2690048.000000
2091321.000000
2288435.000000
322749.000000
2090344.000000
205019.000000
2774426.000000
2351279.000000
3047976.000000
132507.000000
2023054.000000
2683555.000000
1958182.000000
2222333.000000
2166813.000000
493435.000000
2977193.000000
1406863.000000
2111132.000000
280801.000000
405416.000000
3238442.000000
2272783.000000
2657166.000000
1578389.000000
2746975.000000
2738863.000000
1571139.000000
2997259.000000
1719820.000000
141464.000000
2064092.000000
2093058.000000
1713119.000000
1656476.000000
1784878.000000
2347386.000000
1926753.000000
2752996.000000
224192.000000
97922.000000
2430725.000000
2047456.000000
3065666.000000
293079.000000
1344675.000000
196128.000000
2315880.000000
289903.000000
1756978.000000
2348649.000000
2803553.000000
1471108.000000
2029200.000000
3060843.000000
3072165.000000
1979633.000000
1290450.000000
2082585.000000
2356810.000000
2495564.000000
917229.000000
76461.000000
2085803.000000
2558831.000000
2996145.000000
1025208.000000
2724513.000000
2665806.000000
1930216.000000
2302288.000000
2515605.000000
1755237.000000
2020088.000000
2367987.000000
3146996.000000
2946871.000000
2149507.000000
2094042.000000
170470.000000
2596289.000000
1939447.000000
2659762.000000
1477328.000000
1236882.000000
2200954.000000
86471.000000
2829063.000000
1991961.000000
1023587.000000
2176926.000000
2402926.000000
1294515.000000
2774718.000000
1456810.000000
976216.000000
2855424.000000
1734217.000000
2133426.000000
150920.000000
2938467.000000
2960930.000000
2718864.000000
989410.000000
860859.000000
1961466.000000
2830565.000000
2239673.000000
1083939.000000
2435571.000000
2258639.000000
2041043.000000
2146977.000000
2549319.000000
2313777.000000
2882376.000000
1325965.000000
2942932.000000
2709623.000000
276810.000000
2357875.000000
1956221.000000
1357059.000000
1606822.000000
3001663.000000
1413778.000000
2205389.000000
2616714.000000
2837413.000000
2459975.000000
2181770.000000
971114.000000
1293102.000000
2865965.000000
2069877.000000
3174250.000000
2219500.000000
2873321.000000
2473351.000000
1785600.000000
1751117.000000
2198719.000000
2495817.000000
2092380.000000
2615857.000000
3167943.000000
2144590.000000
402460.000000
1633448.000000
2571235.000000
2714108.000000
95526.000000
2220708.000000
609548.000000
467972.000000
143997.000000
865675.000000
2692822.000000
1795632.000000
2823100.000000
2638503.000000
1890938.000000
2563790.000000
2630126.000000
849411.000000
1600641.000000
3035512.000000
257439.000000
2649649.000000
3211227.000000
1765987.000000
183386.000000
1296030.000000
2280496.000000
2412400.000000
3257841.000000
2412933.000000
2551177.000000
3132643.000000
2343239.000000
604095.000000
1394732.000000
1139183.000000
780139.000000
3167819.000000
348063.000000
282055.000000
2365397.000000
838130.000000
1143013.000000
1824935.000000
2226859.000000
635445.000000
2661701.000000
3088985.000000
2680549.000000
1755845.000000
3280585.000000
214120.000000
2806527.000000
2957172.000000
1501224.000000
2740312.000000
195126.000000
2878048.000000
1178792.000000
2654683.000000
2808405.000000
1442272.000000
1297627.000000
472041.000000
2343218.000000
232141.000000
2262114.000000
2362825.000000
323370.000000
2396325.000000
2899718.000000
2402452.000000
3147997.000000
2596562.000000
224968.000000
2825950.000000
412976.000000
2820603.000000
2536576.000000
2727391.000000
2745399.000000
2811973.000000
506698.000000
841331.000000
2111846.000000
2342462.000000
2442296.000000
1537352.000000
2244429.000000
1738275.000000
2278732.000000
2744541.000000
1942082.000000
2213852.000000
2340438.000000
1888288.000000
379613.000000
841256.000000
1562384.000000
93645.000000
1098874.000000
197597.000000
2709331.000000
2098987.000000
2251268.000000
1303934.000000
32431.000000
2470476.000000
2669983.000000
2544430.000000
1769697.000000
2679117.000000
2544316.000000
2712443.000000
2435897.000000
2384265.000000
353538.000000
287781.000000
2254466.000000
1447609.000000
2556175.000000
284136.000000
2830925.000000
26290.000000
69633.000000
3039708.000000
120090.000000
2253317.000000
690153.000000
206916.000000
481815.000000
1563213.000000
2718191.000000
419444.000000
2947638.000000
2419297.000000
2324301.000000
2525290.000000
176113.000000
2183688.000000
2037272.000000
2657450.000000
2073869.000000
3064932.000000
2512705.000000
1092526.000000
2622408.000000
2366869.000000
2221332.000000
2738542.000000
1348693.000000
1956986.000000
64986.000000
1858693.000000
2595976.000000
27121.000000
1691696.000000
2467530.000000
2429462.000000
1811091.000000
2632487.000000
646553.000000
1977826.000000
2746540.000000
129241.000000
861223.000000
2035095.000000
867314.000000
2492099.000000
2945725.000000
2354418.000000
756985.000000
2506758.000000
2522980.000000
2397738.000000
613078.000000
961464.000000
3220969.000000
361953.000000
179191.000000
2184965.000000
1317968.000000
2283009.000000
2391507.000000
3057051.000000
494868.000000
2609959.000000
2323130.000000
788182.000000
3080302.000000
1714755.000000
2647277.000000
2670674.000000
3086350.000000
2347822.000000
1960776.000000
2772893.000000
100479.000000
2904112.000000
2425106.000000
2380860.000000
283096.000000
2112026.000000
2262322.000000
125454.000000
97259.000000
2278593.000000
2676772.000000
2053866.000000
3190390.000000
2361120.000000
1869348.000000
2756538.000000
1329338.000000
3220633.000000
1344993.000000
2404782.000000
1583458.000000
3365859.000000
583883.000000
2876922.000000
3194911.000000
2888801.000000
1959687.000000
2602086.000000
2887329.000000
296474.000000
3512298.000000
635538.000000
2780779.000000
290565.000000
694317.000000
917217.000000
2679034.000000
920001.000000
2117161.000000
2874790.000000
3078466.000000
2477119.000000
2588217.000000
225086.000000
581875.000000
3251255.000000
1248279.000000
684027.000000
2943450.000000
2473965.000000
2486940.000000
2478735.000000
2015422.000000
2917670.000000
2601417.000000
2827143.000000
2585000.000000
26925.000000
2207538.000000
115841.000000
332083.000000
2300581.000000
1336328.000000
1905304.000000
2872376.000000
2554771.000000
2473005.000000
124647.000000
2428247.000000
2422326.000000
2121649.000000
1583048.000000
2464815.000000
2860318.000000
1499124.000000
2440318.000000
2986087.000000
2436198.000000
2968783.000000
1829661.000000
779410.000000
923024.000000
489864.000000
1267095.000000
2567435.000000
2397353.000000
2701807.000000
2890956.000000
2609239.000000
2463822.000000
3112281.000000
2446567.000000
159638.000000
2871185.000000
2321851.000000
2557528.000000
518108.000000
2460902.000000
3155450.000000
1488039.000000
2239480.000000
1251171.000000
2537863.000000
2957813.000000
2216904.000000
2703898.000000
2114558.000000
2781629.000000
3086132.000000
10645.000000
1656339.000000
1273515.000000
23324.000000
2693685.000000
2616104.000000
2573629.000000
2675340.000000
2474270.000000
2920052.000000
1693874.000000
2726610.000000
109174.000000
2149649.000000
2499187.000000
1992649.000000
748226.000000
1357030.000000
3343430.000000
2276690.000000
2519740.000000
79963.000000
2763038.000000
660196.000000
2083982.000000
228555.000000
2228298.000000
1249217.000000
3078331.000000
2473252.000000
2520202.000000
643884.000000
2644450.000000
432665.000000
2786731.000000
2912473.000000
273900.000000
2629924.000000
2826672.000000
2137347.000000
144263.000000
2033660.000000
2523213.000000
605162.000000
707386.000000
2772985.000000
2287632.000000
373611.000000
477761.000000
2039481.000000
2532366.000000
1607075.000000
2995415.000000
1348821.000000
578824.000000
1119838.000000
2409741.000000
571464.000000
2828356.000000
78672.000000
2756473.000000
590660.000000
2653218.000000
2696073.000000
319647.000000
2662269.000000
2583895.000000
871615.000000
2726576.000000
2856839.000000
2365382.000000
2640046.000000
140338.000000
685028.000000
398573.000000
2842152.000000
108369.000000
684162.000000
3366605.000000
553627.000000
1764086.000000
2872213.000000
2733741.000000
2155735.000000
1281718.000000
3105627.000000
969409.000000
2616317.000000
2111992.000000
2407693.000000
987700.000000
2913600.000000
2812960.000000
31746.000000
20178.000000
2188590.000000
1910105.000000
6023.000000
2136818.000000
3001705.000000
2581717.000000
343722.000000
1659863.000000
2349742.000000
2256747.000000
1918250.000000
728786.000000
516250.000000
2768869.000000
2544653.000000
2719155.000000
2276350.000000
2302667.000000
2446797.000000
2749823.000000
3134351.000000
2039270.000000
1707318.000000
2608365.000000
2414782.000000
1078559.000000
2535945.000000
636826.000000
2628341.000000
2766371.000000
2185164.000000
705605.000000
2426176.000000
2501094.000000
19843.000000
2340456.000000
2156880.000000
2109191.000000
1442035.000000
2458613.000000
2931977.000000
2620727.000000
1046596.000000
745571.000000
2171240.000000
2773030.000000
3170343.000000
2294246.000000
284940.000000
2672233.000000
1820446.000000
2555246.000000
2399604.000000
2148021.000000
520056.000000
3317016.000000
504291.000000
2946699.000000
1096839.000000
2715572.000000
456694.000000
1192239.000000
2911100.000000
1795784.000000
587540.000000
2423124.000000
1906562.000000
2484145.000000
2106085.000000
174271.000000
2969780.000000
2572566.000000
1994510.000000
2524056.000000
2524254.000000
2134084.000000
2551906.000000
266310.000000
2202072.000000
2406781.000000
2973290.000000
653845.000000
800314.000000
2482944.000000
3056577.000000
2295100.000000
1684800.000000
1701641.000000
2783669.000000
327087.000000
2116615.000000
2459587.000000
2579732.000000
2519001.000000
1589210.000000
2155982.000000
2794267.000000
2036040.000000
1679348.000000
2597376.000000
2560771.000000
2575042.000000
2664341.000000
110554.000000
2525904.000000
3308790.000000
2124194.000000
2392636.000000
2651738.000000
2579799.000000
2774697.000000
2468596.000000
128893.000000
2590721.000000
2525171.000000
2847875.000000
1102611.000000
2560341.000000
2376908.000000
2529382.000000
2792350.000000
1728337.000000
1752092.000000
520301.000000
3232838.000000
1078830.000000
90922.000000
2573145.000000
1633023.000000
2593920.000000
2000928.000000
3254088.000000
1260633.000000
2977302.000000
2593788.000000
3069734.000000
2510237.000000
22460.000000
3052038.000000
453497.000000
1676844.000000
756977.000000
238417.000000
3159589.000000
683178.000000
2490197.000000
2954540.000000
601459.000000
241612.000000
1250514.000000
2694920.000000
2578079.000000
1701550.000000
2537700.000000
176743.000000
2647866.000000
2631191.000000
458952.000000
1972885.000000
223247.000000
2539476.000000
2453367.000000
2014765.000000
2336064.000000
2723654.000000
1186583.000000
2006576.000000
2745239.000000
2596066.000000
1355120.000000
1182383.000000
2509905.000000
1431405.000000
1735882.000000
20032.000000
2744035.000000
2865743.000000
2734285.000000
2816417.000000
916024.000000
368863.000000
2704253.000000
2473729.000000
2176578.000000
2557205.000000
1455169.000000
1970965.000000
1149808.000000
2421646.000000
2610212.000000
826338.000000
2365956.000000
2962505.000000
2764962.000000
2466586.000000
298347.000000
19200.000000
471776.000000
2372421.000000
2428108.000000
572559.000000
318509.000000
2284604.000000
487037.000000
1331650.000000
2929973.000000
282128.000000
557733.000000
2807185.000000
126779.000000
1652954.000000
2138662.000000
2726410.000000
1691462.000000
234996.000000
2385369.000000
2863152.000000
2481104.000000
486827.000000
2935209.000000
2835483.000000
2164030.000000
625193.000000
3019952.000000
2814398.000000
187844.000000
2569147.000000
1762121.000000
1919855.000000
384883.000000
2793997.000000
2394261.000000
2347327.000000
600586.000000
1615756.000000
2997849.000000
411460.000000
2497712.000000
712687.000000
1598597.000000
2615556.000000
2816069.000000
2690435.000000
1362009.000000
1691695.000000
1576211.000000
1290393.000000
2372582.000000
2675225.000000
1779878.000000
1690951.000000
2018201.000000
2244638.000000
2700093.000000
2099298.000000
889781.000000
1173053.000000
130227.000000
2527024.000000
273018.000000
1521233.000000
1766508.000000
2460909.000000
648690.000000
1477832.000000
1422031.000000
612885.000000
2678437.000000
2886300.000000
1513805.000000
2009026.000000
2713929.000000
2600753.000000
2646247.000000
2658548.000000
2264833.000000
2649409.000000
2415652.000000
94470.000000
2244499.000000
2592380.000000
2873584.000000
2349097.000000
2515414.000000
2681667.000000
369470.000000
2441756.000000
1946782.000000
2395337.000000
68135.000000
2256747.000000
1169314.000000
672106.000000
2620078.000000
2667151.000000
730460.000000
358015.000000
2619718.000000
2767337.000000
2925747.000000
2830387.000000
2793473.000000
1925776.000000
41869.000000
142019.000000
2274912.000000
391236.000000
2769103.000000
2737239.000000
2074768.000000
1073104.000000
2904007.000000
2371349.000000
868928.000000
2560928.000000
667586.000000
1665362.000000
956702.000000
2531861.000000
3059738.000000
1958188.000000
2817189.000000
97169.000000
561781.000000
91822.000000
523365.000000
2986631.000000
2930521.000000
3371416.000000
2697118.000000
1064103.000000
2454561.000000
2505289.000000
2517113.000000
952998.000000
2310903.000000
2689642.000000
3063920.000000
2450026.000000
1219031.000000
2478913.000000
2423338.000000
3116670.000000
540107.000000
2528148.000000
2160424.000000
2561777.000000
977028.000000
2763056.000000
2145956.000000
3080351.000000
586891.000000
2655620.000000
3182765.000000
2235469.000000
2246883.000000
1093750.000000
27370.000000
3052601.000000
904909.000000
1566297.000000
699964.000000
1305262.000000
185982.000000
2858337.000000
1939384.000000
2743831.000000
1230835.000000
716220.000000
2251231.000000
452677.000000
3010261.000000
2528369.000000
631967.000000
1734568.000000
2505543.000000
2225949.000000
399765.000000
2666928.000000
424813.000000
2484087.000000
860681.000000
819606.000000
2047418.000000
1532444.000000
2481949.000000
2596289.000000
2406531.000000
2825114.000000
2749253.000000
3108670.000000
1336260.000000
1519644.000000
1130853.000000
2240458.000000
2403797.000000
77769.000000
1888423.000000
1154144.000000
2783590.000000
2798896.000000
2550843.000000
2480925.000000
910783.000000
2773295.000000
228715.000000
2611778.000000
1806531.000000
3115746.000000
81272.000000
2713574.000000
887578.000000
3119470.000000
935754.000000
301811.000000
2444000.000000
1762386.000000
2594665.000000
2840396.000000
1696566.000000
453905.000000
26053.000000
1179238.000000
1266679.000000
1905894.000000
840167.000000
72925.000000
2716520.000000
2775618.000000
1840926.000000
2088255.000000
2844210.000000
602803.000000
2744143.000000
548638.000000
2703600.000000
2806355.000000
2626584.000000
2175083.000000
580561.000000
457025.000000
3409071.000000
1377730.000000
1333338.000000
1793939.000000
2356675.000000
1061739.000000
2550297.000000
2273337.000000
3187168.000000
3063069.000000
708908.000000
485487.000000
2746298.000000
1056759.000000
2923377.000000
2510443.000000
1685477.000000
2072619.000000
2844328.000000
3226206.000000
2499774.000000
2728043.000000
2118979.000000
173779.000000
19736.000000
1403912.000000
103863.000000
2998899.000000
2137298.000000
2729454.000000
1715320.000000
258446.000000
2660311.000000
509145.000000
283944.000000
2395920.000000
3144375.000000
2209047.000000
2582922.000000
1951667.000000
1567866.000000
360792.000000
968960.000000
124959.000000
2767476.000000
257832.000000
2035835.000000
2344193.000000
2169166.000000
2821829.000000
2408215.000000
2972509.000000
3030289.000000
2651747.000000
2539416.000000
2638095.000000
2060834.000000
2241876.000000
2034077.000000
976903.000000
161193.000000
2464041.000000
568441.000000
2259566.000000
2444310.000000
19164.000000
380246.000000
2808957.000000
2415185.000000
1995971.000000
2374505.000000
1344366.000000
2473355.000000
2743965.000000
3025312.000000
628553.000000
2560248.000000
2824392.000000
472989.000000
2232739.000000
2610570.000000
2115200.000000
60872.000000
1957621.000000
1713214.000000
2442979.000000
1864938.000000
2727245.000000
951588.000000
2101383.000000
2104906.000000
2611078.000000
3287711.000000
3185614.000000
2486721.000000
2640222.000000
1943541.000000
2056136.000000
1519232.000000
2744797.000000
1172949.000000
2485806.000000
1684264.000000
2688059.000000
1220510.000000
1271194.000000
3172444.000000
1043471.000000
2867862.000000
2410066.000000
361578.000000
2611894.000000
2966567.000000
3038659.000000
122348.000000
2786898.000000
1465911.000000
1979856.000000
1709269.000000
2229536.000000
1888465.000000
2914288.000000
1913265.000000
801732.000000
2541226.000000
2290093.000000
2596622.000000
2346206.000000
741823.000000
562945.000000
2992952.000000
205150.000000
2119102.000000
1947475.000000
2508256.000000
2298778.000000
273123.000000
1052062.000000
2529986.000000
507207.000000
1756079.000000
3292244.000000
485775.000000
2972837.000000
2311973.000000
2504161.000000
2416714.000000
3106201.000000
1969228.000000
2923201.000000
3080044.000000
770092.000000
2679883.000000
727332.000000
2695617.000000
2505800.000000
1836496.000000
2118112.000000
566576.000000
698176.000000
2744300.000000
2018767.000000
1377758.000000
2054021.000000
2893726.000000
2860044.000000
456459.000000
1757663.000000
2630193.000000
1804501.000000
2062018.000000
1676850.000000
2466528.000000
1657132.000000
872386.000000
1061257.000000
1610053.000000
343738.000000
741702.000000
2797539.000000
300908.000000
169809.000000
227308.000000
3034646.000000
2817793.000000
2563954.000000
2001615.000000
2179986.000000
408828.000000
329335.000000
2698033.000000
2764330.000000
1764805.000000
1888707.000000
2503447.000000
2164251.000000
2293035.000000
3018114.000000
3236146.000000
371155.000000
450989.000000
1905574.000000
166211.000000
1928691.000000
1919812.000000
793778.000000
1405460.000000
2971021.000000
2793039.000000
2391399.000000
1002279.000000
1953088.000000
640957.000000
2076295.000000
2844479.000000
1111180.000000
291238.000000
2600311.000000
842739.000000
2994782.000000
634395.000000
2854669.000000
2979893.000000
2722058.000000
2758168.000000
2561436.000000
1760921.000000
691754.000000
2674304.000000
381915.000000
1067218.000000
774257.000000
2932153.000000
2525107.000000
1390217.000000
1393581.000000
587504.000000
3009123.000000
2194885.000000
2779881.000000
416746.000000
2910434.000000
1970718.000000
2779284.000000
184895.000000
2030519.000000
2832510.000000
2644152.000000
2286819.000000
1897431.000000
1854366.000000
2110038.000000
1789263.000000
322352.000000
2302573.000000
1388234.000000
3054740.000000
14723.000000
2013938.000000
2932555.000000
2353613.000000
2696230.000000
2566797.000000
147295.000000
2936792.000000
1878586.000000
1953614.000000
2756044.000000
2817434.000000
2219845.000000
2699737.000000
1408462.000000
963530.000000
1855096.000000
2750064.000000
2274437.000000
2963000.000000
575198.000000
2697125.000000
2824260.000000
398496.000000
3285207.000000
1387178.000000
1753270.000000
789871.000000
2761634.000000
1846499.000000
446023.000000
2555075.000000
2024941.000000
3263522.000000
2879522.000000
997705.000000
2817274.000000
2624802.000000
2246049.000000
541846.000000
2811778.000000
2375668.000000
1223105.000000
2477647.000000
2090702.000000
3148587.000000
1414307.000000
2238389.000000
1918295.000000
2030132.000000
980996.000000
2415433.000000
2003818.000000
2894870.000000
1934867.000000
888336.000000
2825817.000000
2504127.000000
2643555.000000
703954.000000
2820023.000000
1799877.000000
155861.000000
3001039.000000
2175810.000000
2585299.000000
2859477.000000
3083070.000000
3166085.000000
3180971.000000
1934409.000000
1311790.000000
2742800.000000
2443326.000000
2054238.000000
704652.000000
1614590.000000
2137259.000000
2798227.000000
2373965.000000
2939668.000000
2890246.000000
3085691.000000
2416119.000000
433618.000000
2436202.000000
2273876.000000
118412.000000
2975552.000000
2578484.000000
3153487.000000
1861214.000000
1017380.000000
255281.000000
1005030.000000
2444442.000000
2477136.000000
3088864.000000
2567868.000000
2242662.000000
2117900.000000
2984864.000000
2348824.000000
1079725.000000
2263001.000000
2235160.000000
2863525.000000
1440292.000000
1804000.000000
2555333.000000
1727817.000000
690662.000000
2412492.000000
1920922.000000
2808308.000000
3013527.000000
2745954.000000
2872391.000000
2335484.000000
1451275.000000
1463315.000000
2883973.000000
1998139.000000
2767553.000000
925693.000000
676420.000000
2225268.000000
2420208.000000
681881.000000
2292737.000000
1852331.000000
1400065.000000
3011381.000000
183645.000000
1264246.000000
2073275.000000
3046269.000000
2910552.000000
200493.000000
1637493.000000
2384345.000000
86731.000000
1593130.000000
1014679.000000
2129489.000000
1639668.000000
2669692.000000
2350662.000000
669841.000000
931812.000000
739135.000000
3207568.000000
2010826.000000
531791.000000
343224.000000
2623984.000000
91954.000000
2608021.000000
786852.000000
360192.000000
3038265.000000
2519422.000000
2170538.000000
2681209.000000
2592715.000000
1644140.000000
1573262.000000
1744912.000000
2683859.000000
1195481.000000
2332063.000000
411552.000000
1723227.000000
1995333.000000
2815287.000000
2206307.000000
2820677.000000
1992605.000000
3163763.000000
661580.000000
2448349.000000
1561777.000000
3253369.000000
1669286.000000
2213577.000000
3139634.000000
88578.000000
3128868.000000
2421975.000000
1106287.000000
2226271.000000
3101740.000000
2674481.000000
2178576.000000
2709719.000000
2373749.000000
1181079.000000
2878872.000000
2466649.000000
356460.000000
2821867.000000
1734297.000000
2326309.000000
2214452.000000
2588198.000000
124274.000000
2104002.000000
1585772.000000
2662044.000000
1116604.000000
2715853.000000
2608229.000000
102448.000000
2558786.000000
681166.000000
2976759.000000
2798724.000000
2495124.000000
2632846.000000
2662198.000000
2026514.000000
2862931.000000
1601847.000000
1086701.000000
464604.000000
2102464.000000
3154384.000000
92254.000000
533105.000000
2253648.000000
2925639.000000
2596875.000000
412496.000000
2970895.000000
196733.000000
1306687.000000
1792980.000000
1709159.000000
2251029.000000
2198445.000000
2975797.000000
2868766.000000
702119.000000
3154015.000000
1027651.000000
2799580.000000
2629214.000000
2314124.000000
1770916.000000
1984184.000000
2569270.000000
2464812.000000
3063150.000000
1631269.000000
204705.000000
128242.000000
2547208.000000
706497.000000
2058194.000000
2304374.000000
2513041.000000
26495.000000
2221182.000000
1756568.000000
124910.000000
2130640.000000
2810725.000000
2339540.000000
3051745.000000
321408.000000
2251045.000000
2875827.000000
2579151.000000
2248855.000000
2709375.000000
147600.000000
2867573.000000
1014037.000000
2693572.000000
2198275.000000
667194.000000
2563744.000000
78241.000000
249323.000000
2675585.000000
211214.000000
398299.000000
3238514.000000
1911766.000000
2330561.000000
1882662.000000
2148261.000000
1537563.000000
562288.000000
495186.000000
2847821.000000
1954050.000000
2187301.000000
2150653.000000
2962324.000000
453365.000000
2559865.000000
2525294.000000
78656.000000
2930186.000000
2126019.000000
1519873.000000
2768673.000000
686023.000000
2722485.000000
807403.000000
845879.000000
974280.000000
2708686.000000
3128012.000000
1233805.000000
413306.000000
1570005.000000
602059.000000
1959480.000000
1991160.000000
2781575.000000
2954350.000000
2684600.000000
427904.000000
2548480.000000
2328405.000000
2258887.000000
2281780.000000
2189636.000000
1378269.000000
1879250.000000
826438.000000
311711.000000
2895849.000000
1488260.000000
2098230.000000
2347407.000000
1573758.000000
2353912.000000
2763704.000000
91557.000000
366663.000000
588541.000000
2596210.000000
1692226.000000
2478613.000000
2065891.000000
2421627.000000
2125232.000000
2860419.000000
3006633.000000
2127279.000000
2814694.000000
3045354.000000
3151958.000000
2543242.000000
936259.000000
2213474.000000
913484.000000
235693.000000
329225.000000
578909.000000
189116.000000
2906207.000000
1510225.000000
1850793.000000
2313465.000000
3136407.000000
1555422.000000
2382618.000000
2373325.000000
2091657.000000
1385295.000000
312265.000000
1982403.000000
2740198.000000
2955564.000000
3179798.000000
2560918.000000
2883451.000000
516488.000000
2341847.000000
1834516.000000
3265911.000000
2273987.000000
2088280.000000
1691782.000000
437486.000000
2610647.000000
1281327.000000
684838.000000
2698296.000000
180013.000000
517125.000000
1854887.000000
1931509.000000
2669389.000000
1108797.000000
2603527.000000
1913754.000000
2277391.000000
2783973.000000
2864412.000000
985057.000000
2064013.000000
2685369.000000
416399.000000
903424.000000
1828765.000000
1385675.000000
1902424.000000
442415.000000
253391.000000
560583.000000
1372725.000000
2805378.000000
2861601.000000
2414047.000000
