0.000000
0.000000
0.000000
0.000000
0.000000
0.000000
0.000000
0.000000
0.000000
0.000000
0.000000
0.000000
0.000000
0.000000
0.000000
0.000000
0.000000
0.000000
0.000000
0.000000
0.000000
0.000000
0.000000
0.000000
0.000000
0.000000
0.000000
0.000000
0.000000
0.000000
0.000000
0.000000
0.000000
0.000000
0.000000
0.000000
0.000000
0.000000
0.000000
0.000000
0.000000
0.000000
0.000000
0.000000
0.000000
0.000000
0.000000
0.000000
0.000000
0.000000
0.000000
0.000000
0.000000
0.000000
0.000000
0.000000
0.000000
0.000000
0.000000
0.000000
0.000000
0.000000
0.000000
0.000000
0.000000
0.000000
0.000000
0.000000
0.000000
0.000000
0.000000
0.000000
0.000000
0.000000
0.000000
0.000000
0.000000
0.000000
0.000000
0.000000
0.000000
0.000000
0.000000
0.000000
0.000000
0.000000
0.000000
0.000000
0.000000
0.000000
0.000000
0.000000
0.000000
0.000000
0.000000
0.000000
0.000000
0.000000
0.000000
0.000000
0.000000
0.000000
0.000000
0.000000
0.000000
0.000000
0.000000
0.000000
0.000000
0.000000
0.000000
0.000000
0.000000
0.000000
0.000000
0.000000
0.000000
0.000000
0.000000
0.000000
0.000000
0.000000
0.000000
0.000000
0.000000
0.000000
0.000000
0.000000
0.000000
0.000000
0.000000
0.000000
0.000000
0.000000
0.000000
0.000000
0.000000
0.000000
0.000000
0.000000
0.000000
0.000000
0.000000
0.000000
0.000000
0.000000
0.000000
0.000000
0.000000
0.000000
0.000000
0.000000
0.000000
0.000000
0.000000
0.000000
0.000000
0.000000
0.000000
0.000000
0.000000
0.000000
0.000000
0.000000
0.000000
0.000000
0.000000
0.000000
0.000000
0.000000
0.000000
0.000000
0.000000
0.000000
0.000000
0.000000
0.000000
0.000000
0.000000
0.000000
0.000000
0.000000
0.000000
0.000000
0.000000
0.000000
0.000000
0.000000
0.000000
0.000000
0.000000
0.000000
0.000000
0.000000
0.000000
0.000000
0.000000
0.000000
0.000000
0.000000
0.000000
0.000000
0.000000
0.000000
0.000000
0.000000
0.000000
0.000000
0.000000
0.000000
0.000000
0.000000
0.000000
0.000000
0.000000
0.000000
0.000000
0.000000
0.000000
0.000000
0.000000
0.000000
0.000000
0.000000
0.000000
0.000000
0.000000
0.000000
0.000000
0.000000
0.000000
0.000000
0.000000
0.000000
0.000000
0.000000
0.000000
0.000000
0.000000
0.000000
0.000000
0.000000
0.000000
0.000000
0.000000
0.000000
0.000000
0.000000
0.000000
0.000000
0.000000
0.000000
0.000000
0.000000
0.000000
0.000000
0.000000
0.000000
0.000000
0.000000
0.000000
0.000000
0.000000
0.000000
0.000000
0.000000
0.000000
0.000000
0.000000
0.000000
0.000000
0.000000
0.000000
0.000000
0.000000
0.000000
0.000000
0.000000
0.000000
0.000000
0.000000
0.000000
0.000000
0.000000
0.000000
0.000000
0.000000
0.000000
0.000000
0.000000
0.000000
0.000000
0.000000
0.000000
0.000000
0.000000
0.000000
0.000000
0.000000
0.000000
0.000000
0.000000
0.000000
0.000000
0.000000
0.000000
0.000000
0.000000
0.000000
0.000000
0.000000
0.000000
0.000000
0.000000
0.000000
0.000000
0.000000
0.000000
0.000000
0.000000
0.000000
0.000000
0.000000
0.000000
0.000000
0.000000
0.000000
0.000000
0.000000
0.000000
0.000000
0.000000
0.000000
0.000000
0.000000
0.000000
0.000000
0.000000
0.000000
0.000000
0.000000
0.000000
0.000000
0.000000
0.000000
0.000000
0.000000
0.000000
0.000000
0.000000
0.000000
0.000000
0.000000
0.000000
0.000000
0.000000
0.000000
0.000000
0.000000
0.000000
0.000000
0.000000
0.000000
0.000000
0.000000
0.000000
0.000000
0.000000
0.000000
0.000000
0.000000
0.000000
0.000000
0.000000
0.000000
0.000000
0.000000
0.000000
0.000000
0.000000
0.000000
0.000000
0.000000
0.000000
0.000000
0.000000
0.000000
0.000000
0.000000
0.000000
0.000000
0.000000
0.000000
0.000000
0.000000
0.000000
0.000000
0.000000
0.000000
0.000000
0.000000
0.000000
0.000000
0.000000
0.000000
0.000000
0.000000
0.000000
0.000000
0.000000
0.000000
0.000000
0.000000
0.000000
0.000000
0.000000
0.000000
0.000000
0.000000
0.000000
0.000000
0.000000
0.000000
0.000000
0.000000
0.000000
0.000000
0.000000
0.000000
0.000000
0.000000
0.000000
0.000000
0.000000
0.000000
0.000000
0.000000
0.000000
0.000000
0.000000
0.000000
0.000000
0.000000
0.000000
0.000000
0.000000
0.000000
0.000000
0.000000
0.000000
0.000000
0.000000
0.000000
0.000000
0.000000
0.000000
0.000000
0.000000
0.000000
0.000000
0.000000
0.000000
0.000000
0.000000
0.000000
0.000000
0.000000
0.000000
0.000000
0.000000
0.000000
0.000000
0.000000
0.000000
0.000000
0.000000
0.000000
0.000000
0.000000
0.000000
0.000000
0.000000
0.000000
0.000000
0.000000
0.000000
0.000000
0.000000
0.000000
0.000000
0.000000
0.000000
0.000000
0.000000
0.000000
0.000000
0.000000
0.000000
0.000000
0.000000
0.000000
0.000000
0.000000
0.000000
0.000000
0.000000
0.000000
0.000000
0.000000
0.000000
0.000000
0.000000
0.000000
0.000000
0.000000
0.000000
0.000000
0.000000
0.000000
0.000000
0.000000
0.000000
0.000000
0.000000
0.000000
0.000000
0.000000
0.000000
0.000000
0.000000
0.000000
0.000000
0.000000
0.000000
0.000000
0.000000
0.000000
0.000000
0.000000
0.000000
0.000000
0.000000
0.000000
0.000000
0.000000
0.000000
0.000000
0.000000
0.000000
0.000000
0.000000
0.000000
0.000000
0.000000
0.000000
0.000000
0.000000
0.000000
0.000000
0.000000
0.000000
0.000000
0.000000
0.000000
0.000000
0.000000
0.000000
0.000000
0.000000
0.000000
0.000000
0.000000
0.000000
0.000000
0.000000
0.000000
0.000000
0.000000
0.000000
0.000000
0.000000
0.000000
0.000000
0.000000
0.000000
0.000000
0.000000
0.000000
0.000000
0.000000
0.000000
0.000000
0.000000
0.000000
0.000000
0.000000
0.000000
0.000000
0.000000
0.000000
0.000000
0.000000
0.000000
0.000000
0.000000
0.000000
0.000000
0.000000
0.000000
0.000000
0.000000
0.000000
0.000000
0.000000
0.000000
0.000000
0.000000
0.000000
0.000000
0.000000
0.000000
0.000000
0.000000
0.000000
0.000000
0.000000
0.000000
0.000000
0.000000
0.000000
0.000000
0.000000
0.000000
0.000000
0.000000
0.000000
0.000000
0.000000
0.000000
0.000000
0.000000
0.000000
0.000000
0.000000
0.000000
0.000000
6087900.000000
637507.000000
2856789.000000
2710443.000000
3149808.000000
3816323.000000
1305798.000000
3810169.000000
2873423.000000
96590.000000
2162826.000000
2788190.000000
1301623.000000
2329205.000000
3013177.000000
1639364.000000
3210930.000000
59573.000000
2752338.000000
1993900.000000
1899149.000000
3467997.000000
553227.000000
2600887.000000
2944493.000000
3581267.000000
2038262.000000
3226863.000000
3183809.000000
3545333.000000
1573394.000000
1443805.000000
2354483.000000
3735188.000000
2883262.000000
3419664.000000
1017763.000000
2162359.000000
2787831.000000
994778.000000
3073222.000000
120211.000000
2447270.000000
3092500.000000
362721.000000
2485803.000000
2005451.000000
2686909.000000
3071547.000000
3927143.000000
3038509.000000
2703805.000000
807115.000000
2974720.000000
486857.000000
109872.000000
3251423.000000
1857157.000000
963148.000000
3038032.000000
2867394.000000
3026174.000000
3694777.000000
2205528.000000
3627849.000000
756835.000000
2570769.000000
3651376.000000
574090.000000
3087437.000000
3455633.000000
195598.000000
3599357.000000
2130519.000000
2999095.000000
3528108.000000
2448741.000000
1623448.000000
291762.000000
3203271.000000
96077.000000
3549557.000000
14893.000000
520710.000000
3128371.000000
3092749.000000
2396737.000000
560249.000000
3117473.000000
3248753.000000
3246516.000000
1909147.000000
380383.000000
423187.000000
920469.000000
3387954.000000
3331118.000000
1682600.000000
3308430.000000
3373799.000000
3048745.000000
2322726.000000
2655904.000000
902056.000000
367372.000000
498269.000000
2751846.000000
3153923.000000
773327.000000
3334570.000000
852876.000000
3331766.000000
2789697.000000
3313580.000000
3433636.000000
249399.000000
3215996.000000
1487238.000000
3967478.000000
1365664.000000
202463.000000
1635066.000000
2616249.000000
1115480.000000
2835622.000000
1644632.000000
3656981.000000
2305708.000000
1547622.000000
2390134.000000
140345.000000
3275877.000000
3135433.000000
1135515.000000
3170033.000000
2960306.000000
3108608.000000
3024370.000000
390027.000000
3063870.000000
3162833.000000
1424654.000000
1928890.000000
3245696.000000
3540398.000000
2333643.000000
3475627.000000
401380.000000
2748951.000000
3615952.000000
3069907.000000
2965814.000000
3898026.000000
3038482.000000
2392679.000000
22814.000000
2789177.000000
74859.000000
1165702.000000
3090664.000000
3211852.000000
375820.000000
283141.000000
3286967.000000
3020257.000000
6217.000000
3095863.000000
2575952.000000
1263779.000000
84843.000000
2289435.000000
3291931.000000
504371.000000
109351.000000
3553341.000000
2813099.000000
1017459.000000
1908975.000000
2456809.000000
3345631.000000
1948734.000000
3113225.000000
3407015.000000
3038902.000000
150353.000000
158444.000000
2413013.000000
2686360.000000
3196681.000000
3169258.000000
44018.000000
2615103.000000
3041864.000000
175235.000000
3681095.000000
1558008.000000
3392069.000000
2615757.000000
3532760.000000
1921043.000000
2376142.000000
1305126.000000
219177.000000
3055932.000000
3338881.000000
1839045.000000
3112975.000000
236067.000000
2556020.000000
1909849.000000
3170487.000000
601231.000000
194185.000000
3111242.000000
678216.000000
3005042.000000
1854348.000000
2992039.000000
2917783.000000
2525235.000000
1516139.000000
1054553.000000
3607635.000000
3211601.000000
658272.000000
1281378.000000
2842716.000000
3355368.000000
273520.000000
689868.000000
2224626.000000
523864.000000
2564977.000000
155477.000000
58450.000000
1141587.000000
3597942.000000
3642926.000000
3011910.000000
173348.000000
2331330.000000
2834738.000000
3883032.000000
2500711.000000
2685685.000000
2288833.000000
2744855.000000
290713.000000
3590687.000000
166950.000000
3362091.000000
2732488.000000
2667280.000000
98079.000000
1858095.000000
3046882.000000
3106019.000000
3500180.000000
2339803.000000
455749.000000
3014894.000000
751326.000000
2603208.000000
292117.000000
366553.000000
3636983.000000
3319183.000000
2931153.000000
1742561.000000
3484732.000000
3441161.000000
1173693.000000
3387651.000000
2252391.000000
157941.000000
2195841.000000
2200173.000000
1249424.000000
2480256.000000
2836216.000000
3237569.000000
2565717.000000
3851257.000000
325321.000000
86577.000000
3301132.000000
2232408.000000
3387542.000000
236040.000000
1550533.000000
209147.000000
2952512.000000
300008.000000
2104673.000000
2358871.000000
2784508.000000
1411972.000000
2227225.000000
2856139.000000
3517438.000000
2530989.000000
1439111.000000
2507234.000000
2757859.000000
2621411.000000
693277.000000
57709.000000
2032218.000000
3013235.000000
3354684.000000
1153961.000000
2561602.000000
3003498.000000
1924803.000000
3530724.000000
3337432.000000
3292106.000000
2470238.000000
3040865.000000
3753011.000000
3575596.000000
1953153.000000
2327174.000000
73161.000000
3038493.000000
1522337.000000
3307068.000000
1538817.000000
1557675.000000
2656372.000000
86247.000000
3616367.000000
3156659.000000
998490.000000
2346162.000000
3175813.000000
1589765.000000
3713855.000000
1088164.000000
1215311.000000
3257437.000000
1988044.000000
3046313.000000
127491.000000
3511255.000000
3240736.000000
2494216.000000
1322777.000000
870692.000000
2040850.000000
2932533.000000
2171002.000000
1144627.000000
3018604.000000
2335557.000000
3120982.000000
2441375.000000
3201471.000000
2566269.000000
3444724.000000
1184453.000000
2874348.000000
3515036.000000
290206.000000
3417677.000000
2299284.000000
1645742.000000
1774820.000000
3146144.000000
1905218.000000
2206489.000000
3446599.000000
3259374.000000
3054974.000000
2669410.000000
1157785.000000
1727909.000000
3422449.000000
2797122.000000
3530446.000000
2613417.000000
3225184.000000
2801482.000000
996114.000000
2843107.000000
2434863.000000
3760402.000000
2895646.000000
2893428.000000
3618605.000000
3066967.000000
473040.000000
1905443.000000
3332756.000000
3100776.000000
82317.000000
3166207.000000
895517.000000
300518.000000
113434.000000
1008252.000000
2885990.000000
2179765.000000
3296386.000000
2857731.000000
2153334.000000
2700990.000000
3615750.000000
822585.000000
1214674.000000
3636984.000000
325691.000000
3436662.000000
3463480.000000
1889151.000000
153309.000000
1836350.000000
3161213.000000
3191869.000000
2827118.000000
3125792.000000
3002953.000000
3229697.000000
2973530.000000
613813.000000
1892811.000000
1647729.000000
763127.000000
2875497.000000
342335.000000
316806.000000
3095185.000000
731356.000000
1425941.000000
1761194.000000
3093500.000000
671184.000000
3373533.000000
3034538.000000
2920068.000000
2225315.000000
2976392.000000
119468.000000
3319461.000000
3516575.000000
1127489.000000
3264666.000000
213135.000000
3520579.000000
1752016.000000
2327569.000000
2890798.000000
1509106.000000
1349365.000000
438943.000000
2235891.000000
221159.000000
2751911.000000
3186000.000000
251716.000000
3188353.000000
4003543.000000
3104616.000000
3323579.000000
3350214.000000
244214.000000
2958730.000000
484718.000000
4127524.000000
3416875.000000
3283440.000000
2996666.000000
3515240.000000
523719.000000
1008059.000000
1943830.000000
2899186.000000
2786296.000000
1625172.000000
3180517.000000
1986694.000000
2339769.000000
3777583.000000
2825108.000000
2616322.000000
3154270.000000
2265480.000000
219251.000000
921804.000000
2073442.000000
128712.000000
924769.000000
206971.000000
3015134.000000
3161567.000000
3143710.000000
1451024.000000
30994.000000
2968377.000000
3414667.000000
2972408.000000
1819199.000000
3396236.000000
3296920.000000
2994448.000000
2455369.000000
2220847.000000
342604.000000
304595.000000
3302366.000000
1392780.000000
3293193.000000
236860.000000
3183413.000000
19685.000000
62293.000000
3506131.000000
110008.000000
2614150.000000
669397.000000
172998.000000
639759.000000
1377061.000000
3150834.000000
247822.000000
3540878.000000
2943651.000000
2680246.000000
3491843.000000
256352.000000
2206609.000000
3061897.000000
3119528.000000
2820434.000000
3004754.000000
3507096.000000
936891.000000
2742468.000000
2514424.000000
2693255.000000
2700736.000000
1432627.000000
2715947.000000
56022.000000
2741518.000000
3609049.000000
21002.000000
1739157.000000
2471872.000000
3744622.000000
2967265.000000
3260772.000000
558941.000000
2005302.000000
3223261.000000
123443.000000
1037563.000000
2185242.000000
685321.000000
2248544.000000
3566811.000000
3459450.000000
800695.000000
3452862.000000
3158126.000000
2048875.000000
764736.000000
924635.000000
2986311.000000
374802.000000
178918.000000
1902676.000000
1844521.000000
2862927.000000
3099900.000000
3339616.000000
507329.000000
3242475.000000
3873986.000000
709596.000000
3441832.000000
1576189.000000
2075042.000000
3275705.000000
2912856.000000
3388956.000000
2535141.000000
3190783.000000
89574.000000
2873890.000000
3427142.000000
3415850.000000
254297.000000
2260395.000000
3385900.000000
97109.000000
95516.000000
3553272.000000
3579460.000000
2855656.000000
3241308.000000
3027237.000000
5463615.000000
3673968.000000
1112184.000000
2695488.000000
1940514.000000
3214016.000000
1383811.000000
3417090.000000
543228.000000
3788607.000000
3296289.000000
3487745.000000
2187327.000000
3499548.000000
3364827.000000
242393.000000
3393667.000000
584054.000000
3314347.000000
224155.000000
646157.000000
987413.000000
2548259.000000
1039519.000000
3058869.000000
3520484.000000
3280405.000000
3215215.000000
3352369.000000
150748.000000
513682.000000
3095455.000000
1224328.000000
669580.000000
3228048.000000
3495422.000000
3751495.000000
3288733.000000
2214066.000000
3577145.000000
3236515.000000
2996814.000000
3563993.000000
16815.000000
2315917.000000
121481.000000
267846.000000
2490193.000000
1047569.000000
3118791.000000
3435968.000000
3911832.000000
3518323.000000
111812.000000
2282719.000000
3079319.000000
1955434.000000
1326305.000000
3357453.000000
3134694.000000
888344.000000
3091091.000000
3080892.000000
3211419.000000
3156541.000000
3089052.000000
732356.000000
779221.000000
505783.000000
1328728.000000
2395304.000000
3252010.000000
3461037.000000
3208923.000000
3453009.000000
2248356.000000
2410015.000000
3207206.000000
164834.000000
3597352.000000
2419523.000000
3632673.000000
464331.000000
3189548.000000
2952612.000000
1639204.000000
3016018.000000
822915.000000
3510215.000000
3219127.000000
2511403.000000
2833454.000000
2561468.000000
3813448.000000
3441650.000000
10412.000000
2957168.000000
1806730.000000
17569.000000
3354470.000000
2343847.000000
3054631.000000
2797212.000000
2940902.000000
2979584.000000
1678588.000000
3031619.000000
92145.000000
3262636.000000
2339876.000000
2311425.000000
762463.000000
1681501.000000
3325800.000000
2935533.000000
2419590.000000
56484.000000
3264658.000000
643969.000000
3208440.000000
278924.000000
3209670.000000
1407232.000000
3448311.000000
3177623.000000
3084895.000000
353978.000000
2858879.000000
458221.000000
3318796.000000
3360112.000000
212024.000000
3151066.000000
2957988.000000
2567582.000000
143336.000000
3207711.000000
3172389.000000
615135.000000
499153.000000
3494262.000000
3050790.000000
410047.000000
487093.000000
3053144.000000
3173953.000000
1304914.000000
3412834.000000
1180491.000000
579218.000000
1039822.000000
3214878.000000
553008.000000
3181246.000000
58052.000000
3401080.000000
559408.000000
2859178.000000
3126998.000000
324866.000000
4131562.000000
3269926.000000
927175.000000
3030528.000000
2983694.000000
2864557.000000
2848167.000000
100827.000000
930610.000000
368437.000000
2873036.000000
104086.000000
717182.000000
3408572.000000
549825.000000
3124475.000000
3722536.000000
3247263.000000
3101954.000000
1196952.000000
3235014.000000
771521.000000
3155122.000000
2913722.000000
2244308.000000
471386.000000
3691694.000000
2562043.000000
28319.000000
18163.000000
3303705.000000
1783440.000000
7592.000000
3731305.000000
2856083.000000
2294508.000000
217803.000000
1717571.000000
3263371.000000
2434360.000000
3094121.000000
693310.000000
426857.000000
3599454.000000
2726336.000000
2690532.000000
3064054.000000
3084781.000000
2256826.000000
2989234.000000
3333529.000000
2449256.000000
2150390.000000
3270719.000000
2835023.000000
1240572.000000
3352453.000000
592469.000000
3736407.000000
3125699.000000
2647438.000000
781500.000000
2367654.000000
2412274.000000
19252.000000
2164027.000000
2166443.000000
2476435.000000
2241946.000000
3139678.000000
3203050.000000
3098994.000000
1287405.000000
879988.000000
2890745.000000
2860561.000000
2753356.000000
3218918.000000
277175.000000
2306967.000000
2234337.000000
3104464.000000
2436507.000000
1924936.000000
418237.000000
3033399.000000
584892.000000
2944649.000000
1240485.000000
3543817.000000
537961.000000
1348189.000000
2884188.000000
2222096.000000
766163.000000
2931917.000000
1252264.000000
2841984.000000
1771920.000000
211190.000000
2654259.000000
3111534.000000
3058936.000000
3269112.000000
3076735.000000
3274637.000000
3252629.000000
267378.000000
2221711.000000
3063629.000000
3576561.000000
533923.000000
1247124.000000
3012360.000000
3404174.000000
2243474.000000
2514642.000000
2604963.000000
2978589.000000
228076.000000
3155572.000000
3245609.000000
3534579.000000
3043573.000000
1955452.000000
2697347.000000
2615282.000000
1905132.000000
1938897.000000
3694646.000000
3476265.000000
3213535.000000
2956172.000000
167055.000000
3452188.000000
3512092.000000
2056751.000000
3446398.000000
3324522.000000
3803220.000000
3521923.000000
2666248.000000
98019.000000
2915489.000000
3512680.000000
3445985.000000
758687.000000
2617902.000000
3278830.000000
2970714.000000
3803848.000000
2262293.000000
1665268.000000
427461.000000
3569196.000000
975073.000000
72075.000000
3736880.000000
2667518.000000
3162391.000000
2174272.000000
3139816.000000
1740171.000000
3484426.000000
3173387.000000
2991538.000000
3366657.000000
18293.000000
3067765.000000
469580.000000
1594291.000000
688045.000000
246404.000000
2581680.000000
650731.000000
3467005.000000
2980218.000000
576604.000000
190375.000000
1209661.000000
3169697.000000
3519999.000000
2661048.000000
2715666.000000
140671.000000
3020381.000000
2206611.000000
489471.000000
3312317.000000
228468.000000
3460424.000000
2552293.000000
3277991.000000
2723994.000000
3267009.000000
1070487.000000
2402238.000000
3331839.000000
3188082.000000
1662295.000000
1239225.000000
3549066.000000
1725031.000000
1494891.000000
16566.000000
3486445.000000
3908350.000000
2400569.000000
3660838.000000
1404287.000000
400449.000000
3165325.000000
3043592.000000
2146000.000000
2774665.000000
2776867.000000
1946178.000000
935385.000000
4153171.000000
3167037.000000
716348.000000
2908384.000000
3390128.000000
3602356.000000
3153852.000000
249018.000000
16206.000000
524277.000000
2772486.000000
3277328.000000
635785.000000
272980.000000
2204735.000000
455152.000000
1791668.000000
3135742.000000
289269.000000
478713.000000
3511705.000000
121584.000000
2897646.000000
3267868.000000
3313081.000000
1908016.000000
206133.000000
3190353.000000
2961743.000000
3041005.000000
478522.000000
3329458.000000
3223615.000000
3111782.000000
495698.000000
2989301.000000
3546040.000000
165218.000000
3542734.000000
2583879.000000
2122927.000000
372820.000000
3269213.000000
3448552.000000
3317962.000000
1064726.000000
2198927.000000
3697779.000000
373690.000000
2915771.000000
696318.000000
2873521.000000
2665373.000000
2728806.000000
2875186.000000
1902625.000000
1798690.000000
1916921.000000
1859468.000000
3242256.000000
3228805.000000
1820196.000000
1728382.000000
3133378.000000
3456732.000000
3099972.000000
2742340.000000
751374.000000
1016990.000000
116420.000000
3430711.000000
255393.000000
1738242.000000
2998239.000000
3303146.000000
569438.000000
1591561.000000
1874700.000000
654367.000000
2838306.000000
3099453.000000
1012397.000000
2088474.000000
2817171.000000
3330448.000000
2127816.000000
3066716.000000
3107248.000000
2456625.000000
3939968.000000
87273.000000
2612574.000000
3398310.000000
3120867.000000
2456731.000000
2800282.000000
3874401.000000
211134.000000
3054017.000000
2698218.000000
3032397.000000
60054.000000
2611794.000000
956934.000000
610342.000000
2323283.000000
2772320.000000
656463.000000
392376.000000
3860916.000000
3068307.000000
2716676.000000
3295744.000000
3208752.000000
2046314.000000
30091.000000
121949.000000
2740257.000000
379899.000000
3364757.000000
2932086.000000
2418086.000000
739300.000000
3643690.000000
3917045.000000
1075210.000000
3309043.000000
452311.000000
1506818.000000
937599.000000
3116258.000000
3257069.000000
2439399.000000
2871228.000000
81870.000000
658675.000000
81314.000000
423518.000000
3236325.000000
2405076.000000
3003103.000000
2469386.000000
1145133.000000
3070683.000000
3173226.000000
2785585.000000
1146084.000000
3152551.000000
2713249.000000
3615349.000000
2265437.000000
1811305.000000
2384801.000000
3283137.000000
3538331.000000
402166.000000
3212798.000000
1953552.000000
3746602.000000
843775.000000
3291278.000000
2629719.000000
3252540.000000
541122.000000
2959527.000000
3877515.000000
2812806.000000
2815768.000000
1649629.000000
22938.000000
3177979.000000
752156.000000
2107011.000000
620371.000000
1570246.000000
154447.000000
2506396.000000
1913111.000000
2788355.000000
1499097.000000
503653.000000
2785976.000000
342936.000000
3641919.000000
2943822.000000
450474.000000
2969115.000000
2547712.000000
2860418.000000
350993.000000
3373612.000000
421574.000000
3414872.000000
813537.000000
947759.000000
2409335.000000
1770299.000000
3156973.000000
3119489.000000
2727339.000000
3604345.000000
3218119.000000
3483135.000000
795969.000000
1823777.000000
1604602.000000
3179494.000000
3422924.000000
58914.000000
2443814.000000
947369.000000
3194184.000000
2636697.000000
2924012.000000
2808699.000000
1247249.000000
3782605.000000
228816.000000
3606278.000000
3123779.000000
3718149.000000
70120.000000
3647672.000000
1047716.000000
3507149.000000
843314.000000
256298.000000
2445527.000000
1183407.000000
2531357.000000
3979047.000000
2743433.000000
398780.000000
20908.000000
1175733.000000
1306309.000000
2685105.000000
835821.000000
67061.000000
2563213.000000
3714257.000000
1761131.000000
3078250.000000
2929579.000000
474678.000000
3422337.000000
588636.000000
3234929.000000
3328536.000000
3595063.000000
3183964.000000
605586.000000
374271.000000
3713783.000000
1837319.000000
1467518.000000
1718199.000000
3190870.000000
1028191.000000
3599330.000000
3153205.000000
3432296.000000
2882346.000000
584594.000000
587671.000000
2998713.000000
1288486.000000
3832522.000000
2703709.000000
2784670.000000
1980973.000000
3781541.000000
3094545.000000
2475466.000000
3496855.000000
3098738.000000
164046.000000
19259.000000
840733.000000
90600.000000
3591331.000000
2174161.000000
2672567.000000
3022918.000000
282543.000000
3118795.000000
507686.000000
260483.000000
3081132.000000
2851052.000000
3515943.000000
2396899.000000
3189196.000000
1664136.000000
417337.000000
733855.000000
134602.000000
3101899.000000
310185.000000
1808005.000000
2823568.000000
2940969.000000
2746525.000000
3562822.000000
2959437.000000
2956819.000000
3347557.000000
3210778.000000
2602035.000000
1775018.000000
1906806.000000
1484447.000000
785305.000000
190778.000000
3128153.000000
533297.000000
3241363.000000
2219487.000000
19973.000000
455839.000000
3026603.000000
2781949.000000
3104951.000000
2216597.000000
1031284.000000
3268645.000000
3323927.000000
2977222.000000
638410.000000
3428070.000000
2945655.000000
438835.000000
3387275.000000
3516765.000000
2472019.000000
65348.000000
3373933.000000
1324549.000000
2477135.000000
2023316.000000
2856049.000000
952114.000000
3267806.000000
2955470.000000
3069797.000000
2915748.000000
3300390.000000
3627624.000000
3090370.000000
2390728.000000
3173488.000000
1748419.000000
3036913.000000
1216813.000000
3354474.000000
2216956.000000
3122193.000000
994129.000000
779227.000000
3222991.000000
1181277.000000
3399554.000000
2113155.000000
384810.000000
3533538.000000
3174639.000000
2853305.000000
129952.000000
2750685.000000
2148679.000000
2256130.000000
1420340.000000
2904694.000000
2992424.000000
3613131.000000
3074145.000000
867801.000000
3029595.000000
2463165.000000
3268380.000000
2816368.000000
1067782.000000
579417.000000
3400981.000000
219279.000000
3207523.000000
2923125.000000
3135609.000000
2974914.000000
198946.000000
1391473.000000
2464491.000000
414718.000000
2979959.000000
3258876.000000
420688.000000
3213881.000000
3096594.000000
2867056.000000
3172777.000000
3574745.000000
1996155.000000
3674546.000000
4287415.000000
921131.000000
3153170.000000
605008.000000
3355496.000000
3746701.000000
3141726.000000
2337740.000000
709321.000000
867449.000000
3499728.000000
3226656.000000
1035588.000000
2837327.000000
3577896.000000
3984954.000000
699974.000000
2077481.000000
3059729.000000
2436602.000000
2058101.000000
1548158.000000
2224815.000000
2295989.000000
561690.000000
873168.000000
1559916.000000
251624.000000
673993.000000
3530312.000000
241072.000000
108207.000000
169984.000000
3196258.000000
3241568.000000
2877619.000000
2545332.000000
2851648.000000
421775.000000
372995.000000
3325676.000000
3382391.000000
2765430.000000
3032013.000000
2512224.000000
2058921.000000
2937837.000000
3445283.000000
3391828.000000
227310.000000
504543.000000
1572285.000000
134977.000000
2733314.000000
1977270.000000
993655.000000
1609936.000000
3323856.000000
2982554.000000
2497969.000000
1218711.000000
1843294.000000
646268.000000
2537731.000000
3100369.000000
1166137.000000
186702.000000
2640129.000000
698925.000000
3010099.000000
562154.000000
3290782.000000
3288935.000000
2709774.000000
3264052.000000
2531115.000000
1708056.000000
614146.000000
2468147.000000
389808.000000
1486593.000000
694569.000000
3715127.000000
3347226.000000
1240003.000000
1996029.000000
692660.000000
3477958.000000
3188600.000000
3471493.000000
397785.000000
3111436.000000
2746447.000000
2690373.000000
139622.000000
2671092.000000
3422895.000000
3883751.000000
1472786.000000
1760252.000000
2389493.000000
1956207.000000
2011567.000000
433874.000000
3036826.000000
995298.000000
3061018.000000
13349.000000
2291422.000000
3608639.000000
3185402.000000
3548917.000000
3597535.000000
114387.000000
3572171.000000
2042011.000000
2205173.000000
2656757.000000
3471178.000000
2750174.000000
2876814.000000
1247049.000000
798693.000000
1346056.000000
3561985.000000
3227955.000000
3438659.000000
560072.000000
3401440.000000
3083773.000000
373509.000000
3710324.000000
1490190.000000
1620950.000000
764598.000000
3684534.000000
2532169.000000
407072.000000
2486704.000000
3242492.000000
3314125.000000
2570376.000000
1218801.000000
3038227.000000
3400384.000000
3022088.000000
557221.000000
3457849.000000
3077969.000000
1374140.000000
3622496.000000
2060702.000000
3090363.000000
1494212.000000
2790496.000000
2556276.000000
2201747.000000
1173787.000000
2499107.000000
2361379.000000
3444197.000000
2073882.000000
998659.000000
3630280.000000
3175088.000000
2979502.000000
608226.000000
2843623.000000
2576983.000000
207794.000000
2776595.000000
2933631.000000
3512544.000000
2815207.000000
4366844.000000
3779731.000000
2980525.000000
2777054.000000
1424827.000000
2850792.000000
3305216.000000
2462661.000000
635103.000000
821202.000000
2757921.000000
2828193.000000
3378802.000000
3606489.000000
3035097.000000
3348159.000000
3259311.000000
412501.000000
3643058.000000
2513700.000000
100932.000000
3310384.000000
2277432.000000
3469992.000000
2301590.000000
1500334.000000
234636.000000
803465.000000
2872011.000000
2382759.000000
3631649.000000
2987242.000000
3608803.000000
2388829.000000
2911229.000000
2478022.000000
1035031.000000
3272351.000000
2081625.000000
3032832.000000
1835324.000000
1503495.000000
3073651.000000
1363017.000000
703563.000000
2529598.000000
2444260.000000
3164108.000000
2962585.000000
3363814.000000
3139000.000000
3415386.000000
1461285.000000
1404819.000000
3817874.000000
1768622.000000
3304945.000000
596730.000000
763520.000000
3382410.000000
3373667.000000
742877.000000
2254341.000000
1757879.000000
1424839.000000
3803032.000000
181576.000000
1031727.000000
3162155.000000
3397304.000000
3109469.000000
235007.000000
1670998.000000
3019229.000000
66294.000000
2305553.000000
778640.000000
1891218.000000
1423773.000000
2974521.000000
2000937.000000
568093.000000
1483888.000000
951774.000000
3737691.000000
3026236.000000
411660.000000
316556.000000
2772004.000000
81917.000000
3246104.000000
860925.000000
276426.000000
3138991.000000
3032868.000000
1929402.000000
3107883.000000
3655947.000000
2260387.000000
2813633.000000
1483657.000000
2897702.000000
1033478.000000
3566139.000000
447934.000000
2814789.000000
1776272.000000
3094939.000000
2737596.000000
3247152.000000
3051794.000000
3827956.000000
572084.000000
3335460.000000
1180430.000000
3104705.000000
1229796.000000
2808333.000000
3051054.000000
110189.000000
3339990.000000
2629518.000000
1369189.000000
2860474.000000
3450944.000000
3556267.000000
2796704.000000
3224044.000000
3041393.000000
910217.000000
3722350.000000
2945035.000000
415414.000000
3458286.000000
1758120.000000
3126217.000000
3192197.000000
2529738.000000
104434.000000
3216610.000000
1855563.000000
3146952.000000
1692300.000000
3596816.000000
3073085.000000
94282.000000
3153091.000000
589051.000000
3577207.000000
3767197.000000
2197905.000000
2790364.000000
3413095.000000
2988085.000000
2912001.000000
2030462.000000
726865.000000
594336.000000
3233007.000000
3300785.000000
90315.000000
394832.000000
2159820.000000
3087231.000000
2515040.000000
565076.000000
3149560.000000
153524.000000
1377697.000000
2237536.000000
1702345.000000
2567425.000000
2794236.000000
2858550.000000
2589256.000000
665612.000000
3648617.000000
922732.000000
3514615.000000
2783880.000000
3357064.000000
1987186.000000
3064844.000000
3281327.000000
2759487.000000
3244730.000000
2486748.000000
133375.000000
95728.000000
2941539.000000
597831.000000
2886673.000000
3099650.000000
3189128.000000
19252.000000
2824621.000000
2092821.000000
172082.000000
2307072.000000
3010666.000000
3151570.000000
3421545.000000
308040.000000
2890442.000000
2954946.000000
2846549.000000
2759002.000000
3177717.000000
211626.000000
2803074.000000
1299455.000000
3089556.000000
3556311.000000
623362.000000
3339025.000000
94090.000000
245040.000000
2640883.000000
153995.000000
373554.000000
3317633.000000
3300647.000000
3497189.000000
1647867.000000
2792798.000000
1393063.000000
628333.000000
418868.000000
3109654.000000
1778233.000000
1753475.000000
3004014.000000
2998061.000000
500385.000000
2676622.000000
3088284.000000
63294.000000
2551544.000000
2739338.000000
1402732.000000
3490409.000000
599229.000000
2810590.000000
939300.000000
511527.000000
774457.000000
3492084.000000
3113533.000000
1368281.000000
381332.000000
1022655.000000
482527.000000
2683506.000000
2876703.000000
3844208.000000
2860761.000000
2375627.000000
513810.000000
2082069.000000
2797114.000000
2413079.000000
3484414.000000
1973858.000000
1464822.000000
2121904.000000
745218.000000
307637.000000
2861056.000000
1636662.000000
4001221.000000
3114529.000000
1876903.000000
3370758.000000
3373034.000000
125344.000000
405280.000000
575489.000000
2466363.000000
1605978.000000
3202698.000000
2545440.000000
3223602.000000
2086557.000000
3396320.000000
3751048.000000
2888523.000000
2489970.000000
3514612.000000
3193169.000000
3291549.000000
813732.000000
2342008.000000
910051.000000
179961.000000
297171.000000
542923.000000
180573.000000
2569517.000000
1782938.000000
2744436.000000
2747199.000000
3218426.000000
914746.000000
2709229.000000
3347474.000000
3042124.000000
1342186.000000
240824.000000
3012312.000000
2888917.000000
3272384.000000
3710580.000000
3384335.000000
3383759.000000
367881.000000
3181110.000000
2579256.000000
3057370.000000
3795141.000000
2953741.000000
2381036.000000
416444.000000
3066948.000000
1427365.000000
645937.000000
3464756.000000
157366.000000
574751.000000
3098524.000000
2044465.000000
3195946.000000
1494633.000000
3488428.000000
3038576.000000
2775874.000000
2844185.000000
2704531.000000
628431.000000
2265669.000000
3007054.000000
366939.000000
982733.000000
2325705.000000
1132289.000000
2743919.000000
393767.000000
247194.000000
566035.000000
1217365.000000
3352100.000000
2908556.000000
3044731.000000
