0.000000
0.000000
0.000000
0.000000
0.000000
0.000000
0.000000
0.000000
0.000000
0.000000
0.000000
0.000000
0.000000
0.000000
0.000000
0.000000
0.000000
0.000000
0.000000
0.000000
0.000000
0.000000
0.000000
0.000000
0.000000
0.000000
0.000000
0.000000
0.000000
0.000000
0.000000
0.000000
0.000000
0.000000
0.000000
0.000000
0.000000
0.000000
0.000000
0.000000
0.000000
0.000000
0.000000
0.000000
0.000000
0.000000
0.000000
0.000000
0.000000
0.000000
0.000000
0.000000
0.000000
0.000000
0.000000
0.000000
0.000000
0.000000
0.000000
0.000000
0.000000
0.000000
0.000000
0.000000
0.000000
0.000000
0.000000
0.000000
0.000000
0.000000
0.000000
0.000000
0.000000
0.000000
0.000000
0.000000
0.000000
0.000000
0.000000
0.000000
0.000000
0.000000
0.000000
0.000000
0.000000
0.000000
0.000000
0.000000
0.000000
0.000000
0.000000
0.000000
0.000000
0.000000
0.000000
0.000000
0.000000
0.000000
0.000000
0.000000
0.000000
5636255.000000
1744806.000000
2678520.000000
2942107.000000
3523648.000000
1628700.000000
2789238.000000
1816086.000000
3243057.000000
2984805.000000
3254377.000000
2767976.000000
3060104.000000
2866872.000000
3062290.000000
3146120.000000
3797713.000000
1142755.000000
3399349.000000
2603592.000000
3391346.000000
3221074.000000
3268366.000000
3344783.000000
3150101.000000
1905579.000000
3290256.000000
3243616.000000
3038054.000000
2985735.000000
3713115.000000
2878939.000000
3243329.000000
589505.000000
2780828.000000
1931194.000000
703931.000000
3712356.000000
3198092.000000
1293801.000000
2617147.000000
2232556.000000
2425255.000000
326299.000000
2993168.000000
2156217.000000
1678218.000000
1333439.000000
130752.000000
3357804.000000
1890179.000000
2832669.000000
3649499.000000
1242980.000000
3463649.000000
2246163.000000
187937.000000
2877967.000000
2927310.000000
3594393.000000
4058609.000000
3212230.000000
3842179.000000
1590223.000000
3363314.000000
579801.000000
1929153.000000
2881190.000000
2916999.000000
2692761.000000
3233568.000000
3274930.000000
2582218.000000
2464957.000000
3230913.000000
3553065.000000
2969458.000000
3037984.000000
3117133.000000
3516059.000000
513944.000000
2879186.000000
1781267.000000
2957025.000000
2775180.000000
3621314.000000
2106003.000000
2387782.000000
2290000.000000
2966046.000000
3117933.000000
3608981.000000
2671910.000000
2808526.000000
2901344.000000
2025496.000000
2991805.000000
3124351.000000
3169901.000000
107450.000000
3356669.000000
1413826.000000
3570913.000000
1501483.000000
3726389.000000
2891623.000000
768076.000000
2732960.000000
1355488.000000
2871311.000000
2224135.000000
2948861.000000
3371450.000000
3359536.000000
2570293.000000
2192380.000000
498174.000000
2842686.000000
889988.000000
2009548.000000
3212765.000000
788783.000000
2789776.000000
2888799.000000
112758.000000
2886107.000000
2523537.000000
1577498.000000
2269364.000000
2927558.000000
2414836.000000
1040503.000000
3372936.000000
3251287.000000
2956704.000000
3207033.000000
3534598.000000
3275906.000000
3287910.000000
2350443.000000
3546761.000000
1642268.000000
3295241.000000
3273695.000000
3001398.000000
726307.000000
2996722.000000
3233675.000000
2713264.000000
3109122.000000
3312946.000000
2941353.000000
267474.000000
1368626.000000
1126328.000000
2733949.000000
2417932.000000
3095376.000000
3082083.000000
3105251.000000
2968224.000000
1414028.000000
2955733.000000
2489843.000000
2351776.000000
3169911.000000
2495048.000000
3180336.000000
1619831.000000
3150101.000000
2970800.000000
2981600.000000
3443239.000000
3210751.000000
2600257.000000
431462.000000
2992042.000000
3155355.000000
3216879.000000
2478722.000000
3505209.000000
2896090.000000
3330538.000000
3001197.000000
3045121.000000
3499985.000000
3219271.000000
418284.000000
3233524.000000
3095047.000000
3436945.000000
3546831.000000
2812653.000000
2534621.000000
560529.000000
3497574.000000
3437853.000000
3287298.000000
3542843.000000
471376.000000
1776621.000000
2417428.000000
112797.000000
1462116.000000
3183422.000000
2906422.000000
2715218.000000
1894356.000000
3023836.000000
2874586.000000
223875.000000
3239534.000000
3860610.000000
1404291.000000
2724734.000000
378286.000000
2431467.000000
2340020.000000
3277309.000000
588911.000000
3337962.000000
3263249.000000
2842274.000000
3089879.000000
1899686.000000
3192109.000000
3224396.000000
3231924.000000
2363825.000000
3193611.000000
3298663.000000
3195385.000000
2778871.000000
2978485.000000
2868525.000000
1998614.000000
2525837.000000
3355736.000000
67982.000000
3090489.000000
3494393.000000
2651698.000000
2222591.000000
2376804.000000
2326061.000000
2994371.000000
115906.000000
3468140.000000
1800172.000000
1987226.000000
3531685.000000
92579.000000
3479702.000000
358764.000000
2568721.000000
2819765.000000
3505913.000000
3842337.000000
3027165.000000
3102908.000000
2819305.000000
2424601.000000
3770630.000000
3278994.000000
1379403.000000
3287607.000000
2451987.000000
2942617.000000
2836364.000000
2600890.000000
490632.000000
1014456.000000
2385901.000000
3400726.000000
3250355.000000
1612559.000000
3157726.000000
3566723.000000
2444211.000000
3815400.000000
3098823.000000
3054443.000000
3001287.000000
2713483.000000
254188.000000
3442601.000000
2818503.000000
1351619.000000
3092449.000000
3635770.000000
799384.000000
69234.000000
2053909.000000
1189317.000000
2827804.000000
2967032.000000
2748954.000000
2974411.000000
2948842.000000
3585238.000000
3551258.000000
3013987.000000
3412057.000000
1112183.000000
2987592.000000
1600126.000000
2651826.000000
3511979.000000
1285114.000000
1058259.000000
3770284.000000
3225798.000000
3366502.000000
3351162.000000
2151476.000000
2868059.000000
3223191.000000
2198654.000000
3141733.000000
541510.000000
3151204.000000
1692048.000000
2446377.000000
437432.000000
3298168.000000
2955717.000000
110226.000000
3236988.000000
692052.000000
2918568.000000
3252949.000000
1436441.000000
3248623.000000
3125656.000000
3012076.000000
2951765.000000
2766715.000000
1965054.000000
3467996.000000
3011056.000000
3096131.000000
2919674.000000
1367638.000000
423173.000000
2958955.000000
898890.000000
2352790.000000
3100304.000000
2014979.000000
2575677.000000
1333382.000000
2500970.000000
2860436.000000
2974476.000000
3652234.000000
1029684.000000
3332502.000000
3634020.000000
3243917.000000
2035783.000000
2499496.000000
2710759.000000
3300327.000000
3282045.000000
3584350.000000
2281852.000000
2110160.000000
2601653.000000
249841.000000
3272015.000000
2311327.000000
2266093.000000
3240974.000000
2841471.000000
3198664.000000
1616604.000000
3019862.000000
2972953.000000
3889760.000000
3289211.000000
2856823.000000
1156395.000000
634693.000000
3244585.000000
472373.000000
1860130.000000
2580460.000000
3535464.000000
2955414.000000
937976.000000
3191492.000000
3107507.000000
2321959.000000
2655849.000000
148153.000000
3426417.000000
2605896.000000
3237683.000000
2889238.000000
2968886.000000
3161760.000000
3211831.000000
2390771.000000
3249280.000000
3730041.000000
3050124.000000
436542.000000
3418053.000000
3164446.000000
3203400.000000
1243233.000000
2565244.000000
3076824.000000
2741798.000000
2409371.000000
1636958.000000
3422742.000000
3148651.000000
2063919.000000
3663999.000000
2538628.000000
3055165.000000
3196029.000000
3123674.000000
3429796.000000
1238813.000000
2286985.000000
1411580.000000
3281662.000000
2741369.000000
2888313.000000
969662.000000
3212125.000000
2720807.000000
3417015.000000
3363728.000000
3094114.000000
3317594.000000
2852516.000000
2782779.000000
2706016.000000
3018593.000000
933122.000000
2486530.000000
2910781.000000
2944838.000000
1234670.000000
3272831.000000
3180394.000000
3608947.000000
1917879.000000
3742366.000000
3517001.000000
1339265.000000
2994132.000000
3291324.000000
3521534.000000
2840855.000000
2920942.000000
2583247.000000
2571847.000000
3371500.000000
2998909.000000
3184337.000000
3142350.000000
3497788.000000
2561045.000000
3142387.000000
272422.000000
1839630.000000
3299584.000000
609990.000000
1697512.000000
2396255.000000
3096998.000000
2698576.000000
2481323.000000
1559448.000000
2801674.000000
2841597.000000
2534302.000000
2940207.000000
2693552.000000
2687708.000000
2979325.000000
2312958.000000
134322.000000
2862184.000000
2978867.000000
2313163.000000
3306005.000000
3131977.000000
3591569.000000
2792723.000000
2954722.000000
2938025.000000
2590054.000000
2734837.000000
1867435.000000
2591390.000000
2343968.000000
3060248.000000
2795076.000000
2646159.000000
3422662.000000
1039019.000000
414704.000000
2559400.000000
640101.000000
3263199.000000
2002900.000000
2424681.000000
3531685.000000
1313770.000000
3474972.000000
3439802.000000
3355230.000000
3020750.000000
3187627.000000
5660248.000000
2424999.000000
2714600.000000
3192956.000000
3582173.000000
3431252.000000
1543195.000000
1978349.000000
3196063.000000
3570109.000000
3091046.000000
2318481.000000
2556342.000000
2381688.000000
3027304.000000
772469.000000
2275613.000000
3384767.000000
537630.000000
2722669.000000
2671561.000000
2600673.000000
3452609.000000
1782402.000000
2559516.000000
2236277.000000
3569705.000000
3165147.000000
3006419.000000
3464883.000000
2347344.000000
2732770.000000
1172480.000000
3120976.000000
3299729.000000
3611109.000000
3234610.000000
3351718.000000
1055957.000000
2443847.000000
1043081.000000
3554515.000000
491169.000000
3190327.000000
2655075.000000
2742926.000000
3455300.000000
1160027.000000
3374866.000000
3707791.000000
3727649.000000
2629804.000000
3326117.000000
2872779.000000
3000024.000000
1998224.000000
444716.000000
3584676.000000
2965019.000000
1778684.000000
1108018.000000
3376460.000000
2935696.000000
2932797.000000
167619.000000
2098196.000000
2424880.000000
3266751.000000
3453402.000000
150537.000000
1268845.000000
1529228.000000
3075082.000000
2794083.000000
3741536.000000
3454652.000000
1113352.000000
3139360.000000
2442488.000000
3264940.000000
3433338.000000
338188.000000
2776920.000000
2979376.000000
3513447.000000
103490.000000
3380031.000000
2117118.000000
2963715.000000
1234618.000000
2422101.000000
2771988.000000
2125155.000000
2920666.000000
617672.000000
1112810.000000
2011526.000000
3358386.000000
3572701.000000
2095638.000000
3386141.000000
3190824.000000
2559932.000000
3426136.000000
411122.000000
3062001.000000
3095530.000000
3096415.000000
3070072.000000
1067002.000000
842080.000000
1704182.000000
1512768.000000
1991867.000000
3462257.000000
2262219.000000
2954443.000000
3375928.000000
1796696.000000
3296219.000000
658057.000000
2923171.000000
3299421.000000
2335493.000000
197026.000000
3057129.000000
2930721.000000
3295761.000000
1264307.000000
3371872.000000
2890748.000000
2528379.000000
2725586.000000
524830.000000
3358572.000000
3229742.000000
2065731.000000
1432430.000000
1146147.000000
3132670.000000
2900130.000000
3260954.000000
3192647.000000
3258000.000000
3073810.000000
2877834.000000
2623984.000000
1537432.000000
3342470.000000
2152918.000000
2648974.000000
920515.000000
2433576.000000
3422057.000000
1058072.000000
3136991.000000
2984234.000000
1543242.000000
2314507.000000
3100741.000000
2646101.000000
3360767.000000
3001558.000000
3086643.000000
3246257.000000
3441387.000000
3710340.000000
1846253.000000
3514143.000000
2729981.000000
101608.000000
3048358.000000
3603521.000000
1681686.000000
709246.000000
3433406.000000
3550603.000000
3175860.000000
1828324.000000
3238807.000000
2476641.000000
2413133.000000
2913658.000000
1903273.000000
2874832.000000
2596203.000000
3468140.000000
3191942.000000
2827009.000000
126057.000000
2779428.000000
2032307.000000
3671977.000000
2731638.000000
653071.000000
2021697.000000
143582.000000
2598934.000000
578862.000000
3467080.000000
2817976.000000
1737465.000000
3262105.000000
3450264.000000
3011493.000000
3096707.000000
2385283.000000
3390695.000000
3755857.000000
2325713.000000
2785884.000000
2910341.000000
2438500.000000
3577939.000000
3332207.000000
3191436.000000
3663410.000000
2635996.000000
2928963.000000
3722389.000000
1692969.000000
2630686.000000
3301942.000000
3385797.000000
3167256.000000
2502887.000000
2871049.000000
248551.000000
640903.000000
1410472.000000
2846409.000000
3021812.000000
2943526.000000
600379.000000
3537263.000000
2434902.000000
3182174.000000
2143176.000000
2633187.000000
2963468.000000
2685148.000000
2821881.000000
2852680.000000
1725044.000000
3566565.000000
3283611.000000
3442060.000000
2174172.000000
2646089.000000
1626426.000000
2747458.000000
898950.000000
3666933.000000
3130344.000000
2757351.000000
3788217.000000
3251060.000000
469738.000000
3218139.000000
771801.000000
3273658.000000
2823306.000000
3466205.000000
3025352.000000
3323243.000000
2408754.000000
3074626.000000
2687851.000000
3214590.000000
3358800.000000
2590937.000000
3073984.000000
2746928.000000
3058085.000000
967979.000000
3371129.000000
2504274.000000
1115606.000000
1693804.000000
1849448.000000
3142666.000000
2965145.000000
3464498.000000
3395827.000000
1813074.000000
3196980.000000
2796131.000000
2774977.000000
2897701.000000
2227594.000000
2996194.000000
3205608.000000
1040670.000000
3321700.000000
3205298.000000
3015514.000000
3090195.000000
2995610.000000
3706514.000000
3275743.000000
459868.000000
3554736.000000
3687190.000000
3238145.000000
2981899.000000
3749039.000000
3162463.000000
2231649.000000
3559382.000000
2442882.000000
3434891.000000
3127609.000000
3524563.000000
3617793.000000
3215242.000000
2254420.000000
2399523.000000
622627.000000
2094604.000000
3782724.000000
2989357.000000
3853520.000000
2876898.000000
2756931.000000
3403639.000000
2866957.000000
3400698.000000
2945630.000000
746983.000000
3198379.000000
112386.000000
467656.000000
3330115.000000
3167694.000000
3369837.000000
2790414.000000
3580178.000000
172369.000000
2383941.000000
3227868.000000
2058178.000000
2068803.000000
2439436.000000
3393945.000000
3111094.000000
3647829.000000
3241527.000000
2761233.000000
2037418.000000
504143.000000
2300179.000000
2453883.000000
3340298.000000
3346730.000000
2075357.000000
2824018.000000
448337.000000
3179902.000000
2423081.000000
3446319.000000
2153143.000000
469810.000000
2583464.000000
2581401.000000
3008632.000000
1592519.000000
