0.000000
0.000000
0.000000
0.000000
0.000000
0.000000
0.000000
0.000000
0.000000
0.000000
0.000000
0.000000
0.000000
0.000000
0.000000
0.000000
0.000000
0.000000
0.000000
0.000000
0.000000
0.000000
0.000000
0.000000
0.000000
0.000000
0.000000
0.000000
0.000000
0.000000
0.000000
0.000000
0.000000
0.000000
0.000000
0.000000
0.000000
0.000000
0.000000
0.000000
0.000000
0.000000
0.000000
0.000000
0.000000
0.000000
0.000000
0.000000
0.000000
0.000000
0.000000
0.000000
0.000000
0.000000
0.000000
0.000000
0.000000
0.000000
0.000000
0.000000
0.000000
0.000000
0.000000
0.000000
0.000000
0.000000
0.000000
0.000000
0.000000
0.000000
0.000000
0.000000
0.000000
0.000000
0.000000
0.000000
0.000000
0.000000
0.000000
0.000000
0.000000
0.000000
0.000000
0.000000
0.000000
0.000000
0.000000
0.000000
0.000000
0.000000
0.000000
0.000000
0.000000
0.000000
0.000000
0.000000
0.000000
0.000000
0.000000
0.000000
0.000000
0.000000
0.000000
0.000000
0.000000
0.000000
0.000000
0.000000
3425175.000000
1879527.000000
1888068.000000
1852983.000000
1929796.000000
1814431.000000
1973860.000000
2059089.000000
2176700.000000
1904101.000000
1194371.000000
2057465.000000
1733837.000000
2125739.000000
1967365.000000
2033318.000000
1971005.000000
1889503.000000
1557287.000000
2029703.000000
2400219.000000
1909885.000000
1824126.000000
2340653.000000
1610100.000000
2363997.000000
605234.000000
1760596.000000
1509864.000000
850388.000000
2219829.000000
2017313.000000
1109898.000000
1775734.000000
1844450.000000
1663949.000000
249610.000000
1671629.000000
1709953.000000
1379032.000000
1221134.000000
122840.000000
2000142.000000
1481040.000000
1870183.000000
2136046.000000
1066986.000000
1982493.000000
1722025.000000
166644.000000
2003631.000000
1871308.000000
1928831.000000
2153337.000000
1993180.000000
2203431.000000
1393711.000000
2389210.000000
675642.000000
1272779.000000
1741249.000000
1812463.000000
1703569.000000
1967142.000000
1872659.000000
1826945.000000
1724791.000000
2044754.000000
2072617.000000
2000980.000000
1738720.000000
1857494.000000
1934002.000000
432508.000000
1678868.000000
1245976.000000
1793694.000000
1949898.000000
2101996.000000
1350852.000000
1709619.000000
1652297.000000
1905013.000000
2324807.000000
2085779.000000
1925539.000000
1807849.000000
1872206.000000
1401490.000000
1987889.000000
1920991.000000
1976901.000000
94276.000000
2128008.000000
1265108.000000
2339588.000000
1183722.000000
1876386.000000
1987502.000000
634691.000000
1998549.000000
1329898.000000
1964864.000000
1531241.000000
1822281.000000
2012039.000000
2230137.000000
1382855.000000
1653490.000000
555075.000000
1867878.000000
712879.000000
1480273.000000
2011149.000000
850874.000000
1955752.000000
1592507.000000
139860.000000
1936941.000000
1981593.000000
1150080.000000
1617361.000000
1830609.000000
1711192.000000
771593.000000
1857320.000000
1728735.000000
2282963.000000
2251186.000000
2005904.000000
2001814.000000
2201623.000000
1628118.000000
2184527.000000
1297834.000000
1768771.000000
2145016.000000
2055789.000000
764679.000000
1913228.000000
2446498.000000
1836159.000000
1769557.000000
1850273.000000
1885200.000000
249281.000000
1197389.000000
980789.000000
1744671.000000
1832120.000000
2199096.000000
2190289.000000
2096017.000000
1653303.000000
1229899.000000
2049561.000000
1919974.000000
1315542.000000
1820328.000000
1516554.000000
2094032.000000
1514357.000000
1889503.000000
1895773.000000
1915675.000000
1906016.000000
2200795.000000
1545305.000000
483251.000000
1977248.000000
1954394.000000
1680241.000000
1798615.000000
1886335.000000
1870312.000000
1824088.000000
1868853.000000
2032678.000000
1984990.000000
2060369.000000
389794.000000
1933045.000000
1778872.000000
2405690.000000
1867536.000000
1509072.000000
1568016.000000
562514.000000
1938794.000000
1963844.000000
1784687.000000
2195805.000000
441963.000000
1382408.000000
1571199.000000
112144.000000
1207761.000000
2005620.000000
1882164.000000
1640865.000000
1543131.000000
1724596.000000
1941337.000000
183458.000000
1754404.000000
2033498.000000
1181264.000000
1978372.000000
315603.000000
1682916.000000
1648718.000000
1869965.000000
689805.000000
2136680.000000
1938438.000000
1730842.000000
1800835.000000
1322009.000000
2138881.000000
1756447.000000
1882373.000000
1530056.000000
1807931.000000
1841236.000000
2033618.000000
1972751.000000
1727396.000000
2000153.000000
1416381.000000
1798822.000000
2229674.000000
73481.000000
2296509.000000
1851759.000000
1657903.000000
1543346.000000
1708396.000000
1724020.000000
2224943.000000
116086.000000
2174478.000000
1303054.000000
1507531.000000
2255084.000000
90900.000000
1915499.000000
288466.000000
1767477.000000
1618572.000000
1949362.000000
2100098.000000
1795313.000000
1948069.000000
2064675.000000
1608964.000000
2071315.000000
2098962.000000
1164505.000000
2129407.000000
1330056.000000
2028650.000000
1915240.000000
1821625.000000
527927.000000
808764.000000
1852490.000000
2037495.000000
2123211.000000
1349590.000000
1987742.000000
2325650.000000
1689538.000000
2232848.000000
2055433.000000
1749551.000000
1751372.000000
1712020.000000
210397.000000
2058393.000000
1698059.000000
1176106.000000
1836274.000000
2093081.000000
868159.000000
64240.000000
1671467.000000
1090732.000000
1684178.000000
1772730.000000
1927542.000000
1897799.000000
1799194.000000
2145310.000000
2261626.000000
1894617.000000
2092102.000000
893314.000000
1896911.000000
1228458.000000
1752541.000000
1899383.000000
1005603.000000
836499.000000
2262714.000000
1891550.000000
1919208.000000
1887692.000000
1765476.000000
2150858.000000
1850578.000000
1605308.000000
2068163.000000
489755.000000
2082803.000000
1459467.000000
1453436.000000
447772.000000
1804772.000000
1786048.000000
126954.000000
1975066.000000
695652.000000
1807553.000000
2149644.000000
1157450.000000
2177578.000000
2067934.000000
1586075.000000
1832963.000000
1808707.000000
1474486.000000
1862592.000000
1887197.000000
1918217.000000
1860966.000000
1179864.000000
357989.000000
2169328.000000
898050.000000
1639318.000000
2134505.000000
1364742.000000
1825875.000000
1290085.000000
1757615.000000
1753948.000000
1864465.000000
1862631.000000
901497.000000
2155743.000000
1983341.000000
2288805.000000
1545763.000000
1987027.000000
1666304.000000
2018186.000000
1967689.000000
1703933.000000
1694032.000000
1590194.000000
1756207.000000
278735.000000
2274429.000000
1798206.000000
1644109.000000
1991442.000000
1681778.000000
1966325.000000
1246169.000000
2034553.000000
1806357.000000
2281523.000000
2023122.000000
2071770.000000
1174616.000000
637871.000000
2029273.000000
427096.000000
1321457.000000
1528329.000000
2200999.000000
1601454.000000
654896.000000
1905198.000000
2048022.000000
1849716.000000
1768295.000000
118069.000000
2087182.000000
1579118.000000
1876705.000000
2056043.000000
1858137.000000
1773164.000000
2058642.000000
1872599.000000
1917602.000000
2006802.000000
1890848.000000
389045.000000
2131613.000000
1787227.000000
2017091.000000
1010457.000000
1775646.000000
2105848.000000
1942901.000000
1754058.000000
1129230.000000
1833592.000000
1914917.000000
1801742.000000
2164572.000000
1743363.000000
1901027.000000
1967055.000000
1972655.000000
2043285.000000
968299.000000
1399367.000000
1114778.000000
2046085.000000
2034361.000000
2062549.000000
938351.000000
1858440.000000
1742606.000000
2100429.000000
1991942.000000
1841659.000000
2109029.000000
1485837.000000
2168321.000000
1637549.000000
1975422.000000
936988.000000
1617029.000000
1989687.000000
1773834.000000
1157738.000000
2033767.000000
1702921.000000
2139609.000000
1473541.000000
2084851.000000
2221987.000000
1062251.000000
1952354.000000
1780286.000000
2158887.000000
1766921.000000
1820679.000000
1697390.000000
1936454.000000
1809655.000000
1845949.000000
2040956.000000
2072287.000000
1937759.000000
1673356.000000
1682112.000000
275697.000000
1459240.000000
1985936.000000
476422.000000
1403870.000000
1942583.000000
1999730.000000
1782637.000000
1753331.000000
1217065.000000
1779751.000000
1957184.000000
1670388.000000
2014890.000000
1663570.000000
1682686.000000
2027915.000000
1669410.000000
156740.000000
1952045.000000
1879665.000000
1532247.000000
2068256.000000
1985835.000000
2202837.000000
1600366.000000
1967017.000000
1693028.000000
1658495.000000
1644534.000000
1430718.000000
1801397.000000
1731996.000000
1946204.000000
1845136.000000
1718206.000000
2266332.000000
1079688.000000
440433.000000
1460618.000000
573501.000000
1867497.000000
1586681.000000
1749921.000000
2188077.000000
1126168.000000
1874470.000000
2059256.000000
1751240.000000
2039500.000000
2225708.000000
2079355.000000
1665920.000000
1768432.000000
1650229.000000
2142909.000000
2137329.000000
1374863.000000
1518806.000000
1868975.000000
2002078.000000
1991381.000000
1713049.000000
1544200.000000
1591329.000000
1989158.000000
768658.000000
1714693.000000
1974525.000000
578979.000000
1829170.000000
1924645.000000
1784702.000000
1815863.000000
1411072.000000
2063336.000000
1557781.000000
1943562.000000
1918862.000000
1778961.000000
1834703.000000
1784941.000000
1825052.000000
999852.000000
1840199.000000
1955517.000000
1888718.000000
1853588.000000
2147888.000000
991168.000000
1816201.000000
889059.000000
2168461.000000
466187.000000
2050499.000000
1665539.000000
1977129.000000
1839427.000000
1065127.000000
1812872.000000
1901367.000000
1998316.000000
1820163.000000
2008321.000000
1784557.000000
1949945.000000
1424943.000000
388657.000000
1967913.000000
1988379.000000
1352203.000000
1043915.000000
1897986.000000
1687559.000000
2084803.000000
153353.000000
1594662.000000
1861286.000000
1914044.000000
2119281.000000
171030.000000
1225968.000000
1442849.000000
1928112.000000
1718802.000000
1957867.000000
1899074.000000
1102785.000000
1804924.000000
1375003.000000
2166374.000000
1948353.000000
409876.000000
1599355.000000
1654735.000000
2249500.000000
112326.000000
1937976.000000
1837579.000000
1895400.000000
1038327.000000
1508140.000000
1889597.000000
1530085.000000
2107796.000000
535313.000000
1077854.000000
1479945.000000
1867766.000000
1908092.000000
1407974.000000
1892589.000000
1853705.000000
1710288.000000
1875614.000000
406596.000000
1723331.000000
1953712.000000
1909209.000000
2080735.000000
922958.000000
788828.000000
1337427.000000
1188192.000000
1604727.000000
1996703.000000
1686445.000000
1977049.000000
1891596.000000
1387512.000000
1629292.000000
619353.000000
2003608.000000
2011918.000000
1719786.000000
234900.000000
1896176.000000
1952267.000000
1881092.000000
1172137.000000
1891691.000000
2005493.000000
1828768.000000
1929425.000000
508610.000000
2116956.000000
1911718.000000
1511339.000000
1290771.000000
1069804.000000
2081047.000000
2138219.000000
1983795.000000
1757431.000000
1831465.000000
1881445.000000
1629663.000000
1863784.000000
1292828.000000
1784175.000000
1486684.000000
1870395.000000
961908.000000
1582628.000000
2046743.000000
918220.000000
2196202.000000
2089058.000000
1186394.000000
1779887.000000
2249838.000000
1958077.000000
2061759.000000
1843507.000000
2295672.000000
2072414.000000
2077177.000000
2100768.000000
1517432.000000
1830430.000000
1885452.000000
99498.000000
1814573.000000
2211038.000000
1446715.000000
557819.000000
2060678.000000
1942988.000000
1827514.000000
1466357.000000
1878257.000000
1807684.000000
1785584.000000
1540344.000000
1438937.000000
1652577.000000
1756736.000000
2174478.000000
1993308.000000
1944990.000000
131098.000000
1638028.000000
1386809.000000
2232649.000000
1754788.000000
563336.000000
1655076.000000
142354.000000
1896471.000000
630514.000000
1888644.000000
1859447.000000
1398818.000000
1856324.000000
1990210.000000
2341087.000000
2030365.000000
1625632.000000
1982839.000000
2137020.000000
1651538.000000
1874361.000000
1784401.000000
1528995.000000
1753351.000000
1628890.000000
2160377.000000
1940692.000000
1745425.000000
1836260.000000
2080187.000000
1322074.000000
1736169.000000
2100797.000000
1876520.000000
2119014.000000
1707968.000000
1586875.000000
237590.000000
698706.000000
1211284.000000
2062855.000000
2042795.000000
1851257.000000
583178.000000
2283711.000000
1712690.000000
1979801.000000
1676893.000000
1854700.000000
1857074.000000
1710739.000000
1899094.000000
1791465.000000
1458698.000000
2239303.000000
1997042.000000
2204981.000000
1689627.000000
1733744.000000
1380010.000000
1788530.000000
662678.000000
2080427.000000
2197722.000000
2020460.000000
2194935.000000
2100978.000000
471739.000000
2186066.000000
722950.000000
1733598.000000
1821036.000000
1746582.000000
2281033.000000
2081973.000000
1683681.000000
2128162.000000
2066111.000000
1903891.000000
1872663.000000
1987437.000000
1873836.000000
2027034.000000
1693492.000000
865762.000000
1922091.000000
1982929.000000
988927.000000
1126224.000000
1443952.000000
1809655.000000
1937512.000000
2128324.000000
2008309.000000
1266131.000000
1867404.000000
2060234.000000
1773649.000000
1662360.000000
1773768.000000
1885536.000000
2013998.000000
848256.000000
1945282.000000
2240800.000000
1721780.000000
1879004.000000
1860601.000000
1958218.000000
1920894.000000
415641.000000
2065120.000000
2002323.000000
1870935.000000
2061395.000000
2006802.000000
2194216.000000
1436165.000000
2139635.000000
1653613.000000
1837783.000000
2091057.000000
2080693.000000
1989809.000000
2244300.000000
1624443.000000
1883632.000000
563916.000000
1789554.000000
1917187.000000
1757734.000000
2086386.000000
1939558.000000
1654143.000000
2128536.000000
1820913.000000
1909086.000000
1898018.000000
743679.000000
1868268.000000
113165.000000
459403.000000
1738178.000000
2163585.000000
1829855.000000
1979306.000000
2139564.000000
172918.000000
1550487.000000
1844587.000000
1493208.000000
1489422.000000
1694081.000000
2238662.000000
1857178.000000
1847707.000000
1850867.000000
1562042.000000
1588366.000000
510333.000000
1794653.000000
1754328.000000
1856142.000000
2000308.000000
1591148.000000
1958328.000000
435456.000000
1988388.000000
1918593.000000
2067087.000000
1568675.000000
428607.000000
1769370.000000
1831634.000000
2052946.000000
1307163.000000
