0.000000
0.000000
0.000000
0.000000
0.000000
0.000000
0.000000
0.000000
0.000000
0.000000
0.000000
0.000000
0.000000
0.000000
0.000000
0.000000
0.000000
0.000000
0.000000
0.000000
0.000000
0.000000
0.000000
0.000000
0.000000
0.000000
0.000000
0.000000
0.000000
0.000000
0.000000
0.000000
0.000000
0.000000
0.000000
0.000000
0.000000
0.000000
0.000000
0.000000
0.000000
0.000000
0.000000
0.000000
0.000000
0.000000
0.000000
0.000000
0.000000
0.000000
0.000000
0.000000
0.000000
0.000000
0.000000
0.000000
0.000000
0.000000
0.000000
0.000000
0.000000
0.000000
0.000000
0.000000
0.000000
0.000000
0.000000
0.000000
0.000000
0.000000
0.000000
0.000000
0.000000
0.000000
0.000000
0.000000
0.000000
0.000000
0.000000
0.000000
0.000000
0.000000
0.000000
0.000000
0.000000
0.000000
0.000000
0.000000
0.000000
0.000000
0.000000
0.000000
0.000000
0.000000
0.000000
0.000000
0.000000
0.000000
0.000000
0.000000
0.000000
0.000000
0.000000
0.000000
0.000000
0.000000
0.000000
0.000000
0.000000
0.000000
0.000000
0.000000
0.000000
61913880.000000
4491928.000000
13670818.000000
13798878.000000
35968134.000000
1348697.000000
6669433.000000
3983222.000000
9227761.000000
23587879.000000
18426574.000000
9052793.000000
25862957.000000
3327403.000000
30530928.000000
19932450.000000
12137143.000000
4673214.000000
19720092.000000
7159930.000000
4879412.000000
754170.000000
16223382.000000
2531227.000000
906591.000000
35283020.000000
5192306.000000
1061350.000000
3416282.000000
4310050.000000
7322152.000000
251199.000000
18644586.000000
3026114.000000
1990747.000000
1231893.000000
143162.000000
15739794.000000
3016832.000000
5020767.000000
31953970.000000
1884241.000000
23098639.000000
4349986.000000
232800.000000
13432733.000000
22116296.000000
17108344.000000
23710079.000000
40497811.000000
31857667.000000
1882932.000000
40291270.000000
574224.000000
3688283.000000
22925400.000000
8223951.000000
12547427.000000
9896407.000000
13606737.000000
4020185.000000
4949229.000000
18281752.000000
13185704.000000
34869712.000000
13795500.000000
14656894.000000
6839238.000000
442794.000000
38827936.000000
1491860.000000
15531100.000000
28329659.000000
6510842.000000
2430115.000000
5549966.000000
2680031.000000
6692731.000000
13455384.000000
27049882.000000
14709611.000000
31768305.000000
22757708.000000
4393621.000000
5124505.000000
5083551.000000
16980196.000000
106355.000000
11572527.000000
1191479.000000
38644812.000000
1659716.000000
6957669.000000
8024047.000000
724397.000000
5152463.000000
1416986.000000
9592956.000000
2944601.000000
15121719.000000
9057095.000000
22228370.000000
6155587.000000
3449803.000000
575381.000000
14379988.000000
946806.000000
3064606.000000
5532875.000000
1009358.000000
4162438.000000
24328527.000000
167452.000000
15987177.000000
3485977.000000
2596773.000000
2745935.000000
5382391.000000
6230373.000000
808021.000000
8227960.000000
36787475.000000
17786130.000000
25041722.000000
13406255.000000
8842996.000000
18019182.000000
2958857.000000
25434009.000000
1300187.000000
14690052.000000
8274784.000000
6600509.000000
731045.000000
28265173.000000
8413005.000000
4227151.000000
18647491.000000
10747206.000000
23275053.000000
180502.000000
1483032.000000
1227283.000000
4413859.000000
3487801.000000
34661778.000000
10027769.000000
8021366.000000
28067745.000000
1710873.000000
4366636.000000
3955377.000000
9272313.000000
16908319.000000
7747428.000000
8068951.000000
1863172.000000
20797043.000000
4656370.000000
8983648.000000
25785529.000000
8503776.000000
7997739.000000
353042.000000
16381312.000000
6189251.000000
6078771.000000
3195087.000000
28286934.000000
8741005.000000
9831548.000000
13104048.000000
8284409.000000
15547281.000000
9625706.000000
425592.000000
31816630.000000
5420179.000000
10239729.000000
9286303.000000
21402642.000000
6028480.000000
630882.000000
21669101.000000
9167880.000000
25244777.000000
8429008.000000
599413.000000
2434559.000000
7772173.000000
119922.000000
1408736.000000
10290809.000000
12860950.000000
10486837.000000
2431752.000000
5617633.000000
5070093.000000
250539.000000
15569290.000000
11471832.000000
1618393.000000
7165455.000000
298784.000000
4705648.000000
3830621.000000
16051954.000000
570146.000000
19001780.000000
5281384.000000
7903879.000000
16597419.000000
2797475.000000
5845367.000000
8491361.000000
17976478.000000
5475511.000000
10142446.000000
19644594.000000
9875642.000000
9319735.000000
26490578.000000
3593794.000000
2381639.000000
5136377.000000
27738229.000000
57128.000000
25569568.000000
18021759.000000
6922686.000000
3798470.000000
9615315.000000
3573391.000000
24656876.000000
117888.000000
33572629.000000
2325431.000000
4522770.000000
35094454.000000
87435.000000
25414271.000000
389366.000000
20729707.000000
9867175.000000
7887919.000000
9222893.000000
8995704.000000
18643672.000000
21370350.000000
10818385.000000
30866695.000000
7601983.000000
1608512.000000
6783219.000000
8823758.000000
7125996.000000
24612394.000000
4022393.000000
498987.000000
913063.000000
2921143.000000
8029312.000000
11912503.000000
2009684.000000
7393773.000000
14734677.000000
3883182.000000
39655073.000000
17905434.000000
39651126.000000
5430734.000000
6318620.000000
256834.000000
14217976.000000
28299763.000000
1449135.000000
14272693.000000
29966339.000000
945188.000000
69940.000000
4107919.000000
1524510.000000
4700539.000000
9396989.000000
6161894.000000
6065836.000000
26470245.000000
7295385.000000
37082369.000000
6410087.000000
17584639.000000
1107992.000000
33226201.000000
2000357.000000
6007227.000000
24262737.000000
1468288.000000
1357252.000000
28527043.000000
7932093.000000
36320947.000000
10040605.000000
2319357.000000
5501993.000000
16565800.000000
2008244.000000
9972360.000000
499112.000000
10674019.000000
1716148.000000
3740534.000000
499265.000000
8046930.000000
8882118.000000
112029.000000
15590726.000000
657724.000000
16404119.000000
6025956.000000
1612867.000000
5075593.000000
11246722.000000
9258095.000000
12230077.000000
4636963.000000
2458097.000000
8879104.000000
4795371.000000
17273879.000000
6042751.000000
1542586.000000
446866.000000
22074658.000000
813161.000000
2472982.000000
8204139.000000
2015243.000000
5125747.000000
1288030.000000
2931181.000000
5824598.000000
25181218.000000
18163584.000000
957131.000000
15163040.000000
13566364.000000
19228804.000000
2418969.000000
3994099.000000
14214384.000000
13743506.000000
9554046.000000
9134867.000000
4521985.000000
2646169.000000
8053968.000000
272361.000000
26571869.000000
3036191.000000
3243717.000000
12951475.000000
9064166.000000
10072039.000000
1627346.000000
5412141.000000
6309950.000000
33641227.000000
9745452.000000
8662288.000000
1233616.000000
779415.000000
29891417.000000
531964.000000
2506580.000000
5638088.000000
27406847.000000
18252895.000000
952576.000000
16235294.000000
35511179.000000
3380586.000000
3412117.000000
133729.000000
7116467.000000
5339930.000000
6987983.000000
18558561.000000
14950127.000000
10637084.000000
31904581.000000
3227647.000000
9789530.000000
11679588.000000
10277055.000000
425125.000000
18505003.000000
7026468.000000
5342707.000000
1334101.000000
5375708.000000
28972297.000000
14046510.000000
4611571.000000
1524694.000000
9669022.000000
10412500.000000
2725412.000000
19238407.000000
9580286.000000
6874232.000000
9378674.000000
9399529.000000
29134032.000000
1338691.000000
4833896.000000
1573614.000000
6702922.000000
6619550.000000
4625984.000000
907007.000000
5615568.000000
3605457.000000
14343939.000000
11551723.000000
8091562.000000
8635806.000000
35883760.000000
10517236.000000
16421299.000000
9951861.000000
936537.000000
5944261.000000
5330453.000000
4659510.000000
1490706.000000
5994288.000000
9807306.000000
20925435.000000
2533224.000000
31508238.000000
38782285.000000
1002274.000000
22421861.000000
27847996.000000
15634584.000000
6904746.000000
7443658.000000
6192844.000000
3988050.000000
17348836.000000
15479586.000000
5222743.000000
20284921.000000
8376751.000000
3230445.000000
14438021.000000
260212.000000
2661733.000000
25381910.000000
582749.000000
2253400.000000
2803403.000000
4627587.000000
4071096.000000
8349595.000000
1564053.000000
7037636.000000
9531944.000000
6822896.000000
11695412.000000
17298216.000000
9959936.000000
4531983.000000
3710982.000000
164419.000000
17449259.000000
6790469.000000
2656865.000000
22366786.000000
6617877.000000
27700259.000000
6825770.000000
7850733.000000
8275255.000000
3334675.000000
9754607.000000
3479415.000000
3796643.000000
4285163.000000
5955181.000000
7109952.000000
6801435.000000
16176661.000000
891003.000000
366675.000000
5452786.000000
690463.000000
17655312.000000
2354151.000000
7750034.000000
20795938.000000
1454648.000000
37172991.000000
24593478.000000
9810560.000000
25544006.000000
4916696.000000
4911930.000000
7426378.000000
9335814.000000
39624120.000000
16429893.000000
28880807.000000
1963918.000000
3109605.000000
26024159.000000
29989946.000000
7071332.000000
2813222.000000
5808915.000000
5174321.000000
5159100.000000
737494.000000
3804327.000000
17704186.000000
516442.000000
27046595.000000
8183381.000000
5574078.000000
18427206.000000
1381227.000000
4158734.000000
3958186.000000
22979360.000000
7147664.000000
27766220.000000
22946174.000000
10522305.000000
25006830.000000
1209639.000000
25766669.000000
6256433.000000
38122356.000000
17782892.000000
6348288.000000
1686015.000000
3585692.000000
1166145.000000
32149267.000000
460484.000000
20230628.000000
6523179.000000
5771516.000000
7774504.000000
1500031.000000
11394464.000000
27522706.000000
7803357.000000
3444507.000000
7320283.000000
9588848.000000
6971715.000000
2721684.000000
487199.000000
33310915.000000
9925524.000000
1749100.000000
1101421.000000
35792690.000000
8216859.000000
5455261.000000
147201.000000
3269797.000000
3642334.000000
31537455.000000
19101135.000000
200172.000000
1441115.000000
2145324.000000
7403111.000000
12893699.000000
25948350.000000
8909003.000000
1307949.000000
20428411.000000
3641212.000000
22852226.000000
11354632.000000
253544.000000
6438245.000000
15618469.000000
7511174.000000
120555.000000
11206635.000000
2993395.000000
25256252.000000
1369832.000000
4605602.000000
37352816.000000
3795815.000000
9095779.000000
618315.000000
1384148.000000
3382497.000000
34691131.000000
31587908.000000
1879386.000000
36106120.000000
10910563.000000
5919892.000000
24792375.000000
579684.000000
38801102.000000
14079030.000000
32932054.000000
6186325.000000
824510.000000
685730.000000
1657554.000000
1887325.000000
2722751.000000
9870593.000000
2589070.000000
5618474.000000
40957020.000000
1897472.000000
11892222.000000
711110.000000
22278136.000000
20045543.000000
2586032.000000
170013.000000
18768574.000000
12364080.000000
8897649.000000
1492299.000000
7994596.000000
5714019.000000
6356922.000000
5521345.000000
534114.000000
39240304.000000
6427082.000000
3085243.000000
1606471.000000
1240871.000000
7746714.000000
7489279.000000
21765839.000000
16220217.000000
12673194.000000
6712745.000000
16181443.000000
5353580.000000
1704420.000000
22548157.000000
4517160.000000
3418172.000000
925967.000000
6202443.000000
13861363.000000
1413154.000000
5957306.000000
3681695.000000
1481320.000000
3856463.000000
36474812.000000
4945251.000000
7816914.000000
7426216.000000
19307788.000000
7810965.000000
13911303.000000
12162305.000000
1763835.000000
8670641.000000
4680283.000000
109313.000000
8414015.000000
9733883.000000
1797321.000000
579399.000000
19829005.000000
21017756.000000
13694145.000000
3402178.000000
19022143.000000
4343165.000000
2961857.000000
8964006.000000
1774776.000000
8076036.000000
8094418.000000
32141507.000000
21432180.000000
6790801.000000
124983.000000
8488139.000000
3968600.000000
8339960.000000
13274816.000000
548157.000000
1939125.000000
146284.000000
5334313.000000
624382.000000
24697742.000000
9175544.000000
2069204.000000
27816131.000000
36898722.000000
5451465.000000
9473487.000000
2663103.000000
18213216.000000
11538060.000000
4622861.000000
3169536.000000
6137463.000000
5843935.000000
12309145.000000
19946868.000000
20628657.000000
13169552.000000
4650179.000000
28071977.000000
20485472.000000
1795940.000000
3579719.000000
12776392.000000
11497911.000000
11854247.000000
27826445.000000
6792526.000000
215980.000000
748098.000000
1898872.000000
5271197.000000
35154694.000000
10415275.000000
567112.000000
20577564.000000
14270433.000000
30616884.000000
4091185.000000
4036820.000000
4835604.000000
5068497.000000
4389808.000000
5563616.000000
1894645.000000
17411360.000000
8489083.000000
26018819.000000
3782674.000000
7909554.000000
1705057.000000
5246829.000000
619020.000000
9743596.000000
21113502.000000
5426755.000000
22917429.000000
9528680.000000
462270.000000
9477651.000000
797418.000000
10253193.000000
8378157.000000
13837881.000000
38377362.000000
10548461.000000
4480319.000000
4562174.000000
4515399.000000
21791429.000000
39175819.000000
15628014.000000
12878179.000000
7483105.000000
7701969.000000
1100821.000000
28605663.000000
4170152.000000
996508.000000
1624528.000000
2394534.000000
9692964.000000
19688526.000000
25814170.000000
8941258.000000
1343339.000000
30467307.000000
9599754.000000
6959685.000000
9036473.000000
2438204.000000
9313203.000000
31336010.000000
867076.000000
34734334.000000
30648761.000000
7884565.000000
9763955.000000
15503997.000000
34102356.000000
17751818.000000
409465.000000
15174178.000000
17758959.000000
4598250.000000
5545076.000000
10049543.000000
23624316.000000
2245805.000000
36125346.000000
5067737.000000
26191446.000000
38655187.000000
17492334.000000
10768811.000000
18081900.000000
2883716.000000
6096307.000000
675202.000000
2433808.000000
36428735.000000
28739683.000000
20878758.000000
14282529.000000
22591704.000000
37561778.000000
31503700.000000
9899247.000000
7119006.000000
772754.000000
21489351.000000
124406.000000
450093.000000
11310288.000000
5554198.000000
11308199.000000
20062064.000000
7791333.000000
170964.000000
4783381.000000
24233912.000000
3800633.000000
2434210.000000
3903087.000000
9412958.000000
11390304.000000
16609125.000000
11812622.000000
6760491.000000
3210628.000000
457886.000000
3099380.000000
3294375.000000
10877357.000000
15695965.000000
2761660.000000
8309940.000000
537632.000000
11476171.000000
3159318.000000
37991194.000000
2634212.000000
340730.000000
10641184.000000
3549471.000000
5955031.000000
2296521.000000
