0.000000
0.000000
0.000000
0.000000
0.000000
0.000000
0.000000
0.000000
0.000000
0.000000
0.000000
0.000000
0.000000
0.000000
0.000000
0.000000
0.000000
0.000000
0.000000
0.000000
0.000000
0.000000
0.000000
0.000000
0.000000
0.000000
0.000000
0.000000
0.000000
0.000000
0.000000
0.000000
0.000000
0.000000
0.000000
0.000000
0.000000
0.000000
0.000000
0.000000
0.000000
0.000000
0.000000
0.000000
0.000000
0.000000
0.000000
0.000000
0.000000
0.000000
0.000000
0.000000
0.000000
0.000000
0.000000
0.000000
0.000000
0.000000
0.000000
0.000000
0.000000
0.000000
0.000000
0.000000
0.000000
0.000000
0.000000
0.000000
0.000000
0.000000
0.000000
0.000000
0.000000
0.000000
0.000000
0.000000
0.000000
0.000000
0.000000
0.000000
0.000000
0.000000
0.000000
0.000000
0.000000
0.000000
0.000000
0.000000
0.000000
0.000000
0.000000
0.000000
0.000000
0.000000
0.000000
0.000000
0.000000
0.000000
0.000000
0.000000
0.000000
0.000000
0.000000
0.000000
0.000000
0.000000
0.000000
0.000000
0.000000
0.000000
0.000000
0.000000
0.000000
0.000000
0.000000
0.000000
0.000000
0.000000
0.000000
0.000000
0.000000
0.000000
0.000000
0.000000
0.000000
0.000000
0.000000
0.000000
0.000000
0.000000
0.000000
0.000000
0.000000
0.000000
0.000000
0.000000
0.000000
0.000000
0.000000
0.000000
0.000000
0.000000
0.000000
0.000000
0.000000
0.000000
0.000000
0.000000
0.000000
0.000000
26528265.000000
3153775.000000
5001018.000000
13882173.000000
1570585.000000
13064985.000000
4102745.000000
209156.000000
10481992.000000
14350438.000000
11422093.000000
16272470.000000
16652326.000000
14306878.000000
1802217.000000
16210515.000000
549840.000000
3709811.000000
12794483.000000
8038900.000000
10635601.000000
8768696.000000
10500638.000000
3225673.000000
4498194.000000
12938156.000000
10896087.000000
16145532.000000
10405053.000000
11074926.000000
7320730.000000
505481.000000
15735999.000000
1437130.000000
11594601.000000
15687597.000000
6196204.000000
2322825.000000
4790952.000000
2817301.000000
6314009.000000
10271911.000000
15373530.000000
11258682.000000
15384678.000000
14666162.000000
3888061.000000
5064215.000000
4826037.000000
12171290.000000
88545.000000
9878168.000000
1289323.000000
15655924.000000
1467111.000000
5916054.000000
7707272.000000
787781.000000
5282328.000000
1457849.000000
8354584.000000
2996369.000000
11260157.000000
8700237.000000
13995205.000000
5621289.000000
3161246.000000
529201.000000
11363633.000000
1049452.000000
2620511.000000
5108364.000000
1085079.000000
4872708.000000
13333089.000000
159955.000000
11359596.000000
3478831.000000
2719367.000000
2911355.000000
5699676.000000
6372756.000000
792836.000000
8410484.000000
15689875.000000
11147184.000000
15833224.000000
10378240.000000
8155578.000000
12468639.000000
2952332.000000
14934447.000000
1205995.000000
11393639.000000
7744457.000000
6165240.000000
743472.000000
16546009.000000
7872630.000000
4054691.000000
12145603.000000
9190680.000000
14158762.000000
201626.000000
1281792.000000
1040052.000000
4145071.000000
3634682.000000
16600191.000000
8718130.000000
7849522.000000
14860715.000000
1567180.000000
4274638.000000
4072696.000000
8217086.000000
12883567.000000
6798304.000000
7517040.000000
1913823.000000
14160255.000000
5035657.000000
8801851.000000
16959349.000000
8167505.000000
7655669.000000
300708.000000
11650359.000000
6446339.000000
5653631.000000
3406732.000000
16754824.000000
7860775.000000
9253058.000000
9897101.000000
7555155.000000
11776242.000000
8356385.000000
467869.000000
15000117.000000
5063701.000000
9089610.000000
8759644.000000
13523977.000000
5592868.000000
662944.000000
13715785.000000
7872867.000000
14525938.000000
7960218.000000
532373.000000
2534976.000000
7981414.000000
117833.000000
1492548.000000
9563323.000000
10212412.000000
8739895.000000
2754178.000000
5609390.000000
4878827.000000
205486.000000
12064052.000000
10095967.000000
1799743.000000
7623019.000000
306567.000000
4239945.000000
3763077.000000
11651464.000000
517798.000000
13079650.000000
5507635.000000
7879568.000000
11562310.000000
2537142.000000
5780499.000000
7821979.000000
13295535.000000
4889491.000000
8552996.000000
12273810.000000
8686790.000000
8708968.000000
15779662.000000
3935849.000000
2467237.000000
5192329.000000
14301343.000000
72441.000000
15375503.000000
13066372.000000
6904303.000000
3948036.000000
8756300.000000
3285121.000000
15881113.000000
105817.000000
14199680.000000
2248528.000000
3660444.000000
15659384.000000
85367.000000
15126019.000000
388729.000000
13279881.000000
8366525.000000
7191488.000000
8138638.000000
7881732.000000
12998058.000000
12621784.000000
9230676.000000
15092413.000000
7399843.000000
1709715.000000
7091051.000000
7246063.000000
7009396.000000
15104154.000000
3949768.000000
560705.000000
937531.000000
3029994.000000
6992571.000000
9875884.000000
2100198.000000
7630615.000000
11338418.000000
3492493.000000
15205598.000000
12400277.000000
16436679.000000
5143559.000000
6160233.000000
261647.000000
11191376.000000
16456731.000000
1413644.000000
11230105.000000
14434740.000000
1006532.000000
64247.000000
4067216.000000
1552474.000000
4882834.000000
8670685.000000
6349573.000000
5459851.000000
14878802.000000
7477658.000000
16202141.000000
6182269.000000
11902056.000000
1131306.000000
16416983.000000
2078108.000000
5811660.000000
16327445.000000
1383750.000000
1205607.000000
14274155.000000
7246179.000000
15309461.000000
8478046.000000
2556226.000000
5082735.000000
11649212.000000
2088366.000000
8809027.000000
472317.000000
9510485.000000
1543495.000000
4039935.000000
499951.000000
7247246.000000
7709638.000000
122874.000000
12295737.000000
640017.000000
11522237.000000
5337300.000000
1665406.000000
5753614.000000
9537336.000000
7586164.000000
9419159.000000
4252455.000000
2893270.000000
7653645.000000
4468904.000000
11637778.000000
5738993.000000
1587679.000000
448968.000000
14427620.000000
888192.000000
2569864.000000
7568032.000000
2016332.000000
5851370.000000
1367478.000000
3737439.000000
5194901.000000
14931326.000000
12135161.000000
1012728.000000
11466450.000000
10595405.000000
12868632.000000
2242077.000000
3973514.000000
10344745.000000
10669718.000000
8690982.000000
8873935.000000
4253026.000000
2497183.000000
7493616.000000
223604.000000
14835688.000000
3058798.000000
2890889.000000
10869415.000000
7896898.000000
8732846.000000
1789707.000000
5422561.000000
6343058.000000
17259416.000000
8692933.000000
7914112.000000
1364177.000000
720630.000000
15662060.000000
596950.000000
2595858.000000
5108210.000000
15548159.000000
12111969.000000
895936.000000
11737333.000000
15332048.000000
3490568.000000
3802376.000000
132773.000000
7409043.000000
4972177.000000
7154569.000000
11491478.000000
10706654.000000
9236250.000000
15419706.000000
3379272.000000
8827602.000000
10157600.000000
9384655.000000
421240.000000
12445656.000000
6589107.000000
5021775.000000
1206919.000000
5211117.000000
17403316.000000
10694880.000000
4544103.000000
1651220.000000
8907120.000000
9193498.000000
2802678.000000
13071039.000000
8747189.000000
6575545.000000
8902120.000000
8371331.000000
15436423.000000
1277307.000000
4566918.000000
1680703.000000
6924620.000000
5593311.000000
4395951.000000
852513.000000
5955588.000000
3373203.000000
11085972.000000
10142171.000000
7682578.000000
7750882.000000
16406096.000000
9035704.000000
11063612.000000
8976007.000000
977744.000000
5514809.000000
5626197.000000
4269647.000000
1650233.000000
5992749.000000
9312193.000000
13867413.000000
2634712.000000
15425603.000000
15671359.000000
1085623.000000
14458021.000000
16183119.000000
11958992.000000
6474838.000000
7403889.000000
4923029.000000
3866350.000000
11677732.000000
11139164.000000
5798629.000000
13014716.000000
7785483.000000
3466288.000000
10519967.000000
301682.000000
2484375.000000
15721388.000000
595169.000000
2521775.000000
3089300.000000
4798355.000000
3986710.000000
8105792.000000
1480619.000000
6311539.000000
8664985.000000
7431565.000000
10350942.000000
11730111.000000
8727904.000000
4746945.000000
4100116.000000
136801.000000
12409158.000000
6233246.000000
2802551.000000
13967449.000000
6957336.000000
16791427.000000
7057635.000000
7107156.000000
8164824.000000
3747450.000000
8601687.000000
4162951.000000
3720855.000000
4244245.000000
5684213.000000
6051534.000000
6320898.000000
12223836.000000
982360.000000
424111.000000
4925482.000000
687743.000000
12395448.000000
2403629.000000
7253293.000000
13483727.000000
1558777.000000
17128404.000000
14346199.000000
8445276.000000
16099260.000000
5110452.000000
4865513.000000
6400014.000000
8044065.000000
16004275.000000
11708904.000000
15642677.000000
2266278.000000
2829171.000000
15616303.000000
14365947.000000
6045269.000000
2942817.000000
5858246.000000
4836353.000000
5188639.000000
893659.000000
3550610.000000
12397830.000000
625366.000000
14979161.000000
7088592.000000
5598333.000000
13301212.000000
1428569.000000
4279314.000000
3931863.000000
14446236.000000
6695300.000000
16439234.000000
14306042.000000
8629102.000000
15219603.000000
1342472.000000
15654917.000000
5809570.000000
16155985.000000
12574768.000000
6084287.000000
1501161.000000
3964637.000000
1348859.000000
13228310.000000
528426.000000
13607944.000000
5930582.000000
5726263.000000
7851834.000000
1468781.000000
9643522.000000
13448288.000000
7453412.000000
3120385.000000
7062003.000000
8347172.000000
7611711.000000
2660328.000000
503770.000000
14477685.000000
8547339.000000
1846618.000000
1148813.000000
16970485.000000
7259017.000000
6192639.000000
193179.000000
3765945.000000
4454297.000000
17025538.000000
12653560.000000
192297.000000
1644909.000000
1905097.000000
5914419.000000
9828627.000000
16061447.000000
7986088.000000
1235375.000000
13415285.000000
3960357.000000
14243232.000000
9322630.000000
320777.000000
6675504.000000
11602111.000000
7759501.000000
120776.000000
9663921.000000
3176618.000000
13756924.000000
1370974.000000
4707653.000000
16195740.000000
3576652.000000
8270389.000000
634045.000000
1363572.000000
3201651.000000
16558362.000000
15036169.000000
2160762.000000
16452041.000000
9496991.000000
5492016.000000
15775622.000000
553290.000000
15895625.000000
10527134.000000
17632235.000000
5943384.000000
1020076.000000
736366.000000
2026466.000000
1642420.000000
2947983.000000
8974033.000000
2683728.000000
6103884.000000
17258252.000000
1863108.000000
9545865.000000
719490.000000
14495990.000000
13541468.000000
2487157.000000
189226.000000
13442673.000000
9560850.000000
8101083.000000
1609403.000000
6962099.000000
5284224.000000
5632580.000000
5287436.000000
507709.000000
17703296.000000
7025114.000000
3183178.000000
1632517.000000
1155492.000000
7676380.000000
7136834.000000
14347542.000000
11159862.000000
10023184.000000
7009511.000000
11623538.000000
4988511.000000
1963297.000000
14184967.000000
4192883.000000
3257066.000000
922082.000000
5622138.000000
10804567.000000
1445958.000000
6544140.000000
4275406.000000
1767314.000000
3951063.000000
16637734.000000
4135294.000000
7539242.000000
6722547.000000
12719489.000000
8052189.000000
10535109.000000
9246415.000000
1796447.000000
8307555.000000
4670157.000000
102899.000000
8034144.000000
9077526.000000
1876787.000000
611839.000000
13133116.000000
14230816.000000
10944814.000000
2711653.000000
13186001.000000
3518086.000000
2600640.000000
8111615.000000
2240121.000000
7858584.000000
7426077.000000
15471411.000000
14205391.000000
7201199.000000
130880.000000
6554132.000000
3392679.000000
7731207.000000
10922212.000000
593729.000000
2276243.000000
145113.000000
5381914.000000
726612.000000
14495059.000000
8153582.000000
1768456.000000
14013813.000000
16665438.000000
5365276.000000
7925774.000000
2644855.000000
12537580.000000
9685085.000000
4257332.000000
3736528.000000
6616938.000000
5092636.000000
10760469.000000
13258138.000000
13545348.000000
10716963.000000
4337000.000000
16198909.000000
13368618.000000
1840957.000000
3660410.000000
9891656.000000
8930458.000000
9824680.000000
14874592.000000
5860276.000000
261672.000000
768295.000000
1941808.000000
5385629.000000
15628574.000000
9426076.000000
640523.000000
13927677.000000
10351745.000000
16884407.000000
3982728.000000
3693430.000000
4389946.000000
5073832.000000
3646934.000000
5775330.000000
1830209.000000
12726402.000000
8281482.000000
16489521.000000
3433117.000000
6656692.000000
1808839.000000
4189113.000000
616485.000000
8884773.000000
14171394.000000
5805406.000000
14603395.000000
8620411.000000
491302.000000
9153280.000000
908624.000000
8619207.000000
7158368.000000
10847449.000000
15829842.000000
9176731.000000
4018017.000000
4908356.000000
4338770.000000
13949964.000000
16679729.000000
11576321.000000
10474121.000000
6881440.000000
7677443.000000
1118397.000000
16267205.000000
4161300.000000
923980.000000
1681091.000000
2257572.000000
8818925.000000
12441126.000000
14922633.000000
8059510.000000
1393146.000000
13081193.000000
8857185.000000
6437123.000000
8349073.000000
2529208.000000
7884736.000000
16159557.000000
994352.000000
15157772.000000
16513379.000000
7708059.000000
8345828.000000
11236062.000000
16924425.000000
12733300.000000
449762.000000
10655098.000000
12657533.000000
4840246.000000
5014312.000000
9407931.000000
14754078.000000
2076616.000000
16544837.000000
5031811.000000
15105428.000000
15701508.000000
11924593.000000
9601146.000000
12732306.000000
2970374.000000
5836978.000000
619445.000000
2469951.000000
16983759.000000
16101723.000000
14805860.000000
10837748.000000
14927808.000000
16278452.000000
15916466.000000
8859877.000000
6868136.000000
719035.000000
13065567.000000
118863.000000
460432.000000
9628488.000000
5088964.000000
9723259.000000
12924559.000000
8099008.000000
168509.000000
4321934.000000
15496045.000000
3592121.000000
2670199.000000
3709831.000000
7912217.000000
9135784.000000
11837453.000000
9946912.000000
6720520.000000
3230664.000000
583519.000000
2995715.000000
3800481.000000
9382642.000000
11247109.000000
2825603.000000
7849988.000000
640372.000000
9706471.000000
3654177.000000
16558839.000000
2639458.000000
299751.000000
9332960.000000
3337928.000000
6525940.000000
2185699.000000
