0.000000
0.000000
0.000000
0.000000
0.000000
0.000000
0.000000
0.000000
0.000000
0.000000
0.000000
0.000000
0.000000
0.000000
0.000000
0.000000
0.000000
0.000000
0.000000
0.000000
0.000000
0.000000
0.000000
0.000000
0.000000
0.000000
0.000000
0.000000
0.000000
0.000000
0.000000
0.000000
0.000000
0.000000
0.000000
0.000000
0.000000
0.000000
0.000000
0.000000
0.000000
0.000000
0.000000
0.000000
0.000000
0.000000
0.000000
0.000000
0.000000
0.000000
0.000000
0.000000
0.000000
0.000000
0.000000
0.000000
0.000000
0.000000
0.000000
0.000000
0.000000
0.000000
0.000000
0.000000
0.000000
0.000000
0.000000
0.000000
0.000000
0.000000
0.000000
0.000000
0.000000
0.000000
0.000000
0.000000
0.000000
0.000000
0.000000
0.000000
0.000000
0.000000
0.000000
0.000000
0.000000
0.000000
0.000000
0.000000
0.000000
0.000000
0.000000
0.000000
0.000000
0.000000
0.000000
0.000000
0.000000
0.000000
0.000000
0.000000
0.000000
0.000000
0.000000
0.000000
0.000000
0.000000
0.000000
0.000000
0.000000
0.000000
0.000000
0.000000
0.000000
0.000000
0.000000
0.000000
0.000000
0.000000
0.000000
0.000000
0.000000
0.000000
0.000000
0.000000
0.000000
0.000000
0.000000
0.000000
0.000000
0.000000
0.000000
0.000000
0.000000
0.000000
0.000000
0.000000
0.000000
0.000000
0.000000
0.000000
0.000000
0.000000
0.000000
0.000000
0.000000
0.000000
0.000000
0.000000
0.000000
0.000000
0.000000
0.000000
0.000000
0.000000
0.000000
0.000000
6951390.000000
208761.000000
4176982.000000
4162108.000000
3441021.000000
4640741.000000
4392400.000000
3918615.000000
1726617.000000
4364918.000000
489438.000000
2787296.000000
4466074.000000
3789679.000000
4621691.000000
4313546.000000
3910800.000000
2584847.000000
3317368.000000
4523011.000000
4410673.000000
4260715.000000
4528769.000000
4191253.000000
3787167.000000
442269.000000
4351623.000000
1435435.000000
4025940.000000
4307045.000000
2914806.000000
1875513.000000
3286887.000000
2393036.000000
3605530.000000
3967086.000000
4062645.000000
4291553.000000
4192468.000000
4605987.000000
3189278.000000
3255170.000000
2860434.000000
4750068.000000
106779.000000
4094653.000000
1328846.000000
4621162.000000
1590781.000000
3455520.000000
3862556.000000
727257.000000
3296615.000000
1413425.000000
4074470.000000
2345742.000000
3786272.000000
3813235.000000
4050976.000000
3401494.000000
2811106.000000
457177.000000
3921096.000000
1102339.000000
2538389.000000
3425878.000000
1031397.000000
3077426.000000
4157843.000000
170000.000000
4036897.000000
2629248.000000
2177741.000000
2403500.000000
3061394.000000
3733133.000000
797278.000000
4073934.000000
4234146.000000
3704812.000000
4318943.000000
3790363.000000
3646045.000000
4197739.000000
2497004.000000
4241664.000000
1164245.000000
4281641.000000
4131424.000000
3427322.000000
819872.000000
4789817.000000
3483593.000000
2903440.000000
4062993.000000
3788825.000000
4356016.000000
169963.000000
1187266.000000
897907.000000
2938933.000000
2503552.000000
4802560.000000
4396688.000000
3691576.000000
4660211.000000
1722514.000000
2706589.000000
2523854.000000
4190781.000000
4487106.000000
3849802.000000
3812708.000000
1638956.000000
4381695.000000
3441918.000000
4072206.000000
4538491.000000
4339527.000000
4101882.000000
332999.000000
4349730.000000
3703431.000000
3256667.000000
2591371.000000
4604671.000000
3979979.000000
4097329.000000
3957268.000000
3994358.000000
4356928.000000
3757323.000000
408994.000000
4477421.000000
2969966.000000
3401734.000000
3879935.000000
4018949.000000
3676964.000000
653292.000000
4632837.000000
4315047.000000
4305121.000000
3948369.000000
529873.000000
2211527.000000
3678919.000000
127768.000000
1328134.000000
4378509.000000
4472101.000000
3887000.000000
2176467.000000
3336867.000000
3266483.000000
216167.000000
4384247.000000
3998268.000000
1635327.000000
4004957.000000
274783.000000
3064270.000000
2919253.000000
4015601.000000
622145.000000
4283240.000000
2946357.000000
3985244.000000
4106730.000000
2247740.000000
3567054.000000
3744739.000000
4433740.000000
3431120.000000
3732640.000000
4262732.000000
3649945.000000
4086499.000000
4184816.000000
2796413.000000
2103560.000000
3032770.000000
4385012.000000
48194.000000
4612036.000000
4162044.000000
3792206.000000
2922786.000000
4173528.000000
2726177.000000
4095420.000000
107651.000000
4303923.000000
2187804.000000
2746699.000000
4295572.000000
92467.000000
4292669.000000
388899.000000
4262223.000000
4315470.000000
4059930.000000
3304617.000000
3631801.000000
4501137.000000
4540130.000000
4431987.000000
4042688.000000
3786970.000000
1506374.000000
3652680.000000
3559425.000000
3700980.000000
4367440.000000
2341996.000000
487583.000000
784132.000000
2607355.000000
3381053.000000
3841988.000000
1950491.000000
4247110.000000
3965917.000000
2892888.000000
4135076.000000
4336906.000000
4298318.000000
3236576.000000
3703332.000000
243552.000000
4221893.000000
4137156.000000
1217521.000000
4161703.000000
4219306.000000
786431.000000
62444.000000
2973267.000000
1310115.000000
2712860.000000
3735354.000000
3531677.000000
3364997.000000
3964630.000000
2958725.000000
4511204.000000
3402417.000000
3761629.000000
1232799.000000
4059923.000000
1946475.000000
3733044.000000
4348788.000000
1371013.000000
1291059.000000
3914768.000000
3656160.000000
4254214.000000
4327728.000000
1580132.000000
3332662.000000
4054589.000000
1774018.000000
3601266.000000
466691.000000
4008082.000000
1306141.000000
3098954.000000
473303.000000
3565496.000000
3989981.000000
125653.000000
4124216.000000
599795.000000
3959577.000000
3126891.000000
1526102.000000
3217125.000000
4255203.000000
3725279.000000
3676346.000000
3308346.000000
2248509.000000
3612342.000000
3102919.000000
4280918.000000
3654524.000000
1261039.000000
375495.000000
4523592.000000
870918.000000
2099033.000000
3775201.000000
1707977.000000
3480034.000000
1243555.000000
2430600.000000
2592317.000000
4502964.000000
3944166.000000
1108187.000000
3969422.000000
4425758.000000
4334820.000000
2013037.000000
2851866.000000
4006118.000000
3563258.000000
3314111.000000
3741910.000000
3059229.000000
2305697.000000
4220723.000000
233770.000000
4046424.000000
2099987.000000
2335718.000000
4200839.000000
3696555.000000
4014593.000000
1463511.000000
3349606.000000
3411597.000000
4114404.000000
3922598.000000
3689132.000000
1229307.000000
645170.000000
4424690.000000
508433.000000
2339633.000000
3193013.000000
4381549.000000
4292005.000000
1241844.000000
4053738.000000
3984412.000000
2720891.000000
2468968.000000
137066.000000
3228111.000000
3374242.000000
3970977.000000
4090905.000000
4132588.000000
4452703.000000
4725833.000000
2496949.000000
3941951.000000
3867730.000000
4061371.000000
443469.000000
4305697.000000
3780211.000000
2873398.000000
1080716.000000
3649189.000000
4513117.000000
4294614.000000
3165140.000000
1566079.000000
3934460.000000
4266924.000000
2140485.000000
4371674.000000
3656623.000000
3809500.000000
3710981.000000
4129512.000000
4695476.000000
1237541.000000
3301393.000000
1369031.000000
3687529.000000
3806338.000000
3115812.000000
700572.000000
3277266.000000
2320284.000000
4253670.000000
4167985.000000
3377919.000000
3269986.000000
4379082.000000
4156820.000000
3784998.000000
4106435.000000
888250.000000
3509357.000000
3155961.000000
2938194.000000
1512133.000000
3552327.000000
4210359.000000
3967190.000000
2194974.000000
4097370.000000
4051098.000000
918466.000000
4295825.000000
4531841.000000
4862302.000000
3811034.000000
4143391.000000
3519568.000000
3022949.000000
4231570.000000
4347525.000000
3169322.000000
4046057.000000
3682477.000000
2527691.000000
4423619.000000
264498.000000
2389592.000000
4614269.000000
599549.000000
2268677.000000
2286620.000000
2957023.000000
2804531.000000
3991355.000000
1291936.000000
3646915.000000
3963265.000000
3892146.000000
4369517.000000
3840069.000000
4050737.000000
2943546.000000
3044333.000000
138593.000000
4214614.000000
3743509.000000
2037606.000000
3906152.000000
3052352.000000
4792870.000000
3827170.000000
3151234.000000
4169590.000000
1873612.000000
3853275.000000
2940177.000000
2508524.000000
2940344.000000
2925513.000000
3865089.000000
3693102.000000
4327261.000000
787664.000000
332274.000000
3549146.000000
701309.000000
4680972.000000
1985613.000000
3930102.000000
3922988.000000
1176057.000000
4336117.000000
3599448.000000
3749624.000000
4337446.000000
3121995.000000
2916020.000000
3932700.000000
3310117.000000
4415494.000000
4446179.000000
4440085.000000
1840981.000000
2642960.000000
4720693.000000
4406839.000000
3572783.000000
2361486.000000
3695736.000000
3242805.000000
3652273.000000
758651.000000
2981232.000000
4180714.000000
540972.000000
4231601.000000
4196369.000000
3541583.000000
4432632.000000
1182904.000000
3197315.000000
2924292.000000
4118802.000000
3791230.000000
4463833.000000
4373317.000000
4120179.000000
4081176.000000
1213956.000000
4393569.000000
3509052.000000
4826353.000000
4362259.000000
3302235.000000
1404080.000000
2789188.000000
1342807.000000
4024186.000000
572080.000000
4605807.000000
3569147.000000
3340509.000000
4015546.000000
1364229.000000
4268797.000000
3656526.000000
3802800.000000
2220617.000000
3236480.000000
3969469.000000
3614450.000000
2316862.000000
488727.000000
4427592.000000
4660554.000000
1809341.000000
1044150.000000
4181385.000000
3752698.000000
3329230.000000
176244.000000
2677591.000000
2781472.000000
4646381.000000
4221545.000000
156350.000000
1473688.000000
2012285.000000
3700867.000000
4995691.000000
4176853.000000
3795063.000000
1270456.000000
4285563.000000
2762677.000000
4463125.000000
3681585.000000
224952.000000
3480817.000000
3811324.000000
3346159.000000
117023.000000
3803052.000000
2444232.000000
3644683.000000
1442819.000000
3095186.000000
4414608.000000
2978395.000000
3870762.000000
698218.000000
1459186.000000
2703336.000000
4101168.000000
3898277.000000
1798395.000000
4032998.000000
3958622.000000
3696339.000000
4107202.000000
555922.000000
4303929.000000
4324708.000000
4437906.000000
3521169.000000
886752.000000
546670.000000
1693853.000000
1721098.000000
2356219.000000
3850880.000000
2075948.000000
3282372.000000
4424811.000000
1739093.000000
4605352.000000
766891.000000
4100245.000000
4170271.000000
1938351.000000
193121.000000
4401755.000000
4172413.000000
3571623.000000
1411146.000000
3651720.000000
3367022.000000
3639278.000000
3102975.000000
598056.000000
4434926.000000
3967355.000000
2166493.000000
1582138.000000
1172227.000000
3787219.000000
3499742.000000
4401787.000000
3937560.000000
3537280.000000
3650834.000000
3783560.000000
3396346.000000
1869998.000000
4690250.000000
3304636.000000
2515755.000000
831935.000000
3671925.000000
3597365.000000
1468788.000000
3500695.000000
2583534.000000
1549997.000000
2980121.000000
4792870.000000
3166699.000000
3720812.000000
4034111.000000
4324159.000000
3837050.000000
3890967.000000
4066115.000000
1587568.000000
3627354.000000
3215901.000000
97029.000000
3172190.000000
3672053.000000
1623602.000000
503774.000000
4075328.000000
4229034.000000
4430187.000000
2668450.000000
4190785.000000
2528381.000000
2336207.000000
4251219.000000
1751206.000000
4154282.000000
3940764.000000
4303923.000000
4193822.000000
3991311.000000
120262.000000
3356524.000000
2846164.000000
3487453.000000
4486352.000000
597276.000000
1792497.000000
113366.000000
2845446.000000
614478.000000
5264597.000000
4013285.000000
1572981.000000
4322104.000000
4231994.000000
3211512.000000
4327723.000000
1878741.000000
4314546.000000
3748161.000000
2946976.000000
2657163.000000
3959208.000000
3401190.000000
3925321.000000
4309272.000000
4609409.000000
4415117.000000
3093895.000000
4716268.000000
4199758.000000
1800231.000000
2790975.000000
3922901.000000
4229625.000000
4358989.000000
4243278.000000
3390604.000000
203297.000000
818947.000000
1941164.000000
3470954.000000
4109177.000000
4097936.000000
542122.000000
4090130.000000
4150720.000000
4010126.000000
2651573.000000
2727365.000000
2653712.000000
3390997.000000
2561300.000000
3522598.000000
1528859.000000
4156116.000000
3670788.000000
3921364.000000
2871191.000000
3681549.000000
1741793.000000
3232888.000000
597203.000000
4063574.000000
4568874.000000
3348206.000000
4300819.000000
3982529.000000
410472.000000
4748072.000000
756887.000000
3469087.000000
4043273.000000
3902876.000000
4530817.000000
3880956.000000
2931207.000000
3285030.000000
3037561.000000
4459433.000000
4476164.000000
3946762.000000
3952755.000000
3643455.000000
3874384.000000
1184860.000000
4158210.000000
2931338.000000
987627.000000
1544338.000000
2056369.000000
4252944.000000
4116027.000000
4193040.000000
3779788.000000
1190051.000000
4300267.000000
4310108.000000
2747100.000000
3681675.000000
2087083.000000
3978171.000000
4368102.000000
894749.000000
4430845.000000
4792870.000000
3828558.000000
4084036.000000
4608589.000000
4197849.000000
4525392.000000
475045.000000
3904722.000000
4186498.000000
2845965.000000
2892126.000000
3931964.000000
4648026.000000
1853577.000000
4345907.000000
3464276.000000
4515813.000000
4603889.000000
4476554.000000
3760730.000000
3835790.000000
2319992.000000
3472880.000000
533050.000000
2000609.000000
4793271.000000
4283406.000000
4474090.000000
4491978.000000
4107532.000000
4520525.000000
4193541.000000
4133590.000000
3964039.000000
766786.000000
4763510.000000
115414.000000
489953.000000
4101110.000000
3253197.000000
3925534.000000
4119453.000000
3668333.000000
165155.000000
3285863.000000
3822086.000000
3035571.000000
2420767.000000
2714748.000000
3986411.000000
4180236.000000
4159139.000000
4431651.000000
3637719.000000
2574370.000000
570974.000000
2470062.000000
2886124.000000
4097216.000000
4401884.000000
2229708.000000
3492781.000000
488816.000000
3814267.000000
2489696.000000
4859748.000000
2162025.000000
322915.000000
4125887.000000
2602318.000000
3082416.000000
2222405.000000
