0.000000
0.000000
0.000000
0.000000
0.000000
0.000000
0.000000
0.000000
0.000000
0.000000
0.000000
0.000000
0.000000
0.000000
0.000000
0.000000
0.000000
0.000000
0.000000
0.000000
0.000000
0.000000
0.000000
0.000000
0.000000
0.000000
0.000000
0.000000
0.000000
0.000000
0.000000
0.000000
0.000000
0.000000
0.000000
0.000000
0.000000
0.000000
0.000000
0.000000
0.000000
0.000000
0.000000
0.000000
0.000000
0.000000
0.000000
0.000000
0.000000
0.000000
0.000000
0.000000
0.000000
0.000000
0.000000
0.000000
0.000000
0.000000
0.000000
0.000000
0.000000
0.000000
0.000000
0.000000
0.000000
0.000000
0.000000
0.000000
0.000000
0.000000
0.000000
0.000000
0.000000
0.000000
0.000000
0.000000
0.000000
0.000000
0.000000
0.000000
0.000000
0.000000
0.000000
0.000000
0.000000
0.000000
0.000000
0.000000
0.000000
0.000000
0.000000
0.000000
0.000000
0.000000
0.000000
0.000000
0.000000
0.000000
0.000000
0.000000
0.000000
0.000000
0.000000
0.000000
0.000000
0.000000
0.000000
0.000000
0.000000
0.000000
0.000000
0.000000
0.000000
0.000000
0.000000
0.000000
0.000000
0.000000
0.000000
0.000000
0.000000
0.000000
0.000000
0.000000
0.000000
0.000000
0.000000
0.000000
0.000000
0.000000
0.000000
0.000000
0.000000
0.000000
0.000000
0.000000
0.000000
0.000000
0.000000
0.000000
0.000000
0.000000
0.000000
0.000000
0.000000
0.000000
0.000000
0.000000
0.000000
0.000000
0.000000
0.000000
0.000000
0.000000
0.000000
0.000000
0.000000
0.000000
0.000000
0.000000
0.000000
0.000000
0.000000
0.000000
0.000000
130339050.000000
552661.000000
3633017.000000
24062644.000000
7905668.000000
13739764.000000
10531301.000000
12891475.000000
3789536.000000
4889338.000000
24095402.000000
13336580.000000
50221084.000000
13805480.000000
14051753.000000
8038357.000000
460508.000000
62865182.000000
1561489.000000
16302376.000000
41313659.000000
6484788.000000
2495469.000000
4312538.000000
2724825.000000
6904023.000000
12736889.000000
38266724.000000
16386247.000000
44110442.000000
23141209.000000
4039761.000000
6129858.000000
4878044.000000
17758415.000000
109785.000000
10931953.000000
1249100.000000
81306833.000000
1426652.000000
7149376.000000
8730499.000000
689565.000000
5290381.000000
1355027.000000
9749141.000000
3027495.000000
15456409.000000
9641511.000000
28721200.000000
5729294.000000
3264681.000000
495972.000000
16479269.000000
1010514.000000
2432627.000000
5613868.000000
1088608.000000
4420904.000000
27780829.000000
158180.000000
14680227.000000
3676150.000000
2457975.000000
2951536.000000
5632428.000000
6321927.000000
786441.000000
8237143.000000
70344534.000000
19343582.000000
31699792.000000
13934680.000000
10151122.000000
17618517.000000
2848197.000000
30853272.000000
1312409.000000
15267989.000000
8733275.000000
6166812.000000
917349.000000
35168567.000000
9356671.000000
4149721.000000
17491098.000000
12080087.000000
27390793.000000
250653.000000
1417957.000000
1199202.000000
4547194.000000
3543757.000000
58777410.000000
10106686.000000
8238209.000000
38391230.000000
1734964.000000
4711175.000000
3419545.000000
9189764.000000
19038091.000000
7179707.000000
7724898.000000
1935402.000000
24031110.000000
5857180.000000
9330055.000000
32608098.000000
10664117.000000
8288256.000000
356346.000000
17667967.000000
6148480.000000
6568578.000000
3406770.000000
38049054.000000
8127449.000000
11167164.000000
12678349.000000
8059680.000000
16876255.000000
10102026.000000
601640.000000
48981689.000000
5045913.000000
13261998.000000
9359189.000000
20714584.000000
6810733.000000
658678.000000
23861312.000000
9261184.000000
33799502.000000
8767858.000000
573970.000000
2203780.000000
8674374.000000
140561.000000
1528704.000000
11598435.000000
12222188.000000
10663003.000000
2402629.000000
6438622.000000
5444940.000000
261889.000000
17575314.000000
13056502.000000
1698488.000000
8249884.000000
322062.000000
4409545.000000
4212580.000000
18456306.000000
639963.000000
20908641.000000
5476452.000000
9447216.000000
17842180.000000
2423285.000000
6103948.000000
9216791.000000
21131503.000000
5149256.000000
9474298.000000
22596790.000000
9963082.000000
9188665.000000
33954996.000000
4622661.000000
2457828.000000
6112881.000000
38769967.000000
69002.000000
33864923.000000
19426607.000000
6813411.000000
3945499.000000
9080163.000000
3766078.000000
32286878.000000
122851.000000
50258581.000000
2797341.000000
4046465.000000
64906160.000000
84929.000000
35826702.000000
387462.000000
21273986.000000
10089953.000000
8530457.000000
9355958.000000
8951020.000000
21323148.000000
21635819.000000
10992927.000000
50219864.000000
8556767.000000
1442166.000000
6699818.000000
9650416.000000
7902537.000000
29853921.000000
4598266.000000
539980.000000
854346.000000
3087369.000000
8260998.000000
13046536.000000
2011076.000000
7731565.000000
15841254.000000
3818024.000000
81413506.000000
18407772.000000
69745583.000000
5294214.000000
6783450.000000
256525.000000
14282349.000000
35385947.000000
1312889.000000
15266803.000000
61813109.000000
909756.000000
56777.000000
3760731.000000
1626582.000000
5006516.000000
9451548.000000
6518904.000000
6540185.000000
33999663.000000
8098047.000000
74740960.000000
6390755.000000
19408400.000000
1046831.000000
46565117.000000
2169392.000000
6084421.000000
30322139.000000
1542061.000000
1272116.000000
42647577.000000
8200818.000000
73555245.000000
10159624.000000
2912628.000000
6249692.000000
18060249.000000
2016941.000000
11140446.000000
511683.000000
10331070.000000
1612557.000000
4327730.000000
486154.000000
8075008.000000
8963677.000000
132424.000000
19944091.000000
692650.000000
15958001.000000
6221652.000000
1719589.000000
5479823.000000
11784339.000000
9177229.000000
13401165.000000
4652728.000000
2581266.000000
8376831.000000
4935854.000000
16401223.000000
6377688.000000
1403244.000000
393090.000000
25474364.000000
990682.000000
2714671.000000
9327690.000000
2287218.000000
5065334.000000
1152402.000000
3565425.000000
5300663.000000
29514344.000000
19957486.000000
1183453.000000
14828632.000000
13503423.000000
21786665.000000
2141479.000000
4196716.000000
14214363.000000
14527196.000000
10312673.000000
9888571.000000
4312651.000000
2738643.000000
8565223.000000
236754.000000
38145461.000000
3696506.000000
2995962.000000
13283942.000000
8528895.000000
10279629.000000
1436690.000000
5163529.000000
6441309.000000
49946955.000000
10263783.000000
9073479.000000
1388191.000000
791675.000000
42319907.000000
590306.000000
2881745.000000
4979383.000000
33285332.000000
20769556.000000
1108767.000000
16031253.000000
64467819.000000
3805617.000000
4455475.000000
136794.000000
7753835.000000
5782666.000000
7114754.000000
18336028.000000
14140323.000000
10081219.000000
47202816.000000
3298472.000000
9754046.000000
12255606.000000
9532988.000000
427824.000000
17820929.000000
7116720.000000
5362192.000000
1240077.000000
5931376.000000
40404251.000000
14013175.000000
4622581.000000
1723238.000000
9702818.000000
10948637.000000
2688643.000000
20524258.000000
9770733.000000
6716206.000000
10733257.000000
9547279.000000
42476918.000000
1349662.000000
5205454.000000
1652235.000000
7529165.000000
7100464.000000
4730869.000000
797478.000000
6170763.000000
3740044.000000
13933521.000000
11470854.000000
9782248.000000
8723774.000000
51610439.000000
10705858.000000
17030653.000000
9528345.000000
964852.000000
5461423.000000
4730070.000000
4561244.000000
1524418.000000
6875934.000000
9842463.000000
27646834.000000
2422725.000000
49098426.000000
67668639.000000
1125994.000000
27517910.000000
34879364.000000
17120255.000000
7062767.000000
7266052.000000
5740172.000000
4395088.000000
21070188.000000
15370513.000000
5728497.000000
24288675.000000
8298640.000000
3513652.000000
16225827.000000
257765.000000
2762352.000000
33134328.000000
603400.000000
2396572.000000
3343981.000000
5514421.000000
4100182.000000
8684032.000000
1465524.000000
6137702.000000
10020856.000000
7243280.000000
12273156.000000
16203051.000000
10384284.000000
4799256.000000
4132124.000000
161750.000000
18327036.000000
6558418.000000
2446885.000000
26285299.000000
6700508.000000
35076505.000000
6977800.000000
7763204.000000
8885917.000000
3604778.000000
10803359.000000
3469164.000000
3951138.000000
4490411.000000
6048138.000000
6792699.000000
6440884.000000
19844508.000000
893796.000000
439420.000000
6548361.000000
725350.000000
18985330.000000
2203369.000000
7191783.000000
24933465.000000
1191949.000000
60516254.000000
32153058.000000
10228360.000000
30951859.000000
5442168.000000
4831080.000000
6961757.000000
9970913.000000
59404041.000000
18356878.000000
41012004.000000
1903778.000000
2917304.000000
31024538.000000
42167145.000000
7169844.000000
2680547.000000
5238820.000000
5103938.000000
5694456.000000
802665.000000
3679454.000000
19632586.000000
539717.000000
34926805.000000
7518982.000000
5617741.000000
19592342.000000
1576965.000000
4521366.000000
4136447.000000
27927760.000000
7476363.000000
39526860.000000
28513869.000000
9919475.000000
31993527.000000
1424822.000000
32675359.000000
6727720.000000
71003367.000000
19563296.000000
6522159.000000
1734797.000000
4463436.000000
1283141.000000
50280334.000000
559819.000000
22546399.000000
6486734.000000
6380511.000000
8251254.000000
1504618.000000
11376323.000000
41516263.000000
8950257.000000
3685378.000000
8209516.000000
9297874.000000
7922482.000000
2847744.000000
440311.000000
71475544.000000
11058423.000000
1850487.000000
1087145.000000
67562824.000000
8094593.000000
5804055.000000
192668.000000
3516297.000000
3835666.000000
47482760.000000
20972460.000000
221845.000000
1415687.000000
2202832.000000
7160620.000000
12385243.000000
34798080.000000
9087335.000000
1257824.000000
22175099.000000
4272676.000000
31169193.000000
11101138.000000
295647.000000
6436731.000000
15469279.000000
7156516.000000
129633.000000
11661987.000000
3042688.000000
32321555.000000
1397819.000000
4432175.000000
81905392.000000
4135428.000000
10163300.000000
651921.000000
1381415.000000
3244114.000000
51624251.000000
52955279.000000
2110605.000000
68611533.000000
11203432.000000
6520521.000000
32662148.000000
592362.000000
81663377.000000
13521289.000000
48931529.000000
7013085.000000
993373.000000
633900.000000
1645722.000000
1820365.000000
3033915.000000
10631442.000000
2648642.000000
6225177.000000
77373053.000000
2003078.000000
11630895.000000
775655.000000
26284348.000000
21157663.000000
2671226.000000
225861.000000
20859332.000000
12778501.000000
10541049.000000
1273903.000000
9017183.000000
6176581.000000
6100507.000000
6016880.000000
570901.000000
70724170.000000
8802901.000000
3109403.000000
1658306.000000
1194458.000000
8097723.000000
7680517.000000
25820466.000000
16427943.000000
12031393.000000
6934792.000000
15451395.000000
5652618.000000
1877012.000000
25907426.000000
4764537.000000
3425257.000000
902755.000000
6173850.000000
14914443.000000
1326140.000000
6342984.000000
3994097.000000
1995228.000000
3550343.000000
55835504.000000
4339944.000000
7318953.000000
7078867.000000
21260461.000000
8720352.000000
13095603.000000
11708541.000000
1693620.000000
8253459.000000
4709299.000000
108410.000000
10264285.000000
10371628.000000
1697582.000000
523689.000000
22326052.000000
23706451.000000
14100920.000000
3043440.000000
19537135.000000
3989944.000000
2848497.000000
8504947.000000
1923251.000000
8861468.000000
7917968.000000
48261771.000000
25045133.000000
7364644.000000
124233.000000
8633187.000000
3658100.000000
9755174.000000
15947989.000000
523417.000000
2008189.000000
167690.000000
4922315.000000
580394.000000
33288032.000000
8324988.000000
1746867.000000
38820761.000000
56216083.000000
5423154.000000
9076312.000000
3049630.000000
18218770.000000
10579722.000000
4232248.000000
3738417.000000
6771201.000000
5834884.000000
13866971.000000
20791754.000000
24216002.000000
13628929.000000
4910076.000000
37883128.000000
22539060.000000
1821995.000000
3744870.000000
13743333.000000
11464778.000000
12359951.000000
35529128.000000
6225256.000000
248614.000000
843201.000000
2247502.000000
5941287.000000
51251186.000000
10957593.000000
569161.000000
20282452.000000
11682884.000000
42432793.000000
3913238.000000
3647094.000000
5339391.000000
5122615.000000
4200847.000000
5830355.000000
2034218.000000
20165267.000000
10495915.000000
37488904.000000
3721142.000000
8857779.000000
1706825.000000
5209814.000000
710098.000000
10906915.000000
25717385.000000
6603300.000000
26096903.000000
9202594.000000
479404.000000
11616436.000000
932301.000000
12337391.000000
8740668.000000
13725533.000000
76350686.000000
11173244.000000
4420082.000000
5174790.000000
4565637.000000
25415919.000000
79257364.000000
16266655.000000
15027522.000000
7539909.000000
8477985.000000
985658.000000
38406557.000000
4245262.000000
921283.000000
1592691.000000
2383187.000000
10761880.000000
21505743.000000
35932730.000000
8441183.000000
1526122.000000
51549713.000000
10216352.000000
7959738.000000
9240112.000000
2341615.000000
8652572.000000
46216781.000000
931545.000000
58194074.000000
46968821.000000
8394672.000000
9909065.000000
16524643.000000
56095969.000000
18924837.000000
413773.000000
15186379.000000
18175675.000000
5873422.000000
5273079.000000
10401450.000000
30795777.000000
2532220.000000
55832783.000000
5116154.000000
34615741.000000
68177782.000000
15908628.000000
11395951.000000
18462382.000000
2375687.000000
7016449.000000
604164.000000
2284460.000000
76636218.000000
41335309.000000
25764903.000000
13648109.000000
25233097.000000
75171297.000000
44429023.000000
8948224.000000
6988612.000000
1018564.000000
23939930.000000
111697.000000
451477.000000
14139750.000000
5368004.000000
11467617.000000
22627204.000000
8481248.000000
162950.000000
4398112.000000
31263088.000000
4118899.000000
2482569.000000
3802437.000000
9311492.000000
11306151.000000
18256437.000000
11348940.000000
6783788.000000
3271956.000000
598798.000000
3195525.000000
3586222.000000
10716021.000000
15124820.000000
2883019.000000
8784078.000000
599193.000000
10676210.000000
3647066.000000
74074191.000000
2410138.000000
368829.000000
11485020.000000
3571148.000000
6273367.000000
2152970.000000
