0.000000
0.000000
0.000000
0.000000
0.000000
0.000000
0.000000
0.000000
0.000000
0.000000
0.000000
0.000000
0.000000
0.000000
0.000000
0.000000
0.000000
0.000000
0.000000
0.000000
0.000000
0.000000
0.000000
0.000000
0.000000
0.000000
0.000000
0.000000
0.000000
0.000000
0.000000
0.000000
0.000000
0.000000
0.000000
0.000000
0.000000
0.000000
0.000000
0.000000
0.000000
0.000000
0.000000
0.000000
0.000000
0.000000
0.000000
0.000000
0.000000
0.000000
0.000000
0.000000
0.000000
0.000000
0.000000
0.000000
0.000000
0.000000
0.000000
0.000000
0.000000
0.000000
0.000000
0.000000
0.000000
0.000000
0.000000
0.000000
0.000000
0.000000
0.000000
0.000000
0.000000
0.000000
0.000000
0.000000
0.000000
0.000000
0.000000
0.000000
0.000000
0.000000
0.000000
0.000000
0.000000
0.000000
0.000000
0.000000
0.000000
0.000000
0.000000
0.000000
0.000000
0.000000
0.000000
0.000000
0.000000
0.000000
0.000000
0.000000
0.000000
0.000000
0.000000
0.000000
0.000000
0.000000
0.000000
0.000000
0.000000
0.000000
0.000000
0.000000
0.000000
0.000000
0.000000
0.000000
0.000000
0.000000
0.000000
0.000000
0.000000
0.000000
0.000000
0.000000
0.000000
0.000000
0.000000
0.000000
0.000000
0.000000
0.000000
0.000000
0.000000
0.000000
0.000000
0.000000
0.000000
0.000000
0.000000
0.000000
0.000000
0.000000
0.000000
0.000000
0.000000
0.000000
0.000000
0.000000
0.000000
0.000000
0.000000
0.000000
0.000000
0.000000
0.000000
0.000000
0.000000
0.000000
0.000000
0.000000
0.000000
0.000000
0.000000
0.000000
0.000000
0.000000
0.000000
0.000000
0.000000
0.000000
21572265.000000
8923175.000000
9961319.000000
3291360.000000
5364777.000000
12276254.000000
9609930.000000
12790818.000000
10126996.000000
10332165.000000
5937395.000000
430059.000000
13801300.000000
1342278.000000
10358814.000000
13452630.000000
4920192.000000
2057388.000000
4821710.000000
2469229.000000
6785645.000000
8981619.000000
13364286.000000
10825058.000000
14198223.000000
13774895.000000
4080024.000000
5737846.000000
4485330.000000
10641662.000000
116003.000000
8647442.000000
1163109.000000
14021396.000000
1532279.000000
6393255.000000
7041087.000000
735531.000000
5277252.000000
1360859.000000
8185088.000000
2893818.000000
10465965.000000
7990821.000000
12992018.000000
5938443.000000
3943000.000000
573469.000000
10208176.000000
1021436.000000
2760189.000000
5558252.000000
1089816.000000
3654611.000000
12934062.000000
168433.000000
10280093.000000
3889470.000000
2610295.000000
2788846.000000
5060130.000000
6091808.000000
839914.000000
6835537.000000
13369433.000000
9781174.000000
13302923.000000
9537459.000000
7029439.000000
10849270.000000
2762675.000000
13538780.000000
1107741.000000
10308421.000000
7522475.000000
5892356.000000
838184.000000
13347572.000000
7045128.000000
4204437.000000
11605014.000000
8107819.000000
13682276.000000
200224.000000
1262986.000000
914434.000000
4465342.000000
3442802.000000
13588220.000000
8182140.000000
6787629.000000
14001013.000000
1533507.000000
4371406.000000
3332940.000000
8576348.000000
11320971.000000
6955178.000000
6906603.000000
1773391.000000
12999968.000000
5369542.000000
8193076.000000
12689884.000000
7527807.000000
8153871.000000
269165.000000
10117559.000000
6043114.000000
5395744.000000
2967269.000000
13370140.000000
7496420.000000
8411035.000000
8882247.000000
7667885.000000
10855809.000000
7964601.000000
432617.000000
14294774.000000
5511596.000000
7449137.000000
7955337.000000
12444947.000000
6274489.000000
668731.000000
13215628.000000
7487447.000000
12799912.000000
7342574.000000
534921.000000
2242373.000000
7682162.000000
116399.000000
1466592.000000
8423524.000000
9426301.000000
8644092.000000
2422672.000000
5968169.000000
5329505.000000
228853.000000
10478292.000000
8923770.000000
1840612.000000
6727668.000000
302480.000000
4513511.000000
3767007.000000
10638365.000000
657467.000000
11537207.000000
5199178.000000
8021384.000000
11421497.000000
2450055.000000
5976454.000000
7498883.000000
11775633.000000
5461162.000000
7410816.000000
11004279.000000
7402551.000000
8075419.000000
12646584.000000
3863384.000000
2073241.000000
5219582.000000
11671082.000000
46763.000000
13982623.000000
11801161.000000
7151752.000000
3690174.000000
7978641.000000
3580669.000000
12002349.000000
99415.000000
13450434.000000
2456245.000000
3895405.000000
11503194.000000
87029.000000
12602528.000000
426815.000000
12039618.000000
8397897.000000
6916891.000000
6471326.000000
7647791.000000
11950999.000000
12246652.000000
9098243.000000
11846610.000000
6886502.000000
1555833.000000
6643784.000000
7716994.000000
6205651.000000
13660093.000000
3643702.000000
545071.000000
876727.000000
3173722.000000
6434892.000000
9580734.000000
2103450.000000
7233987.000000
10397097.000000
3769600.000000
14242012.000000
11233449.000000
13890568.000000
5160385.000000
6923402.000000
287381.000000
10268775.000000
12091309.000000
1372215.000000
10480993.000000
11141568.000000
938338.000000
75046.000000
3950495.000000
1368168.000000
3887173.000000
7916015.000000
5706651.000000
6085239.000000
13115292.000000
5714792.000000
13721457.000000
5904830.000000
10314822.000000
1175944.000000
12941981.000000
2105440.000000
5878549.000000
13899621.000000
1683148.000000
1563148.000000
13388047.000000
6410393.000000
13494793.000000
8315698.000000
1878373.000000
5184797.000000
10597788.000000
1689607.000000
8134519.000000
430478.000000
8074238.000000
1428189.000000
3615181.000000
473686.000000
6941422.000000
7926671.000000
113249.000000
11601243.000000
699832.000000
11037179.000000
5078466.000000
1608090.000000
5001207.000000
9069613.000000
7878866.000000
8883198.000000
4813596.000000
2822496.000000
6932674.000000
4464654.000000
10692656.000000
6243242.000000
1369313.000000
413686.000000
12333480.000000
788140.000000
2501294.000000
7025527.000000
2020638.000000
5618859.000000
1381552.000000
3375226.000000
4640278.000000
13007522.000000
11001867.000000
1033002.000000
9678868.000000
10269303.000000
11865655.000000
2146805.000000
4290756.000000
10171122.000000
8736735.000000
7443658.000000
8475118.000000
4212761.000000
2469201.000000
7503660.000000
214008.000000
11853670.000000
2819098.000000
2809271.000000
10007758.000000
7956114.000000
7977181.000000
1414530.000000
5068261.000000
5915794.000000
13635693.000000
7583102.000000
7613914.000000
1197981.000000
724235.000000
15159899.000000
501545.000000
2732394.000000
5700719.000000
13248022.000000
11408845.000000
1064725.000000
10717846.000000
12917830.000000
3260954.000000
3572058.000000
147723.000000
5970686.000000
5518112.000000
6807082.000000
10824485.000000
10096738.000000
8700312.000000
13521044.000000
3254058.000000
8127837.000000
8793614.000000
8449208.000000
401338.000000
11423913.000000
6470916.000000
4931893.000000
1244068.000000
5579792.000000
13182026.000000
9874337.000000
4636492.000000
1572854.000000
7824284.000000
7927141.000000
2337453.000000
11451030.000000
8306729.000000
6842059.000000
7790627.000000
8220551.000000
12614560.000000
1246421.000000
4993498.000000
1825312.000000
6648692.000000
6824327.000000
4437752.000000
682077.000000
5471860.000000
3299780.000000
9160810.000000
9410340.000000
6114845.000000
7262767.000000
14441918.000000
8843934.000000
10383619.000000
8911820.000000
790623.000000
5501264.000000
4671809.000000
4782431.000000
1488491.000000
5815569.000000
8612013.000000
11341899.000000
2789430.000000
13517111.000000
12916690.000000
841979.000000
12739804.000000
14085174.000000
10948096.000000
6695708.000000
6964167.000000
5284425.000000
3484858.000000
10259558.000000
9779619.000000
5365392.000000
11947923.000000
6165049.000000
3438479.000000
9749832.000000
272635.000000
2841619.000000
12381630.000000
583209.000000
2559513.000000
3313437.000000
4633379.000000
3491985.000000
7810390.000000
1350183.000000
6164015.000000
7935930.000000
7202604.000000
9260944.000000
11495026.000000
8855298.000000
4500777.000000
4217726.000000
165426.000000
11640289.000000
5730996.000000
2500504.000000
11917809.000000
5991531.000000
13035799.000000
7127400.000000
6410682.000000
7985819.000000
2518745.000000
8210992.000000
4444908.000000
2986187.000000
3575624.000000
5241277.000000
5887271.000000
5809593.000000
10911497.000000
855790.000000
394542.000000
6045970.000000
747497.000000
11196476.000000
1948361.000000
7252543.000000
12013427.000000
1353001.000000
14098642.000000
12778581.000000
8551953.000000
11797290.000000
4618837.000000
4574453.000000
7056128.000000
6879984.000000
14039181.000000
10392937.000000
10889594.000000
2008322.000000
2886574.000000
12789029.000000
13431662.000000
6128349.000000
2789059.000000
5636165.000000
5471398.000000
5894042.000000
773434.000000
3628874.000000
10871573.000000
587792.000000
13729683.000000
6756603.000000
6198604.000000
11632880.000000
1189755.000000
4348953.000000
4707728.000000
12143609.000000
6963306.000000
15397899.000000
11488480.000000
8851709.000000
12120314.000000
1310267.000000
12935440.000000
5631766.000000
14193619.000000
11239257.000000
5340647.000000
1464495.000000
4032326.000000
1221523.000000
10890067.000000
485695.000000
11583124.000000
6780423.000000
5467827.000000
7015903.000000
1487285.000000
8868257.000000
10295239.000000
6482207.000000
3500724.000000
6384709.000000
8532587.000000
6336590.000000
2637846.000000
497792.000000
12722512.000000
8350902.000000
2073451.000000
1000082.000000
12835761.000000
6792239.000000
5960185.000000
154270.000000
3551465.000000
3917078.000000
12823992.000000
11364519.000000
173980.000000
1815799.000000
2034154.000000
6877442.000000
9328940.000000
11890349.000000
7197210.000000
1255408.000000
12197409.000000
3768568.000000
12910330.000000
8222577.000000
270234.000000
6284516.000000
10654335.000000
6666527.000000
97540.000000
8593740.000000
2723663.000000
11851894.000000
1377664.000000
4601749.000000
14112036.000000
3758210.000000
8364742.000000
766145.000000
1341549.000000
3294823.000000
13290319.000000
13397548.000000
1868184.000000
12246959.000000
8858339.000000
5598297.000000
12023140.000000
649719.000000
13441869.000000
9554890.000000
14116737.000000
6167726.000000
749504.000000
616612.000000
1582573.000000
1692218.000000
2710086.000000
7467017.000000
2485926.000000
5389213.000000
15030663.000000
1606148.000000
8546568.000000
690676.000000
12491050.000000
12168437.000000
2066641.000000
192906.000000
11700629.000000
9624123.000000
6864161.000000
1469995.000000
7007375.000000
5630133.000000
6417368.000000
5575351.000000
617655.000000
14002398.000000
6669169.000000
2748758.000000
1397651.000000
1332766.000000
7319075.000000
6377049.000000
12818758.000000
10407835.000000
8989907.000000
6274861.000000
10104071.000000
6181619.000000
1933857.000000
12557434.000000
4823634.000000
3041713.000000
850337.000000
6121580.000000
8626318.000000
1405446.000000
5729249.000000
3204685.000000
1652929.000000
3692525.000000
13776977.000000
4677344.000000
6815197.000000
6928286.000000
11553490.000000
7378636.000000
9481403.000000
8163489.000000
1419577.000000
6825703.000000
4992567.000000
98084.000000
6850990.000000
7290224.000000
1701563.000000
526666.000000
11944456.000000
12366592.000000
10315831.000000
3017707.000000
11496867.000000
3532172.000000
2221701.000000
7725425.000000
1889109.000000
7922827.000000
7085442.000000
13450434.000000
11767895.000000
7172200.000000
142347.000000
7403173.000000
3883196.000000
6833371.000000
9954658.000000
581117.000000
1797801.000000
123754.000000
5554316.000000
653947.000000
13733638.000000
7274503.000000
1734926.000000
12025111.000000
12470901.000000
5245407.000000
7944535.000000
2300595.000000
10299280.000000
8161159.000000
4597680.000000
2668227.000000
6116964.000000
5748880.000000
8951345.000000
12410813.000000
12065714.000000
10070726.000000
4389614.000000
14629859.000000
11722477.000000
1979794.000000
3585728.000000
8429589.000000
8203790.000000
9153300.000000
13626159.000000
5914515.000000
221143.000000
831405.000000
2073241.000000
5667867.000000
14033698.000000
9064818.000000
605405.000000
11905604.000000
9814765.000000
13659808.000000
4040803.000000
3871427.000000
4421464.000000
5032409.000000
3846760.000000
5704923.000000
2085325.000000
10263690.000000
7120790.000000
12222715.000000
4125984.000000
6919575.000000
1706919.000000
5006965.000000
598792.000000
8236193.000000
13220836.000000
6025139.000000
13634510.000000
7842532.000000
429133.000000
8298340.000000
908814.000000
7670928.000000
7632833.000000
9945038.000000
14241218.000000
8715031.000000
4411258.000000
5190867.000000
4849233.000000
13209365.000000
14431087.000000
10806572.000000
9217719.000000
6284433.000000
7327482.000000
1256916.000000
13522761.000000
4187617.000000
750351.000000
1661561.000000
2585027.000000
8334596.000000
11981559.000000
12717557.000000
8109913.000000
1084122.000000
12067371.000000
8056270.000000
5315311.000000
7869912.000000
2378895.000000
8131842.000000
14846363.000000
790361.000000
13112509.000000
13776977.000000
7557535.000000
7736905.000000
10352712.000000
13002654.000000
11084484.000000
426995.000000
9780697.000000
10107956.000000
4376060.000000
4532624.000000
8308099.000000
12884536.000000
2275640.000000
13819047.000000
5069457.000000
12940645.000000
13370540.000000
11003295.000000
8396454.000000
11507380.000000
2965631.000000
6657001.000000
663152.000000
2075318.000000
13749837.000000
12483801.000000
12900257.000000
9890297.000000
13145729.000000
14274754.000000
12975160.000000
8111294.000000
6388008.000000
803565.000000
12239913.000000
123200.000000
455629.000000
9342228.000000
4595419.000000
9457052.000000
12145353.000000
7276830.000000
176532.000000
5350027.000000
12673149.000000
4027061.000000
2422169.000000
3622746.000000
7167820.000000
8641047.000000
10795546.000000
9214970.000000
6615035.000000
3480083.000000
502245.000000
2805065.000000
3228382.000000
8312434.000000
10227278.000000
2461144.000000
7546755.000000
612465.000000
8305577.000000
3167248.000000
12120227.000000
2396140.000000
276130.000000
9324167.000000
2750406.000000
6325270.000000
2476268.000000
