0.000000
0.000000
0.000000
0.000000
0.000000
0.000000
0.000000
0.000000
0.000000
0.000000
0.000000
0.000000
0.000000
0.000000
0.000000
0.000000
0.000000
0.000000
0.000000
0.000000
0.000000
0.000000
0.000000
0.000000
0.000000
0.000000
0.000000
0.000000
0.000000
0.000000
0.000000
0.000000
0.000000
0.000000
0.000000
0.000000
0.000000
0.000000
0.000000
0.000000
0.000000
0.000000
0.000000
0.000000
0.000000
0.000000
0.000000
0.000000
0.000000
0.000000
0.000000
0.000000
0.000000
0.000000
0.000000
0.000000
0.000000
0.000000
0.000000
0.000000
0.000000
0.000000
0.000000
0.000000
0.000000
0.000000
0.000000
0.000000
0.000000
0.000000
0.000000
0.000000
0.000000
0.000000
0.000000
0.000000
0.000000
0.000000
0.000000
0.000000
0.000000
0.000000
0.000000
0.000000
0.000000
0.000000
0.000000
0.000000
0.000000
0.000000
0.000000
0.000000
0.000000
0.000000
0.000000
0.000000
0.000000
0.000000
0.000000
0.000000
0.000000
0.000000
0.000000
0.000000
0.000000
0.000000
0.000000
0.000000
0.000000
0.000000
0.000000
0.000000
0.000000
0.000000
0.000000
0.000000
0.000000
0.000000
0.000000
0.000000
0.000000
0.000000
0.000000
0.000000
0.000000
0.000000
0.000000
0.000000
0.000000
0.000000
0.000000
0.000000
0.000000
0.000000
0.000000
0.000000
0.000000
0.000000
0.000000
0.000000
0.000000
0.000000
0.000000
0.000000
0.000000
0.000000
0.000000
0.000000
0.000000
0.000000
0.000000
0.000000
0.000000
0.000000
0.000000
0.000000
0.000000
0.000000
0.000000
0.000000
0.000000
0.000000
0.000000
0.000000
0.000000
0.000000
0.000000
0.000000
0.000000
0.000000
0.000000
0.000000
0.000000
0.000000
0.000000
0.000000
0.000000
105576255.000000
13995259.000000
13903699.000000
6986746.000000
423039.000000
53428202.000000
1690819.000000
15858016.000000
36322211.000000
5835485.000000
2046818.000000
4686259.000000
2683155.000000
6545387.000000
12145399.000000
33905391.000000
14167022.000000
40791734.000000
25161436.000000
4021739.000000
5065409.000000
4530653.000000
17389892.000000
115400.000000
11155843.000000
1429649.000000
63814799.000000
1396737.000000
6987319.000000
7968059.000000
783481.000000
5636453.000000
1536040.000000
9221603.000000
3124307.000000
16239592.000000
7987089.000000
24043159.000000
6195350.000000
3439364.000000
533075.000000
16234065.000000
1083065.000000
2715690.000000
5606944.000000
1239521.000000
4108655.000000
29636679.000000
166551.000000
13632175.000000
3005635.000000
2774897.000000
2824862.000000
5154301.000000
5676108.000000
982973.000000
8442400.000000
63006280.000000
17020140.000000
27700141.000000
12536935.000000
7697247.000000
18269797.000000
2894462.000000
25880921.000000
1345928.000000
13193744.000000
7868388.000000
6462689.000000
778896.000000
35439531.000000
9616047.000000
4102065.000000
18267658.000000
10458092.000000
25349770.000000
227129.000000
1437874.000000
1060384.000000
4672158.000000
3690819.000000
53331811.000000
9853041.000000
8850438.000000
35375352.000000
1539148.000000
3967419.000000
3350036.000000
9685927.000000
17838273.000000
7342510.000000
7135725.000000
1949390.000000
23662736.000000
5673333.000000
10456028.000000
31571548.000000
9076789.000000
8148919.000000
293733.000000
16009863.000000
6124817.000000
5183770.000000
3619287.000000
36264586.000000
8127993.000000
10366158.000000
10753202.000000
7251774.000000
14760120.000000
9363594.000000
454671.000000
43864557.000000
5107154.000000
9441354.000000
8323782.000000
24137572.000000
6369965.000000
657702.000000
23091547.000000
7930362.000000
30729192.000000
8274459.000000
599956.000000
2368732.000000
8665089.000000
110174.000000
1309392.000000
11118186.000000
11595502.000000
9166578.000000
2233464.000000
6123512.000000
4900755.000000
249576.000000
17270741.000000
11654604.000000
1764486.000000
7242588.000000
342461.000000
4277756.000000
3900681.000000
16083040.000000
572341.000000
19256321.000000
5756138.000000
8838141.000000
17881911.000000
2513604.000000
6457732.000000
8400772.000000
19680435.000000
5354454.000000
9524978.000000
20370693.000000
10025116.000000
9864940.000000
31465451.000000
4482153.000000
2080156.000000
5482382.000000
34003760.000000
62188.000000
29990972.000000
18453415.000000
7317334.000000
3947599.000000
10119910.000000
3422168.000000
27901491.000000
116927.000000
43255577.000000
2471550.000000
3910157.000000
53100262.000000
97603.000000
31112610.000000
397457.000000
22790260.000000
10358388.000000
7993075.000000
9093892.000000
8481440.000000
20413302.000000
22367843.000000
11130716.000000
41676451.000000
7789965.000000
1513968.000000
6488462.000000
8049979.000000
6316183.000000
28739251.000000
4154656.000000
530755.000000
934956.000000
3068187.000000
7715490.000000
12108277.000000
2000561.000000
8218063.000000
13932985.000000
4169900.000000
69367406.000000
17012214.000000
58977104.000000
5044803.000000
6168104.000000
271112.000000
12839686.000000
38598171.000000
1290188.000000
15902732.000000
48987709.000000
929935.000000
90565.000000
3996430.000000
1474524.000000
3992795.000000
9496099.000000
6288531.000000
6170149.000000
33604964.000000
7309820.000000
60139446.000000
6091318.000000
17470769.000000
1179268.000000
43684860.000000
1956601.000000
5800366.000000
28776788.000000
1390323.000000
1077118.000000
36946315.000000
7601870.000000
63881586.000000
9742901.000000
2380792.000000
5859566.000000
16258132.000000
2141811.000000
10158853.000000
449961.000000
10723690.000000
1580902.000000
4683190.000000
541157.000000
6975109.000000
8353712.000000
147490.000000
16368057.000000
750828.000000
17003889.000000
5613826.000000
1591605.000000
5651308.000000
10850573.000000
9046444.000000
10610265.000000
4404635.000000
2825371.000000
8782698.000000
4176258.000000
15610569.000000
6267514.000000
1540552.000000
316703.000000
23776548.000000
900575.000000
2631413.000000
8211950.000000
2113349.000000
4917627.000000
1472617.000000
3181753.000000
4919148.000000
30463657.000000
16362810.000000
1111554.000000
13954438.000000
14342203.000000
19572110.000000
2102067.000000
3814881.000000
13519512.000000
11921686.000000
8951753.000000
11080584.000000
3807307.000000
2457026.000000
7688894.000000
249893.000000
34030000.000000
2865137.000000
2928312.000000
14924968.000000
8358926.000000
10615910.000000
1546942.000000
5030126.000000
5771309.000000
42785865.000000
10245182.000000
8744962.000000
1150491.000000
783434.000000
39607470.000000
578626.000000
2605332.000000
4663687.000000
33131648.000000
19178571.000000
1059579.000000
15489876.000000
58602376.000000
3467050.000000
3965637.000000
131080.000000
8195029.000000
5433682.000000
7374760.000000
18567428.000000
14152637.000000
9656776.000000
39976719.000000
3337944.000000
10044475.000000
11453110.000000
9952145.000000
421801.000000
17488628.000000
7064902.000000
5240119.000000
1267210.000000
5247426.000000
34958955.000000
14182307.000000
4571194.000000
1675164.000000
8598232.000000
10050864.000000
2574871.000000
20064391.000000
9902891.000000
6780579.000000
10543128.000000
9465121.000000
36374891.000000
1153300.000000
4647308.000000
1731057.000000
8284156.000000
7638489.000000
4659827.000000
770358.000000
5903721.000000
3139699.000000
13788324.000000
11709689.000000
8031982.000000
8476106.000000
47159579.000000
10852970.000000
16367851.000000
10267054.000000
833411.000000
6245311.000000
4481643.000000
3878934.000000
1435182.000000
6631680.000000
10873188.000000
24165296.000000
2328754.000000
41015958.000000
57983625.000000
937118.000000
28186771.000000
34861266.000000
16280801.000000
6708116.000000
7720143.000000
5787139.000000
4146329.000000
19201485.000000
13400713.000000
4972819.000000
22417058.000000
7315134.000000
3393371.000000
14863647.000000
275740.000000
2342993.000000
29309295.000000
586201.000000
2272116.000000
3477487.000000
4762434.000000
3698111.000000
7964453.000000
1663396.000000
6244396.000000
8809491.000000
7166582.000000
11113551.000000
18246772.000000
10092507.000000
4507233.000000
4020467.000000
171641.000000
17934877.000000
6067786.000000
2053524.000000
22674280.000000
6274243.000000
34108789.000000
7154314.000000
6774362.000000
9346458.000000
2946719.000000
10468807.000000
3553664.000000
4108389.000000
4151237.000000
5377568.000000
5843881.000000
6067545.000000
18001252.000000
880129.000000
383278.000000
5881619.000000
761758.000000
17303610.000000
2381338.000000
7562679.000000
22565571.000000
1288903.000000
53241352.000000
28880124.000000
9549016.000000
29391432.000000
4864577.000000
4600513.000000
7764068.000000
8259659.000000
54202047.000000
16100190.000000
33537689.000000
2145493.000000
3007667.000000
31352474.000000
37391244.000000
4878700.000000
2517297.000000
5588078.000000
5142635.000000
6259242.000000
776920.000000
3913923.000000
18643092.000000
614941.000000
32047909.000000
7867295.000000
5458832.000000
20428246.000000
1430405.000000
4378765.000000
4596640.000000
25121437.000000
6895349.000000
35258707.000000
26070217.000000
10389418.000000
29634685.000000
1262347.000000
31218578.000000
5791916.000000
60626225.000000
17937206.000000
5355494.000000
1486500.000000
3850778.000000
1119730.000000
39356117.000000
452840.000000
21885833.000000
6354105.000000
5812806.000000
7861140.000000
1509309.000000
9916487.000000
33626715.000000
7124675.000000
3373909.000000
6372294.000000
9049567.000000
6892319.000000
2754940.000000
417236.000000
59891059.000000
10516513.000000
1810347.000000
1052646.000000
54106660.000000
6988054.000000
5598928.000000
149720.000000
3514481.000000
3696839.000000
42028527.000000
17898144.000000
185413.000000
1452134.000000
2000472.000000
6983200.000000
12166043.000000
31409395.000000
9356841.000000
1120297.000000
21287972.000000
4083262.000000
24173668.000000
10053894.000000
292326.000000
5623025.000000
15940737.000000
6540409.000000
108283.000000
10515568.000000
2855122.000000
30909334.000000
1348697.000000
4475387.000000
66902617.000000
3424470.000000
9507994.000000
729092.000000
1304282.000000
3599464.000000
46790051.000000
44444776.000000
1759885.000000
55510178.000000
11308987.000000
6207863.000000
30503310.000000
585058.000000
68975442.000000
12334803.000000
40804727.000000
6191873.000000
945013.000000
690720.000000
1594007.000000
1746424.000000
3055844.000000
9751647.000000
2359668.000000
5633422.000000
74359037.000000
1723808.000000
9804269.000000
648430.000000
23986889.000000
22234756.000000
2422382.000000
203060.000000
21267956.000000
12604842.000000
8260620.000000
1367572.000000
7863075.000000
6091672.000000
6509244.000000
6152468.000000
529395.000000
61248832.000000
7033553.000000
2861245.000000
1513331.000000
1196457.000000
8160622.000000
7101876.000000
24304933.000000
16151930.000000
11082714.000000
5888780.000000
17157518.000000
5015302.000000
1862343.000000
22478030.000000
4669776.000000
2858377.000000
919306.000000
5900313.000000
13039147.000000
1502308.000000
5637447.000000
3151382.000000
1491656.000000
3345051.000000
50152251.000000
4485787.000000
7781305.000000
6655612.000000
20232276.000000
8437649.000000
12170354.000000
11177393.000000
1741106.000000
7750174.000000
5221703.000000
105403.000000
8673760.000000
9034948.000000
1768751.000000
604218.000000
21823777.000000
24241084.000000
13120343.000000
3250487.000000
20167379.000000
3380604.000000
2783175.000000
8297405.000000
2090304.000000
8906228.000000
7657868.000000
41493631.000000
21423661.000000
7197304.000000
138117.000000
8624050.000000
3566706.000000
8404306.000000
15030643.000000
605903.000000
2209715.000000
118831.000000
4901642.000000
703481.000000
27896211.000000
8350817.000000
1793115.000000
35481020.000000
50133368.000000
4744676.000000
8941465.000000
2534858.000000
19050091.000000
10566927.000000
3328442.000000
3096156.000000
6540928.000000
5840944.000000
11970341.000000
19829739.000000
22043434.000000
12515139.000000
4953820.000000
35686824.000000
23618615.000000
1754487.000000
3966266.000000
12545207.000000
9770835.000000
12522275.000000
35224360.000000
6920850.000000
265697.000000
838910.000000
1998759.000000
5595519.000000
46562660.000000
11099794.000000
628716.000000
21831187.000000
15568838.000000
37776236.000000
3692446.000000
3664829.000000
4155459.000000
4917307.000000
3724123.000000
5615566.000000
1853290.000000
16318150.000000
8401660.000000
32139481.000000
3805582.000000
8019749.000000
1746075.000000
3671608.000000
668675.000000
10219621.000000
22520756.000000
5952931.000000
23427198.000000
9204591.000000
467761.000000
10518374.000000
845549.000000
9161075.000000
8256007.000000
14117583.000000
68639193.000000
10747385.000000
4501186.000000
4787352.000000
4493200.000000
23142711.000000
69346384.000000
16819240.000000
13751559.000000
6189877.000000
8054652.000000
1200296.000000
34804771.000000
4126494.000000
988739.000000
1776524.000000
2388709.000000
11290774.000000
20556014.000000
31580724.000000
9352273.000000
1419371.000000
43184080.000000
9296384.000000
6440849.000000
9352784.000000
2574191.000000
8419430.000000
41845015.000000
910914.000000
49834058.000000
39867179.000000
7932227.000000
9587531.000000
16555505.000000
48465679.000000
18760043.000000
374372.000000
13770584.000000
18604986.000000
4127807.000000
5769445.000000
10802214.000000
27402691.000000
2202938.000000
50363920.000000
5130757.000000
29529334.000000
60487757.000000
15927837.000000
11675354.000000
17600942.000000
2389907.000000
6546828.000000
605110.000000
2591649.000000
60689924.000000
35678599.000000
23814599.000000
14091068.000000
26659985.000000
71172828.000000
39851164.000000
8558809.000000
6671789.000000
808407.000000
22063020.000000
113416.000000
501093.000000
12037944.000000
4856378.000000
11590588.000000
20482328.000000
8493820.000000
156356.000000
4426050.000000
28073762.000000
4453502.000000
2405077.000000
2730739.000000
8716592.000000
11402532.000000
15247972.000000
11310381.000000
6908579.000000
3384775.000000
539853.000000
3089605.000000
3696395.000000
10836608.000000
14187829.000000
2880100.000000
8279543.000000
562196.000000
9596979.000000
3277299.000000
62135918.000000
2506598.000000
382351.000000
10868432.000000
3304444.000000
6780323.000000
2277571.000000
