0.000000
0.000000
0.000000
0.000000
0.000000
0.000000
0.000000
0.000000
0.000000
0.000000
0.000000
0.000000
0.000000
0.000000
0.000000
0.000000
0.000000
0.000000
0.000000
0.000000
0.000000
0.000000
0.000000
0.000000
0.000000
0.000000
0.000000
0.000000
0.000000
0.000000
0.000000
0.000000
0.000000
0.000000
0.000000
0.000000
0.000000
0.000000
0.000000
0.000000
0.000000
0.000000
0.000000
0.000000
0.000000
0.000000
0.000000
0.000000
0.000000
0.000000
0.000000
0.000000
0.000000
0.000000
0.000000
0.000000
0.000000
0.000000
0.000000
0.000000
0.000000
0.000000
0.000000
0.000000
0.000000
0.000000
0.000000
0.000000
0.000000
0.000000
0.000000
0.000000
0.000000
0.000000
0.000000
0.000000
0.000000
0.000000
0.000000
0.000000
0.000000
0.000000
0.000000
0.000000
0.000000
0.000000
0.000000
0.000000
0.000000
0.000000
0.000000
0.000000
0.000000
0.000000
0.000000
0.000000
0.000000
0.000000
0.000000
0.000000
0.000000
0.000000
0.000000
0.000000
0.000000
0.000000
0.000000
0.000000
0.000000
0.000000
0.000000
0.000000
0.000000
0.000000
0.000000
0.000000
0.000000
0.000000
0.000000
0.000000
0.000000
0.000000
0.000000
0.000000
0.000000
0.000000
0.000000
0.000000
0.000000
0.000000
0.000000
0.000000
0.000000
0.000000
0.000000
0.000000
0.000000
0.000000
0.000000
0.000000
0.000000
0.000000
0.000000
0.000000
0.000000
0.000000
0.000000
0.000000
0.000000
0.000000
0.000000
0.000000
0.000000
0.000000
0.000000
0.000000
0.000000
0.000000
0.000000
0.000000
0.000000
0.000000
0.000000
0.000000
0.000000
0.000000
0.000000
0.000000
0.000000
0.000000
0.000000
0.000000
0.000000
0.000000
0.000000
0.000000
0.000000
0.000000
0.000000
0.000000
0.000000
0.000000
0.000000
0.000000
0.000000
0.000000
13788630.000000
2376137.000000
3154060.000000
2493945.000000
4946579.000000
6806319.000000
7086658.000000
6349369.000000
5602553.000000
5122612.000000
2486233.000000
4190443.000000
4383829.000000
5499595.000000
91068.000000
6348415.000000
1597811.000000
7366145.000000
1131497.000000
5004880.000000
5228997.000000
629415.000000
3355427.000000
1285367.000000
4801695.000000
2572216.000000
5225142.000000
6214186.000000
7566525.000000
3466724.000000
2586968.000000
413271.000000
5210753.000000
684426.000000
2258953.000000
3823923.000000
833972.000000
4197634.000000
5547191.000000
136436.000000
6601791.000000
3195996.000000
1117929.000000
2465121.000000
5345176.000000
3689716.000000
874186.000000
5077581.000000
6414646.000000
8016077.000000
8639783.000000
6208649.000000
6271872.000000
6939377.000000
2331657.000000
6883047.000000
1591427.000000
5878016.000000
5655275.000000
4957602.000000
676329.000000
5304850.000000
6845759.000000
3449670.000000
5430440.000000
6781521.000000
6504901.000000
274609.000000
1399464.000000
1148384.000000
3865391.000000
2804266.000000
5954894.000000
4664606.000000
5741873.000000
6141568.000000
1080068.000000
3877079.000000
2942248.000000
3370901.000000
6130970.000000
3368683.000000
5541360.000000
1552696.000000
5760066.000000
3750853.000000
4877504.000000
7366301.000000
5951148.000000
3409642.000000
506110.000000
7090143.000000
3882859.000000
4070461.000000
3093162.000000
6229779.000000
4423102.000000
5356092.000000
6761869.000000
4626023.000000
6946845.000000
5288030.000000
349405.000000
5818235.000000
4398040.000000
7814769.000000
5079827.000000
4298188.000000
3516128.000000
420319.000000
7634703.000000
5212066.000000
5963586.000000
5064117.000000
349137.000000
2081226.000000
3181946.000000
119125.000000
1433115.000000
5891118.000000
4530552.000000
4164009.000000
2311591.000000
4379725.000000
3866748.000000
162763.000000
5001205.000000
6123292.000000
1003053.000000
4099639.000000
357716.000000
3223838.000000
2524679.000000
6074171.000000
621202.000000
7015921.000000
5256621.000000
4388320.000000
5111530.000000
1704208.000000
4183507.000000
4978103.000000
5623196.000000
2865792.000000
5393515.000000
7110065.000000
6303961.000000
4677816.000000
5913955.000000
3938134.000000
1965138.000000
3539774.000000
8593719.000000
90652.000000
6902820.000000
6782734.000000
3441058.000000
2624392.000000
3318263.000000
2654145.000000
6608847.000000
116026.000000
7058747.000000
1590617.000000
2010492.000000
8522408.000000
85523.000000
6547355.000000
279118.000000
5143663.000000
4116853.000000
5271098.000000
7833537.000000
4525185.000000
5844707.000000
5576558.000000
3890906.000000
8525257.000000
4960986.000000
1216253.000000
4769454.000000
3400656.000000
5509691.000000
5789813.000000
4676125.000000
409691.000000
863761.000000
2731744.000000
5874547.000000
6608774.000000
1400790.000000
5083942.000000
7497372.000000
2578744.000000
9087242.000000
5612741.000000
6916393.000000
3983446.000000
3790717.000000
304880.000000
5970613.000000
6026050.000000
1086217.000000
5490144.000000
9019002.000000
827766.000000
70166.000000
2178269.000000
1300402.000000
3762357.000000
4664731.000000
4092451.000000
4195510.000000
7526253.000000
6484356.000000
8235260.000000
4390312.000000
8149443.000000
939331.000000
5773053.000000
1292484.000000
3781611.000000
6834503.000000
1034268.000000
826802.000000
8672890.000000
4923049.000000
7359039.000000
4595759.000000
3186091.000000
4433776.000000
6789642.000000
2225909.000000
6292518.000000
595605.000000
5903193.000000
2185893.000000
2467378.000000
428238.000000
5176663.000000
4525366.000000
117764.000000
7297575.000000
643315.000000
4744866.000000
5362255.000000
1232013.000000
4247321.000000
6121410.000000
4008007.000000
6025295.000000
3393562.000000
2079540.000000
5468201.000000
3390905.000000
5739364.000000
4099323.000000
1241303.000000
430198.000000
6312913.000000
1018469.000000
2894186.000000
6165642.000000
2087361.000000
3174716.000000
1463378.000000
2867710.000000
5442536.000000
4999151.000000
7763640.000000
830500.000000
7554434.000000
5883071.000000
7789040.000000
1941494.000000
3305433.000000
4522688.000000
7876576.000000
6493997.000000
5787304.000000
2633843.000000
2281727.000000
3878731.000000
246066.000000
8379118.000000
2876638.000000
2448463.000000
5677381.000000
4072310.000000
5743209.000000
1314904.000000
4358705.000000
4499156.000000
8989222.000000
6591986.000000
5536851.000000
1155025.000000
593919.000000
6729797.000000
507336.000000
1616951.000000
3661111.000000
7610053.000000
5501444.000000
623617.000000
6187307.000000
7061177.000000
2638798.000000
3755327.000000
118276.000000
5823404.000000
3063578.000000
4124221.000000
6007581.000000
5933625.000000
4257619.000000
7336138.000000
3099778.000000
5558742.000000
7040172.000000
5923416.000000
370745.000000
6874540.000000
4912360.000000
5012066.000000
1121088.000000
3470154.000000
8320301.000000
5811472.000000
2723028.000000
1309279.000000
6579173.000000
6087156.000000
2622398.000000
7110151.000000
3836401.000000
3839947.000000
6874100.000000
4698972.000000
6434529.000000
1183521.000000
2539396.000000
1120057.000000
4737523.000000
4332818.000000
4071715.000000
1006575.000000
4682548.000000
3767894.000000
6871501.000000
5838386.000000
6221174.000000
4755054.000000
5428465.000000
5327291.000000
5542348.000000
4725156.000000
834943.000000
3400374.000000
4381691.000000
3514919.000000
1200947.000000
4578937.000000
5354598.000000
7377093.000000
1912961.000000
8693299.000000
7958896.000000
1674005.000000
5796840.000000
5273370.000000
6753080.000000
4271194.000000
4020654.000000
3581845.000000
2881793.000000
6747638.000000
6794769.000000
4942065.000000
6837835.000000
6377365.000000
3047445.000000
6044242.000000
232065.000000
1703011.000000
7199711.000000
421176.000000
1465848.000000
3147023.000000
4760685.000000
3646618.000000
3804762.000000
1808420.000000
3948644.000000
5376050.000000
3677024.000000
5319565.000000
6066417.000000
4093956.000000
4087091.000000
2688700.000000
122298.000000
6412441.000000
4378421.000000
2569956.000000
7996852.000000
6359481.000000
6932044.000000
3627594.000000
5485577.000000
3900802.000000
4475523.000000
4756166.000000
1942573.000000
4266743.000000
3018294.000000
4348740.000000
3635332.000000
3463079.000000
6719523.000000
1027566.000000
401263.000000
3200103.000000
480111.000000
5312204.000000
2419161.000000
3630413.000000
8202532.000000
1193868.000000
6226320.000000
7620620.000000
4595817.000000
6313529.000000
5019071.000000
4675803.000000
3114216.000000
5701739.000000
6209423.000000
7709914.000000
8235605.000000
1627488.000000
1995395.000000
5729088.000000
7382928.000000
4529812.000000
2483235.000000
3339544.000000
2722528.000000
4196399.000000
789109.000000
2517527.000000
6706601.000000
351958.000000
4962116.000000
4220505.000000
2971657.000000
7143602.000000
1800272.000000
3318578.000000
2776273.000000
6925609.000000
4495671.000000
6520302.000000
7894387.000000
3804218.000000
5007521.000000
946366.000000
5783711.000000
4715519.000000
7850627.000000
6769194.000000
5246354.000000
1013515.000000
2568668.000000
828946.000000
7975851.000000
490039.000000
8225999.000000
3071582.000000
4430525.000000
5396083.000000
994546.000000
6643020.000000
8555582.000000
5882304.000000
3828795.000000
6144468.000000
4156315.000000
5349764.000000
1721066.000000
364752.000000
8056118.000000
5950311.000000
1622524.000000
954305.000000
7335681.000000
4413338.000000
4126576.000000
210444.000000
2074530.000000
3047773.000000
6099747.000000
7834604.000000
114834.000000
1305790.000000
1767941.000000
4186216.000000
4643999.000000
7900911.000000
5725994.000000
1016673.000000
6974971.000000
2284701.000000
7687570.000000
6756514.000000
378918.000000
4048066.000000
5380957.000000
5432077.000000
110521.000000
6210049.000000
2362895.000000
5526642.000000
987905.000000
3324123.000000
6193975.000000
2331691.000000
5199199.000000
560331.000000
835141.000000
2092444.000000
6466701.000000
7965235.000000
2053164.000000
7158105.000000
5578241.000000
3623166.000000
6989523.000000
376054.000000
7724633.000000
5917708.000000
6678589.000000
4558093.000000
935254.000000
869142.000000
1344069.000000
1356928.000000
2296164.000000
6608726.000000
2305156.000000
4035641.000000
7451557.000000
1512040.000000
5281981.000000
592992.000000
6709595.000000
7257607.000000
3194680.000000
249823.000000
6662026.000000
5686993.000000
7244824.000000
1043426.000000
5093960.000000
4141285.000000
3321126.000000
4165151.000000
358106.000000
6439597.000000
4342108.000000
2541638.000000
1405124.000000
899737.000000
4480941.000000
6207749.000000
5534435.000000
5862967.000000
5990793.000000
4216919.000000
6037742.000000
3322278.000000
1762024.000000
6447414.000000
2292234.000000
3496065.000000
941393.000000
3100016.000000
7720805.000000
888545.000000
5534986.000000
4255994.000000
1417847.000000
2864043.000000
7590752.000000
3463406.000000
5970628.000000
4118934.000000
8007004.000000
5238819.000000
6820461.000000
7625511.000000
2150666.000000
6464159.000000
3693691.000000
73099.000000
6779389.000000
6745480.000000
1884870.000000
563760.000000
6952825.000000
6866607.000000
5728316.000000
1841733.000000
6952735.000000
3412123.000000
2794668.000000
3704064.000000
1977775.000000
4087736.000000
3512980.000000
7065723.000000
8154814.000000
4291842.000000
119762.000000
4499612.000000
2402131.000000
6552053.000000
4229957.000000
608328.000000
2408349.000000
144648.000000
3947445.000000
577501.000000
7473045.000000
5007550.000000
1724470.000000
7992829.000000
8067746.000000
4488056.000000
4877485.000000
2493213.000000
7216193.000000
7618387.000000
2879867.000000
3407578.000000
3567276.000000
3007458.000000
6259127.000000
4814105.000000
6598390.000000
6000211.000000
3115405.000000
5449538.000000
6776366.000000
1406728.000000
3161159.000000
7924871.000000
5981219.000000
5522606.000000
5788815.000000
3761039.000000
211965.000000
574467.000000
1259453.000000
4077645.000000
6236134.000000
5424711.000000
494650.000000
7835129.000000
4297404.000000
6539428.000000
2485947.000000
3293161.000000
4060264.000000
3355965.000000
3559944.000000
4126254.000000
1790214.000000
7519333.000000
5490307.000000
8298260.000000
2541962.000000
3915196.000000
1689325.000000
3580062.000000
776901.000000
6150308.000000
6914549.000000
4335138.000000
6717646.000000
5498878.000000
474435.000000
6255794.000000
797456.000000
6964350.000000
4302063.000000
5761192.000000
7356171.000000
5306027.000000
2726210.000000
4479375.000000
3516897.000000
5892962.000000
7481762.000000
5579239.000000
7830431.000000
5029066.000000
4130799.000000
853126.000000
6997408.000000
3512865.000000
1097223.000000
1324317.000000
1719306.000000
5570778.000000
5959219.000000
7675866.000000
4744213.000000
1804036.000000
7425730.000000
5113948.000000
5464110.000000
4504353.000000
2445115.000000
4422884.000000
6362801.000000
998617.000000
6188133.000000
6654634.000000
4432533.000000
4682871.000000
6263876.000000
8026976.000000
8481594.000000
382560.000000
6484828.000000
8396576.000000
4866815.000000
5424655.000000
5918972.000000
6623857.000000
2396598.000000
6845242.000000
3308426.000000
8026384.000000
7452351.000000
5955021.000000
7024047.000000
6906555.000000
2138395.000000
3579685.000000
567410.000000
2443079.000000
7940262.000000
5871282.000000
7120536.000000
5442913.000000
5695506.000000
7169646.000000
6614979.000000
4834051.000000
4241852.000000
659626.000000
6103632.000000
102200.000000
477413.000000
6845258.000000
3885273.000000
5398056.000000
5725549.000000
6112667.000000
182566.000000
2645494.000000
6054720.000000
2408847.000000
2048157.000000
3078033.000000
6410267.000000
4883985.000000
6132638.000000
4901249.000000
3415809.000000
2480356.000000
550429.000000
2847786.000000
2900646.000000
6406878.000000
6642360.000000
2286610.000000
5131977.000000
376098.000000
5973502.000000
3127148.000000
7266172.000000
2163385.000000
441515.000000
4278446.000000
3343239.000000
4904696.000000
1476304.000000
