0.000000
0.000000
0.000000
0.000000
0.000000
0.000000
0.000000
0.000000
0.000000
0.000000
0.000000
0.000000
0.000000
0.000000
0.000000
0.000000
0.000000
0.000000
0.000000
0.000000
0.000000
0.000000
0.000000
0.000000
0.000000
0.000000
0.000000
0.000000
0.000000
0.000000
0.000000
0.000000
0.000000
0.000000
0.000000
0.000000
0.000000
0.000000
0.000000
0.000000
0.000000
0.000000
0.000000
0.000000
0.000000
0.000000
0.000000
0.000000
0.000000
0.000000
0.000000
0.000000
0.000000
0.000000
0.000000
0.000000
0.000000
0.000000
0.000000
0.000000
0.000000
0.000000
0.000000
0.000000
0.000000
0.000000
0.000000
0.000000
0.000000
0.000000
0.000000
0.000000
0.000000
0.000000
0.000000
0.000000
0.000000
0.000000
0.000000
0.000000
0.000000
0.000000
0.000000
0.000000
0.000000
0.000000
0.000000
0.000000
0.000000
0.000000
0.000000
0.000000
0.000000
0.000000
0.000000
0.000000
0.000000
0.000000
0.000000
0.000000
0.000000
0.000000
0.000000
0.000000
0.000000
0.000000
0.000000
0.000000
0.000000
0.000000
0.000000
0.000000
0.000000
0.000000
0.000000
0.000000
0.000000
0.000000
0.000000
0.000000
0.000000
0.000000
0.000000
0.000000
0.000000
0.000000
0.000000
0.000000
0.000000
0.000000
0.000000
0.000000
0.000000
0.000000
0.000000
0.000000
0.000000
0.000000
0.000000
0.000000
0.000000
0.000000
0.000000
0.000000
0.000000
0.000000
0.000000
0.000000
0.000000
0.000000
0.000000
0.000000
0.000000
0.000000
0.000000
0.000000
0.000000
0.000000
0.000000
0.000000
0.000000
0.000000
0.000000
0.000000
0.000000
0.000000
0.000000
0.000000
0.000000
0.000000
0.000000
0.000000
0.000000
0.000000
0.000000
0.000000
0.000000
0.000000
0.000000
0.000000
0.000000
0.000000
0.000000
0.000000
0.000000
0.000000
0.000000
0.000000
0.000000
0.000000
0.000000
0.000000
0.000000
0.000000
0.000000
0.000000
0.000000
0.000000
0.000000
0.000000
0.000000
20029325.000000
1386347.000000
12062488.000000
1497137.000000
6482794.000000
6593068.000000
721613.000000
4858553.000000
1517272.000000
7331750.000000
3500208.000000
9044447.000000
8019483.000000
12296567.000000
4858874.000000
3178775.000000
439407.000000
9205864.000000
901484.000000
2642807.000000
4936906.000000
1005450.000000
4420923.000000
10673401.000000
142911.000000
9176328.000000
3481994.000000
2370622.000000
3267647.000000
5547123.000000
5063342.000000
1047305.000000
7269305.000000
11180987.000000
10337710.000000
12285934.000000
8796891.000000
7971563.000000
10499899.000000
2834983.000000
10791105.000000
1535857.000000
9459324.000000
6960796.000000
6094223.000000
801913.000000
10945820.000000
8124495.000000
4224511.000000
9564483.000000
8941218.000000
10955067.000000
242016.000000
1683937.000000
1181144.000000
4766826.000000
3328814.000000
11730599.000000
7456132.000000
7334887.000000
11436646.000000
1529824.000000
4972359.000000
3706835.000000
6223223.000000
10448312.000000
5552732.000000
6981702.000000
1776610.000000
10787963.000000
4782041.000000
7272537.000000
11685734.000000
7134963.000000
6267843.000000
436220.000000
9914482.000000
6104989.000000
6015683.000000
3490418.000000
11790715.000000
6831277.000000
7700301.000000
9024829.000000
6702559.000000
9716483.000000
8053825.000000
512870.000000
11951642.000000
6198690.000000
9117164.000000
7726581.000000
9882055.000000
4806738.000000
616009.000000
11472022.000000
7023235.000000
10928209.000000
6923762.000000
469073.000000
2242610.000000
5986115.000000
131298.000000
1434068.000000
7853105.000000
8178440.000000
6578166.000000
2832958.000000
5528070.000000
4943647.000000
228543.000000
9031918.000000
8260447.000000
1473057.000000
6194594.000000
322608.000000
4678636.000000
3580090.000000
10061107.000000
631531.000000
11355385.000000
5700714.000000
7239929.000000
9039118.000000
2501840.000000
5820564.000000
7148703.000000
10312243.000000
4312799.000000
7356356.000000
11841923.000000
7653155.000000
7226369.000000
10799399.000000
4184808.000000
2575804.000000
4382923.000000
11497178.000000
75037.000000
12268885.000000
10633714.000000
5400769.000000
3554866.000000
6191342.000000
3234094.000000
11173149.000000
127338.000000
12691001.000000
2420418.000000
3230335.000000
12234520.000000
99961.000000
10041919.000000
411279.000000
9984263.000000
6921469.000000
6316119.000000
8318729.000000
6786669.000000
10377243.000000
9881409.000000
7255074.000000
10858479.000000
6748124.000000
1540050.000000
5951612.000000
6425387.000000
5907395.000000
10904151.000000
4469544.000000
501522.000000
876745.000000
3019418.000000
7238581.000000
9419708.000000
1949193.000000
6856172.000000
10087130.000000
3489693.000000
12236089.000000
8982014.000000
11102221.000000
5286794.000000
5843683.000000
284404.000000
9265985.000000
11120255.000000
1525824.000000
8961483.000000
12385936.000000
880103.000000
71879.000000
3640107.000000
1550950.000000
4776082.000000
7029573.000000
5366194.000000
5772745.000000
12413183.000000
7056591.000000
11591593.000000
6033580.000000
9905483.000000
1244271.000000
11117198.000000
1856176.000000
4855586.000000
12013567.000000
1440409.000000
1274648.000000
12360879.000000
6739974.000000
12178533.000000
7668737.000000
2578203.000000
5196148.000000
10337534.000000
2413028.000000
8634258.000000
599611.000000
7830617.000000
2091638.000000
3925000.000000
487862.000000
7320517.000000
7266976.000000
120108.000000
10334282.000000
648758.000000
8943806.000000
6354059.000000
1642522.000000
5754899.000000
8331887.000000
6662936.000000
8300354.000000
4316875.000000
2624012.000000
7796905.000000
4484876.000000
9140034.000000
5070693.000000
1615802.000000
370381.000000
10621347.000000
910626.000000
3106821.000000
7598177.000000
2794445.000000
4723059.000000
1536964.000000
3605860.000000
6065342.000000
11920892.000000
11530250.000000
1000236.000000
9722046.000000
8218456.000000
11195222.000000
2408576.000000
4172102.000000
8433111.000000
9645666.000000
7564052.000000
8405864.000000
3969230.000000
2542400.000000
6357054.000000
217187.000000
11313108.000000
3425930.000000
3127756.000000
8980469.000000
6686796.000000
7761044.000000
1590850.000000
5304354.000000
6672148.000000
12717885.000000
8001058.000000
7915328.000000
1292291.000000
649682.000000
12011757.000000
508447.000000
2512926.000000
4949510.000000
11684216.000000
9963603.000000
998868.000000
9673282.000000
11393370.000000
3798368.000000
4628304.000000
140158.000000
6959973.000000
4883944.000000
5837545.000000
9578572.000000
9145033.000000
7196760.000000
10609074.000000
3370569.000000
7920829.000000
9669745.000000
7958930.000000
436038.000000
11147221.000000
6252840.000000
5846379.000000
1316292.000000
4874410.000000
12846204.000000
9049227.000000
4161311.000000
1829926.000000
8049816.000000
8025359.000000
2821685.000000
11333644.000000
6760977.000000
6019095.000000
8945119.000000
7664993.000000
11574596.000000
1288597.000000
4526190.000000
1632131.000000
5812030.000000
5698060.000000
4355609.000000
1131292.000000
6246813.000000
4051236.000000
9264294.000000
8535186.000000
6722265.000000
7358911.000000
10431582.000000
7680750.000000
8216952.000000
7456006.000000
953795.000000
4796390.000000
4471302.000000
4509264.000000
1582613.000000
6395267.000000
8181637.000000
11492888.000000
2560983.000000
12730658.000000
11562503.000000
1242526.000000
10498156.000000
11001927.000000
10321600.000000
5642975.000000
6399410.000000
4882728.000000
3689254.000000
10721123.000000
9442619.000000
6040152.000000
11479061.000000
7236475.000000
4294988.000000
8511057.000000
330847.000000
2507617.000000
12178589.000000
594712.000000
2620514.000000
3441137.000000
5075784.000000
4158232.000000
6554224.000000
1770125.000000
5624250.000000
7106315.000000
5252290.000000
8478238.000000
9913173.000000
6892132.000000
5009043.000000
4031842.000000
154879.000000
11003222.000000
5304821.000000
3021607.000000
11066617.000000
6941176.000000
11870741.000000
6071516.000000
7123908.000000
6695284.000000
3950122.000000
7064831.000000
3516389.000000
4433966.000000
3767799.000000
5631038.000000
5157818.000000
5360874.000000
10389747.000000
1042952.000000
342053.000000
5373846.000000
722315.000000
9088144.000000
2703080.000000
5585766.000000
12031842.000000
1258059.000000
11552584.000000
11662964.000000
7823894.000000
11452522.000000
4844999.000000
4738952.000000
5528170.000000
7426122.000000
11249348.000000
11010156.000000
11941619.000000
2056938.000000
2920522.000000
10772565.000000
13415905.000000
5879815.000000
2768278.000000
4870132.000000
4176014.000000
5270496.000000
915230.000000
3642801.000000
10744086.000000
659084.000000
10591916.000000
6296040.000000
4829454.000000
10906476.000000
1816830.000000
4176878.000000
3870547.000000
11612333.000000
6500588.000000
11160415.000000
11365930.000000
7458784.000000
10413876.000000
1374939.000000
11060756.000000
5239580.000000
12423268.000000
9670056.000000
6465519.000000
1526347.000000
3712468.000000
1199755.000000
11221711.000000
470368.000000
11369118.000000
4806279.000000
5448483.000000
6936568.000000
1541582.000000
8562401.000000
11560436.000000
7155312.000000
3979502.000000
6965063.000000
6835127.000000
6671219.000000
2488342.000000
454986.000000
11999535.000000
7512679.000000
1726582.000000
1107639.000000
11313973.000000
6135953.000000
5170462.000000
192784.000000
3159196.000000
3995317.000000
11372994.000000
10585371.000000
167368.000000
1510650.000000
1925526.000000
5942777.000000
7748734.000000
11241063.000000
7637075.000000
1319246.000000
10623177.000000
3696009.000000
11358983.000000
8335447.000000
319438.000000
5590504.000000
9033955.000000
6547097.000000
90302.000000
7993801.000000
3133109.000000
9500747.000000
1367833.000000
4104520.000000
11092334.000000
3777715.000000
7512508.000000
628980.000000
1391242.000000
2887623.000000
11274966.000000
12560269.000000
2308656.000000
12212569.000000
8096078.000000
5408005.000000
11495211.000000
586617.000000
10842190.000000
8820746.000000
11709389.000000
5584930.000000
935521.000000
938183.000000
1790367.000000
1756999.000000
2921327.000000
8107164.000000
2939980.000000
4945861.000000
12724806.000000
2077056.000000
8137112.000000
656562.000000
11889137.000000
11603640.000000
2704300.000000
244510.000000
10315952.000000
8553659.000000
8094392.000000
1545596.000000
6790554.000000
5076317.000000
4902132.000000
5805532.000000
506366.000000
10524675.000000
6017469.000000
3164556.000000
1432664.000000
1247386.000000
7002547.000000
6900752.000000
11692041.000000
9022420.000000
8547743.000000
5517715.000000
9305420.000000
4844039.000000
1660689.000000
10510739.000000
3951815.000000
3934066.000000
1036172.000000
4695892.000000
9618350.000000
1394985.000000
6113287.000000
4469407.000000
1660569.000000
3485103.000000
11803625.000000
4382386.000000
7498468.000000
6428942.000000
11026812.000000
6716943.000000
9555835.000000
9570423.000000
2121201.000000
7688885.000000
4471919.000000
89043.000000
7437946.000000
8656773.000000
1698205.000000
680944.000000
10401217.000000
11138230.000000
9378075.000000
2810879.000000
11141377.000000
3986602.000000
3165703.000000
6201262.000000
2216113.000000
6092275.000000
5752329.000000
12460007.000000
10927039.000000
5911062.000000
143213.000000
6100255.000000
3585487.000000
8173697.000000
8770443.000000
655964.000000
2614366.000000
139588.000000
5054876.000000
638006.000000
12031443.000000
6766743.000000
1889809.000000
12572363.000000
11802631.000000
5265917.000000
7200665.000000
2721454.000000
11110351.000000
8718018.000000
3921544.000000
3444281.000000
5632874.000000
4800161.000000
9430618.000000
10792648.000000
10362890.000000
9181975.000000
3955102.000000
11344795.000000
11464640.000000
1824578.000000
4027744.000000
9960878.000000
8054806.000000
8268679.000000
11619737.000000
5456662.000000
217258.000000
864794.000000
2130351.000000
5254622.000000
11778416.000000
8055908.000000
624958.000000
11836132.000000
7501001.000000
10369780.000000
3719815.000000
3828680.000000
4923628.000000
4416843.000000
4319072.000000
5351623.000000
2252478.000000
11107866.000000
7183156.000000
12057822.000000
3887449.000000
5780402.000000
1864980.000000
4157447.000000
726620.000000
8088483.000000
11882698.000000
5329800.000000
11942738.000000
7570351.000000
493021.000000
8182959.000000
938984.000000
8510839.000000
6106420.000000
8686170.000000
11555846.000000
7675831.000000
4043968.000000
5235110.000000
3930152.000000
10529851.000000
11910382.000000
8850908.000000
9518868.000000
6596576.000000
6370655.000000
1059507.000000
11638323.000000
4497248.000000
1195813.000000
1696290.000000
2233896.000000
7922772.000000
10473802.000000
11119484.000000
6888573.000000
1835441.000000
11408472.000000
7411731.000000
7183604.000000
6732202.000000
2637214.000000
7241054.000000
11483515.000000
1099829.000000
11324306.000000
11803625.000000
6854673.000000
7129718.000000
9525939.000000
12636700.000000
10486764.000000
455096.000000
9428787.000000
10934573.000000
4814740.000000
5623800.000000
8589148.000000
11605784.000000
2671258.000000
12166490.000000
4546133.000000
11860631.000000
10971119.000000
9684595.000000
9110583.000000
10867802.000000
2841289.000000
5333494.000000
644079.000000
2508749.000000
12039228.000000
11619559.000000
12548291.000000
9134298.000000
10818764.000000
11685830.000000
11472776.000000
7444067.000000
6349768.000000
894127.000000
10366845.000000
109087.000000
450158.000000
8701709.000000
5151167.000000
8511929.000000
10075671.000000
7856411.000000
180504.000000
4202684.000000
9536988.000000
3605401.000000
2228023.000000
3632343.000000
7486951.000000
7454928.000000
10318844.000000
8246926.000000
5508911.000000
3255842.000000
597545.000000
3168240.000000
3773498.000000
8400088.000000
9222476.000000
2809609.000000
6883924.000000
470957.000000
8061317.000000
3604513.000000
12514286.000000
2668840.000000
413811.000000
7407555.000000
2778452.000000
6332933.000000
2059756.000000
