0.000000
0.000000
0.000000
0.000000
0.000000
0.000000
0.000000
0.000000
0.000000
0.000000
0.000000
0.000000
0.000000
0.000000
0.000000
0.000000
0.000000
0.000000
0.000000
0.000000
0.000000
0.000000
0.000000
0.000000
0.000000
0.000000
0.000000
0.000000
0.000000
0.000000
0.000000
0.000000
0.000000
0.000000
0.000000
0.000000
0.000000
0.000000
0.000000
0.000000
0.000000
0.000000
0.000000
0.000000
0.000000
0.000000
0.000000
0.000000
0.000000
0.000000
0.000000
0.000000
0.000000
0.000000
0.000000
0.000000
0.000000
0.000000
0.000000
0.000000
0.000000
0.000000
0.000000
0.000000
0.000000
0.000000
0.000000
0.000000
0.000000
0.000000
0.000000
0.000000
0.000000
0.000000
0.000000
0.000000
0.000000
0.000000
0.000000
0.000000
0.000000
0.000000
0.000000
0.000000
0.000000
0.000000
0.000000
0.000000
0.000000
0.000000
0.000000
0.000000
0.000000
0.000000
0.000000
0.000000
0.000000
0.000000
0.000000
0.000000
0.000000
0.000000
0.000000
0.000000
0.000000
0.000000
0.000000
0.000000
0.000000
0.000000
0.000000
0.000000
0.000000
0.000000
0.000000
0.000000
0.000000
0.000000
0.000000
0.000000
0.000000
0.000000
0.000000
0.000000
0.000000
0.000000
0.000000
0.000000
0.000000
0.000000
0.000000
0.000000
0.000000
0.000000
0.000000
0.000000
0.000000
0.000000
0.000000
0.000000
0.000000
0.000000
0.000000
0.000000
0.000000
0.000000
0.000000
0.000000
0.000000
0.000000
0.000000
0.000000
0.000000
0.000000
0.000000
0.000000
0.000000
0.000000
0.000000
0.000000
0.000000
0.000000
0.000000
0.000000
0.000000
0.000000
0.000000
0.000000
0.000000
0.000000
0.000000
0.000000
0.000000
0.000000
0.000000
0.000000
0.000000
0.000000
0.000000
0.000000
0.000000
0.000000
0.000000
0.000000
0.000000
0.000000
0.000000
0.000000
0.000000
0.000000
0.000000
0.000000
0.000000
0.000000
0.000000
0.000000
0.000000
0.000000
0.000000
0.000000
0.000000
0.000000
0.000000
0.000000
0.000000
12393255.000000
5265209.000000
698691.000000
4270810.000000
1512931.000000
5794532.000000
3194757.000000
5760493.000000
6204427.000000
7582556.000000
4339948.000000
3146692.000000
533206.000000
7294296.000000
1034156.000000
2739639.000000
4357755.000000
950923.000000
4233172.000000
6626397.000000
140367.000000
6494469.000000
3491368.000000
2382949.000000
3159330.000000
5004897.000000
4212868.000000
916008.000000
5761660.000000
7782144.000000
7055360.000000
7388886.000000
6475083.000000
6016995.000000
7189416.000000
2864375.000000
7534486.000000
1303026.000000
6859609.000000
5739033.000000
5209439.000000
681242.000000
6764742.000000
6106216.000000
3881651.000000
6288972.000000
5992643.000000
6752101.000000
225983.000000
1321485.000000
1121589.000000
4109243.000000
3352739.000000
7165740.000000
5646223.000000
5740812.000000
6692305.000000
1621281.000000
4097591.000000
3439659.000000
4589282.000000
7707081.000000
4481273.000000
5729446.000000
1776997.000000
7045781.000000
4409944.000000
5576560.000000
6484406.000000
5966376.000000
4711657.000000
511441.000000
7287371.000000
4701039.000000
4644732.000000
3126232.000000
6575829.000000
5299254.000000
6116640.000000
6681744.000000
5302552.000000
6515646.000000
6406262.000000
408246.000000
6336125.000000
4726885.000000
7037425.000000
6135376.000000
6171868.000000
4021203.000000
668363.000000
7011375.000000
5570247.000000
7278917.000000
5759801.000000
513144.000000
2205362.000000
4725998.000000
142471.000000
1438157.000000
5682591.000000
6314007.000000
5187337.000000
2438945.000000
4709342.000000
4298077.000000
251435.000000
5909967.000000
5831853.000000
1395505.000000
5036916.000000
323242.000000
3749118.000000
3038365.000000
7035563.000000
649204.000000
7534194.000000
4756117.000000
5461277.000000
6525068.000000
2183916.000000
4979682.000000
5432151.000000
6486540.000000
3937367.000000
5758405.000000
7057304.000000
5617117.000000
5719458.000000
7048643.000000
4079840.000000
2579697.000000
4402381.000000
6841445.000000
88922.000000
7523870.000000
7032210.000000
4401655.000000
3416013.000000
4688126.000000
3165908.000000
7107324.000000
110637.000000
6826021.000000
2389092.000000
3146358.000000
7699678.000000
81418.000000
7450187.000000
335569.000000
6430473.000000
5347854.000000
5408425.000000
6499642.000000
5567895.000000
7310501.000000
6753207.000000
5503164.000000
7593099.000000
5289668.000000
1552559.000000
5202136.000000
4362916.000000
5168413.000000
6479481.000000
4127338.000000
449671.000000
869305.000000
3133875.000000
5830342.000000
6879577.000000
1883503.000000
5439230.000000
7057077.000000
3481058.000000
7584506.000000
6242765.000000
7371712.000000
4543655.000000
4861169.000000
292514.000000
6628018.000000
5942599.000000
1306516.000000
6762987.000000
7018651.000000
916512.000000
64899.000000
3239940.000000
1523543.000000
4197895.000000
5806686.000000
4533753.000000
4744403.000000
7220248.000000
5516560.000000
8301592.000000
4768120.000000
7333661.000000
1052081.000000
6732450.000000
1860185.000000
4295473.000000
7312368.000000
1405660.000000
1121713.000000
6930383.000000
5285559.000000
6946485.000000
5731183.000000
2860897.000000
4449054.000000
7186423.000000
2380276.000000
6067358.000000
564756.000000
6449544.000000
2086133.000000
3123969.000000
463303.000000
5577256.000000
5599845.000000
100344.000000
7614307.000000
628642.000000
6023154.000000
5006967.000000
1486618.000000
4440914.000000
6479865.000000
4869595.000000
6217476.000000
3884069.000000
2647636.000000
5591029.000000
4244523.000000
6492356.000000
4457983.000000
1575419.000000
365439.000000
6449393.000000
979492.000000
3042334.000000
5537153.000000
2605505.000000
3978669.000000
1356261.000000
3356780.000000
4715076.000000
7115685.000000
7367835.000000
1024754.000000
7230688.000000
6664380.000000
7339573.000000
2386903.000000
3570191.000000
6195037.000000
7079968.000000
5861277.000000
6219699.000000
3440061.000000
2779282.000000
4899587.000000
218555.000000
7726067.000000
3178452.000000
2970129.000000
7394227.000000
5057073.000000
5899541.000000
1524433.000000
4997007.000000
5009004.000000
7094553.000000
6070059.000000
6050207.000000
1382375.000000
685730.000000
7397539.000000
545817.000000
2290305.000000
4231430.000000
7581737.000000
6011042.000000
961419.000000
6758790.000000
7213858.000000
3437516.000000
3673430.000000
143012.000000
5656656.000000
4229143.000000
4760451.000000
6315228.000000
6451704.000000
5499985.000000
7771662.000000
3570359.000000
6047224.000000
6762833.000000
6840860.000000
403357.000000
6872013.000000
5272112.000000
4821792.000000
1298206.000000
4023614.000000
7325271.000000
6308926.000000
3715668.000000
1520754.000000
6265118.000000
6305180.000000
2897499.000000
7184040.000000
5181467.000000
4869729.000000
6295650.000000
5896803.000000
7039287.000000
1314434.000000
3801589.000000
1375792.000000
4926823.000000
4767194.000000
4315820.000000
912646.000000
4887996.000000
4014742.000000
6241091.000000
6641209.000000
5077970.000000
5880442.000000
6144189.000000
5762442.000000
5701861.000000
5682332.000000
1048477.000000
4245721.000000
4191790.000000
3763039.000000
1756947.000000
4954800.000000
6238019.000000
7524619.000000
2291615.000000
7602556.000000
7405883.000000
1070264.000000
7178637.000000
6863113.000000
7057022.000000
4723697.000000
4914929.000000
4708507.000000
3220828.000000
7135070.000000
6578660.000000
4829719.000000
7467185.000000
5840351.000000
3751272.000000
6776587.000000
227928.000000
2541303.000000
6600168.000000
529883.000000
2478593.000000
3233242.000000
4435872.000000
4089057.000000
5133218.000000
1589819.000000
4543634.000000
5832409.000000
4563021.000000
6200513.000000
6690307.000000
5313476.000000
4356764.000000
3568188.000000
141656.000000
6351846.000000
4643499.000000
2684358.000000
7256510.000000
5820963.000000
8110220.000000
4849843.000000
5297802.000000
5107140.000000
3686667.000000
5515512.000000
3050016.000000
3950942.000000
3547169.000000
4731808.000000
4319647.000000
4265697.000000
7104178.000000
971033.000000
498181.000000
4207573.000000
640036.000000
6243392.000000
2336863.000000
4670717.000000
7371615.000000
1437331.000000
7724109.000000
7418713.000000
5599776.000000
7635911.000000
4434320.000000
4426437.000000
4399271.000000
5918305.000000
6719480.000000
7249159.000000
7082441.000000
2150484.000000
2643838.000000
6625596.000000
7444620.000000
4890308.000000
3005127.000000
4340794.000000
3793313.000000
4559179.000000
804897.000000
3448476.000000
6472914.000000
521860.000000
7127273.000000
4931455.000000
4111287.000000
7157603.000000
1679024.000000
3707456.000000
3615715.000000
7170699.000000
5003968.000000
7006772.000000
7225916.000000
5491286.000000
6126614.000000
1305516.000000
6903848.000000
4484677.000000
6771902.000000
6967163.000000
5401612.000000
1497166.000000
3220524.000000
1187863.000000
6880340.000000
478600.000000
6890679.000000
4301526.000000
4814049.000000
5616873.000000
1300408.000000
6320319.000000
6736889.000000
5956478.000000
3840527.000000
6126606.000000
5332698.000000
5373069.000000
2541371.000000
492044.000000
7091803.000000
6266914.000000
1749948.000000
1040430.000000
6866508.000000
5146144.000000
4555284.000000
156374.000000
2827165.000000
3889633.000000
7463750.000000
7909060.000000
165740.000000
1612341.000000
2232554.000000
5038449.000000
6285133.000000
7647822.000000
5768956.000000
1387648.000000
7404495.000000
3436766.000000
6505837.000000
6152059.000000
298950.000000
4663055.000000
6142130.000000
5259519.000000
98635.000000
6605911.000000
2798919.000000
6768310.000000
1327590.000000
3656792.000000
7077786.000000
3104831.000000
5514107.000000
619750.000000
1238444.000000
2884958.000000
7026473.000000
7219771.000000
2196745.000000
6928328.000000
6473307.000000
4088191.000000
6709775.000000
532053.000000
7705925.000000
6596128.000000
7551903.000000
4935233.000000
1066253.000000
902100.000000
1802799.000000
1587897.000000
2792810.000000
6333493.000000
2974096.000000
4410111.000000
7337231.000000
2068881.000000
6082042.000000
815735.000000
7120476.000000
7200017.000000
2635922.000000
196087.000000
7257064.000000
6427392.000000
6162235.000000
1335132.000000
5723935.000000
4515133.000000
4329570.000000
4662650.000000
552363.000000
7334321.000000
4622985.000000
2554482.000000
1649692.000000
1110189.000000
5594605.000000
5821244.000000
6683848.000000
6524214.000000
6369882.000000
4915881.000000
6098265.000000
4111077.000000
1908647.000000
7071782.000000
3518242.000000
3613287.000000
916422.000000
4105100.000000
6497533.000000
1224047.000000
5163666.000000
3934445.000000
1626502.000000
3353366.000000
7400491.000000
4028163.000000
5752337.000000
5048207.000000
6835585.000000
5650331.000000
6464090.000000
6640464.000000
1771302.000000
5941238.000000
4296838.000000
101995.000000
6427398.000000
6381258.000000
1751909.000000
565277.000000
7757150.000000
7572250.000000
6993428.000000
2542773.000000
6933721.000000
3380927.000000
3227004.000000
4849288.000000
1956946.000000
5182650.000000
4746112.000000
6826021.000000
7325472.000000
4848846.000000
110470.000000
5373522.000000
2983386.000000
5976097.000000
5499726.000000
648062.000000
2507650.000000
148637.000000
4353597.000000
658494.000000
7271657.000000
5769482.000000
1901993.000000
7655979.000000
6669415.000000
4826271.000000
5399239.000000
3233492.000000
7229081.000000
6803994.000000
3709082.000000
3693928.000000
4409249.000000
3994755.000000
6407685.000000
6911544.000000
6391791.000000
7484856.000000
3989936.000000
6513216.000000
7279986.000000
1732428.000000
3737678.000000
6907008.000000
6645921.000000
6277512.000000
6735767.000000
4543044.000000
248875.000000
764450.000000
1687130.000000
4392301.000000
6874391.000000
5850283.000000
717095.000000
8174876.000000
5206397.000000
7109200.000000
3181027.000000
3812265.000000
4224371.000000
4184833.000000
3834489.000000
4921084.000000
2123987.000000
7335926.000000
5771328.000000
8183335.000000
2982149.000000
4900780.000000
1947995.000000
4028663.000000
774807.000000
6133778.000000
7805585.000000
4718438.000000
7567221.000000
6035247.000000
529936.000000
6405042.000000
848230.000000
6807334.000000
4829309.000000
6270287.000000
7290059.000000
6253600.000000
3679980.000000
4663570.000000
3873655.000000
6942491.000000
7274720.000000
6062491.000000
6749491.000000
5190919.000000
5358469.000000
1044200.000000
6891517.000000
3689544.000000
1031595.000000
1478599.000000
1920460.000000
5759707.000000
6903335.000000
6893730.000000
5450216.000000
1631928.000000
6894877.000000
6219166.000000
4904175.000000
4944282.000000
2701009.000000
5774446.000000
7687032.000000
878803.000000
6712450.000000
8085887.000000
5190008.000000
5471883.000000
5984727.000000
7912137.000000
6793102.000000
429212.000000
6966193.000000
7189494.000000
4600934.000000
4701346.000000
6637563.000000
7422082.000000
2501664.000000
7395237.000000
3965680.000000
7020954.000000
7265857.000000
7410676.000000
6627688.000000
6582447.000000
2862353.000000
4541900.000000
578024.000000
2498110.000000
7143158.000000
6278834.000000
8209835.000000
6516230.000000
7290673.000000
7525317.000000
6731054.000000
5678349.000000
5003416.000000
692961.000000
6860456.000000
109502.000000
419343.000000
6856847.000000
4522627.000000
6505864.000000
6316194.000000
5882188.000000
191700.000000
3629112.000000
6846010.000000
3200218.000000
2667438.000000
3467008.000000
5914392.000000
5939430.000000
7343175.000000
6228869.000000
4733371.000000
2820611.000000
540478.000000
2945944.000000
3152885.000000
6302570.000000
7067857.000000
2571775.000000
5628357.000000
437182.000000
5768832.000000
3417951.000000
7009951.000000
2478761.000000
404583.000000
5363563.000000
3376573.000000
5091720.000000
2233142.000000
