0.000000
0.000000
0.000000
0.000000
0.000000
0.000000
0.000000
0.000000
0.000000
0.000000
0.000000
0.000000
0.000000
0.000000
0.000000
0.000000
0.000000
0.000000
0.000000
0.000000
0.000000
31320150.000000
5212914.000000
1311043.000000
758552.000000
2592469.000000
6018581.000000
8815321.000000
13500463.000000
7589264.000000
19988825.000000
19305225.000000
3148828.000000
9289448.000000
8495088.000000
2124142.000000
494832.000000
20423818.000000
3059917.000000
18667098.000000
5914403.000000
18131543.000000
634253.000000
1905818.000000
4628293.000000
20359529.000000
13377285.000000
7088880.000000
3793197.000000
1438149.000000
2252828.000000
584640.000000
7569479.000000
2119429.000000
2596924.000000
12546669.000000
7248102.000000
4987746.000000
15570165.000000
8897906.000000
965643.000000
7435021.000000
2655742.000000
12236903.000000
19051147.000000
15977563.000000
7348382.000000
5441260.000000
7252357.000000
11994380.000000
8378323.000000
2514235.000000
427026.000000
6716828.000000
6683446.000000
17485756.000000
15355413.000000
4807751.000000
17163643.000000
4720023.000000
212411.000000
16344037.000000
11891620.000000
1606670.000000
12399673.000000
7073463.000000
2057578.000000
15760673.000000
9950960.000000
18778668.000000
14258042.000000
10674202.000000
5865791.000000
17809218.000000
7544648.000000
2229415.000000
2147307.000000
3719769.000000
13179649.000000
19688951.000000
17928975.000000
3358427.000000
1573822.000000
7589265.000000
13316078.000000
12765744.000000
1948723.000000
9968074.000000
1859217.000000
19529611.000000
19036500.000000
11216705.000000
4329417.000000
18356547.000000
4099569.000000
10942134.000000
10551585.000000
19921711.000000
1101788.000000
5948722.000000
3483392.000000
7789839.000000
17479613.000000
13095157.000000
9110231.000000
17567452.000000
3251001.000000
19170459.000000
14546148.000000
9924632.000000
5666184.000000
13434698.000000
7216646.000000
5441661.000000
603638.000000
13053351.000000
2493641.000000
719633.000000
18291914.000000
4896958.000000
1114102.000000
3338495.000000
3967917.000000
8089090.000000
249250.000000
14453548.000000
2931739.000000
2128959.000000
1233050.000000
151752.000000
12680730.000000
3187976.000000
5353017.000000
18340886.000000
1642860.000000
15458685.000000
4351859.000000
238565.000000
11678667.000000
15250794.000000
11968281.000000
16360944.000000
19667631.000000
18879407.000000
1737498.000000
20377840.000000
510074.000000
3789804.000000
16329249.000000
9090747.000000
11963467.000000
9426522.000000
11047853.000000
3394008.000000
4889789.000000
14149830.000000
11129979.000000
20294832.000000
11827963.000000
11548665.000000
6412032.000000
414122.000000
19901769.000000
1446239.000000
12464860.000000
18113608.000000
5664559.000000
2192239.000000
4817761.000000
2801394.000000
6931430.000000
10730112.000000
18562649.000000
12416918.000000
19249067.000000
16114212.000000
4185481.000000
5873490.000000
4461408.000000
13074237.000000
100014.000000
9798311.000000
1136909.000000
20291553.000000
1419009.000000
6344860.000000
8237757.000000
725559.000000
4960197.000000
1519709.000000
8771038.000000
2923051.000000
12371289.000000
9340730.000000
15530697.000000
6142807.000000
3529480.000000
511872.000000
11670961.000000
1038851.000000
2549470.000000
4914932.000000
1119981.000000
4275551.000000
17252883.000000
142045.000000
12072562.000000
3189230.000000
2710524.000000
2780679.000000
5685406.000000
6594058.000000
772714.000000
7792421.000000
19486071.000000
12257615.000000
16285021.000000
11699326.000000
8286598.000000
12329599.000000
2895548.000000
17239886.000000
1162707.000000
11948833.000000
7680907.000000
6209644.000000
672465.000000
18421471.000000
7649341.000000
4112312.000000
13498139.000000
9267543.000000
16599525.000000
230728.000000
1384576.000000
1029666.000000
4577446.000000
3598630.000000
21472553.000000
8701083.000000
7119718.000000
18868140.000000
1671360.000000
3877835.000000
3985774.000000
9047301.000000
13657743.000000
7107968.000000
7113460.000000
1970370.000000
15655105.000000
5398167.000000
8336544.000000
17885930.000000
8429369.000000
8005949.000000
320477.000000
12702064.000000
5856361.000000
5559511.000000
3130858.000000
18570948.000000
7735885.000000
9597630.000000
9747150.000000
8000863.000000
12601019.000000
8942206.000000
456119.000000
17792169.000000
5251575.000000
8642793.000000
8961111.000000
15382882.000000
5739833.000000
684422.000000
15592953.000000
7988348.000000
17076045.000000
7745539.000000
481144.000000
2420352.000000
8154393.000000
121334.000000
1308199.000000
9400208.000000
10622587.000000
8558696.000000
2727902.000000
6004791.000000
4908785.000000
249264.000000
13154179.000000
10452628.000000
1669608.000000
6976512.000000
293842.000000
4580375.000000
3730858.000000
11985287.000000
501685.000000
14133623.000000
5322827.000000
8330509.000000
13306358.000000
2670563.000000
5656204.000000
7361860.000000
14117144.000000
4683569.000000
8800529.000000
13480591.000000
9122181.000000
7625676.000000
17516194.000000
3880291.000000
2366385.000000
5417407.000000
17817135.000000
69392.000000
16872198.000000
14417462.000000
7109891.000000
3907735.000000
8675377.000000
3137468.000000
16830169.000000
133708.000000
18934818.000000
2349362.000000
3815391.000000
16681865.000000
83402.000000
16653727.000000
357324.000000
15163709.000000
9686476.000000
7513095.000000
7779013.000000
8236318.000000
14225854.000000
15017761.000000
10286780.000000
17455716.000000
7432791.000000
1570043.000000
6627147.000000
8458091.000000
6980029.000000
17151922.000000
3696044.000000
521745.000000
767368.000000
2981245.000000
6666438.000000
10205293.000000
1982521.000000
7787923.000000
11747424.000000
4622196.000000
20357529.000000
13798917.000000
18130241.000000
5555729.000000
6517215.000000
303796.000000
12325277.000000
18129142.000000
1240235.000000
12791980.000000
14527077.000000
967083.000000
69324.000000
4292607.000000
1531804.000000
4420174.000000
7939106.000000
5752517.000000
5812453.000000
16863043.000000
6051893.000000
20032891.000000
6310928.000000
12473672.000000
1275187.000000
19658762.000000
1922842.000000
6280963.000000
17415891.000000
1499026.000000
1317066.000000
17797294.000000
6646426.000000
18839004.000000
9350454.000000
2007030.000000
5455874.000000
12502890.000000
1870751.000000
9231044.000000
434703.000000
9202249.000000
1509822.000000
4060702.000000
534520.000000
6807251.000000
8871111.000000
123264.000000
13312447.000000
624456.000000
12630082.000000
5694755.000000
1557566.000000
5862628.000000
10518977.000000
8045637.000000
9622194.000000
4290980.000000
2649873.000000
8142521.000000
4315154.000000
12888829.000000
6128604.000000
1546715.000000
355846.000000
15345580.000000
910651.000000
2280117.000000
7949113.000000
1918131.000000
5289533.000000
1388428.000000
3505965.000000
4922017.000000
16979094.000000
12720830.000000
929671.000000
11701444.000000
11569985.000000
14402316.000000
2382415.000000
4125559.000000
11858643.000000
9954392.000000
8399685.000000
9156358.000000
4319993.000000
2454252.000000
7861482.000000
174528.000000
15741661.000000
2857734.000000
2963109.000000
11571529.000000
8841721.000000
9401253.000000
1428931.000000
4859315.000000
6655220.000000
19241555.000000
8590472.000000
7882203.000000
1181289.000000
816130.000000
19086220.000000
454883.000000
2920227.000000
5726275.000000
18706504.000000
13539194.000000
1016901.000000
12794329.000000
19682370.000000
3583142.000000
3813243.000000
134245.000000
7168628.000000
4676999.000000
6955280.000000
13209849.000000
12277247.000000
9046532.000000
18496246.000000
3225558.000000
8683819.000000
10264227.000000
8503199.000000
354837.000000
13525852.000000
6214868.000000
4878485.000000
1265226.000000
5470429.000000
18208130.000000
11587173.000000
4582613.000000
1665620.000000
8089378.000000
9476865.000000
2505554.000000
13749785.000000
9304468.000000
6544408.000000
9045930.000000
8567644.000000
19094475.000000
1153842.000000
4744490.000000
1538101.000000
7070578.000000
6812510.000000
4502956.000000
635606.000000
5536048.000000
3037722.000000
11083614.000000
10366861.000000
6745554.000000
8422687.000000
20262443.000000
10757627.000000
12367254.000000
10201037.000000
809111.000000
5978116.000000
4455393.000000
4273889.000000
1425555.000000
5561273.000000
8985177.000000
14811759.000000
2450984.000000
18339616.000000
19609462.000000
869097.000000
15652830.000000
17336741.000000
12374473.000000
6032605.000000
7739359.000000
5224672.000000
3712080.000000
12858709.000000
11521361.000000
4943664.000000
14128368.000000
7903890.000000
3453108.000000
11675903.000000
348433.000000
2822353.000000
17711496.000000
549060.000000
2576280.000000
2640546.000000
4251392.000000
3452423.000000
7562141.000000
1360940.000000
6231374.000000
8438614.000000
6852606.000000
10700495.000000
13637357.000000
10031004.000000
4426721.000000
4279820.000000
152055.000000
13159135.000000
5728035.000000
2586938.000000
13726900.000000
6076408.000000
17899414.000000
7552241.000000
7333690.000000
8889853.000000
2928743.000000
8575546.000000
3977252.000000
4009110.000000
4474999.000000
5583026.000000
5879671.000000
6458908.000000
12735388.000000
948193.000000
373243.000000
5932679.000000
674806.000000
12871916.000000
2254890.000000
6879675.000000
15114393.000000
1284132.000000
20338026.000000
15967025.000000
9216717.000000
16534182.000000
4783983.000000
4809065.000000
7514427.000000
7511050.000000
19793305.000000
12326538.000000
18922381.000000
2258901.000000
2941035.000000
17332398.000000
16844266.000000
6240554.000000
2664768.000000
5865727.000000
5162850.000000
5515061.000000
744707.000000
3739188.000000
13309625.000000
672854.000000
18050012.000000
7378305.000000
5483050.000000
14388315.000000
1297608.000000
4200979.000000
4220323.000000
15701707.000000
6666331.000000
18809603.000000
16068118.000000
9630942.000000
17557666.000000
1216209.000000
17165608.000000
6193984.000000
17612192.000000
13523543.000000
5604477.000000
1441331.000000
3918939.000000
1198890.000000
13779940.000000
476475.000000
14542946.000000
6161678.000000
5356226.000000
6985829.000000
1436000.000000
10248260.000000
13012814.000000
6942963.000000
3240118.000000
6830187.000000
8498484.000000
5892999.000000
2751853.000000
498876.000000
17554827.000000
9610549.000000
1762470.000000
1079030.000000
20242563.000000
7124664.000000
5663566.000000
173349.000000
3137185.000000
3829099.000000
19074601.000000
13630064.000000
181705.000000
1569259.000000
1843239.000000
6448525.000000
10932771.000000
18002064.000000
7553942.000000
1241091.000000
14754796.000000
3506532.000000
16076331.000000
9874068.000000
290811.000000
5737934.000000
12799920.000000
7011353.000000
101508.000000
10028619.000000
2857036.000000
17241308.000000
1362747.000000
4626846.000000
19999545.000000
3930398.000000
9396240.000000
712426.000000
1211379.000000
3439127.000000
18817515.000000
17349954.000000
1935825.000000
17968346.000000
9785917.000000
6006728.000000
17465750.000000
589033.000000
22373780.000000
10543697.000000
19218341.000000
6397326.000000
825508.000000
513053.000000
1706245.000000
1724752.000000
3182577.000000
9200522.000000
2464150.000000
5425806.000000
19743956.000000
1868270.000000
9499983.000000
646431.000000
15426034.000000
14732188.000000
2494728.000000
209434.000000
14648663.000000
11658866.000000
7714940.000000
1636359.000000
7406596.000000
5103744.000000
6117440.000000
5595378.000000
543059.000000
19387782.000000
6507921.000000
2864894.000000
1649136.000000
1301599.000000
7580117.000000
7435072.000000
15386750.000000
12690926.000000
10001285.000000
6749221.000000
12649104.000000
5430943.000000
1600426.000000
15678338.000000
4454107.000000
3240303.000000
860296.000000
5295623.000000
10223094.000000
1197636.000000
6059418.000000
3566824.000000
1655263.000000
3503885.000000
22252477.000000
4506657.000000
7347362.000000
6955722.000000
14799841.000000
7795847.000000
11193764.000000
9156674.000000
1569311.000000
7947234.000000
4549753.000000
88074.000000
7630042.000000
8813081.000000
1454926.000000
563283.000000
14793883.000000
15433279.000000
11916566.000000
2812894.000000
13876105.000000
3805896.000000
2689634.000000
7718809.000000
1809715.000000
8573086.000000
8005243.000000
18934818.000000
14971014.000000
7270719.000000
144690.000000
8584414.000000
3668103.000000
7257282.000000
11489876.000000
536326.000000
2123612.000000
130880.000000
4626168.000000
608931.000000
17174966.000000
8922484.000000
1842995.000000
16738519.000000
19161545.000000
5621190.000000
8085486.000000
2599568.000000
13084369.000000
9082454.000000
4546235.000000
3665326.000000
6155870.000000
5493271.000000
10336375.000000
14301500.000000
15012087.000000
11241096.000000
4407172.000000
17898196.000000
14420597.000000
1769883.000000
3413517.000000
9807990.000000
9525730.000000
10594664.000000
18800110.000000
5493153.000000
258293.000000
823020.000000
2030168.000000
5608080.000000
19659162.000000
10433979.000000
553905.000000
14558950.000000
11504481.000000
19793258.000000
4066988.000000
3391869.000000
3763729.000000
5026269.000000
3639581.000000
6246863.000000
1905883.000000
13188615.000000
7829541.000000
17916452.000000
3577349.000000
6689645.000000
1776328.000000
4240431.000000
605474.000000
9592255.000000
15204259.000000
6299285.000000
15071379.000000
7818673.000000
470853.000000
9236007.000000
843358.000000
8250299.000000
8254554.000000
11940558.000000
19114610.000000
10409407.000000
4267389.000000
4814705.000000
4324160.000000
15542611.000000
20619013.000000
13237394.000000
10823679.000000
7119461.000000
7554851.000000
1262134.000000
19615026.000000
4217890.000000
938922.000000
1536161.000000
2428193.000000
9074795.000000
14531492.000000
17627516.000000
8005489.000000
1440678.000000
17002378.000000
9073036.000000
6729495.000000
8613216.000000
2748430.000000
8507745.000000
18240793.000000
837672.000000
17451594.000000
20525854.000000
8219804.000000
9050365.000000
12569083.000000
17404923.000000
12698703.000000
440537.000000
11391054.000000
13377854.000000
4731216.000000
5662580.000000
9372277.000000
16967001.000000
2159484.000000
18266633.000000
5340927.000000
16989622.000000
18050519.000000
12735151.000000
9584178.000000
13166696.000000
2897218.000000
6238940.000000
647652.000000
2393690.000000
20236327.000000
16782373.000000
15201594.000000
11605873.000000
16988526.000000
20479136.000000
18988125.000000
8522794.000000
6745412.000000
858441.000000
15600027.000000
115459.000000
454474.000000
9814881.000000
4819703.000000
10493612.000000
14662029.000000
7706305.000000
184387.000000
4775985.000000
17140767.000000
3790598.000000
2597069.000000
3579181.000000
7970960.000000
10129667.000000
12119755.000000
10593745.000000
6271951.000000
3248054.000000
482604.000000
2717199.000000
3543080.000000
9248849.000000
12249517.000000
2575546.000000
7734905.000000
534511.000000
9042271.000000
2713459.000000
18102327.000000
2581960.000000
318777.000000
9892977.000000
2963977.000000
6743318.000000
2226532.000000
