0.000000
0.000000
0.000000
0.000000
0.000000
0.000000
0.000000
0.000000
0.000000
0.000000
0.000000
0.000000
0.000000
0.000000
0.000000
0.000000
0.000000
0.000000
0.000000
0.000000
0.000000
0.000000
0.000000
0.000000
0.000000
0.000000
0.000000
0.000000
0.000000
0.000000
0.000000
0.000000
0.000000
0.000000
0.000000
0.000000
0.000000
0.000000
0.000000
0.000000
0.000000
0.000000
0.000000
0.000000
0.000000
0.000000
0.000000
0.000000
0.000000
0.000000
0.000000
0.000000
0.000000
0.000000
0.000000
0.000000
0.000000
0.000000
0.000000
0.000000
0.000000
0.000000
0.000000
0.000000
0.000000
0.000000
0.000000
0.000000
0.000000
0.000000
0.000000
0.000000
0.000000
0.000000
0.000000
0.000000
0.000000
0.000000
0.000000
0.000000
0.000000
0.000000
0.000000
0.000000
0.000000
0.000000
0.000000
0.000000
0.000000
0.000000
0.000000
0.000000
0.000000
0.000000
0.000000
0.000000
0.000000
0.000000
0.000000
0.000000
0.000000
0.000000
0.000000
0.000000
0.000000
0.000000
0.000000
0.000000
0.000000
0.000000
0.000000
0.000000
0.000000
0.000000
0.000000
0.000000
0.000000
0.000000
0.000000
0.000000
0.000000
0.000000
0.000000
0.000000
0.000000
0.000000
0.000000
0.000000
0.000000
0.000000
0.000000
0.000000
0.000000
0.000000
0.000000
0.000000
0.000000
0.000000
0.000000
0.000000
0.000000
0.000000
0.000000
0.000000
0.000000
0.000000
0.000000
0.000000
0.000000
0.000000
0.000000
0.000000
0.000000
0.000000
0.000000
0.000000
0.000000
0.000000
0.000000
0.000000
0.000000
0.000000
0.000000
0.000000
0.000000
0.000000
0.000000
0.000000
0.000000
0.000000
0.000000
0.000000
0.000000
0.000000
0.000000
0.000000
0.000000
0.000000
0.000000
0.000000
0.000000
0.000000
0.000000
0.000000
0.000000
0.000000
0.000000
0.000000
0.000000
0.000000
0.000000
0.000000
0.000000
0.000000
0.000000
0.000000
0.000000
0.000000
0.000000
0.000000
0.000000
0.000000
0.000000
0.000000
0.000000
0.000000
0.000000
0.000000
0.000000
0.000000
0.000000
0.000000
0.000000
0.000000
0.000000
0.000000
0.000000
0.000000
0.000000
0.000000
0.000000
0.000000
0.000000
0.000000
0.000000
0.000000
0.000000
0.000000
0.000000
0.000000
0.000000
0.000000
0.000000
0.000000
0.000000
0.000000
0.000000
0.000000
0.000000
0.000000
0.000000
0.000000
0.000000
0.000000
0.000000
0.000000
0.000000
0.000000
0.000000
0.000000
0.000000
0.000000
0.000000
0.000000
0.000000
0.000000
7555955.000000
2769059.000000
4710212.000000
3902939.000000
4322810.000000
4348326.000000
1654378.000000
3324039.000000
2840747.000000
3403658.000000
4547135.000000
3353132.000000
4179868.000000
1979706.000000
4315951.000000
3276481.000000
3896637.000000
4461250.000000
4401101.000000
3711634.000000
374354.000000
4372741.000000
3541092.000000
3675469.000000
2822198.000000
4510432.000000
3843196.000000
4382441.000000
4797118.000000
3936213.000000
4146396.000000
4023510.000000
435928.000000
4245236.000000
3620986.000000
4536838.000000
4248213.000000
3755204.000000
3256841.000000
652140.000000
4376565.000000
4202936.000000
4349794.000000
4241889.000000
495537.000000
2109206.000000
3679313.000000
113612.000000
1576917.000000
4256105.000000
4290236.000000
3907968.000000
2261078.000000
3654130.000000
3489590.000000
206489.000000
3717185.000000
4205901.000000
1518409.000000
3892800.000000
287876.000000
3030004.000000
2703805.000000
4267081.000000
667909.000000
5212955.000000
3502950.000000
4285644.000000
4223951.000000
2210199.000000
3938252.000000
4178470.000000
4190206.000000
3171959.000000
4091450.000000
4937764.000000
4120739.000000
4431643.000000
3947729.000000
3334957.000000
2108852.000000
3187095.000000
4240687.000000
87660.000000
4271198.000000
4595547.000000
3365810.000000
2703628.000000
3478392.000000
2688970.000000
4339056.000000
113691.000000
4388587.000000
1979405.000000
2459184.000000
4920275.000000
91193.000000
4588370.000000
378715.000000
4063084.000000
3852980.000000
4092364.000000
4385277.000000
3983518.000000
4467244.000000
4489279.000000
3360779.000000
4493002.000000
4246713.000000
1651094.000000
4075879.000000
3273448.000000
4085504.000000
3982675.000000
3013642.000000
472005.000000
962129.000000
2642989.000000
4541802.000000
4562762.000000
1862059.000000
3992891.000000
4713275.000000
2789330.000000
4648033.000000
4063518.000000
4661767.000000
3607790.000000
3601438.000000
293347.000000
4669262.000000
4269392.000000
1362331.000000
4503084.000000
4835752.000000
907725.000000
63685.000000
2723530.000000
1377941.000000
3370405.000000
3995762.000000
3624648.000000
3792527.000000
4724277.000000
4351870.000000
4523261.000000
3624694.000000
5029473.000000
1123984.000000
3972418.000000
1670149.000000
3445799.000000
4311915.000000
1377905.000000
1069142.000000
4931328.000000
4155725.000000
4492938.000000
4519743.000000
2159917.000000
3633964.000000
4692918.000000
2109865.000000
4352027.000000
484504.000000
4573222.000000
2003151.000000
2757813.000000
459499.000000
4413463.000000
4154379.000000
116718.000000
4246195.000000
559347.000000
4127939.000000
3676256.000000
1558569.000000
3341348.000000
4634668.000000
3813517.000000
4171331.000000
3173173.000000
2328537.000000
4031504.000000
3324895.000000
4529591.000000
3441192.000000
1288997.000000
439559.000000
4165635.000000
900106.000000
2612903.000000
4086271.000000
2241758.000000
3142591.000000
1296764.000000
2956114.000000
3354662.000000
4406967.000000
4339758.000000
950202.000000
4238434.000000
3736417.000000
4541692.000000
2258962.000000
2979597.000000
4243341.000000
3905726.000000
4219611.000000
4208969.000000
2809685.000000
2312747.000000
3844047.000000
278083.000000
4451544.000000
2719557.000000
2563264.000000
4335059.000000
3704998.000000
4005830.000000
1486170.000000
3679653.000000
3934978.000000
4408961.000000
4119069.000000
4384201.000000
1452651.000000
770426.000000
4787991.000000
459314.000000
2325937.000000
3444364.000000
4743464.000000
4172590.000000
899817.000000
4663327.000000
4215749.000000
2831599.000000
2919380.000000
135201.000000
4270424.000000
3253594.000000
3670398.000000
4069681.000000
4235513.000000
3969225.000000
4507395.000000
2802365.000000
4302348.000000
4496110.000000
4764431.000000
390060.000000
4369059.000000
4003369.000000
3674989.000000
1271421.000000
3406800.000000
4289415.000000
4321963.000000
2957147.000000
1599347.000000
4173181.000000
4019235.000000
2580576.000000
4108338.000000
3766730.000000
3447112.000000
4825173.000000
4071980.000000
4392960.000000
1211171.000000
3075431.000000
1472464.000000
3931278.000000
3589639.000000
3151104.000000
887565.000000
3901037.000000
3072234.000000
4830538.000000
4789629.000000
4023744.000000
4223490.000000
3825249.000000
3948723.000000
3613622.000000
3909135.000000
1030752.000000
3358875.000000
3252947.000000
3351556.000000
1617326.000000
3759934.000000
4581250.000000
5073580.000000
2097356.000000
4846563.000000
4524621.000000
1105578.000000
3972663.000000
4400764.000000
4563214.000000
3482515.000000
3907531.000000
3368697.000000
2772059.000000
4506905.000000
4740321.000000
3840886.000000
4704379.000000
4177673.000000
3140666.000000
4150385.000000
279180.000000
2324125.000000
4687835.000000
527713.000000
1919406.000000
2930067.000000
3396761.000000
3280106.000000
4021178.000000
1831659.000000
3570293.000000
4160580.000000
3713721.000000
4222267.000000
4031167.000000
3831365.000000
3434716.000000
2874404.000000
126175.000000
4281184.000000
3576956.000000
2359795.000000
4258840.000000
4097873.000000
4675467.000000
3652983.000000
4294683.000000
3628660.000000
2695087.000000
3608117.000000
2523528.000000
2971143.000000
2863449.000000
3689305.000000
3550575.000000
3300971.000000
4448750.000000
1052152.000000
378480.000000
3314571.000000
603505.000000
4427990.000000
2325975.000000
3292479.000000
4920275.000000
1443770.000000
4331316.000000
4441294.000000
4403588.000000
4470470.000000
3706641.000000
3534731.000000
3212118.000000
3817986.000000
4469593.000000
4949248.000000
4866904.000000
2161906.000000
2229724.000000
4600588.000000
4671809.000000
3822183.000000
2603237.000000
3269797.000000
3102829.000000
3594822.000000
769988.000000
2938435.000000
4851918.000000
611558.000000
4397651.000000
3574992.000000
3278827.000000
4334006.000000
1778708.000000
3062278.000000
2913965.000000
4609242.000000
3892758.000000
4185049.000000
4410925.000000
3954531.000000
4184962.000000
1241673.000000
4313612.000000
3370662.000000
4423895.000000
3969559.000000
3856244.000000
1261050.000000
2838991.000000
1274162.000000
4401501.000000
434246.000000
4697538.000000
3367752.000000
3451015.000000
4125560.000000
1362367.000000
4440369.000000
4141717.000000
4208704.000000
3056098.000000
3857647.000000
3725241.000000
4141649.000000
2332772.000000
470274.000000
5110232.000000
4548068.000000
1856006.000000
1111833.000000
4473649.000000
3721413.000000
3550970.000000
162168.000000
2635557.000000
3135639.000000
4069733.000000
4878688.000000
167789.000000
1495784.000000
1884546.000000
3847006.000000
4543806.000000
4317131.000000
4679895.000000
1330971.000000
4456819.000000
2905131.000000
4099734.000000
4262818.000000
322850.000000
3544881.000000
4071831.000000
4163741.000000
127645.000000
4613271.000000
2488272.000000
4241839.000000
1352724.000000
2976794.000000
4587749.000000
2591500.000000
3831051.000000
615633.000000
1085091.000000
2523101.000000
4753890.000000
4589077.000000
2147989.000000
4422802.000000
4178218.000000
3452322.000000
4270977.000000
605553.000000
4312840.000000
4732018.000000
4343671.000000
3821971.000000
936230.000000
624629.000000
1675232.000000
1636339.000000
2462479.000000
4939380.000000
2519122.000000
3360591.000000
4405384.000000
1853017.000000
4260230.000000
635554.000000
4580559.000000
4309865.000000
2589172.000000
236147.000000
4213020.000000
4102871.000000
4176966.000000
1461723.000000
4186255.000000
3586962.000000
3467019.000000
3763823.000000
507974.000000
4329388.000000
3532270.000000
2605510.000000
1619772.000000
1149895.000000
4019683.000000
4030770.000000
4212819.000000
4556473.000000
4507870.000000
3705853.000000
3955137.000000
3336458.000000
1874185.000000
4099077.000000
2823231.000000
2883611.000000
892563.000000
3138226.000000
3888649.000000
1172826.000000
3911997.000000
3029097.000000
1428292.000000
2717511.000000
4675467.000000
3315344.000000
4170424.000000
3975995.000000
4307047.000000
4137350.000000
4110500.000000
5299302.000000
1786869.000000
4340166.000000
3322520.000000
82850.000000
4612759.000000
4024822.000000
1689159.000000
524757.000000
4453169.000000
4774725.000000
4677736.000000
2328531.000000
4450506.000000
2915425.000000
2555265.000000
3736698.000000
2068648.000000
3655047.000000
3826583.000000
4388587.000000
4803140.000000
3748293.000000
146970.000000
3904318.000000
2562834.000000
4622537.000000
4203821.000000
612005.000000
2127834.000000
153065.000000
3208372.000000
718013.000000
4253962.000000
4141303.000000
1757143.000000
4676510.000000
4848199.000000
3735164.000000
4181343.000000
2648570.000000
4349746.000000
4429963.000000
2952399.000000
2935093.000000
3439791.000000
2980277.000000
4890096.000000
3751237.000000
5172385.000000
4814299.000000
3082216.000000
3955468.000000
4111179.000000
1587573.000000
3041879.000000
4916839.000000
4179316.000000
4352866.000000
4114731.000000
3711010.000000
230055.000000
755079.000000
1879570.000000
3423483.000000
4859530.000000
4187567.000000
588513.000000
4726865.000000
3924305.000000
4045203.000000
2717515.000000
3075784.000000
3147155.000000
3236745.000000
3134205.000000
3781564.000000
2022146.000000
4360789.000000
4145950.000000
4586237.000000
2755888.000000
3933077.000000
1991398.000000
3204296.000000
625616.000000
4706808.000000
5135113.000000
3680459.000000
4376710.000000
4198025.000000
485680.000000
4656567.000000
821614.000000
3853184.000000
3850461.000000
4173950.000000
4729545.000000
4179489.000000
2990148.000000
3497681.000000
3235005.000000
4158878.000000
4420701.000000
4107179.000000
4254787.000000
3768373.000000
3849629.000000
1016416.000000
4495099.000000
3138995.000000
1079005.000000
1627976.000000
1933831.000000
4444140.000000
3973793.000000
4455566.000000
3939121.000000
1508752.000000
4555618.000000
3827079.000000
3407886.000000
3724046.000000
2397111.000000
4218564.000000
4379927.000000
970608.000000
4521858.000000
4675467.000000
4051889.000000
4088456.000000
4140504.000000
4828330.000000
4280634.000000
427663.000000
4846387.000000
4776960.000000
3652792.000000
3742478.000000
4456152.000000
4661139.000000
2122689.000000
4571943.000000
3328929.000000
4969329.000000
4455907.000000
4412965.000000
4578285.000000
4291493.000000
2607225.000000
3447233.000000
706041.000000
1946503.000000
4717098.000000
4321728.000000
4798948.000000
4194019.000000
4475072.000000
4093708.000000
4607513.000000
3811587.000000
3948483.000000
749169.000000
4674975.000000
124904.000000
406704.000000
3929316.000000
3275466.000000
4400347.000000
4116866.000000
4437929.000000
184437.000000
2998138.000000
4565704.000000
2683491.000000
2086253.000000
2603522.000000
4510350.000000
4114254.000000
4665859.000000
3820651.000000
3417333.000000
2427913.000000
550608.000000
2634443.000000
2857166.000000
4495293.000000
4470735.000000
2294314.000000
3877738.000000
501897.000000
4512603.000000
2897846.000000
4593573.000000
2409231.000000
388665.000000
3774830.000000
2798937.000000
3805841.000000
2050571.000000
