0.000000
0.000000
0.000000
0.000000
0.000000
0.000000
0.000000
0.000000
0.000000
0.000000
0.000000
0.000000
0.000000
0.000000
0.000000
0.000000
0.000000
0.000000
0.000000
0.000000
0.000000
0.000000
0.000000
0.000000
0.000000
5187600.000000
2613098.000000
2578995.000000
2458113.000000
3167748.000000
3040619.000000
3063312.000000
2400581.000000
3136786.000000
3057928.000000
1744887.000000
589768.000000
2861280.000000
2248545.000000
2793481.000000
2433323.000000
2685920.000000
557759.000000
1556712.000000
2686356.000000
3271621.000000
2732868.000000
2438709.000000
2389982.000000
1271129.000000
1756018.000000
491850.000000
2890828.000000
1450225.000000
2323083.000000
2715533.000000
2446349.000000
2692783.000000
3087135.000000
2730351.000000
1080962.000000
3004012.000000
2151477.000000
2870978.000000
3292478.000000
3111034.000000
2818040.000000
2888993.000000
2829966.000000
3117626.000000
2805564.000000
1999630.000000
532176.000000
2838044.000000
2698955.000000
3373281.000000
2944310.000000
2618325.000000
2904042.000000
2789937.000000
194985.000000
3067538.000000
2968996.000000
1533441.000000
2967792.000000
2836682.000000
1636323.000000
2585988.000000
2850600.000000
3229827.000000
2800212.000000
3056598.000000
2421990.000000
3275972.000000
3170103.000000
2037087.000000
1942681.000000
2326322.000000
3148897.000000
3094653.000000
3233674.000000
2392409.000000
1774740.000000
2611790.000000
2951469.000000
3199497.000000
1564111.000000
2742447.000000
1865088.000000
2959209.000000
2738571.000000
2725992.000000
2588732.000000
2763771.000000
2854660.000000
2900413.000000
3413851.000000
2927118.000000
1221886.000000
3041213.000000
2697604.000000
3320770.000000
2966839.000000
3222213.000000
2797728.000000
2921734.000000
2000174.000000
3070605.000000
3397225.000000
2966404.000000
2728501.000000
3423585.000000
2783461.000000
2767560.000000
612759.000000
2813248.000000
1989798.000000
824537.000000
3196413.000000
2928053.000000
1214311.000000
2466263.000000
2332622.000000
2533876.000000
261455.000000
2507108.000000
2059592.000000
1498264.000000
1297328.000000
141819.000000
3116293.000000
1977128.000000
2624210.000000
3064435.000000
1302437.000000
3178838.000000
2414228.000000
173888.000000
2697925.000000
2727991.000000
2842783.000000
3354854.000000
3033185.000000
2888839.000000
1680969.000000
3010724.000000
670511.000000
1927020.000000
2975641.000000
2763519.000000
2733681.000000
3315210.000000
2876164.000000
2578806.000000
2415808.000000
3212958.000000
3012044.000000
2782966.000000
2958798.000000
2858243.000000
3082141.000000
432990.000000
3244948.000000
1577543.000000
2712284.000000
3123447.000000
2971381.000000
2008777.000000
2643139.000000
2149056.000000
2804379.000000
3236411.000000
3419637.000000
3076405.000000
3219008.000000
2727558.000000
2081201.000000
2861808.000000
2784986.000000
3080209.000000
121876.000000
2796734.000000
1515822.000000
3079460.000000
1306906.000000
3172671.000000
2986675.000000
731167.000000
2584626.000000
1333411.000000
2865126.000000
2099132.000000
2999490.000000
3043441.000000
3569748.000000
2424327.000000
2172441.000000
448045.000000
2830616.000000
991093.000000
2082342.000000
2765816.000000
970159.000000
2816729.000000
2565162.000000
129202.000000
2925285.000000
2492456.000000
1628662.000000
2138271.000000
2895468.000000
2694854.000000
875967.000000
3170154.000000
2663022.000000
3284198.000000
3225451.000000
3130434.000000
3230134.000000
2825804.000000
2133947.000000
3056598.000000
1422681.000000
2956419.000000
3216494.000000
2642480.000000
735786.000000
2758129.000000
3130821.000000
2596463.000000
2895780.000000
2955948.000000
2894728.000000
259820.000000
1534101.000000
984319.000000
2415349.000000
2372239.000000
2970410.000000
2912068.000000
2904723.000000
2834214.000000
1393030.000000
2566441.000000
2495310.000000
2546701.000000
3291197.000000
2430037.000000
3265258.000000
1646961.000000
2921734.000000
2665131.000000
3046482.000000
3149618.000000
2979964.000000
2513415.000000
485094.000000
2953872.000000
2861068.000000
2649889.000000
2092035.000000
2495123.000000
3055917.000000
3193197.000000
3007666.000000
2713669.000000
2961106.000000
3270380.000000
424802.000000
2937699.000000
2631146.000000
2824360.000000
2839012.000000
2491106.000000
2379006.000000
609131.000000
3287444.000000
3144339.000000
3178079.000000
3209214.000000
487034.000000
1837116.000000
2513743.000000
119275.000000
1666526.000000
3051270.000000
3085518.000000
2580487.000000
1995128.000000
2880146.000000
2790370.000000
222341.000000
2908756.000000
2916099.000000
1407233.000000
2706265.000000
325294.000000
2597303.000000
2289033.000000
3175697.000000
642226.000000
2951993.000000
2911025.000000
2994626.000000
3105397.000000
1861555.000000
2859210.000000
2541602.000000
3127281.000000
2586796.000000
2976314.000000
3029496.000000
2746922.000000
3072974.000000
2708615.000000
2656509.000000
1877028.000000
2480611.000000
3364268.000000
87306.000000
3220556.000000
2784318.000000
2489648.000000
2110162.000000
2326164.000000
2265120.000000
2623219.000000
111523.000000
3238700.000000
1697167.000000
2107960.000000
3318822.000000
86384.000000
3055513.000000
358035.000000
2799899.000000
2463859.000000
3043559.000000
3113193.000000
2853257.000000
2908263.000000
2747724.000000
2552512.000000
3390378.000000
2849511.000000
1308847.000000
2985568.000000
2311479.000000
3142047.000000
3024624.000000
2696024.000000
436839.000000
771855.000000
2272369.000000
2692903.000000
3070647.000000
1555460.000000
3285580.000000
3165651.000000
2313787.000000
3374333.000000
2965766.000000
2825521.000000
2930844.000000
2664208.000000
275605.000000
2892590.000000
2782200.000000
1187419.000000
3155278.000000
3096732.000000
859696.000000
83080.000000
2081504.000000
1228228.000000
2605017.000000
2886680.000000
2767790.000000
2657374.000000
3334297.000000
2856177.000000
3181841.000000
2745717.000000
3280102.000000
995186.000000
2932607.000000
1603889.000000
2798309.000000
2986177.000000
1256876.000000
1014789.000000
3188065.000000
3164553.000000
3007967.000000
2955163.000000
2096282.000000
2881308.000000
3164627.000000
1922478.000000
2967962.000000
522244.000000
3194908.000000
1674113.000000
2014679.000000
452754.000000
2691678.000000
3016706.000000
109428.000000
2825148.000000
686070.000000
2682510.000000
2940455.000000
1490937.000000
3041007.000000
3145657.000000
2838021.000000
2972539.000000
2685927.000000
1996238.000000
2673494.000000
2617802.000000
3122803.000000
2794645.000000
1355504.000000
434984.000000
3138761.000000
862349.000000
2193231.000000
2998396.000000
1778098.000000
2438775.000000
1365795.000000
2284716.000000
2875448.000000
2575039.000000
3432331.000000
1004871.000000
3060958.000000
2804881.000000
3028584.000000
1787897.000000
2440611.000000
2606103.000000
3292745.000000
3419367.000000
2926570.000000
2236409.000000
1953943.000000
2830519.000000
224675.000000
2949346.000000
2165028.000000
2198930.000000
3251095.000000
2606043.000000
3122466.000000
1361131.000000
2769618.000000
2802696.000000
3153783.000000
2914328.000000
2730087.000000
1132628.000000
658837.000000
2923893.000000
582520.000000
1835806.000000
2423628.000000
2883128.000000
2655520.000000
923683.000000
3046883.000000
2834857.000000
2098925.000000
2210683.000000
158146.000000
2703840.000000
2490400.000000
2912384.000000
2698720.000000
2756287.000000
2958356.000000
3097656.000000
2277286.000000
3094345.000000
3114130.000000
3145567.000000
442699.000000
3052024.000000
2882149.000000
2923447.000000
1314375.000000
2665216.000000
2915335.000000
2904788.000000
2403174.000000
1416576.000000
2831769.000000
3258904.000000
2050168.000000
3155830.000000
2483745.000000
3084310.000000
3080554.000000
2997486.000000
3092733.000000
1066819.000000
2240807.000000
1372146.000000
2977353.000000
2986519.000000
2685385.000000
931492.000000
2866908.000000
2706613.000000
3259879.000000
2735614.000000
2678503.000000
2910603.000000
2601643.000000
2724903.000000
2802112.000000
2509352.000000
888641.000000
2580197.000000
2808385.000000
2685999.000000
1270070.000000
2574212.000000
3041848.000000
3029884.000000
1876080.000000
3366735.000000
2824969.000000
1134270.000000
2812824.000000
2975102.000000
3368018.000000
2916394.000000
2965695.000000
2562624.000000
2360671.000000
2994513.000000
2952896.000000
3125809.000000
2974572.000000
2933319.000000
2447835.000000
3191187.000000
274957.000000
1900995.000000
3000882.000000
521025.000000
1758218.000000
2377852.000000
2855429.000000
2598182.000000
2594830.000000
1635217.000000
2826478.000000
2760907.000000
2508746.000000
3177340.000000
2771829.000000
2491625.000000
2682800.000000
2277883.000000
161326.000000
2876824.000000
2938612.000000
2100477.000000
3169350.000000
3194631.000000
2934673.000000
2595054.000000
2675364.000000
2802560.000000
2451405.000000
3053667.000000
1872644.000000
2675847.000000
2315007.000000
2881402.000000
2808738.000000
2581122.000000
3051098.000000
960372.000000
421879.000000
2643530.000000
620672.000000
2974366.000000
2033216.000000
2442948.000000
3308413.000000
1340343.000000
3103972.000000
2918624.000000
3089761.000000
3380531.000000
3172390.000000
2960013.000000
2473909.000000
2834062.000000
3011312.000000
3038385.000000
3101156.000000
1660637.000000
2137972.000000
3021548.000000
3042483.000000
2886981.000000
2101929.000000
2522763.000000
2133992.000000
2719954.000000
746661.000000
2269745.000000
2965503.000000
443628.000000
2647982.000000
2922802.000000
2372695.000000
2828251.000000
1461921.000000
2498523.000000
2064967.000000
2803819.000000
2845921.000000
2811599.000000
3252003.000000
2561827.000000
2846419.000000
1164104.000000
2666404.000000
2879828.000000
2735698.000000
3005653.000000
2834829.000000
1179047.000000
2385021.000000
949772.000000
3178351.000000
523629.000000
3351316.000000
2391754.000000
2626419.000000
3196581.000000
1236250.000000
2757855.000000
3300367.000000
3015144.000000
2458875.000000
3330350.000000
2811541.000000
3224862.000000
1822458.000000
425905.000000
3292885.000000
2927151.000000
1697104.000000
1045036.000000
3188684.000000
2705949.000000
2737938.000000
188654.000000
2122385.000000
2392118.000000
2778970.000000
3370332.000000
162154.000000
1357842.000000
1635717.000000
2855263.000000
2766200.000000
3110621.000000
3164553.000000
1204417.000000
3160712.000000
2127411.000000
3325057.000000
3144105.000000
320450.000000
2275984.000000
2651691.000000
3168131.000000
108765.000000
3144911.000000
2316919.000000
2534009.000000
1254859.000000
2505845.000000
2687706.000000
2146185.000000
2788554.000000
567226.000000
1170628.000000
2073520.000000
2676233.000000
3001802.000000
1823439.000000
3329504.000000
2713823.000000
2616468.000000
3389314.000000
416686.000000
3390859.000000
3060833.000000
2800113.000000
2783302.000000
875853.000000
794068.000000
1651709.000000
1525811.000000
2028695.000000
2965706.000000
2078262.000000
2850969.000000
3053659.000000
1596832.000000
3435073.000000
744811.000000
2743068.000000
3198908.000000
2210156.000000
225787.000000
2920925.000000
3142413.000000
2790696.000000
1229195.000000
2932406.000000
2799639.000000
2605836.000000
2514476.000000
502851.000000
3005259.000000
2983579.000000
2064769.000000
1475712.000000
951724.000000
2989559.000000
2726129.000000
3039658.000000
2635219.000000
3043103.000000
3014817.000000
2736675.000000
2490612.000000
1769550.000000
2720405.000000
2258144.000000
2449935.000000
947361.000000
2289222.000000
3277193.000000
1255963.000000
3101742.000000
2566019.000000
1502854.000000
2482104.000000
2905436.000000
2633251.000000
2864759.000000
2686703.000000
3340923.000000
3044326.000000
3073652.000000
3239491.000000
1791671.000000
2944919.000000
2608299.000000
91793.000000
2940494.000000
3195312.000000
1396265.000000
608238.000000
3055919.000000
3033220.000000
2956406.000000
1935193.000000
3026108.000000
2425633.000000
2231587.000000
2682334.000000
1890464.000000
2908825.000000
2322210.000000
3238700.000000
3325160.000000
2949419.000000
138396.000000
2795264.000000
2060917.000000
3373053.000000
2463492.000000
571086.000000
1895650.000000
151048.000000
2288249.000000
656044.000000
3085007.000000
2678589.000000
1635257.000000
3418141.000000
3121734.000000
2873940.000000
3174258.000000
1985026.000000
3273557.000000
2890910.000000
2517409.000000
2539162.000000
2591707.000000
2403062.000000
3288656.000000
2482383.000000
3123277.000000
3127894.000000
2412580.000000
2858407.000000
2906647.000000
1657392.000000
2341954.000000
3153512.000000
2736168.000000
3077663.000000
2784543.000000
2371370.000000
218000.000000
746145.000000
1540214.000000
2843110.000000
3155891.000000
2603622.000000
597455.000000
3340541.000000
2405678.000000
2996287.000000
2120183.000000
2592461.000000
2465902.000000
2614238.000000
2599921.000000
2907983.000000
1625370.000000
3368090.000000
2657553.000000
3128234.000000
2222577.000000
2151021.000000
1693474.000000
2629906.000000
661860.000000
3209909.000000
3263899.000000
2740381.000000
3326381.000000
3024711.000000
475723.000000
3318371.000000
874530.000000
2652902.000000
2794165.000000
2928122.000000
2750721.000000
2963306.000000
2334661.000000
2840872.000000
2721097.000000
3293427.000000
2987333.000000
2814530.000000
3058465.000000
3174562.000000
2895753.000000
843885.000000
3225590.000000
2540558.000000
990205.000000
1484164.000000
1720483.000000
2854968.000000
2771922.000000
3055501.000000
3166816.000000
1646822.000000
3322204.000000
3045927.000000
2463849.000000
2648038.000000
2228987.000000
2749609.000000
3326492.000000
1055934.000000
3147603.000000
3171981.000000
2936537.000000
2938382.000000
3058987.000000
3391190.000000
3208122.000000
404533.000000
2727468.000000
3383419.000000
2757689.000000
2697802.000000
2863807.000000
2858760.000000
2014255.000000
3023192.000000
2671778.000000
3247039.000000
2907508.000000
3133188.000000
2899416.000000
3216617.000000
2105635.000000
2588723.000000
595362.000000
2101521.000000
3366606.000000
2532216.000000
3499313.000000
3045148.000000
2759513.000000
3327022.000000
2755072.000000
2932646.000000
2616545.000000
743008.000000
3051609.000000
117235.000000
602058.000000
3165983.000000
2906632.000000
2863725.000000
2788071.000000
3033595.000000
167600.000000
2321030.000000
2724593.000000
2229527.000000
1976694.000000
2233785.000000
3433892.000000
2671107.000000
3182455.000000
2839829.000000
2504716.000000
2072136.000000
491244.000000
2290652.000000
2476416.000000
2962652.000000
3218398.000000
2059998.000000
3036500.000000
369703.000000
3052446.000000
2365480.000000
2826734.000000
2095298.000000
381447.000000
2422923.000000
2509983.000000
3038365.000000
1684791.000000
