0.000000
0.000000
0.000000
0.000000
0.000000
0.000000
0.000000
0.000000
0.000000
0.000000
0.000000
0.000000
0.000000
0.000000
0.000000
0.000000
0.000000
0.000000
0.000000
0.000000
0.000000
0.000000
0.000000
0.000000
0.000000
0.000000
10429515.000000
4802372.000000
5732735.000000
5372912.000000
6689548.000000
6228714.000000
3038037.000000
5769194.000000
5431483.000000
2477846.000000
557632.000000
6472960.000000
3230818.000000
5965756.000000
4202968.000000
6431809.000000
586879.000000
1849697.000000
3585206.000000
6506994.000000
6106911.000000
4859136.000000
3140932.000000
1381929.000000
2099486.000000
588814.000000
5413449.000000
1911192.000000
3030432.000000
6002295.000000
4735146.000000
4010900.000000
6117263.000000
5255543.000000
965890.000000
5258381.000000
2906423.000000
5782811.000000
5965608.000000
6292535.000000
4653187.000000
4726635.000000
5172284.000000
5895030.000000
5157840.000000
2869537.000000
409149.000000
4818974.000000
4478027.000000
6887677.000000
5822458.000000
4056940.000000
6434759.000000
3981832.000000
202070.000000
6222670.000000
5784490.000000
1746948.000000
5612026.000000
4640501.000000
2072407.000000
5905048.000000
5419622.000000
6526162.000000
6611196.000000
5891603.000000
4270036.000000
6428639.000000
5005082.000000
2599069.000000
2463781.000000
3204889.000000
6353902.000000
6794751.000000
6535627.000000
3086726.000000
1875451.000000
4804857.000000
6121843.000000
6391773.000000
2096402.000000
5496670.000000
2034991.000000
6076800.000000
5733760.000000
5897494.000000
3731583.000000
6559632.000000
3809916.000000
4664181.000000
6188402.000000
6253674.000000
1366893.000000
4732435.000000
3293624.000000
5260859.000000
6408290.000000
5781648.000000
5283401.000000
5938645.000000
2975102.000000
6707178.000000
6618162.000000
5838655.000000
4263225.000000
6112114.000000
4818051.000000
4361878.000000
649664.000000
5326802.000000
2501343.000000
754738.000000
6150366.000000
4163608.000000
1274315.000000
3424556.000000
3262716.000000
4672891.000000
263174.000000
5841545.000000
2757224.000000
2016290.000000
1298636.000000
167523.000000
5873547.000000
2601252.000000
4104700.000000
6675376.000000
1825567.000000
6452737.000000
3405500.000000
198767.000000
5771512.000000
5565281.000000
5592673.000000
6002320.000000
6197185.000000
5908708.000000
1944873.000000
5933718.000000
577643.000000
2981156.000000
5967463.000000
5051845.000000
6079905.000000
5664411.000000
5734873.000000
3591156.000000
3947306.000000
5850791.000000
5879299.000000
6361084.000000
5426399.000000
5577446.000000
4899653.000000
431522.000000
6385970.000000
1637959.000000
5787993.000000
5734585.000000
4594485.000000
2161566.000000
3745523.000000
2685289.000000
5053287.000000
6336567.000000
6390176.000000
6408502.000000
6269384.000000
5986985.000000
3267118.000000
4392285.000000
4088309.000000
5607010.000000
107565.000000
5789214.000000
1502924.000000
5841907.000000
1678973.000000
4735315.000000
4940817.000000
804642.000000
4260019.000000
1493184.000000
5495487.000000
2941487.000000
5340041.000000
5524455.000000
6451269.000000
4083595.000000
3062496.000000
501078.000000
6172647.000000
971281.000000
2679751.000000
4152033.000000
1172555.000000
3768782.000000
6528410.000000
189205.000000
6151630.000000
3203776.000000
2264341.000000
3146925.000000
4353953.000000
4575579.000000
873627.000000
5221893.000000
6033767.000000
5542598.000000
6014560.000000
5494698.000000
5471693.000000
5752230.000000
2739316.000000
6324426.000000
1403230.000000
5800358.000000
5240584.000000
4585719.000000
793073.000000
6250024.000000
5456144.000000
3630836.000000
5860822.000000
5262843.000000
6112834.000000
215137.000000
1602338.000000
1238517.000000
4070391.000000
3195292.000000
5706344.000000
5603729.000000
5290064.000000
6140790.000000
1732408.000000
3765585.000000
3406626.000000
4877626.000000
6493202.000000
4580084.000000
5304166.000000
2012503.000000
5938645.000000
4089711.000000
5622998.000000
6160503.000000
5539986.000000
4911621.000000
387481.000000
6597137.000000
4589772.000000
4407846.000000
3429194.000000
6231056.000000
4905299.000000
5792053.000000
5779466.000000
5244961.000000
6361290.000000
5902042.000000
454080.000000
5969102.000000
4173522.000000
5473165.000000
5396509.000000
6288407.000000
4097863.000000
670228.000000
6380279.000000
5258742.000000
6047322.000000
5204403.000000
504946.000000
2415730.000000
4568534.000000
129159.000000
1481254.000000
5320961.000000
5012693.000000
5035198.000000
2327919.000000
4385391.000000
3898151.000000
208340.000000
5670406.000000
5575370.000000
1786397.000000
4810908.000000
278465.000000
3631181.000000
3492363.000000
5914579.000000
625825.000000
6768306.000000
4314033.000000
5497658.000000
5736163.000000
2427097.000000
4542301.000000
5417305.000000
6177585.000000
3710759.000000
5369836.000000
5946750.000000
5356844.000000
5407714.000000
5711418.000000
3835190.000000
2245312.000000
4084514.000000
5995363.000000
68067.000000
5487772.000000
6720705.000000
4469317.000000
3427315.000000
4863449.000000
2974646.000000
5729408.000000
106313.000000
6812039.000000
2410559.000000
3073029.000000
6149482.000000
113106.000000
6419462.000000
378862.000000
5841782.000000
5177520.000000
5002133.000000
5619855.000000
5150001.000000
6139991.000000
6020925.000000
5199060.000000
7010361.000000
5037588.000000
1516396.000000
4979551.000000
4569130.000000
4900789.000000
5974491.000000
3233539.000000
539370.000000
940877.000000
3179114.000000
5026808.000000
6302564.000000
1897030.000000
5176713.000000
6185985.000000
3245836.000000
6424113.000000
5745596.000000
6505257.000000
4274193.000000
4436494.000000
264474.000000
6208976.000000
6486371.000000
1587960.000000
5307004.000000
6340504.000000
947411.000000
70561.000000
3347034.000000
1430113.000000
3892620.000000
5192883.000000
4469503.000000
4343005.000000
6211488.000000
4848645.000000
6417300.000000
4745770.000000
5943366.000000
1245855.000000
6577587.000000
1897851.000000
4311878.000000
6207352.000000
1547253.000000
1214836.000000
5603191.000000
5146658.000000
5911983.000000
5337816.000000
2279141.000000
4161091.000000
5774938.000000
2271032.000000
5676573.000000
461520.000000
5817675.000000
1946491.000000
3373944.000000
467214.000000
5146299.000000
5360577.000000
146501.000000
6461846.000000
746508.000000
5817753.000000
4339147.000000
1479403.000000
4288270.000000
5753976.000000
4752789.000000
5644921.000000
3695007.000000
2799495.000000
5468778.000000
3867387.000000
6066927.000000
4314254.000000
1328409.000000
395615.000000
5604930.000000
936974.000000
2643398.000000
5158203.000000
2185494.000000
3989488.000000
1486711.000000
3150204.000000
4030371.000000
6532111.000000
5347022.000000
1013301.000000
5654740.000000
5923975.000000
7006890.000000
2291566.000000
3474156.000000
5598664.000000
5522161.000000
5023616.000000
5303535.000000
3477102.000000
2521840.000000
4941137.000000
234670.000000
5949939.000000
3037779.000000
2891028.000000
6167142.000000
5215689.000000
4815114.000000
1648209.000000
4329404.000000
4663804.000000
6226154.000000
5682245.000000
5386187.000000
1309513.000000
749982.000000
6854507.000000
522177.000000
2671501.000000
4160507.000000
6556276.000000
6046875.000000
961775.000000
6308467.000000
6784138.000000
3418147.000000
3419386.000000
147568.000000
5146013.000000
3977970.000000
4648098.000000
5754338.000000
6061543.000000
5452182.000000
6653028.000000
3360577.000000
5677668.000000
5705063.000000
5651939.000000
421549.000000
5955389.000000
4869641.000000
4346181.000000
1337785.000000
4128538.000000
5831052.000000
5953687.000000
3545842.000000
1502942.000000
5574172.000000
5798678.000000
2755888.000000
6100267.000000
5274779.000000
4670995.000000
5602571.000000
5269498.000000
6260231.000000
1352514.000000
3634035.000000
1639191.000000
4620790.000000
4577081.000000
3828946.000000
900422.000000
4407115.000000
3444250.000000
6151577.000000
6083744.000000
4109993.000000
5160341.000000
6440659.000000
5906843.000000
6039326.000000
5732368.000000
916910.000000
4265033.000000
3927551.000000
3996999.000000
1613385.000000
4802718.000000
5338758.000000
6309783.000000
2500662.000000
6524758.000000
6980967.000000
1026074.000000
5827736.000000
6275629.000000
6181899.000000
4648271.000000
4642671.000000
4140416.000000
3466677.000000
6261838.000000
6134298.000000
4440370.000000
5952689.000000
5091156.000000
3318955.000000
6228451.000000
335574.000000
2326695.000000
5939738.000000
648247.000000
2623526.000000
3082163.000000
3973195.000000
3517384.000000
4842009.000000
1795936.000000
4750290.000000
5605974.000000
4624462.000000
5304127.000000
6419376.000000
5162831.000000
3834139.000000
3623727.000000
141030.000000
6441227.000000
4634848.000000
2654547.000000
5159214.000000
4847186.000000
6273138.000000
4687890.000000
5069458.000000
5074298.000000
3023682.000000
5429017.000000
3256003.000000
3330674.000000
3459087.000000
4387840.000000
4411437.000000
4278146.000000
5910723.000000
953372.000000
407349.000000
4153751.000000
745772.000000
6582054.000000
2457243.000000
4411490.000000
6149482.000000
1315889.000000
5811352.000000
6962316.000000
5411229.000000
6421357.000000
4155212.000000
3888956.000000
4369464.000000
4990473.000000
6632772.000000
6497137.000000
5993924.000000
2008197.000000
2723510.000000
6229899.000000
7072748.000000
4433274.000000
3058379.000000
4102645.000000
3865294.000000
4301338.000000
798936.000000
3223693.000000
6268071.000000
599042.000000
6331290.000000
4784616.000000
4088522.000000
6605548.000000
1610351.000000
3810552.000000
3607369.000000
6964909.000000
4606410.000000
6075157.000000
5976923.000000
5521817.000000
6574963.000000
1188158.000000
5976717.000000
4452671.000000
5936320.000000
6222601.000000
4523598.000000
1483888.000000
3461084.000000
1346982.000000
5761499.000000
465631.000000
6116811.000000
4296645.000000
4235027.000000
5133522.000000
1302315.000000
5727040.000000
5676917.000000
4988308.000000
3584796.000000
5186769.000000
5270486.000000
4852781.000000
2692863.000000
542407.000000
6315310.000000
5397334.000000
1738897.000000
1187754.000000
6383776.000000
4485135.000000
4419877.000000
174378.000000
3026029.000000
3823932.000000
5631779.000000
6635726.000000
192834.000000
1499111.000000
2207567.000000
4554629.000000
5832423.000000
6047171.000000
5409505.000000
1296216.000000
6845004.000000
3437941.000000
5652145.000000
5298152.000000
349643.000000
4395083.000000
5894381.000000
4963023.000000
107125.000000
5815309.000000
3045016.000000
4900576.000000
1446066.000000
3597626.000000
6263516.000000
3264253.000000
5375061.000000
677618.000000
1389720.000000
2984199.000000
6094130.000000
5777716.000000
1929006.000000
6462823.000000
5490846.000000
3970614.000000
5612622.000000
624004.000000
6488021.000000
5660287.000000
6004998.000000
4707464.000000
1029791.000000
674914.000000
1658304.000000
1769552.000000
2647270.000000
5102026.000000
2570325.000000
4154621.000000
6068205.000000
1854491.000000
6030869.000000
768719.000000
5923921.000000
5878743.000000
2424139.000000
229617.000000
5708665.000000
6303925.000000
5484236.000000
1568816.000000
5038687.000000
4248305.000000
4137565.000000
4373399.000000
634763.000000
6530796.000000
4662313.000000
3101330.000000
1719701.000000
1199101.000000
5322034.000000
4963848.000000
5672483.000000
6119654.000000
5697373.000000
4819161.000000
5766575.000000
4191091.000000
1802542.000000
6645559.000000
3406486.000000
3218283.000000
1007116.000000
3945835.000000
5486096.000000
1308382.000000
4618664.000000
3417428.000000
1584953.000000
3159699.000000
6273138.000000
3917090.000000
5022916.000000
4775282.000000
6649689.000000
5117979.000000
5313400.000000
6055006.000000
2069606.000000
5094847.000000
4066904.000000
118186.000000
5017441.000000
5667719.000000
1752258.000000
613454.000000
6271811.000000
6045468.000000
5890660.000000
2999556.000000
6267786.000000
3540842.000000
2843875.000000
4748807.000000
2146918.000000
5060345.000000
4678762.000000
6812039.000000
6251563.000000
4726224.000000
128895.000000
4758924.000000
3242135.000000
5396205.000000
5960530.000000
596408.000000
2197730.000000
134609.000000
3976181.000000
582420.000000
6785326.000000
5200730.000000
2272550.000000
6160045.000000
6777353.000000
4473503.000000
5030025.000000
3040724.000000
6443045.000000
5883428.000000
3307435.000000
3273735.000000
4184107.000000
3836762.000000
5507383.000000
6434613.000000
6641987.000000
6756612.000000
3885718.000000
6051841.000000
6199058.000000
1889794.000000
3670366.000000
5834765.000000
5591534.000000
5811292.000000
6425732.000000
4443673.000000
249648.000000
890165.000000
1953636.000000
4260264.000000
6448153.000000
5690345.000000
585453.000000
6294406.000000
5105437.000000
6130509.000000
3296486.000000
3520629.000000
3813349.000000
4127734.000000
3688447.000000
4583714.000000
2172488.000000
6798524.000000
5131694.000000
6643665.000000
3514833.000000
4689950.000000
1776301.000000
3658453.000000
619572.000000
6025865.000000
6386877.000000
4443528.000000
6365342.000000
5822970.000000
527126.000000
5604935.000000
895143.000000
5093910.000000
4884941.000000
5807579.000000
6543560.000000
5641696.000000
3605061.000000
4151311.000000
3676644.000000
6139688.000000
6452343.000000
6148652.000000
5924035.000000
4709810.000000
5177616.000000
1062082.000000
6372053.000000
3612234.000000
863698.000000
1843198.000000
2232911.000000
5640781.000000
6495460.000000
6234202.000000
5161924.000000
1484679.000000
6134889.000000
5285944.000000
4243789.000000
4904498.000000
2571202.000000
5258997.000000
6066609.000000
864311.000000
6190246.000000
6273138.000000
4940019.000000
5186113.000000
6075490.000000
6013537.000000
6536446.000000
515237.000000
5703362.000000
5992604.000000
3945047.000000
4325438.000000
5660587.000000
6048598.000000
2216271.000000
6004704.000000
3904925.000000
6110539.000000
6702739.000000
6748522.000000
5689600.000000
6181949.000000
2935825.000000
4505794.000000
614691.000000
2358578.000000
6478959.000000
6338059.000000
6043821.000000
5641391.000000
6585756.000000
6633846.000000
6431797.000000
5023293.000000
4897465.000000
776223.000000
6201320.000000
106293.000000
482359.000000
5830903.000000
3963943.000000
6071215.000000
5905356.000000
5323465.000000
181593.000000
3651307.000000
6507278.000000
3319895.000000
2794504.000000
3124617.000000
5105974.000000
5776557.000000
6063201.000000
5529496.000000
4390424.000000
3208090.000000
513547.000000
2992588.000000
3460546.000000
5657245.000000
5940394.000000
2672925.000000
4907698.000000
583739.000000
5658861.000000
3061445.000000
6755772.000000
2449840.000000
350659.000000
5345199.000000
3108465.000000
4621250.000000
2165343.000000
