0.000000
0.000000
0.000000
0.000000
0.000000
0.000000
0.000000
0.000000
0.000000
0.000000
0.000000
0.000000
0.000000
0.000000
0.000000
0.000000
0.000000
0.000000
0.000000
0.000000
0.000000
0.000000
0.000000
0.000000
0.000000
0.000000
0.000000
0.000000
0.000000
0.000000
0.000000
0.000000
0.000000
0.000000
0.000000
0.000000
0.000000
0.000000
0.000000
0.000000
0.000000
0.000000
0.000000
0.000000
0.000000
0.000000
0.000000
0.000000
0.000000
0.000000
0.000000
0.000000
0.000000
0.000000
0.000000
0.000000
0.000000
0.000000
0.000000
0.000000
0.000000
0.000000
0.000000
0.000000
0.000000
0.000000
0.000000
0.000000
0.000000
0.000000
0.000000
0.000000
0.000000
0.000000
0.000000
0.000000
0.000000
0.000000
0.000000
0.000000
0.000000
0.000000
0.000000
0.000000
0.000000
0.000000
0.000000
0.000000
0.000000
0.000000
0.000000
0.000000
0.000000
0.000000
0.000000
0.000000
0.000000
0.000000
0.000000
0.000000
0.000000
0.000000
0.000000
0.000000
0.000000
0.000000
0.000000
0.000000
0.000000
0.000000
0.000000
0.000000
0.000000
0.000000
0.000000
0.000000
0.000000
0.000000
0.000000
0.000000
0.000000
0.000000
0.000000
0.000000
0.000000
0.000000
0.000000
0.000000
0.000000
0.000000
0.000000
0.000000
0.000000
0.000000
0.000000
0.000000
0.000000
0.000000
0.000000
0.000000
0.000000
0.000000
0.000000
0.000000
0.000000
0.000000
0.000000
0.000000
0.000000
0.000000
0.000000
0.000000
0.000000
0.000000
0.000000
0.000000
0.000000
0.000000
0.000000
0.000000
0.000000
0.000000
0.000000
0.000000
0.000000
0.000000
0.000000
0.000000
0.000000
0.000000
0.000000
0.000000
0.000000
0.000000
0.000000
0.000000
0.000000
0.000000
0.000000
0.000000
0.000000
0.000000
0.000000
0.000000
0.000000
0.000000
0.000000
0.000000
0.000000
0.000000
0.000000
0.000000
0.000000
0.000000
0.000000
0.000000
0.000000
0.000000
0.000000
0.000000
0.000000
0.000000
0.000000
0.000000
0.000000
0.000000
0.000000
0.000000
0.000000
0.000000
0.000000
0.000000
0.000000
0.000000
0.000000
0.000000
0.000000
0.000000
0.000000
0.000000
0.000000
0.000000
0.000000
0.000000
0.000000
0.000000
0.000000
0.000000
0.000000
0.000000
0.000000
0.000000
0.000000
0.000000
0.000000
0.000000
0.000000
0.000000
0.000000
0.000000
0.000000
0.000000
0.000000
0.000000
0.000000
0.000000
0.000000
0.000000
0.000000
0.000000
0.000000
0.000000
0.000000
0.000000
0.000000
0.000000
0.000000
0.000000
0.000000
0.000000
0.000000
0.000000
0.000000
0.000000
0.000000
0.000000
0.000000
0.000000
0.000000
0.000000
38308275.000000
5311817.000000
8728117.000000
20328453.000000
8709761.000000
8749906.000000
317267.000000
13678890.000000
5819515.000000
5503396.000000
3719877.000000
21989463.000000
8088675.000000
10312852.000000
9896965.000000
7934520.000000
13895899.000000
8976066.000000
506271.000000
22857347.000000
5348002.000000
8975665.000000
8835908.000000
17335305.000000
6438938.000000
695935.000000
17248103.000000
7924426.000000
19600461.000000
8404057.000000
543058.000000
2271901.000000
8325203.000000
115686.000000
1571391.000000
10482710.000000
10730503.000000
9634748.000000
2428094.000000
6122688.000000
5051384.000000
287728.000000
13749912.000000
11214803.000000
1701503.000000
7473220.000000
309816.000000
4647230.000000
3582580.000000
14468787.000000
577245.000000
15808118.000000
6047595.000000
8764135.000000
14516407.000000
2512062.000000
5789587.000000
7942866.000000
14957420.000000
5022060.000000
9382109.000000
14135802.000000
9445153.000000
8762808.000000
21152091.000000
3885654.000000
2112666.000000
5254610.000000
20187075.000000
57347.000000
20060816.000000
15535062.000000
7491292.000000
3676370.000000
9389805.000000
3187245.000000
19771641.000000
110913.000000
22137560.000000
2350437.000000
3565694.000000
20987199.000000
89359.000000
19187535.000000
344463.000000
16973246.000000
9930000.000000
7187933.000000
8123508.000000
8621021.000000
16245050.000000
16332421.000000
11086672.000000
19214344.000000
7544633.000000
1498156.000000
6241280.000000
8567754.000000
6671117.000000
19751026.000000
4273550.000000
481003.000000
859637.000000
3223154.000000
7568335.000000
10754120.000000
1963082.000000
8250042.000000
13187616.000000
3653072.000000
23904546.000000
14735058.000000
24487393.000000
5382757.000000
6511796.000000
305056.000000
12496583.000000
21817855.000000
1339731.000000
13450821.000000
19489839.000000
900643.000000
70759.000000
3715147.000000
1444442.000000
4616292.000000
9248264.000000
5655532.000000
7081315.000000
19661670.000000
7039723.000000
25718766.000000
5675716.000000
13911813.000000
1312385.000000
22801075.000000
2065765.000000
5614032.000000
20334799.000000
1504355.000000
1300846.000000
20135263.000000
6926157.000000
22856450.000000
9416802.000000
2454607.000000
5365393.000000
14211779.000000
1679586.000000
9179360.000000
447037.000000
9471669.000000
1752128.000000
3815047.000000
481932.000000
7986212.000000
9085207.000000
103391.000000
14069653.000000
625390.000000
14360709.000000
5746707.000000
1566920.000000
4887126.000000
10732383.000000
7991743.000000
10687915.000000
4492052.000000
2751203.000000
7700958.000000
4711204.000000
14188001.000000
6487702.000000
1557667.000000
323742.000000
17544630.000000
857495.000000
2860308.000000
8301931.000000
2258773.000000
5821121.000000
1529538.000000
3651328.000000
5510561.000000
19177934.000000
14027626.000000
1022778.000000
13262835.000000
12828125.000000
15883975.000000
1911299.000000
4353946.000000
13353198.000000
11200304.000000
8525949.000000
9570066.000000
4447872.000000
2724942.000000
7669080.000000
209490.000000
18064866.000000
3155645.000000
2953515.000000
12012797.000000
8509306.000000
9226833.000000
1499072.000000
5428863.000000
5736813.000000
23637968.000000
9181228.000000
8062286.000000
1251914.000000
914654.000000
21896814.000000
589019.000000
2420049.000000
5331275.000000
19519908.000000
14890560.000000
961648.000000
13509370.000000
23197264.000000
3784890.000000
4043782.000000
165912.000000
7154050.000000
4956785.000000
6874357.000000
13792766.000000
12687379.000000
9234783.000000
22625153.000000
3282308.000000
9353014.000000
11525455.000000
10225126.000000
446212.000000
15913841.000000
6438171.000000
4924906.000000
1171463.000000
5646852.000000
20928148.000000
12487991.000000
4123336.000000
1552936.000000
8525050.000000
9841446.000000
2734140.000000
15576801.000000
9257138.000000
6513861.000000
8403585.000000
9613392.000000
21477301.000000
1370925.000000
5159990.000000
1489303.000000
6793738.000000
6776880.000000
4933814.000000
770156.000000
6056054.000000
3746394.000000
12477953.000000
10763670.000000
7186757.000000
7474195.000000
23448120.000000
10986076.000000
13388050.000000
11174364.000000
857652.000000
5682861.000000
5202085.000000
4199951.000000
1329033.000000
6349015.000000
9286277.000000
16676207.000000
2461107.000000
20969255.000000
25159683.000000
944625.000000
17334853.000000
20554857.000000
13918515.000000
6334758.000000
7452358.000000
5864912.000000
3580130.000000
12991945.000000
11689139.000000
4862384.000000
15855972.000000
7912950.000000
3444767.000000
12808926.000000
317873.000000
2625738.000000
20459266.000000
561158.000000
2442936.000000
3456493.000000
4802337.000000
4271361.000000
8632613.000000
1426366.000000
6080589.000000
9287305.000000
7177169.000000
11244325.000000
13715415.000000
10771493.000000
4578505.000000
3969803.000000
158261.000000
14187126.000000
6844736.000000
2904010.000000
16680753.000000
6631969.000000
20938222.000000
7720769.000000
7135411.000000
8493757.000000
3460264.000000
8791591.000000
4190372.000000
3921640.000000
4520540.000000
5231399.000000
6644548.000000
6787928.000000
14367271.000000
919305.000000
405817.000000
5373113.000000
716279.000000
15256055.000000
2271691.000000
7230956.000000
16072318.000000
1336227.000000
23556183.000000
18379315.000000
10212671.000000
20138943.000000
5086022.000000
4437225.000000
7443562.000000
8021349.000000
25466804.000000
12993510.000000
19718028.000000
1962535.000000
2776782.000000
19716901.000000
22078989.000000
6720790.000000
2859926.000000
4832081.000000
5275956.000000
5335522.000000
721873.000000
3804600.000000
14609512.000000
577179.000000
20480954.000000
7713006.000000
6562660.000000
16225202.000000
1343853.000000
4269596.000000
4066957.000000
17323808.000000
7066817.000000
21226561.000000
17618870.000000
10680792.000000
19937481.000000
1544074.000000
20222366.000000
6137058.000000
24130231.000000
14665267.000000
5546181.000000
1613843.000000
3824447.000000
1353644.000000
19997478.000000
478297.000000
16506499.000000
6465148.000000
6058363.000000
7577976.000000
1681836.000000
11461122.000000
17484435.000000
7745086.000000
3620003.000000
6908032.000000
9117365.000000
7088610.000000
2642513.000000
474023.000000
22493402.000000
9285108.000000
1628983.000000
1042635.000000
22818581.000000
7424489.000000
5649577.000000
149953.000000
3306129.000000
3882003.000000
21972940.000000
14916432.000000
203440.000000
1787922.000000
2041941.000000
6653906.000000
11996379.000000
19654471.000000
7782764.000000
1151259.000000
16530667.000000
3811713.000000
17492484.000000
10837936.000000
292803.000000
5758063.000000
14422311.000000
7622132.000000
105555.000000
10662410.000000
2964468.000000
19250384.000000
1438584.000000
4612301.000000
23840009.000000
3724610.000000
8381280.000000
638786.000000
1412347.000000
3293178.000000
23869065.000000
21652490.000000
2120920.000000
25010235.000000
10336860.000000
5707905.000000
18939601.000000
627789.000000
24406003.000000
11231777.000000
24027104.000000
6090417.000000
910759.000000
593979.000000
1581926.000000
1589217.000000
3235186.000000
9210169.000000
2366259.000000
5791480.000000
22855665.000000
1687300.000000
10198609.000000
737023.000000
17240306.000000
16746949.000000
2337351.000000
148801.000000
15869686.000000
11837414.000000
8132101.000000
1522430.000000
7718659.000000
5381195.000000
6180068.000000
5132408.000000
535442.000000
24162331.000000
7174268.000000
2620388.000000
1589545.000000
1207606.000000
7756858.000000
7272061.000000
17245182.000000
13759950.000000
11069884.000000
6468030.000000
14136461.000000
5665091.000000
1739104.000000
18107164.000000
4512980.000000
3300450.000000
896243.000000
5798152.000000
11043493.000000
1473803.000000
6315968.000000
4065933.000000
1724109.000000
4022370.000000
25106398.000000
4274030.000000
6822276.000000
6888957.000000
15446546.000000
9012462.000000
11585352.000000
9354368.000000
1738095.000000
7369898.000000
5361552.000000
102341.000000
8298600.000000
8535202.000000
1611253.000000
599632.000000
16690487.000000
16584646.000000
12978541.000000
3272795.000000
15450342.000000
3874345.000000
2730837.000000
8191629.000000
2031566.000000
8581825.000000
7475872.000000
21655775.000000
16867107.000000
7222156.000000
118410.000000
7171170.000000
3857644.000000
7737553.000000
12970502.000000
579255.000000
2172044.000000
119669.000000
4958093.000000
679535.000000
18540474.000000
8377082.000000
1663595.000000
19383813.000000
22582051.000000
5214296.000000
9147502.000000
2522520.000000
14109497.000000
10298673.000000
3634439.000000
2991429.000000
6589456.000000
5877391.000000
10006066.000000
16139214.000000
16585615.000000
12018655.000000
4015113.000000
20242319.000000
15741253.000000
1743865.000000
3505851.000000
10520641.000000
10350949.000000
11135329.000000
19634261.000000
4962974.000000
224562.000000
833933.000000
2026943.000000
6983834.000000
23717721.000000
11084832.000000
562799.000000
16842370.000000
12567375.000000
21295770.000000
3651763.000000
3568947.000000
4441733.000000
5212852.000000
3944075.000000
6328911.000000
2432488.000000
14841340.000000
8153025.000000
19670640.000000
4253161.000000
7574169.000000
1838774.000000
4326586.000000
673701.000000
9455241.000000
17047307.000000
6398925.000000
17626275.000000
8365119.000000
523458.000000
9346938.000000
820674.000000
8680024.000000
7719979.000000
13214976.000000
23601450.000000
10273331.000000
4580968.000000
5199562.000000
4193198.000000
17276242.000000
24407143.000000
14593805.000000
11446030.000000
6245270.000000
7690830.000000
1136357.000000
20576303.000000
3651270.000000
912131.000000
1633971.000000
2419846.000000
10124545.000000
16189569.000000
19828013.000000
8866526.000000
1406742.000000
22048971.000000
9212447.000000
6225761.000000
9130403.000000
2398560.000000
8529415.000000
20860417.000000
997886.000000
23677271.000000
23104824.000000
8344292.000000
8321465.000000
13819012.000000
22209515.000000
13782844.000000
433923.000000
12705838.000000
14002143.000000
4694408.000000
5429304.000000
10295605.000000
19507461.000000
2182825.000000
24027799.000000
4478039.000000
19764112.000000
23209504.000000
13480095.000000
10420249.000000
14284212.000000
2405321.000000
7064593.000000
593060.000000
2215790.000000
24229459.000000
22974617.000000
16019646.000000
13571004.000000
19005174.000000
24500204.000000
24526112.000000
9672463.000000
6504433.000000
827717.000000
16521523.000000
104077.000000
447116.000000
11307747.000000
5572917.000000
11113756.000000
16044979.000000
8362586.000000
151097.000000
4613349.000000
19148918.000000
3921545.000000
2595044.000000
2907853.000000
8863884.000000
10402305.000000
14432291.000000
10732343.000000
6833208.000000
3310826.000000
526029.000000
2715873.000000
3647275.000000
9264936.000000
12910579.000000
2623696.000000
8624370.000000
583659.000000
9799731.000000
3753622.000000
23463156.000000
2645312.000000
296981.000000
11322004.000000
3259695.000000
5889950.000000
2011852.000000
