0.000000
0.000000
0.000000
0.000000
0.000000
0.000000
0.000000
0.000000
0.000000
0.000000
0.000000
0.000000
0.000000
0.000000
0.000000
0.000000
0.000000
0.000000
0.000000
0.000000
0.000000
0.000000
0.000000
0.000000
0.000000
0.000000
0.000000
0.000000
0.000000
0.000000
0.000000
0.000000
0.000000
0.000000
0.000000
0.000000
0.000000
0.000000
0.000000
0.000000
0.000000
0.000000
0.000000
0.000000
0.000000
0.000000
0.000000
0.000000
0.000000
0.000000
0.000000
0.000000
0.000000
0.000000
0.000000
0.000000
0.000000
0.000000
0.000000
0.000000
0.000000
0.000000
0.000000
0.000000
0.000000
0.000000
0.000000
0.000000
0.000000
0.000000
0.000000
0.000000
0.000000
0.000000
0.000000
0.000000
0.000000
0.000000
0.000000
0.000000
0.000000
0.000000
0.000000
0.000000
0.000000
0.000000
0.000000
0.000000
0.000000
0.000000
0.000000
0.000000
0.000000
0.000000
0.000000
0.000000
0.000000
0.000000
0.000000
0.000000
0.000000
0.000000
0.000000
0.000000
0.000000
0.000000
0.000000
0.000000
0.000000
0.000000
0.000000
0.000000
0.000000
0.000000
0.000000
0.000000
0.000000
0.000000
0.000000
0.000000
0.000000
0.000000
0.000000
0.000000
0.000000
0.000000
0.000000
0.000000
0.000000
0.000000
0.000000
0.000000
0.000000
0.000000
0.000000
0.000000
0.000000
0.000000
0.000000
0.000000
0.000000
0.000000
0.000000
0.000000
0.000000
0.000000
0.000000
0.000000
0.000000
0.000000
0.000000
0.000000
0.000000
0.000000
0.000000
0.000000
0.000000
0.000000
0.000000
0.000000
0.000000
0.000000
0.000000
0.000000
0.000000
0.000000
0.000000
0.000000
0.000000
0.000000
0.000000
0.000000
0.000000
0.000000
0.000000
0.000000
0.000000
0.000000
0.000000
0.000000
0.000000
0.000000
0.000000
0.000000
0.000000
0.000000
0.000000
0.000000
0.000000
0.000000
0.000000
0.000000
0.000000
0.000000
0.000000
0.000000
0.000000
0.000000
0.000000
0.000000
0.000000
0.000000
0.000000
0.000000
0.000000
0.000000
0.000000
0.000000
0.000000
0.000000
0.000000
0.000000
0.000000
0.000000
0.000000
0.000000
0.000000
0.000000
0.000000
0.000000
0.000000
0.000000
0.000000
0.000000
0.000000
0.000000
0.000000
0.000000
0.000000
0.000000
0.000000
0.000000
0.000000
0.000000
0.000000
0.000000
0.000000
0.000000
0.000000
0.000000
0.000000
0.000000
0.000000
0.000000
0.000000
0.000000
0.000000
0.000000
0.000000
0.000000
0.000000
0.000000
0.000000
0.000000
0.000000
0.000000
0.000000
0.000000
0.000000
0.000000
0.000000
0.000000
0.000000
0.000000
0.000000
0.000000
0.000000
0.000000
0.000000
0.000000
0.000000
0.000000
0.000000
0.000000
0.000000
0.000000
0.000000
0.000000
0.000000
0.000000
0.000000
62412530.000000
8507894.000000
10034136.000000
12089344.000000
8701544.000000
15680076.000000
10113922.000000
461772.000000
32555354.000000
5382248.000000
10593199.000000
10104258.000000
21250820.000000
6296983.000000
643098.000000
21070104.000000
8572710.000000
25005789.000000
7748509.000000
546901.000000
2238833.000000
8418051.000000
141758.000000
1481632.000000
11353171.000000
12056166.000000
9969578.000000
2443775.000000
5614694.000000
5053059.000000
213693.000000
17551579.000000
12166293.000000
1702156.000000
7023069.000000
310884.000000
4395499.000000
3856647.000000
16220577.000000
578425.000000
18594071.000000
6424954.000000
8530312.000000
16498756.000000
2618327.000000
6201894.000000
9648410.000000
16294544.000000
5573932.000000
9629505.000000
18571538.000000
10074628.000000
9548788.000000
52288280.000000
3835813.000000
2418993.000000
5439152.000000
27435934.000000
48093.000000
25648385.000000
19395567.000000
7443251.000000
4094313.000000
8636980.000000
3451976.000000
24721916.000000
115288.000000
32051798.000000
2433215.000000
3829197.000000
39706179.000000
99741.000000
26160333.000000
373712.000000
20565836.000000
10005174.000000
8329364.000000
9065709.000000
8527576.000000
19496323.000000
19598434.000000
10896684.000000
31566047.000000
8074946.000000
1468317.000000
6486204.000000
8533952.000000
7519909.000000
23988349.000000
4016047.000000
482674.000000
904539.000000
2756820.000000
7063190.000000
11777496.000000
1996752.000000
8563644.000000
14936837.000000
4064538.000000
39157130.000000
16914993.000000
37483299.000000
5333975.000000
6605350.000000
321154.000000
14588491.000000
28528136.000000
1213045.000000
16068178.000000
29846763.000000
952907.000000
71085.000000
4404715.000000
1426302.000000
3974949.000000
9682350.000000
6681427.000000
5558479.000000
25955278.000000
8069230.000000
37202436.000000
6285689.000000
17274329.000000
1211458.000000
32045789.000000
1975013.000000
6121713.000000
24399460.000000
1662703.000000
1343067.000000
28139049.000000
8175346.000000
40130709.000000
9785772.000000
2587044.000000
5552375.000000
15628465.000000
2053390.000000
10349026.000000
416580.000000
10324146.000000
1633561.000000
3850747.000000
504133.000000
7929043.000000
8814753.000000
124976.000000
17557018.000000
667452.000000
15505891.000000
5400814.000000
1703986.000000
5203588.000000
11663163.000000
8814592.000000
12246005.000000
4930987.000000
2796206.000000
8561718.000000
4305431.000000
15631374.000000
6150448.000000
1536649.000000
439319.000000
21018665.000000
812690.000000
2783929.000000
9790961.000000
2093841.000000
5025976.000000
1457283.000000
3094212.000000
5795690.000000
24504316.000000
17681486.000000
1096622.000000
15065713.000000
14963231.000000
19426159.000000
2237942.000000
4209018.000000
12981421.000000
12509534.000000
9286620.000000
10481129.000000
4409312.000000
3120481.000000
8362861.000000
277493.000000
26466310.000000
3006701.000000
2988393.000000
14256585.000000
8677783.000000
10556789.000000
1339255.000000
5728732.000000
5813746.000000
32948516.000000
10186411.000000
8843684.000000
1211206.000000
834828.000000
29743844.000000
484960.000000
2577577.000000
4878978.000000
25140105.000000
18163175.000000
906521.000000
15762395.000000
36250092.000000
3485218.000000
3623777.000000
132992.000000
8790547.000000
5432424.000000
6788794.000000
16248315.000000
14397249.000000
9029324.000000
31142966.000000
3529912.000000
9048177.000000
12239426.000000
10141277.000000
342038.000000
17818913.000000
7303417.000000
5608332.000000
1265037.000000
5386405.000000
28158642.000000
13749836.000000
4274143.000000
1564601.000000
9837190.000000
10688893.000000
2182668.000000
18383761.000000
10292413.000000
6972815.000000
9805507.000000
9048119.000000
29909194.000000
1315260.000000
5044570.000000
1576621.000000
7331830.000000
7358781.000000
4307478.000000
790799.000000
4930784.000000
3603671.000000
13161288.000000
11620305.000000
8006911.000000
8238426.000000
35728449.000000
11630553.000000
15468444.000000
10006465.000000
901970.000000
5726197.000000
5006050.000000
4520974.000000
1314729.000000
6201536.000000
10088324.000000
22509963.000000
2520766.000000
30547679.000000
39110451.000000
965421.000000
22220383.000000
28593175.000000
15753138.000000
6541390.000000
7446122.000000
5134089.000000
3708721.000000
17593849.000000
14083165.000000
5388727.000000
20227499.000000
8496019.000000
3675804.000000
13232703.000000
278173.000000
2437901.000000
26492112.000000
593231.000000
2339172.000000
3003891.000000
4655341.000000
4460568.000000
8125871.000000
1457111.000000
6320653.000000
9596758.000000
7055988.000000
11820690.000000
17667180.000000
10315139.000000
4640807.000000
3922426.000000
160608.000000
17056265.000000
5865020.000000
2440561.000000
21353462.000000
7361857.000000
27371175.000000
6491372.000000
8238720.000000
8167008.000000
3087413.000000
9229885.000000
3379822.000000
3711674.000000
4640113.000000
5132749.000000
6041712.000000
5891294.000000
16892033.000000
972364.000000
338037.000000
5451365.000000
723584.000000
17141846.000000
2012647.000000
7380898.000000
20570325.000000
1279953.000000
37281034.000000
23956869.000000
10547151.000000
24998495.000000
4895606.000000
4590826.000000
7148182.000000
10393720.000000
41409805.000000
16316319.000000
28647641.000000
2109485.000000
2820403.000000
25507342.000000
29345223.000000
6832617.000000
2926807.000000
5554057.000000
5280272.000000
6270725.000000
892109.000000
4100630.000000
16296843.000000
530887.000000
26900882.000000
8050302.000000
5772536.000000
18541573.000000
1582138.000000
4401481.000000
4058956.000000
21700744.000000
6824133.000000
27575598.000000
23014714.000000
11660915.000000
25237495.000000
1275628.000000
24593776.000000
5881426.000000
37848914.000000
16584329.000000
5857160.000000
1483954.000000
4041758.000000
1310527.000000
30967996.000000
417464.000000
20674064.000000
5946023.000000
6111327.000000
7712794.000000
1689998.000000
12760965.000000
27846130.000000
7871672.000000
3502726.000000
7984873.000000
9846329.000000
6668543.000000
2879521.000000
486519.000000
35407175.000000
9189723.000000
1844985.000000
1212897.000000
38794089.000000
7657687.000000
5504429.000000
149057.000000
3263291.000000
4147785.000000
32459840.000000
18355702.000000
172871.000000
1609094.000000
1960116.000000
6276079.000000
12369032.000000
26617076.000000
9137185.000000
1504479.000000
19601653.000000
3822869.000000
22824172.000000
11279247.000000
226878.000000
5794508.000000
14594292.000000
6542099.000000
85970.000000
10760314.000000
2805104.000000
25268044.000000
1308591.000000
4598866.000000
36798754.000000
4038225.000000
10408018.000000
699789.000000
1351062.000000
3789359.000000
35580008.000000
30811992.000000
1886809.000000
36407490.000000
11066498.000000
5653726.000000
24836189.000000
640840.000000
37494852.000000
12348432.000000
32049472.000000
6846237.000000
848077.000000
647091.000000
1714595.000000
1715500.000000
3063753.000000
9773646.000000
2653569.000000
5610368.000000
41266450.000000
1946197.000000
10401037.000000
746352.000000
22165327.000000
20931882.000000
2290574.000000
161099.000000
20023031.000000
13906908.000000
9988669.000000
1533650.000000
8830216.000000
5438891.000000
5745183.000000
5437600.000000
654998.000000
38907308.000000
7138200.000000
2682500.000000
1736880.000000
1135096.000000
8157701.000000
8346212.000000
21483124.000000
16371675.000000
11282206.000000
6429441.000000
17274996.000000
6296768.000000
1792239.000000
20729115.000000
4508923.000000
3484884.000000
852046.000000
5611551.000000
13810832.000000
1521173.000000
6194003.000000
3517817.000000
1623038.000000
4150318.000000
36076456.000000
4122159.000000
8127858.000000
7609838.000000
19894535.000000
8644957.000000
13169551.000000
11399301.000000
1671988.000000
8359746.000000
5066311.000000
107474.000000
9252624.000000
10286653.000000
1740741.000000
563830.000000
19833930.000000
19735861.000000
15043919.000000
3035247.000000
17839750.000000
3864501.000000
2680505.000000
8093459.000000
2088734.000000
8652232.000000
7362988.000000
31154907.000000
21288616.000000
7265997.000000
119738.000000
9239997.000000
3652362.000000
7497783.000000
13744715.000000
603176.000000
2013208.000000
107343.000000
5825601.000000
615272.000000
24310555.000000
9359113.000000
1758690.000000
27905708.000000
37671145.000000
5513103.000000
9271393.000000
2690274.000000
18030594.000000
10991079.000000
4014140.000000
3431399.000000
6488885.000000
5395819.000000
12269508.000000
19166550.000000
20886850.000000
13678444.000000
4827634.000000
27487101.000000
19729857.000000
1891695.000000
3552861.000000
12316376.000000
11012476.000000
13375743.000000
27315068.000000
5534494.000000
227292.000000
807508.000000
2206892.000000
5642773.000000
34584029.000000
10687625.000000
618434.000000
20688675.000000
12014826.000000
29953259.000000
3902416.000000
3482196.000000
4464273.000000
5621052.000000
3760784.000000
6192110.000000
1815167.000000
17874202.000000
8660738.000000
26100197.000000
4190247.000000
8413791.000000
1861456.000000
4947837.000000
575758.000000
10614561.000000
20557166.000000
6338477.000000
21486392.000000
9135309.000000
476807.000000
10856820.000000
907496.000000
10362233.000000
7713086.000000
15441374.000000
39783016.000000
9690046.000000
4405778.000000
4891942.000000
4251522.000000
21483017.000000
40655784.000000
16982535.000000
12503080.000000
7912174.000000
7617229.000000
1154416.000000
28261780.000000
3817534.000000
955564.000000
1544219.000000
2393319.000000
9557498.000000
20060404.000000
26015537.000000
8351579.000000
1374362.000000
32570322.000000
9976072.000000
7967617.000000
9295108.000000
2414900.000000
8287643.000000
32768514.000000
896496.000000
36231538.000000
31074426.000000
8325805.000000
9920186.000000
16779774.000000
37031593.000000
16989132.000000
406542.000000
14564247.000000
16761722.000000
4294037.000000
5339631.000000
11212615.000000
23917369.000000
2218103.000000
36227167.000000
5114904.000000
25188232.000000
37725996.000000
16697893.000000
10538748.000000
16768404.000000
2784046.000000
7070961.000000
643016.000000
2221189.000000
35929041.000000
28487060.000000
21360415.000000
13342296.000000
23729462.000000
40292627.000000
32194195.000000
8481397.000000
6915453.000000
766073.000000
20700734.000000
102566.000000
379858.000000
12255982.000000
4870773.000000
12216604.000000
18743432.000000
8101354.000000
171671.000000
4427086.000000
24176623.000000
3990012.000000
2395030.000000
3505069.000000
9129160.000000
11572798.000000
15313660.000000
11643212.000000
6747617.000000
3237221.000000
481199.000000
3404969.000000
3626313.000000
11007086.000000
15448205.000000
2559831.000000
8196408.000000
617403.000000
10922710.000000
3557777.000000
38762439.000000
2356398.000000
359920.000000
11149235.000000
3106061.000000
6380332.000000
2160472.000000
