0.000000
0.000000
0.000000
0.000000
0.000000
0.000000
0.000000
0.000000
0.000000
0.000000
0.000000
0.000000
0.000000
0.000000
0.000000
0.000000
0.000000
0.000000
0.000000
0.000000
0.000000
0.000000
0.000000
0.000000
0.000000
0.000000
0.000000
0.000000
0.000000
0.000000
0.000000
0.000000
0.000000
0.000000
0.000000
0.000000
0.000000
0.000000
0.000000
0.000000
0.000000
0.000000
0.000000
0.000000
0.000000
0.000000
0.000000
0.000000
0.000000
0.000000
0.000000
0.000000
0.000000
0.000000
0.000000
0.000000
0.000000
0.000000
0.000000
0.000000
0.000000
0.000000
0.000000
0.000000
0.000000
0.000000
0.000000
0.000000
0.000000
0.000000
0.000000
0.000000
0.000000
0.000000
0.000000
0.000000
0.000000
0.000000
0.000000
0.000000
0.000000
0.000000
0.000000
0.000000
0.000000
0.000000
0.000000
0.000000
0.000000
0.000000
0.000000
0.000000
0.000000
0.000000
0.000000
0.000000
0.000000
0.000000
0.000000
0.000000
0.000000
0.000000
0.000000
0.000000
0.000000
0.000000
0.000000
0.000000
0.000000
0.000000
0.000000
0.000000
0.000000
0.000000
0.000000
0.000000
0.000000
0.000000
0.000000
0.000000
0.000000
0.000000
0.000000
0.000000
0.000000
0.000000
0.000000
0.000000
0.000000
0.000000
0.000000
0.000000
0.000000
0.000000
0.000000
0.000000
0.000000
0.000000
0.000000
0.000000
0.000000
0.000000
0.000000
0.000000
0.000000
0.000000
0.000000
0.000000
0.000000
0.000000
0.000000
0.000000
0.000000
0.000000
0.000000
0.000000
0.000000
0.000000
0.000000
0.000000
0.000000
0.000000
0.000000
0.000000
0.000000
0.000000
0.000000
0.000000
0.000000
0.000000
0.000000
0.000000
0.000000
0.000000
0.000000
0.000000
0.000000
0.000000
0.000000
0.000000
0.000000
0.000000
0.000000
0.000000
0.000000
0.000000
0.000000
0.000000
0.000000
0.000000
0.000000
0.000000
0.000000
0.000000
0.000000
0.000000
0.000000
0.000000
0.000000
0.000000
0.000000
0.000000
0.000000
0.000000
0.000000
0.000000
0.000000
0.000000
0.000000
0.000000
0.000000
0.000000
0.000000
0.000000
0.000000
0.000000
0.000000
0.000000
0.000000
0.000000
0.000000
0.000000
0.000000
0.000000
0.000000
0.000000
0.000000
0.000000
0.000000
0.000000
0.000000
0.000000
0.000000
0.000000
0.000000
0.000000
0.000000
0.000000
0.000000
0.000000
0.000000
0.000000
0.000000
0.000000
0.000000
0.000000
0.000000
0.000000
0.000000
0.000000
0.000000
0.000000
0.000000
0.000000
0.000000
0.000000
0.000000
0.000000
0.000000
0.000000
0.000000
0.000000
0.000000
0.000000
0.000000
0.000000
0.000000
0.000000
0.000000
0.000000
0.000000
0.000000
0.000000
0.000000
0.000000
0.000000
0.000000
0.000000
0.000000
0.000000
0.000000
0.000000
0.000000
0.000000
0.000000
0.000000
0.000000
0.000000
0.000000
0.000000
0.000000
0.000000
0.000000
0.000000
0.000000
0.000000
0.000000
0.000000
0.000000
0.000000
0.000000
0.000000
0.000000
0.000000
0.000000
18775850.000000
7991012.000000
6981013.000000
2261806.000000
5666131.000000
4865319.000000
201600.000000
9123275.000000
8498198.000000
1647368.000000
5693883.000000
302255.000000
4682529.000000
3456860.000000
9517157.000000
562113.000000
10285510.000000
5857023.000000
6928246.000000
9207853.000000
2540622.000000
5480355.000000
6892770.000000
9870213.000000
4765377.000000
6962446.000000
9424765.000000
7565945.000000
7222015.000000
10928118.000000
4642326.000000
2522962.000000
4321116.000000
11106660.000000
60553.000000
10967211.000000
9419686.000000
5497488.000000
3494013.000000
6348457.000000
3368413.000000
8934708.000000
101639.000000
11214678.000000
2327901.000000
3368911.000000
10916610.000000
92266.000000
11404428.000000
302772.000000
10028019.000000
7106118.000000
6914691.000000
7641207.000000
6583921.000000
9858189.000000
9305943.000000
7533277.000000
11640496.000000
6804046.000000
1573742.000000
5748646.000000
6591585.000000
6136637.000000
10483784.000000
4755204.000000
415186.000000
869220.000000
3212338.000000
5961384.000000
8265810.000000
1811460.000000
6874080.000000
8766246.000000
3940074.000000
11368300.000000
9619604.000000
10616648.000000
4863654.000000
5733728.000000
287045.000000
8794784.000000
9878701.000000
1458211.000000
8796288.000000
11117124.000000
957620.000000
73058.000000
3673410.000000
1493312.000000
4355495.000000
6519743.000000
5408298.000000
5259779.000000
10385127.000000
7232592.000000
12153559.000000
5822404.000000
10343453.000000
1193918.000000
10434953.000000
1909964.000000
5366249.000000
10427250.000000
1268837.000000
1020092.000000
11115441.000000
6561638.000000
11398249.000000
7098333.000000
3012514.000000
5466103.000000
9593014.000000
2473645.000000
7570000.000000
535073.000000
7228284.000000
2022490.000000
3638068.000000
386915.000000
6162735.000000
6827817.000000
103304.000000
10319031.000000
572958.000000
8823470.000000
5805560.000000
1592029.000000
5087271.000000
8080702.000000
6764364.000000
8123386.000000
4391185.000000
2567846.000000
7080157.000000
4330461.000000
9147640.000000
5592897.000000
1563190.000000
368430.000000
9667488.000000
900408.000000
2942533.000000
7360081.000000
2181667.000000
4535969.000000
1543373.000000
3339187.000000
5631112.000000
10836730.000000
9800265.000000
1021430.000000
9158849.000000
8801052.000000
9995490.000000
2593039.000000
3822280.000000
8282948.000000
8911607.000000
7575892.000000
7522237.000000
3451261.000000
2579115.000000
6114092.000000
276858.000000
10064963.000000
3063761.000000
3084618.000000
8443536.000000
6608622.000000
8110659.000000
1487852.000000
5200196.000000
5261240.000000
11614752.000000
7554237.000000
6728731.000000
1323078.000000
641059.000000
11095948.000000
603230.000000
2511701.000000
4705171.000000
11771641.000000
8844382.000000
905269.000000
9869716.000000
10086656.000000
3717114.000000
3851642.000000
145905.000000
6681578.000000
5216719.000000
6099199.000000
8479577.000000
8788555.000000
7710627.000000
11198103.000000
3687557.000000
7619364.000000
8628405.000000
7105371.000000
351466.000000
9929986.000000
5728965.000000
5549507.000000
1256735.000000
4624034.000000
10301831.000000
8576158.000000
3809306.000000
1574343.000000
7478580.000000
8140013.000000
2877054.000000
10721301.000000
6312842.000000
5981382.000000
7621007.000000
7280074.000000
10832220.000000
1280765.000000
3804775.000000
1630519.000000
6064774.000000
5998105.000000
5069764.000000
997950.000000
5254009.000000
3880785.000000
8447308.000000
8100191.000000
7411318.000000
6364417.000000
9905304.000000
7602442.000000
8984218.000000
7455514.000000
863313.000000
5407540.000000
5239198.000000
3952853.000000
1281684.000000
5755201.000000
8172267.000000
11259381.000000
2472256.000000
12290380.000000
10844732.000000
1377348.000000
10336488.000000
10962361.000000
9640477.000000
5906325.000000
6000458.000000
4644612.000000
4161203.000000
8953349.000000
9017168.000000
5520865.000000
10655273.000000
7077400.000000
3667548.000000
8557585.000000
319122.000000
2290773.000000
11563649.000000
497205.000000
2065719.000000
3223318.000000
5637478.000000
4192076.000000
6489901.000000
1473439.000000
5512923.000000
6758066.000000
5634904.000000
8479183.000000
9285404.000000
6967211.000000
4630132.000000
3978484.000000
168951.000000
9529422.000000
5660113.000000
3125803.000000
10523265.000000
6279751.000000
11143076.000000
6266569.000000
6650650.000000
6312109.000000
3550568.000000
6941919.000000
3643176.000000
3822246.000000
4016009.000000
5124564.000000
5452861.000000
5277206.000000
9637940.000000
885512.000000
326978.000000
4928645.000000
670372.000000
9554100.000000
2335157.000000
5963740.000000
10916610.000000
1495883.000000
9980618.000000
10598527.000000
7174853.000000
11858179.000000
5114041.000000
4652229.000000
6006576.000000
7295872.000000
11018902.000000
9042938.000000
10665224.000000
1901587.000000
2604101.000000
10399301.000000
10733186.000000
5522216.000000
2699728.000000
4753596.000000
4470554.000000
5917702.000000
805719.000000
3319560.000000
10108823.000000
456725.000000
10558206.000000
6719184.000000
4633621.000000
10327213.000000
1682709.000000
4251693.000000
3894012.000000
10219435.000000
5994506.000000
11296153.000000
11007918.000000
7023184.000000
9401220.000000
1178351.000000
10743192.000000
5556991.000000
11183103.000000
9679884.000000
6179581.000000
1566565.000000
4182708.000000
1276030.000000
10371171.000000
480708.000000
10344332.000000
5193474.000000
4889107.000000
6489715.000000
1463770.000000
8656198.000000
10136939.000000
6724417.000000
3975882.000000
6342403.000000
6896551.000000
5863740.000000
2523626.000000
456405.000000
11508050.000000
7716915.000000
1883977.000000
993634.000000
13591612.000000
5965721.000000
5407428.000000
167931.000000
3105675.000000
3847787.000000
12225579.000000
9955328.000000
163848.000000
1684158.000000
2282228.000000
6175388.000000
7651086.000000
10872088.000000
7036700.000000
1066329.000000
10770090.000000
3618785.000000
11754909.000000
8125369.000000
331361.000000
5172103.000000
8243693.000000
6079715.000000
146649.000000
7681106.000000
2891951.000000
10359744.000000
1193376.000000
4373538.000000
11507519.000000
3453820.000000
7149755.000000
639900.000000
1230268.000000
2560375.000000
10730651.000000
11791135.000000
2368532.000000
11393740.000000
7575071.000000
5627980.000000
9899580.000000
492982.000000
10557150.000000
8939398.000000
11503605.000000
5818799.000000
846274.000000
752988.000000
1770081.000000
1653206.000000
2868499.000000
8118232.000000
3001174.000000
4754665.000000
10477372.000000
1989962.000000
8097675.000000
770691.000000
9791626.000000
10819552.000000
2878416.000000
212126.000000
10484143.000000
8329278.000000
7315739.000000
1429161.000000
7005014.000000
5329815.000000
4927651.000000
5270727.000000
532898.000000
11974410.000000
6507395.000000
2895573.000000
1659751.000000
1225258.000000
5873396.000000
6655212.000000
10190689.000000
8791915.000000
8277932.000000
5607957.000000
8647800.000000
4856340.000000
1756289.000000
10007080.000000
3720535.000000
3340018.000000
960700.000000
4618665.000000
9503368.000000
1321657.000000
6016206.000000
4507957.000000
1628423.000000
3992604.000000
11551023.000000
4079995.000000
6808560.000000
5701836.000000
10743077.000000
7112710.000000
9418243.000000
8425646.000000
2187948.000000
6982960.000000
4328855.000000
96419.000000
7330429.000000
7623895.000000
1913229.000000
586998.000000
10137273.000000
11463074.000000
8777386.000000
2794897.000000
11041655.000000
3704969.000000
3114906.000000
6237734.000000
2251048.000000
6753169.000000
6024160.000000
11214678.000000
11360526.000000
6174307.000000
119990.000000
6343637.000000
3325503.000000
6524269.000000
7901900.000000
650647.000000
2534532.000000
123883.000000
4404826.000000
627529.000000
10367932.000000
6759860.000000
1851273.000000
12282463.000000
11068088.000000
4888610.000000
7064297.000000
2604862.000000
9555923.000000
7934176.000000
4133321.000000
3451174.000000
5435957.000000
5087721.000000
8685031.000000
10181866.000000
11783641.000000
8463769.000000
4074835.000000
10956533.000000
10819665.000000
1799677.000000
3554681.000000
8946341.000000
7175832.000000
8151493.000000
10662112.000000
5507118.000000
256784.000000
736306.000000
1867061.000000
5326639.000000
11656763.000000
7640080.000000
539492.000000
10051253.000000
8010473.000000
11267690.000000
3700399.000000
3680651.000000
4237604.000000
4656730.000000
4004741.000000
5088477.000000
2134276.000000
10317542.000000
7201383.000000
12557874.000000
3600398.000000
5970364.000000
1771748.000000
4563417.000000
675748.000000
7707908.000000
10461883.000000
5797887.000000
11644900.000000
7178929.000000
460184.000000
8251567.000000
763382.000000
7270532.000000
6608003.000000
8783659.000000
11220209.000000
7555316.000000
3737256.000000
4869709.000000
3852919.000000
11189204.000000
11146810.000000
9069910.000000
8291724.000000
6774744.000000
5779136.000000
895932.000000
11560699.000000
3716251.000000
1127462.000000
1783657.000000
2485937.000000
7071088.000000
8843527.000000
11034197.000000
6705991.000000
1611450.000000
9669968.000000
7212530.000000
6338515.000000
6879323.000000
2496248.000000
6555932.000000
10764292.000000
1071326.000000
10815360.000000
11400683.000000
6578939.000000
6772961.000000
9323276.000000
10167215.000000
10447647.000000
452069.000000
8718691.000000
10080350.000000
5076569.000000
5254709.000000
7744458.000000
11154104.000000
2340222.000000
10713027.000000
4600876.000000
10337824.000000
10935213.000000
9401862.000000
7786995.000000
9664581.000000
2785233.000000
5891971.000000
621814.000000
2547067.000000
11829455.000000
10656767.000000
10321366.000000
8757059.000000
10071830.000000
11951298.000000
10882494.000000
7013575.000000
5855521.000000
733691.000000
9579183.000000
129409.000000
453752.000000
8203335.000000
4634743.000000
7932971.000000
9585535.000000
7042628.000000
203306.000000
3636749.000000
10949663.000000
3609467.000000
2691028.000000
3106681.000000
7426671.000000
7440934.000000
9941000.000000
7931382.000000
5587293.000000
2611391.000000
540135.000000
3074106.000000
3860260.000000
8170345.000000
9661336.000000
2457230.000000
6832743.000000
571815.000000
8134695.000000
3320736.000000
11386888.000000
2447636.000000
352115.000000
7451444.000000
3449759.000000
5958707.000000
2139543.000000
