0.000000
0.000000
0.000000
0.000000
0.000000
0.000000
0.000000
0.000000
0.000000
0.000000
0.000000
0.000000
0.000000
0.000000
0.000000
0.000000
0.000000
0.000000
0.000000
0.000000
0.000000
0.000000
0.000000
0.000000
0.000000
0.000000
0.000000
0.000000
0.000000
0.000000
0.000000
0.000000
0.000000
0.000000
0.000000
0.000000
0.000000
0.000000
0.000000
0.000000
0.000000
0.000000
0.000000
0.000000
0.000000
0.000000
0.000000
0.000000
0.000000
0.000000
0.000000
0.000000
0.000000
0.000000
0.000000
0.000000
0.000000
0.000000
0.000000
0.000000
0.000000
0.000000
0.000000
0.000000
0.000000
0.000000
0.000000
0.000000
0.000000
0.000000
0.000000
0.000000
0.000000
0.000000
0.000000
0.000000
0.000000
0.000000
0.000000
0.000000
0.000000
0.000000
0.000000
0.000000
0.000000
0.000000
0.000000
0.000000
0.000000
0.000000
0.000000
0.000000
0.000000
0.000000
0.000000
0.000000
0.000000
0.000000
0.000000
0.000000
0.000000
0.000000
0.000000
0.000000
0.000000
0.000000
0.000000
0.000000
0.000000
0.000000
0.000000
0.000000
0.000000
0.000000
0.000000
0.000000
0.000000
0.000000
0.000000
0.000000
0.000000
0.000000
0.000000
0.000000
0.000000
0.000000
0.000000
0.000000
0.000000
0.000000
0.000000
0.000000
0.000000
0.000000
0.000000
0.000000
0.000000
0.000000
0.000000
0.000000
0.000000
0.000000
0.000000
0.000000
0.000000
0.000000
0.000000
0.000000
0.000000
0.000000
0.000000
0.000000
0.000000
0.000000
0.000000
0.000000
0.000000
0.000000
0.000000
0.000000
0.000000
0.000000
0.000000
0.000000
0.000000
0.000000
0.000000
0.000000
0.000000
0.000000
0.000000
0.000000
0.000000
0.000000
0.000000
0.000000
0.000000
0.000000
0.000000
0.000000
0.000000
0.000000
0.000000
0.000000
0.000000
0.000000
0.000000
0.000000
0.000000
0.000000
0.000000
0.000000
0.000000
0.000000
0.000000
0.000000
0.000000
0.000000
0.000000
0.000000
0.000000
0.000000
0.000000
0.000000
0.000000
0.000000
0.000000
0.000000
0.000000
0.000000
0.000000
0.000000
0.000000
0.000000
0.000000
0.000000
0.000000
0.000000
0.000000
0.000000
0.000000
0.000000
0.000000
0.000000
0.000000
0.000000
0.000000
0.000000
0.000000
0.000000
0.000000
0.000000
0.000000
0.000000
0.000000
0.000000
0.000000
0.000000
0.000000
0.000000
0.000000
0.000000
0.000000
0.000000
0.000000
0.000000
0.000000
0.000000
0.000000
0.000000
0.000000
0.000000
0.000000
0.000000
0.000000
0.000000
0.000000
0.000000
0.000000
0.000000
0.000000
0.000000
0.000000
0.000000
0.000000
0.000000
0.000000
0.000000
0.000000
0.000000
0.000000
0.000000
0.000000
0.000000
0.000000
0.000000
0.000000
0.000000
0.000000
0.000000
0.000000
0.000000
0.000000
0.000000
0.000000
0.000000
0.000000
0.000000
0.000000
0.000000
0.000000
0.000000
0.000000
0.000000
0.000000
0.000000
0.000000
0.000000
0.000000
0.000000
0.000000
0.000000
0.000000
0.000000
0.000000
0.000000
0.000000
0.000000
0.000000
0.000000
0.000000
0.000000
0.000000
0.000000
0.000000
0.000000
560505.000000
343253.000000
257014.000000
325392.000000
281104.000000
327797.000000
434866.000000
282889.000000
297288.000000
285844.000000
305502.000000
331852.000000
287008.000000
311380.000000
311236.000000
296530.000000
304855.000000
401388.000000
279948.000000
341853.000000
367364.000000
278754.000000
335555.000000
63931.000000
290315.000000
275018.000000
283837.000000
265780.000000
257025.000000
302981.000000
259264.000000
116751.000000
345527.000000
265259.000000
275637.000000
401182.000000
72015.000000
319345.000000
182662.000000
275781.000000
239242.000000
322094.000000
461654.000000
282907.000000
287006.000000
282855.000000
250829.000000
404308.000000
358989.000000
237089.000000
319396.000000
249734.000000
356394.000000
357600.000000
320879.000000
256804.000000
268839.000000
403628.000000
317723.000000
294019.000000
261302.000000
307337.000000
370051.000000
302357.000000
420399.000000
287838.000000
323581.000000
394683.000000
326362.000000
134553.000000
302269.000000
347090.000000
247086.000000
237453.000000
356971.000000
208324.000000
50829.000000
236969.000000
276758.000000
334900.000000
307444.000000
359893.000000
291250.000000
284127.000000
366399.000000
312210.000000
377791.000000
338667.000000
316565.000000
359819.000000
224298.000000
300940.000000
345831.000000
276485.000000
274043.000000
324951.000000
346177.000000
346202.000000
283026.000000
309187.000000
328956.000000
325653.000000
269148.000000
311854.000000
286778.000000
374377.000000
293302.000000
269280.000000
201847.000000
346024.000000
306152.000000
88039.000000
346701.000000
287111.000000
223461.000000
351803.000000
270113.000000
344289.000000
351544.000000
250808.000000
371874.000000
322035.000000
311496.000000
397747.000000
361513.000000
330700.000000
268119.000000
264238.000000
225167.000000
351172.000000
334168.000000
366306.000000
402349.000000
292962.000000
274217.000000
323463.000000
316374.000000
311645.000000
310106.000000
350453.000000
276509.000000
344409.000000
352997.000000
291611.000000
237658.000000
310393.000000
241717.000000
318709.000000
323486.000000
292173.000000
276683.000000
246304.000000
274970.000000
156697.000000
399271.000000
328766.000000
306772.000000
356836.000000
247641.000000
348270.000000
342454.000000
364064.000000
295501.000000
353590.000000
339700.000000
317603.000000
304529.000000
276996.000000
381282.000000
267410.000000
245490.000000
324010.000000
323444.000000
321516.000000
241531.000000
321308.000000
318397.000000
337466.000000
309271.000000
91445.000000
392877.000000
309055.000000
280393.000000
290759.000000
312234.000000
311151.000000
317748.000000
311692.000000
328616.000000
365228.000000
322932.000000
232007.000000
350657.000000
291220.000000
291494.000000
254347.000000
244470.000000
403350.000000
307521.000000
226796.000000
282130.000000
377084.000000
364677.000000
338848.000000
326124.000000
224200.000000
298817.000000
374012.000000
288090.000000
334790.000000
294632.000000
257004.000000
273042.000000
355847.000000
356690.000000
319303.000000
272122.000000
312400.000000
334162.000000
346667.000000
332125.000000
377044.000000
301424.000000
275465.000000
342901.000000
340070.000000
355767.000000
333430.000000
270586.000000
409379.000000
324768.000000
302126.000000
356242.000000
357523.000000
422717.000000
335529.000000
337129.000000
348734.000000
343231.000000
326433.000000
322476.000000
363743.000000
311716.000000
267913.000000
339575.000000
306514.000000
323521.000000
333052.000000
394756.000000
317933.000000
406143.000000
335681.000000
282858.000000
197224.000000
318983.000000
315004.000000
197145.000000
261844.000000
327202.000000
344534.000000
345618.000000
279069.000000
299013.000000
287432.000000
304197.000000
274003.000000
337172.000000
278251.000000
211518.000000
335332.000000
276653.000000
101253.000000
301608.000000
364180.000000
360757.000000
321554.000000
363332.000000
302061.000000
287872.000000
316769.000000
291626.000000
314315.000000
277221.000000
273624.000000
306956.000000
258733.000000
274204.000000
292428.000000
265049.000000
321500.000000
348602.000000
290549.000000
344392.000000
189544.000000
291902.000000
294414.000000
287771.000000
401182.000000
309792.000000
318278.000000
357061.000000
274852.000000
359262.000000
359116.000000
364977.000000
224403.000000
316345.000000
332144.000000
330825.000000
371589.000000
295526.000000
383727.000000
311556.000000
327564.000000
288077.000000
266113.000000
290801.000000
249513.000000
319607.000000
321300.000000
315185.000000
379028.000000
165451.000000
272093.000000
286372.000000
299114.000000
322225.000000
338383.000000
354722.000000
280010.000000
354511.000000
340348.000000
287432.000000
341988.000000
301065.000000
247507.000000
314436.000000
338104.000000
285575.000000
358947.000000
306381.000000
385205.000000
309337.000000
336666.000000
286893.000000
371344.000000
260578.000000
352613.000000
266518.000000
374291.000000
335333.000000
286815.000000
410812.000000
387935.000000
371667.000000
336405.000000
335374.000000
239504.000000
464994.000000
366828.000000
211157.000000
394606.000000
386672.000000
300134.000000
260684.000000
340514.000000
275288.000000
315105.000000
171269.000000
307953.000000
285426.000000
309512.000000
380022.000000
104820.000000
325406.000000
325259.000000
356581.000000
281435.000000
400909.000000
347169.000000
305158.000000
320378.000000
295739.000000
433532.000000
316370.000000
203457.000000
257278.000000
259100.000000
342827.000000
123066.000000
347573.000000
360640.000000
393392.000000
245016.000000
349183.000000
319763.000000
210260.000000
286986.000000
251456.000000
282060.000000
261713.000000
320165.000000
330125.000000
322132.000000
317939.000000
309286.000000
330464.000000
290531.000000
161076.000000
380999.000000
338982.000000
320162.000000
323874.000000
346092.000000
314372.000000
330496.000000
301640.000000
334221.000000
356523.000000
297842.000000
357104.000000
312741.000000
369346.000000
364829.000000
301144.000000
319419.000000
334542.000000
352022.000000
163998.000000
333648.000000
275128.000000
340504.000000
265457.000000
333179.000000
337963.000000
263174.000000
320203.000000
196016.000000
335606.000000
298503.000000
332908.000000
306367.000000
228466.000000
332487.000000
419066.000000
339598.000000
288614.000000
347858.000000
331503.000000
266508.000000
311228.000000
304712.000000
320745.000000
296641.000000
330904.000000
263080.000000
244425.000000
366410.000000
302237.000000
350188.000000
361571.000000
311951.000000
333007.000000
366669.000000
317130.000000
316585.000000
351097.000000
376142.000000
288099.000000
394437.000000
345909.000000
312295.000000
402264.000000
292596.000000
72646.000000
306956.000000
347629.000000
304323.000000
317432.000000
319314.000000
345704.000000
322728.000000
260464.000000
310936.000000
310922.000000
342344.000000
277891.000000
374285.000000
343172.000000
300313.000000
344355.000000
370954.000000
291417.000000
90814.000000
308221.000000
238774.000000
314494.000000
264849.000000
272366.000000
312600.000000
118362.000000
341518.000000
284992.000000
365990.000000
326444.000000
275118.000000
397020.000000
374031.000000
335039.000000
276126.000000
247093.000000
365929.000000
383242.000000
325397.000000
401904.000000
288594.000000
292177.000000
350352.000000
355379.000000
355032.000000
309059.000000
295904.000000
350817.000000
310843.000000
323009.000000
314432.000000
324981.000000
269116.000000
288254.000000
322215.000000
292487.000000
153828.000000
151821.000000
285863.000000
272619.000000
359452.000000
333670.000000
276634.000000
327516.000000
288658.000000
300417.000000
249169.000000
293543.000000
334402.000000
306964.000000
304192.000000
343116.000000
290231.000000
352394.000000
377211.000000
426626.000000
312875.000000
268112.000000
316530.000000
279695.000000
289326.000000
305624.000000
353672.000000
312931.000000
394044.000000
302375.000000
232792.000000
409900.000000
302760.000000
308792.000000
303486.000000
296521.000000
361717.000000
335403.000000
342056.000000
318927.000000
329206.000000
357388.000000
286436.000000
239367.000000
320113.000000
308087.000000
238410.000000
268347.000000
325249.000000
340968.000000
374772.000000
283424.000000
288171.000000
308263.000000
273904.000000
339148.000000
333351.000000
318171.000000
302816.000000
364180.000000
309187.000000
325775.000000
368909.000000
305591.000000
344846.000000
359331.000000
284961.000000
333852.000000
310715.000000
351998.000000
365320.000000
354162.000000
304071.000000
206408.000000
268679.000000
346125.000000
380200.000000
317674.000000
403007.000000
305928.000000
323510.000000
323946.000000
289133.000000
334464.000000
323914.000000
306443.000000
388840.000000
298958.000000
308662.000000
244951.000000
236823.000000
361092.000000
375608.000000
304110.000000
358467.000000
336373.000000
276790.000000
322637.000000
286912.000000
327856.000000
354152.000000
279624.000000
316341.000000
98019.000000
277179.000000
368850.000000
344959.000000
323641.000000
334086.000000
331736.000000
122856.000000
241913.000000
368438.000000
282125.000000
349208.000000
303861.000000
392582.000000
311724.000000
336733.000000
319416.000000
258189.000000
289094.000000
226014.000000
369602.000000
346458.000000
375905.000000
362167.000000
319974.000000
345063.000000
184279.000000
361139.000000
323668.000000
334845.000000
388461.000000
267239.000000
264313.000000
365570.000000
340989.000000
262861.000000
