0.000000
0.000000
0.000000
0.000000
0.000000
0.000000
0.000000
0.000000
0.000000
0.000000
0.000000
0.000000
0.000000
0.000000
0.000000
0.000000
0.000000
0.000000
0.000000
0.000000
0.000000
0.000000
0.000000
0.000000
0.000000
0.000000
0.000000
0.000000
0.000000
0.000000
0.000000
0.000000
0.000000
0.000000
0.000000
0.000000
0.000000
0.000000
0.000000
0.000000
0.000000
0.000000
0.000000
0.000000
0.000000
0.000000
0.000000
0.000000
0.000000
0.000000
0.000000
0.000000
0.000000
0.000000
0.000000
0.000000
0.000000
0.000000
0.000000
0.000000
0.000000
0.000000
0.000000
0.000000
0.000000
0.000000
0.000000
0.000000
0.000000
0.000000
0.000000
0.000000
0.000000
0.000000
0.000000
0.000000
0.000000
0.000000
0.000000
0.000000
0.000000
0.000000
0.000000
0.000000
0.000000
0.000000
0.000000
0.000000
0.000000
0.000000
0.000000
0.000000
0.000000
0.000000
0.000000
0.000000
0.000000
0.000000
0.000000
0.000000
0.000000
0.000000
0.000000
0.000000
0.000000
0.000000
0.000000
0.000000
0.000000
0.000000
0.000000
0.000000
0.000000
0.000000
0.000000
0.000000
0.000000
0.000000
0.000000
0.000000
0.000000
0.000000
0.000000
0.000000
0.000000
0.000000
0.000000
0.000000
0.000000
0.000000
0.000000
0.000000
0.000000
0.000000
0.000000
0.000000
0.000000
0.000000
0.000000
0.000000
0.000000
0.000000
0.000000
0.000000
0.000000
0.000000
0.000000
0.000000
0.000000
0.000000
0.000000
0.000000
0.000000
0.000000
0.000000
0.000000
0.000000
0.000000
0.000000
0.000000
0.000000
0.000000
0.000000
0.000000
0.000000
0.000000
0.000000
0.000000
0.000000
0.000000
0.000000
0.000000
0.000000
0.000000
0.000000
0.000000
0.000000
0.000000
0.000000
0.000000
0.000000
0.000000
0.000000
0.000000
0.000000
0.000000
0.000000
0.000000
0.000000
0.000000
0.000000
0.000000
0.000000
0.000000
0.000000
0.000000
0.000000
0.000000
0.000000
0.000000
0.000000
0.000000
0.000000
0.000000
0.000000
0.000000
0.000000
0.000000
0.000000
0.000000
0.000000
0.000000
0.000000
0.000000
0.000000
0.000000
0.000000
0.000000
0.000000
0.000000
0.000000
0.000000
0.000000
0.000000
0.000000
0.000000
0.000000
0.000000
0.000000
0.000000
0.000000
0.000000
0.000000
0.000000
0.000000
0.000000
0.000000
0.000000
0.000000
0.000000
0.000000
0.000000
0.000000
0.000000
0.000000
0.000000
0.000000
0.000000
0.000000
0.000000
0.000000
0.000000
0.000000
0.000000
0.000000
0.000000
0.000000
0.000000
0.000000
0.000000
0.000000
0.000000
0.000000
0.000000
0.000000
0.000000
0.000000
0.000000
0.000000
0.000000
0.000000
0.000000
0.000000
0.000000
0.000000
0.000000
0.000000
0.000000
0.000000
0.000000
0.000000
0.000000
0.000000
0.000000
0.000000
0.000000
0.000000
0.000000
0.000000
0.000000
0.000000
0.000000
0.000000
0.000000
0.000000
0.000000
0.000000
0.000000
0.000000
0.000000
0.000000
0.000000
0.000000
0.000000
0.000000
0.000000
0.000000
0.000000
0.000000
0.000000
0.000000
0.000000
0.000000
0.000000
0.000000
0.000000
0.000000
7408905.000000
2834937.000000
4546220.000000
657897.000000
4518132.000000
3656635.000000
3943311.000000
4220825.000000
2248066.000000
3610636.000000
3848777.000000
4791672.000000
3194806.000000
4094371.000000
4649456.000000
4268240.000000
4094614.000000
4090275.000000
3140164.000000
1969076.000000
3001021.000000
4793025.000000
60048.000000
4156484.000000
3914329.000000
3617587.000000
2701634.000000
3766244.000000
2728304.000000
4370545.000000
110475.000000
4706707.000000
2055840.000000
2530020.000000
4090773.000000
91500.000000
4678428.000000
347143.000000
3910206.000000
3672894.000000
3990633.000000
4189878.000000
3823708.000000
4114587.000000
4333134.000000
3972023.000000
4664233.000000
3848843.000000
1532633.000000
3827269.000000
3623410.000000
3742457.000000
4211904.000000
2902168.000000
483626.000000
838313.000000
2485550.000000
3779331.000000
4469099.000000
1626748.000000
4059986.000000
4333463.000000
2740231.000000
4711009.000000
4297698.000000
4384893.000000
3442032.000000
3649889.000000
266359.000000
4231627.000000
3883759.000000
1244234.000000
3782906.000000
4671091.000000
860129.000000
66787.000000
2684253.000000
1370488.000000
3012363.000000
4000114.000000
3463391.000000
3537280.000000
4125002.000000
3948333.000000
4699486.000000
3878094.000000
4810207.000000
1111038.000000
4015483.000000
1781196.000000
3493934.000000
4521153.000000
1222035.000000
1122754.000000
4906449.000000
4135570.000000
4282753.000000
4224388.000000
2245649.000000
3455586.000000
4483008.000000
2079388.000000
3823423.000000
567919.000000
4069839.000000
1846418.000000
2925753.000000
451494.000000
4001007.000000
3921040.000000
105208.000000
4010713.000000
650825.000000
4141202.000000
3453724.000000
1494492.000000
3550192.000000
4637486.000000
3743017.000000
4234849.000000
3120890.000000
2231680.000000
3734886.000000
3269286.000000
4446818.000000
3352463.000000
1277785.000000
353662.000000
4689010.000000
808249.000000
2388172.000000
3861660.000000
2009660.000000
3153869.000000
1344466.000000
2761386.000000
3068387.000000
4006142.000000
3899550.000000
981731.000000
4211311.000000
4373442.000000
4411724.000000
1980484.000000
2905281.000000
3629641.000000
4848327.000000
3796142.000000
3847874.000000
2992024.000000
2348281.000000
3626640.000000
252066.000000
4335268.000000
2608659.000000
2544231.000000
4206479.000000
3992966.000000
4323751.000000
1405725.000000
3543801.000000
3462460.000000
5055064.000000
4284017.000000
4027400.000000
1166499.000000
679626.000000
4276121.000000
494766.000000
1951686.000000
3238207.000000
4628117.000000
4484181.000000
889488.000000
4246653.000000
4133955.000000
2630252.000000
2749976.000000
114956.000000
3507667.000000
3283550.000000
3715719.000000
4420037.000000
4290278.000000
4242782.000000
4531796.000000
2660450.000000
4257416.000000
3899006.000000
4434618.000000
494549.000000
4620815.000000
3725012.000000
3370339.000000
1219522.000000
3580858.000000
4657536.000000
4455061.000000
3146808.000000
1458467.000000
3995791.000000
4111090.000000
2280183.000000
4147231.000000
3632183.000000
3677784.000000
4105432.000000
3998824.000000
4443857.000000
1224309.000000
3043523.000000
1487553.000000
3785466.000000
3428169.000000
3304914.000000
1033548.000000
3334531.000000
2857707.000000
4503936.000000
4325681.000000
3696722.000000
4037270.000000
3948509.000000
3899730.000000
3769090.000000
4506204.000000
752422.000000
3336117.000000
3421485.000000
3103420.000000
1277153.000000
3642177.000000
3861645.000000
4701893.000000
2168215.000000
4355219.000000
4197095.000000
999429.000000
4347080.000000
4322854.000000
4940291.000000
3619411.000000
3709632.000000
3221320.000000
2995391.000000
4206512.000000
4121514.000000
3673517.000000
4395682.000000
3878142.000000
2545661.000000
4235170.000000
274312.000000
2235261.000000
4334939.000000
514979.000000
2135955.000000
2801521.000000
3448010.000000
3055011.000000
4030330.000000
1483670.000000
3761954.000000
4281719.000000
3466494.000000
4403498.000000
4071000.000000
3860992.000000
3221273.000000
2930838.000000
144508.000000
4189770.000000
3748291.000000
2344075.000000
4358509.000000
3736740.000000
4317912.000000
3670161.000000
3884216.000000
3831051.000000
2560566.000000
3770205.000000
2559900.000000
2791689.000000
2845923.000000
3366206.000000
3603004.000000
3482404.000000
4806568.000000
946799.000000
364295.000000
3398804.000000
568678.000000
4433209.000000
2052211.000000
3472313.000000
4090773.000000
1353361.000000
4569282.000000
4865996.000000
4328213.000000
4577582.000000
3309292.000000
3218799.000000
3606164.000000
3608135.000000
4694050.000000
4426815.000000
4745706.000000
1833651.000000
2547508.000000
4619292.000000
4265090.000000
3602672.000000
2308857.000000
3508488.000000
3231279.000000
3484512.000000
749945.000000
2573046.000000
4683632.000000
435951.000000
4139611.000000
4010927.000000
3216515.000000
4447232.000000
1526367.000000
3016560.000000
2841683.000000
4592975.000000
3867983.000000
4052196.000000
4624680.000000
3894617.000000
4089087.000000
1194396.000000
4393215.000000
3858357.000000
4704495.000000
4541226.000000
3777559.000000
1408007.000000
2656597.000000
1244149.000000
4163873.000000
451303.000000
4303934.000000
3301655.000000
3532924.000000
3709059.000000
1244557.000000
4865537.000000
4022751.000000
4153827.000000
2787397.000000
3971488.000000
4245866.000000
3813616.000000
2143309.000000
390525.000000
4107464.000000
4499454.000000
1527273.000000
940277.000000
4604973.000000
3694153.000000
3422612.000000
179909.000000
2442296.000000
2796431.000000
4170873.000000
4761976.000000
139088.000000
1278991.000000
1718471.000000
3828631.000000
3856211.000000
4666724.000000
4085096.000000
1098244.000000
4356488.000000
2583358.000000
4604402.000000
4065055.000000
251668.000000
3323986.000000
4069481.000000
4161001.000000
111152.000000
3991418.000000
2760966.000000
3956659.000000
1282674.000000
3014410.000000
4582195.000000
2671728.000000
4218095.000000
653791.000000
1322467.000000
2480514.000000
4357619.000000
4643581.000000
1996517.000000
4534282.000000
4253440.000000
3291914.000000
4109719.000000
554579.000000
4523551.000000
4373204.000000
4751902.000000
3413448.000000
821355.000000
635429.000000
1490969.000000
1452965.000000
2575196.000000
4191722.000000
2232658.000000
3394546.000000
4190497.000000
1610872.000000
4169388.000000
749212.000000
3788015.000000
4635850.000000
2290996.000000
218490.000000
4271390.000000
4158809.000000
4156049.000000
1236779.000000
3669454.000000
3275542.000000
3314353.000000
3445196.000000
532995.000000
4655228.000000
3730318.000000
2404312.000000
1586356.000000
1074535.000000
3805604.000000
3477533.000000
4221615.000000
4089269.000000
4604242.000000
3764243.000000
4326253.000000
3321724.000000
1979741.000000
4434926.000000
2842921.000000
2676950.000000
1050881.000000
3279115.000000
4136185.000000
1255302.000000
3634348.000000
2902403.000000
1389710.000000
2622025.000000
4317912.000000
3029698.000000
4179607.000000
3671810.000000
4460895.000000
3883534.000000
4257566.000000
4551013.000000
1682773.000000
4339308.000000
3065352.000000
102465.000000
4160081.000000
3914606.000000
1515038.000000
538096.000000
4084234.000000
4493816.000000
4311934.000000
2338327.000000
4721808.000000
2770611.000000
2526392.000000
3800706.000000
1785982.000000
3810009.000000
3879774.000000
4706707.000000
4034966.000000
3830290.000000
112728.000000
3443558.000000
2676997.000000
3663158.000000
4313873.000000
631920.000000
2196326.000000
116291.000000
2911956.000000
654940.000000
4598058.000000
3990839.000000
1771497.000000
4563972.000000
4629484.000000
3477009.000000
4418698.000000
2260894.000000
4073326.000000
3886679.000000
3047321.000000
2852094.000000
3538315.000000
3178009.000000
4192245.000000
4300511.000000
4878022.000000
3868805.000000
3087350.000000
4249908.000000
4300975.000000
1697418.000000
2854128.000000
4524096.000000
3860557.000000
4245228.000000
4709319.000000
3431123.000000
236969.000000
696073.000000
1621199.000000
3245547.000000
4843314.000000
4264806.000000
730057.000000
4600283.000000
3904216.000000
4465503.000000
2717188.000000
2848810.000000
2781916.000000
3288207.000000
3004805.000000
3500672.000000
1632040.000000
4345953.000000
3891052.000000
4897530.000000
2735389.000000
3652858.000000
1811197.000000
3148998.000000
769546.000000
4321786.000000
4388589.000000
3723845.000000
4818366.000000
4246491.000000
484954.000000
4275146.000000
794398.000000
3825883.000000
3830729.000000
4201337.000000
4413685.000000
4337148.000000
2947516.000000
3291475.000000
3167664.000000
4515488.000000
4309994.000000
4280320.000000
3903072.000000
3757237.000000
3782449.000000
955746.000000
4702768.000000
3039938.000000
996973.000000
1538756.000000
1986835.000000
4161200.000000
3754365.000000
4501064.000000
4106390.000000
1493396.000000
4335110.000000
4436983.000000
3178503.000000
3966083.000000
2371685.000000
3873328.000000
4630811.000000
956029.000000
4384581.000000
4317912.000000
3989587.000000
3806811.000000
4437371.000000
4687441.000000
4625400.000000
427997.000000
4180506.000000
4303731.000000
3338946.000000
3114551.000000
3738643.000000
4449203.000000
1985328.000000
4527160.000000
3291821.000000
4439252.000000
4129454.000000
4466587.000000
4496959.000000
4444072.000000
2346909.000000
3239435.000000
575277.000000
2390300.000000
4599413.000000
4142197.000000
4779053.000000
4308666.000000
4629526.000000
4618140.000000
4380659.000000
4226493.000000
3710465.000000
832240.000000
4887118.000000
119172.000000
534667.000000
4186000.000000
3351375.000000
4175537.000000
4260611.000000
4012526.000000
152477.000000
2856868.000000
4760264.000000
2755071.000000
2311695.000000
2782987.000000
4426117.000000
4096236.000000
4734726.000000
4193768.000000
3508034.000000
2550193.000000
500291.000000
2595741.000000
2765439.000000
4251171.000000
4543858.000000
2222046.000000
3580177.000000
520661.000000
4137823.000000
2642556.000000
4167984.000000
2329752.000000
352825.000000
3729699.000000
2675863.000000
3682237.000000
2084312.000000
