0.000000
0.000000
0.000000
0.000000
0.000000
0.000000
0.000000
0.000000
0.000000
0.000000
0.000000
0.000000
0.000000
0.000000
0.000000
0.000000
0.000000
0.000000
0.000000
0.000000
0.000000
0.000000
0.000000
0.000000
0.000000
0.000000
0.000000
0.000000
0.000000
0.000000
0.000000
168859355.000000
3610748.000000
9695102.000000
8485871.000000
2396334.000000
639614.000000
56311908.000000
3209497.000000
39384038.000000
6982123.000000
39426834.000000
641865.000000
1942908.000000
4708141.000000
98844900.000000
17869753.000000
7643063.000000
3829059.000000
1625509.000000
2141375.000000
589272.000000
10838886.000000
2109672.000000
3185863.000000
17390051.000000
6755517.000000
5313213.000000
23765363.000000
8514824.000000
1045027.000000
8677567.000000
3418157.000000
13505071.000000
60735127.000000
28056331.000000
7361976.000000
5998984.000000
8767678.000000
15433649.000000
10892562.000000
2608494.000000
496336.000000
7955422.000000
6579633.000000
33068103.000000
20214026.000000
5154150.000000
30550492.000000
5852657.000000
215969.000000
25585075.000000
21085195.000000
1817813.000000
17790769.000000
8929633.000000
2203103.000000
23019466.000000
10406025.000000
46164984.000000
19893561.000000
13432224.000000
5803895.000000
46963699.000000
7349925.000000
2521468.000000
2320751.000000
3746613.000000
24650563.000000
79764955.000000
63731146.000000
3635200.000000
1831688.000000
9125057.000000
19452200.000000
20277217.000000
1885237.000000
9998004.000000
1850385.000000
85752565.000000
52413675.000000
12678184.000000
4743689.000000
35029205.000000
5361382.000000
17618888.000000
13821856.000000
66372533.000000
1356875.000000
7368075.000000
5615217.000000
9588731.000000
30404963.000000
22144120.000000
9628793.000000
31340641.000000
2914224.000000
50359738.000000
21302437.000000
15491315.000000
6180091.000000
22425190.000000
6360688.000000
5311776.000000
649222.000000
15672807.000000
2554553.000000
760599.000000
54626663.000000
5520301.000000
1460927.000000
4428220.000000
3977457.000000
7621226.000000
345464.000000
19642137.000000
4143007.000000
1895553.000000
1357203.000000
171590.000000
16370535.000000
3102585.000000
5112382.000000
56787603.000000
1590310.000000
35123229.000000
4134294.000000
230923.000000
15050860.000000
23889265.000000
17241265.000000
33026167.000000
92189761.000000
54023367.000000
1730864.000000
62324424.000000
684419.000000
4388680.000000
22463351.000000
8708748.000000
14170019.000000
10444737.000000
13600562.000000
4405090.000000
4729696.000000
20629515.000000
13619945.000000
52927772.000000
13388228.000000
14807054.000000
7894764.000000
449863.000000
65864413.000000
1850518.000000
15836990.000000
43058791.000000
7216662.000000
2842186.000000
4687685.000000
3089428.000000
7150893.000000
12451639.000000
34844203.000000
15323327.000000
44551879.000000
26755680.000000
3993014.000000
5504433.000000
5073646.000000
16890730.000000
106216.000000
12432293.000000
1528975.000000
99096498.000000
1325318.000000
7534067.000000
8917659.000000
848911.000000
5474623.000000
1429946.000000
9878805.000000
2793055.000000
13331844.000000
10337196.000000
25493719.000000
5726263.000000
3474128.000000
574306.000000
15404984.000000
953710.000000
2713520.000000
5503619.000000
1139175.000000
5024909.000000
26581340.000000
174193.000000
13983347.000000
3528575.000000
2175172.000000
2920332.000000
6745554.000000
5764949.000000
979214.000000
8346001.000000
74825243.000000
22355162.000000
35706769.000000
14773373.000000
10364017.000000
17870565.000000
2998481.000000
29026319.000000
1511280.000000
14595954.000000
8897314.000000
6669137.000000
817534.000000
31474552.000000
11916395.000000
3999294.000000
19036926.000000
13505544.000000
28552292.000000
267118.000000
1590315.000000
1141009.000000
4619341.000000
3745473.000000
59719134.000000
9845324.000000
9186069.000000
35810479.000000
1674493.000000
4596294.000000
3399235.000000
8677935.000000
18355582.000000
7193714.000000
8584544.000000
2022621.000000
23627981.000000
5627943.000000
8960464.000000
32308174.000000
9910301.000000
7944291.000000
383123.000000
14926571.000000
6523045.000000
5710228.000000
3811472.000000
34574398.000000
7346556.000000
10544661.000000
12661958.000000
8554012.000000
16316376.000000
9628508.000000
513744.000000
55597410.000000
5691429.000000
14425382.000000
10227573.000000
22220035.000000
6962821.000000
635740.000000
24525641.000000
8394251.000000
31746563.000000
8789778.000000
520775.000000
2384901.000000
8192176.000000
112498.000000
1457220.000000
11723473.000000
12890946.000000
10162970.000000
2422387.000000
6247520.000000
5848004.000000
211523.000000
16483554.000000
13781340.000000
1799492.000000
7468527.000000
443661.000000
4056233.000000
3426385.000000
17682877.000000
668567.000000
23189073.000000
6891729.000000
8813710.000000
16316905.000000
2801408.000000
6777293.000000
8725946.000000
18813098.000000
4724369.000000
9308597.000000
22284212.000000
10307732.000000
8930783.000000
33762219.000000
4879145.000000
2153751.000000
5661004.000000
38726441.000000
95396.000000
31131774.000000
17596677.000000
5783297.000000
3858630.000000
8293579.000000
3429214.000000
29102261.000000
124482.000000
59664350.000000
2247992.000000
3257257.000000
75761535.000000
85957.000000
34235570.000000
406755.000000
22254881.000000
9304388.000000
8065735.000000
10315585.000000
8782197.000000
19001347.000000
22559478.000000
9783628.000000
61609129.000000
8691867.000000
1480424.000000
6875017.000000
7301802.000000
7331641.000000
28051682.000000
5381155.000000
476047.000000
962889.000000
3162003.000000
7828851.000000
13533146.000000
2068004.000000
7527739.000000
15843177.000000
4073092.000000
92077942.000000
18007469.000000
77268211.000000
5206209.000000
6089009.000000
229661.000000
15875941.000000
36770352.000000
1385577.000000
14608121.000000
82275644.000000
929201.000000
82728.000000
3871147.000000
1421057.000000
4608895.000000
9271562.000000
6144512.000000
6565855.000000
39380320.000000
8353671.000000
95313397.000000
6651271.000000
19822899.000000
1120864.000000
46179720.000000
2079349.000000
5997668.000000
28621506.000000
1361363.000000
1116324.000000
50271691.000000
7464613.000000
80785217.000000
10674648.000000
2942068.000000
6140106.000000
19458897.000000
2047209.000000
11836403.000000
585375.000000
11754524.000000
1999533.000000
3793249.000000
494714.000000
8588121.000000
8788657.000000
130099.000000
17285968.000000
638883.000000
16222044.000000
6081869.000000
1619947.000000
6139278.000000
10789820.000000
8251085.000000
11792630.000000
4520322.000000
2510950.000000
8958809.000000
4794209.000000
16174957.000000
6118275.000000
1448044.000000
411891.000000
22183714.000000
1047059.000000
2738308.000000
9242869.000000
2662074.000000
4882857.000000
1566480.000000
3607667.000000
6939990.000000
27913677.000000
21295696.000000
1031053.000000
16410125.000000
14791573.000000
23411515.000000
2307274.000000
3895592.000000
14282164.000000
15596356.000000
9846583.000000
11136425.000000
3768497.000000
3059983.000000
8239274.000000
303515.000000
44608098.000000
3098414.000000
3000500.000000
14869317.000000
7905558.000000
10835736.000000
1741955.000000
5201777.000000
7088253.000000
56466067.000000
11390056.000000
9804274.000000
1368501.000000
909042.000000
44800298.000000
588990.000000
2519461.000000
4780292.000000
35030901.000000
18428149.000000
1186179.000000
15932605.000000
73554458.000000
3634438.000000
4431888.000000
142208.000000
8822096.000000
4971413.000000
5842051.000000
19051680.000000
17651541.000000
10384651.000000
50177586.000000
3439627.000000
9452019.000000
13480665.000000
10086291.000000
418865.000000
21187862.000000
7201292.000000
6498497.000000
1299980.000000
5580123.000000
41166012.000000
14933410.000000
4343380.000000
1579130.000000
9462054.000000
11447718.000000
3148374.000000
24635378.000000
8815167.000000
7056260.000000
11294890.000000
9441421.000000
41952097.000000
1293759.000000
4609357.000000
1594677.000000
6825365.000000
6801155.000000
4732373.000000
1084456.000000
6675816.000000
4561876.000000
13597401.000000
12636997.000000
11770731.000000
8893224.000000
52354714.000000
12026165.000000
15311378.000000
9136299.000000
999507.000000
5337138.000000
5092693.000000
5042076.000000
1590140.000000
7368343.000000
11385991.000000
25788545.000000
2834124.000000
56591781.000000
78857829.000000
1245814.000000
25482958.000000
33500229.000000
16898012.000000
6614377.000000
6593858.000000
5854186.000000
3618560.000000
23697019.000000
15334358.000000
6291545.000000
25106392.000000
8974252.000000
3453270.000000
15054930.000000
300664.000000
2867806.000000
29071061.000000
606778.000000
2604063.000000
3170704.000000
5974318.000000
4881516.000000
9033435.000000
1736673.000000
6328931.000000
10133563.000000
7332443.000000
12903626.000000
17344682.000000
10565075.000000
5421047.000000
4060024.000000
156632.000000
19854901.000000
5961451.000000
3174051.000000
29990516.000000
8136735.000000
36167741.000000
6617815.000000
8308305.000000
8579331.000000
4318333.000000
9841975.000000
3186106.000000
4622739.000000
4489070.000000
6194709.000000
5897461.000000
6029813.000000
19127302.000000
948753.000000
538695.000000
5434216.000000
767483.000000
16997449.000000
2724622.000000
6547423.000000
25577218.000000
1423993.000000
66832788.000000
30058329.000000
11801794.000000
33004309.000000
5684270.000000
4625364.000000
6571856.000000
10368700.000000
63272476.000000
19762504.000000
45709265.000000
2021630.000000
3063377.000000
29716135.000000
48991779.000000
6617164.000000
3141995.000000
5166472.000000
5396299.000000
6014718.000000
946784.000000
3506869.000000
17720967.000000
548984.000000
34300231.000000
7491865.000000
5501540.000000
20323130.000000
1597228.000000
4698025.000000
4531168.000000
29824246.000000
7954285.000000
35192911.000000
29733711.000000
10838798.000000
30097555.000000
1739130.000000
29073901.000000
6006773.000000
97840561.000000
17550511.000000
6779591.000000
1476933.000000
3856420.000000
1345730.000000
59847043.000000
516577.000000
23929859.000000
6567095.000000
7442435.000000
7997399.000000
1492042.000000
13124944.000000
50914869.000000
8307669.000000
4321660.000000
9315453.000000
8535228.000000
7436890.000000
2391664.000000
452488.000000
75099546.000000
10436401.000000
1756012.000000
1012974.000000
76741101.000000
7314864.000000
5801914.000000
196658.000000
3462013.000000
3904534.000000
47404808.000000
20962425.000000
193208.000000
1582079.000000
2070988.000000
7087118.000000
12977346.000000
30426717.000000
9177483.000000
1282938.000000
21093199.000000
3527906.000000
31017935.000000
11664046.000000
414334.000000
5233241.000000
13823182.000000
8467394.000000
112590.000000
12026755.000000
2746515.000000
31842092.000000
1471900.000000
4622292.000000
88059090.000000
3797580.000000
10612087.000000
711010.000000
1284214.000000
3483696.000000
53174839.000000
63325936.000000
2271125.000000
85611360.000000
13016359.000000
5693973.000000
33284968.000000
566816.000000
100110963.000000
13157233.000000
47574324.000000
6847234.000000
1045669.000000
757432.000000
1808363.000000
1752212.000000
2697356.000000
10280714.000000
2877220.000000
5698159.000000
97315667.000000
1895004.000000
10870794.000000
677869.000000
27185561.000000
21883656.000000
2762865.000000
262722.000000
20359100.000000
14070495.000000
10717869.000000
1726684.000000
7645217.000000
5571627.000000
5498304.000000
5237155.000000
548890.000000
75168235.000000
6773902.000000
2893480.000000
1506604.000000
1358908.000000
8229294.000000
9585888.000000
24432399.000000
14718180.000000
12142462.000000
6675641.000000
17492594.000000
5773813.000000
1750409.000000
25355199.000000
4148615.000000
4068936.000000
1000755.000000
5798131.000000
15571604.000000
1208133.000000
6785166.000000
4243983.000000
1689852.000000
3898988.000000
66152323.000000
4231141.000000
8463999.000000
6965030.000000
22438394.000000
8697992.000000
15194882.000000
13803269.000000
1902294.000000
9828171.000000
4656902.000000
108489.000000
11581105.000000
11812914.000000
1688363.000000
735276.000000
21435707.000000
24548530.000000
14796266.000000
3233684.000000
20257652.000000
3757354.000000
2977086.000000
8338602.000000
2068857.000000
8559139.000000
8030930.000000
52454767.000000
25652705.000000
6990158.000000
122477.000000
9738603.000000
3138003.000000
9251488.000000
14239471.000000
626991.000000
2326301.000000
167068.000000
5379906.000000
635533.000000
33548388.000000
9041519.000000
1964439.000000
43923641.000000
62456847.000000
5508458.000000
9020623.000000
2828421.000000
19051524.000000
12299210.000000
3995955.000000
4068297.000000
6194765.000000
5080380.000000
14115512.000000
19037780.000000
23548118.000000
13316937.000000
4306924.000000
34421773.000000
21863107.000000
1833573.000000
3767214.000000
14985929.000000
11798153.000000
12322662.000000
33800312.000000
5413637.000000
248551.000000
896632.000000
2207230.000000
6727879.000000
50066289.000000
12357229.000000
638533.000000
23086001.000000
11656455.000000
42596894.000000
3772670.000000
4134175.000000
5850207.000000
5183220.000000
4825571.000000
7664141.000000
2112650.000000
19527270.000000
9574733.000000
39117316.000000
3775681.000000
7371865.000000
1889586.000000
5285202.000000
760383.000000
10282755.000000
24225608.000000
6727676.000000
24853458.000000
9399769.000000
478406.000000
11294841.000000
908383.000000
12909517.000000
8522326.000000
13431951.000000
93178149.000000
10966617.000000
4624263.000000
5295995.000000
4642828.000000
23412818.000000
100018106.000000
17010311.000000
15205626.000000
7890755.000000
7216906.000000
1059538.000000
35644925.000000
4110627.000000
1123138.000000
1872851.000000
2134121.000000
10364831.000000
19607215.000000
35287479.000000
8341199.000000
1610173.000000
56858739.000000
9947345.000000
9179400.000000
8361237.000000
2863856.000000
8981602.000000
49519677.000000
1064055.000000
62775261.000000
43780996.000000
7881247.000000
9074601.000000
14978673.000000
66744628.000000
21154855.000000
484233.000000
13365205.000000
20005506.000000
5876769.000000
7135330.000000
11844216.000000
29227611.000000
2491803.000000
62023983.000000
5308250.000000
30871767.000000
74654868.000000
18267274.000000
11125391.000000
19202000.000000
2815197.000000
5848281.000000
621994.000000
2417117.000000
95244149.000000
37043240.000000
24369745.000000
15591927.000000
20768435.000000
102313331.000000
41274160.000000
7639946.000000
6762615.000000
810711.000000
22818743.000000
115412.000000
558230.000000
14713398.000000
5049157.000000
11761083.000000
20290191.000000
9077532.000000
154037.000000
4769082.000000
27096397.000000
4113804.000000
2509562.000000
3408579.000000
9327915.000000
10336213.000000
16475524.000000
12185429.000000
6327123.000000
3102497.000000
588631.000000
3133564.000000
4218592.000000
11219449.000000
15716376.000000
2768972.000000
10448997.000000
556660.000000
11172525.000000
3655811.000000
91925741.000000
2618593.000000
442272.000000
10828646.000000
3698136.000000
7250062.000000
2300740.000000
