0.000000
0.000000
0.000000
0.000000
0.000000
0.000000
0.000000
0.000000
0.000000
0.000000
0.000000
0.000000
0.000000
0.000000
0.000000
0.000000
0.000000
0.000000
0.000000
0.000000
0.000000
0.000000
0.000000
0.000000
0.000000
0.000000
0.000000
0.000000
0.000000
0.000000
0.000000
0.000000
0.000000
0.000000
0.000000
0.000000
0.000000
0.000000
0.000000
0.000000
0.000000
0.000000
0.000000
0.000000
0.000000
0.000000
0.000000
0.000000
0.000000
0.000000
0.000000
0.000000
0.000000
0.000000
0.000000
0.000000
0.000000
0.000000
0.000000
0.000000
0.000000
0.000000
0.000000
0.000000
0.000000
0.000000
0.000000
0.000000
0.000000
0.000000
0.000000
0.000000
0.000000
0.000000
0.000000
0.000000
0.000000
0.000000
0.000000
0.000000
0.000000
0.000000
0.000000
0.000000
0.000000
0.000000
0.000000
0.000000
0.000000
0.000000
0.000000
0.000000
0.000000
0.000000
0.000000
0.000000
0.000000
0.000000
0.000000
0.000000
0.000000
0.000000
0.000000
0.000000
0.000000
0.000000
0.000000
0.000000
0.000000
0.000000
0.000000
0.000000
0.000000
0.000000
0.000000
0.000000
0.000000
0.000000
0.000000
0.000000
0.000000
0.000000
0.000000
0.000000
0.000000
0.000000
0.000000
0.000000
0.000000
0.000000
0.000000
0.000000
0.000000
0.000000
0.000000
0.000000
0.000000
0.000000
0.000000
0.000000
0.000000
0.000000
0.000000
0.000000
0.000000
0.000000
0.000000
0.000000
0.000000
0.000000
0.000000
0.000000
0.000000
0.000000
0.000000
0.000000
0.000000
0.000000
0.000000
0.000000
0.000000
0.000000
0.000000
0.000000
0.000000
0.000000
0.000000
0.000000
0.000000
0.000000
0.000000
0.000000
0.000000
0.000000
0.000000
0.000000
0.000000
0.000000
0.000000
0.000000
0.000000
0.000000
0.000000
0.000000
0.000000
0.000000
0.000000
0.000000
0.000000
0.000000
0.000000
0.000000
0.000000
0.000000
0.000000
0.000000
0.000000
0.000000
0.000000
0.000000
0.000000
0.000000
0.000000
0.000000
0.000000
0.000000
0.000000
0.000000
0.000000
0.000000
0.000000
0.000000
0.000000
0.000000
0.000000
0.000000
0.000000
0.000000
0.000000
0.000000
0.000000
0.000000
0.000000
0.000000
0.000000
0.000000
0.000000
0.000000
0.000000
0.000000
0.000000
0.000000
0.000000
0.000000
0.000000
0.000000
0.000000
0.000000
0.000000
0.000000
0.000000
0.000000
0.000000
0.000000
0.000000
0.000000
0.000000
0.000000
0.000000
0.000000
0.000000
0.000000
0.000000
0.000000
0.000000
0.000000
0.000000
0.000000
0.000000
0.000000
0.000000
0.000000
0.000000
0.000000
0.000000
0.000000
0.000000
0.000000
0.000000
0.000000
0.000000
0.000000
0.000000
0.000000
0.000000
0.000000
0.000000
0.000000
0.000000
0.000000
0.000000
0.000000
0.000000
0.000000
0.000000
0.000000
0.000000
0.000000
0.000000
0.000000
0.000000
0.000000
0.000000
0.000000
0.000000
0.000000
0.000000
0.000000
0.000000
0.000000
0.000000
0.000000
0.000000
0.000000
0.000000
0.000000
0.000000
0.000000
0.000000
0.000000
0.000000
0.000000
0.000000
0.000000
0.000000
0.000000
0.000000
0.000000
0.000000
0.000000
0.000000
0.000000
0.000000
0.000000
0.000000
4080015.000000
2534698.000000
2502959.000000
2394485.000000
2500245.000000
2129938.000000
2491360.000000
2233233.000000
2222301.000000
2632891.000000
2024209.000000
1455538.000000
2090888.000000
2433053.000000
47393.000000
2305306.000000
2677398.000000
2505636.000000
2178473.000000
2512254.000000
2134013.000000
2738681.000000
94388.000000
2712194.000000
1695757.000000
2085438.000000
2308466.000000
99983.000000
2528114.000000
332922.000000
2652636.000000
2567225.000000
2587139.000000
1984081.000000
2492404.000000
2268670.000000
2583060.000000
2488017.000000
2364111.000000
2454131.000000
1315989.000000
2392266.000000
2176408.000000
2555532.000000
2835467.000000
1423287.000000
546251.000000
761371.000000
1876465.000000
2336839.000000
2619121.000000
1489844.000000
2570478.000000
2555485.000000
2132669.000000
2830577.000000
2678515.000000
2931699.000000
2209964.000000
2161712.000000
260941.000000
2659582.000000
2666567.000000
1121579.000000
2685405.000000
2378971.000000
898500.000000
80645.000000
2111617.000000
1252660.000000
2027329.000000
2364722.000000
2347314.000000
2681916.000000
2471905.000000
2218473.000000
2672851.000000
2314375.000000
2531857.000000
1083255.000000
2430515.000000
1742712.000000
2536005.000000
2564634.000000
1253951.000000
1162617.000000
2474165.000000
2263122.000000
2375349.000000
2231659.000000
1243665.000000
2371810.000000
2460141.000000
1297870.000000
2241752.000000
397064.000000
2253867.000000
1060775.000000
2139979.000000
456806.000000
2213619.000000
2513271.000000
109972.000000
2280144.000000
549564.000000
2675466.000000
1981764.000000
1280070.000000
2364920.000000
2825598.000000
2544683.000000
2104615.000000
2214528.000000
1795798.000000
2395440.000000
2314415.000000
2675658.000000
2421564.000000
1202053.000000
339166.000000
2644795.000000
769708.000000
1536606.000000
2251907.000000
1198170.000000
2241456.000000
1131881.000000
1847825.000000
1593331.000000
2646948.000000
2370790.000000
949458.000000
2049069.000000
2435715.000000
2544571.000000
1552401.000000
2277011.000000
2588720.000000
1997506.000000
2136596.000000
2576743.000000
2274413.000000
1626075.000000
2392670.000000
196390.000000
2196479.000000
1691287.000000
1803390.000000
2502928.000000
2537000.000000
2326013.000000
1247703.000000
2091483.000000
2219884.000000
2535376.000000
2182958.000000
2329308.000000
1049427.000000
616503.000000
2725934.000000
469215.000000
1768994.000000
2139657.000000
2727393.000000
2343228.000000
917851.000000
2574633.000000
2873736.000000
1854302.000000
1800914.000000
118257.000000
2259701.000000
2214811.000000
2572718.000000
2309340.000000
2699278.000000
2446006.000000
2708815.000000
1896078.000000
2259198.000000
2302895.000000
2499588.000000
411431.000000
2499928.000000
2210976.000000
1792350.000000
1029766.000000
2449449.000000
2502731.000000
2525880.000000
2228485.000000
1262721.000000
2563127.000000
2351733.000000
1503807.000000
2704447.000000
2389402.000000
2435806.000000
2148381.000000
2524935.000000
2659884.000000
1020576.000000
2403414.000000
1264748.000000
2455932.000000
2137694.000000
2158168.000000
683604.000000
2088027.000000
1650553.000000
2659039.000000
2546684.000000
1237211.000000
2518144.000000
2710282.000000
2832118.000000
2259838.000000
2342566.000000
693028.000000
2677150.000000
2234283.000000
2028005.000000
1346239.000000
2143981.000000
2362412.000000
2818424.000000
1680736.000000
2727124.000000
2450050.000000
732270.000000
2434249.000000
2698114.000000
2802756.000000
2476396.000000
2715905.000000
2518757.000000
2223692.000000
2355292.000000
2594590.000000
1954251.000000
2263632.000000
2209004.000000
1741952.000000
2607440.000000
278862.000000
1728170.000000
2745743.000000
600739.000000
1722209.000000
1603458.000000
1752093.000000
2015849.000000
2541057.000000
1102030.000000
2356985.000000
2674480.000000
2575101.000000
2410488.000000
2307109.000000
2425173.000000
2140896.000000
2143241.000000
151300.000000
2695683.000000
2373816.000000
1555489.000000
2318569.000000
1565780.000000
2484857.000000
2576992.000000
2252699.000000
2449072.000000
1302937.000000
2651351.000000
1768198.000000
1839672.000000
2157144.000000
2266126.000000
2357119.000000
2280253.000000
2403081.000000
696107.000000
355716.000000
2369363.000000
595522.000000
2532314.000000
1401754.000000
2622233.000000
2308466.000000
962869.000000
2476347.000000
2380084.000000
2319398.000000
2345729.000000
1977408.000000
2134524.000000
2365105.000000
1831335.000000
2472195.000000
2301820.000000
2262286.000000
1520169.000000
1850037.000000
2334673.000000
2599432.000000
2148145.000000
1760168.000000
2198677.000000
2316879.000000
2319216.000000
704538.000000
2214272.000000
2482774.000000
507214.000000
2753987.000000
2473165.000000
2270403.000000
2862644.000000
1072982.000000
2427275.000000
2058172.000000
2706918.000000
2613139.000000
2901266.000000
2775894.000000
2524396.000000
2380633.000000
1103624.000000
2723635.000000
2143061.000000
2504531.000000
2551519.000000
1863427.000000
1307319.000000
2118344.000000
1167671.000000
2519629.000000
494118.000000
2392787.000000
2390086.000000
2286913.000000
2315282.000000
1266327.000000
2634097.000000
1873383.000000
2114840.000000
1638327.000000
1952252.000000
2293089.000000
2386119.000000
1678074.000000
437035.000000
2481491.000000
2805606.000000
1505844.000000
836749.000000
2281311.000000
2148111.000000
2431096.000000
150100.000000
2204014.000000
2107516.000000
2764160.000000
2918735.000000
158679.000000
1298580.000000
1565778.000000
2734845.000000
2471333.000000
2562291.000000
2263122.000000
932891.000000
2852635.000000
1924594.000000
2246106.000000
2130670.000000
227976.000000
2454677.000000
2186987.000000
2293506.000000
94201.000000
2406327.000000
1829364.000000
2526028.000000
1229163.000000
2198523.000000
2508706.000000
2105176.000000
2362398.000000
668325.000000
1138276.000000
2122973.000000
2376193.000000
2343931.000000
1288070.000000
2676482.000000
2711285.000000
2163752.000000
2441958.000000
540676.000000
2574874.000000
2543434.000000
2871711.000000
2203407.000000
905466.000000
544909.000000
1231489.000000
1425948.000000
1894994.000000
2590614.000000
1537147.000000
2419932.000000
2872876.000000
1234591.000000
2500187.000000
690044.000000
2570152.000000
2443112.000000
1449663.000000
144885.000000
2587670.000000
2415695.000000
2082472.000000
1203004.000000
2377872.000000
2186576.000000
2671120.000000
2455497.000000
557662.000000
2657334.000000
2685290.000000
1621340.000000
1199850.000000
1075886.000000
2434734.000000
2254738.000000
2369124.000000
2386201.000000
2614715.000000
2437565.000000
2565314.000000
2384633.000000
1412952.000000
2775089.000000
2309510.000000
1682336.000000
850573.000000
2547156.000000
2242278.000000
1161018.000000
2319502.000000
1886019.000000
1254550.000000
1940759.000000
2794249.000000
2092525.000000
2148300.000000
2319051.000000
2609887.000000
2569028.000000
2085691.000000
2377381.000000
1245078.000000
2054095.000000
2440649.000000
100991.000000
1667441.000000
2271897.000000
1270908.000000
528248.000000
2607096.000000
2436760.000000
2611752.000000
1893727.000000
2397471.000000
1997082.000000
1625168.000000
2636122.000000
1496897.000000
2448878.000000
2251853.000000
2712194.000000
2503631.000000
2271616.000000
120201.000000
2234101.000000
2161279.000000
2279561.000000
2693505.000000
558112.000000
1349857.000000
97857.000000
2043599.000000
567418.000000
2726548.000000
2220680.000000
1255756.000000
2732222.000000
2563250.000000
2248885.000000
2792627.000000
1482583.000000
2518110.000000
2314456.000000
2029477.000000
1718742.000000
2323748.000000
2598422.000000
2408277.000000
2572742.000000
2691206.000000
2347069.000000
2256585.000000
2791053.000000
2232752.000000
1436024.000000
1895780.000000
2751586.000000
2285375.000000
2541737.000000
2552136.000000
2276763.000000
226169.000000
675788.000000
1627918.000000
2451881.000000
2620453.000000
2910600.000000
629128.000000
2495999.000000
2516203.000000
2576753.000000
2022532.000000
2018221.000000
1891918.000000
2377085.000000
1946104.000000
2147995.000000
1330892.000000
2576849.000000
2548909.000000
2481790.000000
2176709.000000
2357061.000000
1437944.000000
2307349.000000
553188.000000
2430298.000000
2640097.000000
2287016.000000
2341524.000000
2344329.000000
442076.000000
2465992.000000
751451.000000
2232957.000000
2507678.000000
2398828.000000
2724148.000000
2633190.000000
2090705.000000
2333765.000000
2363978.000000
2385692.000000
2832623.000000
2472445.000000
2517527.000000
2574532.000000
2801858.000000
978346.000000
2414678.000000
2094074.000000
736930.000000
1305223.000000
1566926.000000
2316847.000000
2397408.000000
2381462.000000
2661657.000000
1010131.000000
2656855.000000
2482183.000000
2085838.000000
2281374.000000
1655943.000000
2578192.000000
2538185.000000
758182.000000
2520550.000000
2794249.000000
2437243.000000
2663187.000000
2635414.000000
2956721.000000
2498124.000000
442208.000000
2658658.000000
2415849.000000
1872936.000000
2267810.000000
2302895.000000
2266514.000000
1444979.000000
2370709.000000
2479975.000000
2513457.000000
2561986.000000
2626837.000000
2357140.000000
2422223.000000
1695240.000000
2489335.000000
540527.000000
1557708.000000
2667106.000000
2538871.000000
2546792.000000
2396205.000000
2584518.000000
2740656.000000
2555675.000000
2339261.000000
2661688.000000
669739.000000
2549935.000000
112913.000000
451897.000000
2271418.000000
2426536.000000
2618043.000000
2454706.000000
2281105.000000
172156.000000
2333160.000000
2593457.000000
2037504.000000
1812337.000000
2026535.000000
2103839.000000
2681084.000000
2074733.000000
2431657.000000
2582499.000000
2019684.000000
466706.000000
1859186.000000
2117557.000000
2354288.000000
2672648.000000
1751883.000000
2429952.000000
542665.000000
2353396.000000
1668698.000000
2778454.000000
1615935.000000
285399.000000
2609199.000000
1904164.000000
2357035.000000
1680135.000000
