0.000000
0.000000
0.000000
0.000000
0.000000
0.000000
0.000000
0.000000
0.000000
0.000000
0.000000
0.000000
0.000000
0.000000
0.000000
0.000000
0.000000
0.000000
0.000000
0.000000
0.000000
0.000000
0.000000
0.000000
0.000000
0.000000
0.000000
0.000000
0.000000
0.000000
0.000000
0.000000
0.000000
0.000000
0.000000
0.000000
0.000000
0.000000
0.000000
0.000000
0.000000
0.000000
0.000000
0.000000
0.000000
0.000000
0.000000
0.000000
0.000000
0.000000
0.000000
0.000000
0.000000
0.000000
0.000000
0.000000
0.000000
0.000000
0.000000
0.000000
0.000000
0.000000
0.000000
0.000000
0.000000
0.000000
0.000000
0.000000
0.000000
0.000000
0.000000
0.000000
0.000000
0.000000
0.000000
0.000000
0.000000
0.000000
0.000000
0.000000
0.000000
0.000000
0.000000
0.000000
0.000000
0.000000
0.000000
0.000000
0.000000
0.000000
0.000000
0.000000
0.000000
0.000000
0.000000
0.000000
0.000000
0.000000
0.000000
0.000000
0.000000
0.000000
0.000000
0.000000
0.000000
0.000000
0.000000
0.000000
0.000000
0.000000
0.000000
0.000000
0.000000
0.000000
0.000000
0.000000
0.000000
0.000000
0.000000
0.000000
0.000000
0.000000
0.000000
0.000000
0.000000
0.000000
0.000000
0.000000
0.000000
0.000000
0.000000
0.000000
0.000000
0.000000
0.000000
0.000000
0.000000
0.000000
0.000000
0.000000
0.000000
0.000000
0.000000
0.000000
0.000000
0.000000
0.000000
0.000000
0.000000
0.000000
0.000000
0.000000
0.000000
0.000000
0.000000
0.000000
0.000000
0.000000
0.000000
0.000000
0.000000
0.000000
0.000000
0.000000
0.000000
0.000000
0.000000
0.000000
0.000000
0.000000
0.000000
0.000000
0.000000
0.000000
0.000000
0.000000
0.000000
0.000000
0.000000
0.000000
0.000000
0.000000
0.000000
0.000000
0.000000
0.000000
0.000000
0.000000
0.000000
0.000000
0.000000
0.000000
0.000000
0.000000
0.000000
0.000000
0.000000
0.000000
0.000000
0.000000
0.000000
0.000000
0.000000
0.000000
0.000000
0.000000
0.000000
0.000000
0.000000
0.000000
0.000000
0.000000
0.000000
0.000000
0.000000
0.000000
0.000000
0.000000
0.000000
0.000000
0.000000
0.000000
0.000000
0.000000
0.000000
0.000000
0.000000
0.000000
0.000000
0.000000
0.000000
0.000000
0.000000
0.000000
0.000000
0.000000
0.000000
0.000000
0.000000
0.000000
0.000000
0.000000
0.000000
0.000000
0.000000
0.000000
0.000000
0.000000
0.000000
0.000000
0.000000
0.000000
0.000000
0.000000
0.000000
0.000000
0.000000
0.000000
0.000000
0.000000
0.000000
0.000000
0.000000
0.000000
0.000000
0.000000
0.000000
0.000000
0.000000
0.000000
0.000000
0.000000
0.000000
0.000000
0.000000
0.000000
0.000000
0.000000
0.000000
0.000000
0.000000
0.000000
0.000000
0.000000
0.000000
0.000000
0.000000
0.000000
0.000000
0.000000
0.000000
0.000000
0.000000
0.000000
0.000000
0.000000
0.000000
0.000000
0.000000
0.000000
0.000000
0.000000
0.000000
0.000000
0.000000
0.000000
0.000000
0.000000
0.000000
0.000000
0.000000
0.000000
0.000000
0.000000
0.000000
0.000000
0.000000
0.000000
0.000000
0.000000
0.000000
0.000000
0.000000
0.000000
0.000000
0.000000
0.000000
14048175.000000
8525501.000000
4167009.000000
6305600.000000
8665376.000000
6276139.000000
6186624.000000
8853995.000000
3624211.000000
2458514.000000
4562089.000000
8440139.000000
59133.000000
9172531.000000
8487912.000000
5277671.000000
3739849.000000
5700517.000000
2925996.000000
8382843.000000
109487.000000
8553748.000000
2330750.000000
3554862.000000
8706316.000000
100699.000000
8938033.000000
362096.000000
8155636.000000
6314765.000000
5818136.000000
6059902.000000
6039242.000000
7807056.000000
8045926.000000
6555688.000000
7722831.000000
5859903.000000
1404761.000000
5343907.000000
5764085.000000
5109801.000000
7715288.000000
3846876.000000
515113.000000
982585.000000
2983208.000000
5772900.000000
7681472.000000
1936053.000000
5937655.000000
7918656.000000
3355853.000000
8788624.000000
7701287.000000
8954581.000000
5054082.000000
5440044.000000
306278.000000
8156875.000000
8244695.000000
1437616.000000
7900748.000000
8350516.000000
896225.000000
69554.000000
3295444.000000
1385854.000000
4149428.000000
6255949.000000
4842648.000000
4983134.000000
8271267.000000
5575573.000000
9908699.000000
5171937.000000
7558927.000000
1133069.000000
7880349.000000
1833647.000000
4983623.000000
8389046.000000
1469393.000000
1279017.000000
8289150.000000
5907159.000000
9137837.000000
6704908.000000
2539384.000000
4922589.000000
7358444.000000
2085151.000000
6914374.000000
498325.000000
6570873.000000
1663393.000000
3933210.000000
533294.000000
5836760.000000
6155314.000000
109527.000000
8380895.000000
727015.000000
7463222.000000
5377208.000000
1537126.000000
4963574.000000
7252816.000000
5853546.000000
7212320.000000
4014885.000000
2549793.000000
6208404.000000
4263477.000000
7729118.000000
5297124.000000
1519447.000000
374292.000000
7867764.000000
840341.000000
2904579.000000
5844006.000000
2357847.000000
4433779.000000
1413025.000000
3086736.000000
4656762.000000
8218153.000000
8094511.000000
1057222.000000
7308633.000000
7677608.000000
8848827.000000
2142923.000000
3915641.000000
7227007.000000
7149630.000000
6128317.000000
7031853.000000
3742669.000000
2667270.000000
5621839.000000
216569.000000
8093491.000000
3137981.000000
3066184.000000
7004902.000000
6272030.000000
6526866.000000
1493566.000000
4686007.000000
5462968.000000
9056358.000000
6523378.000000
6235023.000000
1161672.000000
757069.000000
8800713.000000
548589.000000
2649191.000000
4574571.000000
8542398.000000
8196823.000000
1064844.000000
7886209.000000
9618677.000000
3592903.000000
4344786.000000
144028.000000
5944039.000000
4360938.000000
5480591.000000
8631363.000000
8357762.000000
6722304.000000
8070221.000000
3377133.000000
6667916.000000
7435341.000000
6755821.000000
405068.000000
8508052.000000
5376986.000000
4887066.000000
1277037.000000
4652834.000000
8616762.000000
7962050.000000
3605467.000000
1644023.000000
6581349.000000
6696249.000000
2774738.000000
8082705.000000
6097265.000000
5537414.000000
6642618.000000
6554899.000000
7722717.000000
1275612.000000
3915864.000000
1539990.000000
5403222.000000
5631575.000000
3720392.000000
899107.000000
5061596.000000
3465770.000000
7436055.000000
7818093.000000
4800562.000000
6057423.000000
8167176.000000
7016899.000000
7279976.000000
6866356.000000
1016147.000000
4757454.000000
4414393.000000
4318861.000000
1414238.000000
5650205.000000
6825431.000000
8364842.000000
2422595.000000
8788180.000000
8238530.000000
1222387.000000
7910005.000000
8916626.000000
8682764.000000
5266358.000000
5549697.000000
5174074.000000
3494265.000000
8165490.000000
7369457.000000
4936902.000000
8272777.000000
5710046.000000
3538771.000000
8861961.000000
278410.000000
2458434.000000
8904317.000000
558265.000000
2504633.000000
3057416.000000
4318245.000000
4021942.000000
5813349.000000
1621340.000000
5221563.000000
6337365.000000
5204894.000000
7324483.000000
8558119.000000
6415317.000000
4149315.000000
3562133.000000
151786.000000
8331500.000000
5382631.000000
2871640.000000
6722030.000000
5254812.000000
9307253.000000
5416489.000000
5771204.000000
6098480.000000
3585559.000000
6325300.000000
3331428.000000
4116407.000000
3585197.000000
4877396.000000
5125125.000000
4960443.000000
8074244.000000
976454.000000
382083.000000
4898820.000000
725375.000000
8673823.000000
2570602.000000
5422484.000000
9094855.000000
1356219.000000
9158877.000000
7950546.000000
6549649.000000
8617359.000000
4558633.000000
4016697.000000
5397584.000000
5907457.000000
8635530.000000
7897544.000000
8141559.000000
1696261.000000
2436545.000000
8894811.000000
8777959.000000
6061370.000000
2941975.000000
4711876.000000
3894320.000000
4604878.000000
769789.000000
3349263.000000
7389922.000000
638000.000000
8526962.000000
5506268.000000
5009125.000000
9003786.000000
1577749.000000
3993598.000000
4004986.000000
8988308.000000
5548480.000000
8343908.000000
8600860.000000
6280475.000000
8315514.000000
1424122.000000
7925556.000000
5063277.000000
9911017.000000
7536534.000000
5233973.000000
1337050.000000
3689994.000000
1254363.000000
7020072.000000
479826.000000
8767840.000000
5013443.000000
4530246.000000
5921093.000000
1426256.000000
7473965.000000
7057548.000000
5608902.000000
3502868.000000
5890224.000000
6236286.000000
5286320.000000
2405647.000000
436890.000000
8256209.000000
6687895.000000
1818545.000000
1069030.000000
9413807.000000
5511492.000000
4900360.000000
151325.000000
3254316.000000
3817079.000000
8276784.000000
8159664.000000
188603.000000
1387478.000000
2010875.000000
5575212.000000
6718320.000000
8385717.000000
6332279.000000
1286782.000000
8309494.000000
3326109.000000
7375092.000000
6736479.000000
289492.000000
5072671.000000
7869442.000000
6033829.000000
127499.000000
7071894.000000
2773399.000000
7635487.000000
1454576.000000
3919327.000000
8476186.000000
3302738.000000
7090155.000000
622615.000000
1352403.000000
2997757.000000
8531551.000000
8462944.000000
2139245.000000
9745667.000000
6963087.000000
4694435.000000
8096801.000000
612297.000000
9460858.000000
7552375.000000
9924883.000000
5128172.000000
977158.000000
780933.000000
1814339.000000
1643550.000000
2811488.000000
6335682.000000
2593586.000000
5095715.000000
9483509.000000
1888670.000000
6891062.000000
683922.000000
8384677.000000
7524441.000000
2673797.000000
240583.000000
8495890.000000
7276187.000000
6385648.000000
1371441.000000
5794914.000000
4705036.000000
4664617.000000
4780932.000000
585808.000000
8845742.000000
5325727.000000
2681434.000000
1547249.000000
1084809.000000
5827623.000000
5357833.000000
7989823.000000
8207226.000000
6972901.000000
5592919.000000
7130798.000000
4967508.000000
1842494.000000
8685212.000000
3776164.000000
3270789.000000
980855.000000
4309370.000000
7496484.000000
1285609.000000
5224434.000000
3272373.000000
1636833.000000
3564029.000000
9307253.000000
3876834.000000
5966259.000000
5507012.000000
8866260.000000
6033060.000000
6207163.000000
6773384.000000
1736174.000000
5975986.000000
4343909.000000
112952.000000
6782865.000000
6627349.000000
1627213.000000
579502.000000
8835296.000000
8845920.000000
7550854.000000
2605678.000000
8097017.000000
3892710.000000
2747343.000000
5621934.000000
2199332.000000
5892201.000000
5374555.000000
8553748.000000
8687923.000000
5645794.000000
131207.000000
6390868.000000
3496943.000000
5992389.000000
6974635.000000
642304.000000
2392858.000000
149522.000000
4586171.000000
686588.000000
10393703.000000
5660200.000000
1989037.000000
8478763.000000
8625900.000000
4815501.000000
6350513.000000
2698044.000000
8016453.000000
6995025.000000
3462076.000000
3309481.000000
4968315.000000
4603744.000000
7631370.000000
7917776.000000
7949889.000000
7739619.000000
4056278.000000
7836965.000000
7941125.000000
1897213.000000
3487189.000000
7058887.000000
6961710.000000
7534951.000000
8052831.000000
5007882.000000
223210.000000
795742.000000
1899763.000000
5741454.000000
8567656.000000
6608468.000000
679909.000000
7722283.000000
7054074.000000
8616256.000000
3710656.000000
3691194.000000
4225876.000000
4625263.000000
3828072.000000
5433396.000000
2014967.000000
7977741.000000
6280842.000000
8741695.000000
3439465.000000
5614097.000000
1748003.000000
4003271.000000
666803.000000
7057929.000000
9069467.000000
4964194.000000
9047109.000000
6405329.000000
435570.000000
6743758.000000
886051.000000
6688380.000000
5625566.000000
7652539.000000
9564905.000000
6971788.000000
3966780.000000
4619524.000000
4338041.000000
8801337.000000
9112259.000000
8407531.000000
7358887.000000
5601981.000000
5779172.000000
1041264.000000
8332649.000000
4190219.000000
906397.000000
1759356.000000
2711304.000000
6705497.000000
8911493.000000
8116698.000000
6139641.000000
1536605.000000
8168365.000000
6379020.000000
5422917.000000
6045762.000000
2266116.000000
6110219.000000
8266610.000000
988724.000000
8366235.000000
9307253.000000
5855193.000000
6411552.000000
7438781.000000
9086647.000000
8183792.000000
418942.000000
7874415.000000
7978388.000000
4302071.000000
5232729.000000
7024544.000000
7708922.000000
2632809.000000
8072323.000000
4562368.000000
8661533.000000
8916627.000000
8342332.000000
6828861.000000
8388052.000000
2836290.000000
5303829.000000
603922.000000
2761980.000000
7590303.000000
8365194.000000
8751241.000000
6660359.000000
8123436.000000
7902304.000000
8871558.000000
6185824.000000
5476188.000000
696040.000000
8034937.000000
114427.000000
539991.000000
7033451.000000
4339848.000000
7236268.000000
8251132.000000
6285132.000000
177383.000000
4047000.000000
8677859.000000
3545250.000000
2541453.000000
3780650.000000
6429580.000000
6986065.000000
8397540.000000
6921540.000000
5148307.000000
2900087.000000
536394.000000
2893880.000000
3435907.000000
6718634.000000
8024316.000000
2726545.000000
6648601.000000
624997.000000
6865811.000000
3437267.000000
8392488.000000
2463948.000000
350179.000000
6623151.000000
3156749.000000
5291799.000000
2291764.000000
