0.000000
0.000000
0.000000
0.000000
0.000000
0.000000
0.000000
0.000000
0.000000
0.000000
0.000000
0.000000
0.000000
0.000000
0.000000
0.000000
0.000000
0.000000
0.000000
0.000000
0.000000
0.000000
0.000000
0.000000
0.000000
0.000000
0.000000
0.000000
0.000000
0.000000
0.000000
0.000000
0.000000
0.000000
0.000000
0.000000
0.000000
0.000000
0.000000
0.000000
0.000000
0.000000
0.000000
0.000000
0.000000
0.000000
0.000000
0.000000
0.000000
0.000000
0.000000
0.000000
0.000000
0.000000
0.000000
0.000000
0.000000
0.000000
0.000000
0.000000
0.000000
0.000000
0.000000
0.000000
0.000000
0.000000
0.000000
0.000000
0.000000
0.000000
0.000000
0.000000
0.000000
0.000000
0.000000
0.000000
0.000000
0.000000
0.000000
0.000000
0.000000
0.000000
0.000000
0.000000
0.000000
0.000000
0.000000
0.000000
0.000000
0.000000
0.000000
0.000000
0.000000
0.000000
0.000000
0.000000
0.000000
0.000000
0.000000
0.000000
0.000000
0.000000
0.000000
0.000000
0.000000
0.000000
0.000000
0.000000
0.000000
0.000000
0.000000
0.000000
0.000000
0.000000
0.000000
0.000000
0.000000
0.000000
0.000000
0.000000
0.000000
0.000000
0.000000
0.000000
0.000000
0.000000
0.000000
0.000000
0.000000
0.000000
0.000000
0.000000
0.000000
0.000000
0.000000
0.000000
0.000000
0.000000
0.000000
0.000000
0.000000
0.000000
0.000000
0.000000
0.000000
0.000000
0.000000
0.000000
0.000000
0.000000
0.000000
0.000000
0.000000
0.000000
0.000000
0.000000
0.000000
0.000000
0.000000
0.000000
0.000000
0.000000
0.000000
0.000000
0.000000
0.000000
0.000000
0.000000
0.000000
0.000000
0.000000
0.000000
0.000000
0.000000
0.000000
0.000000
0.000000
0.000000
0.000000
0.000000
0.000000
0.000000
0.000000
0.000000
0.000000
0.000000
0.000000
0.000000
0.000000
0.000000
0.000000
0.000000
0.000000
0.000000
0.000000
0.000000
0.000000
0.000000
0.000000
0.000000
0.000000
0.000000
0.000000
0.000000
0.000000
0.000000
0.000000
0.000000
0.000000
0.000000
0.000000
0.000000
0.000000
0.000000
0.000000
0.000000
0.000000
0.000000
0.000000
0.000000
0.000000
0.000000
0.000000
0.000000
0.000000
0.000000
0.000000
0.000000
0.000000
0.000000
0.000000
0.000000
0.000000
0.000000
0.000000
0.000000
0.000000
0.000000
0.000000
0.000000
0.000000
0.000000
0.000000
0.000000
0.000000
0.000000
0.000000
0.000000
0.000000
0.000000
0.000000
0.000000
0.000000
0.000000
0.000000
0.000000
0.000000
0.000000
0.000000
0.000000
0.000000
0.000000
0.000000
0.000000
0.000000
0.000000
0.000000
0.000000
0.000000
0.000000
0.000000
0.000000
0.000000
0.000000
0.000000
0.000000
0.000000
0.000000
0.000000
0.000000
0.000000
0.000000
0.000000
0.000000
0.000000
0.000000
0.000000
0.000000
0.000000
0.000000
0.000000
0.000000
0.000000
0.000000
0.000000
0.000000
0.000000
0.000000
0.000000
0.000000
0.000000
0.000000
0.000000
0.000000
0.000000
0.000000
0.000000
0.000000
0.000000
0.000000
0.000000
0.000000
0.000000
0.000000
0.000000
0.000000
0.000000
0.000000
0.000000
0.000000
0.000000
0.000000
0.000000
0.000000
0.000000
0.000000
0.000000
0.000000
0.000000
0.000000
0.000000
0.000000
0.000000
0.000000
0.000000
0.000000
0.000000
0.000000
0.000000
0.000000
0.000000
0.000000
0.000000
0.000000
14250390.000000
3160489.000000
9920185.000000
101531.000000
9600045.000000
2187953.000000
3353101.000000
7125515.000000
78517.000000
8631482.000000
360758.000000
9191204.000000
6550271.000000
5258238.000000
4254829.000000
6087562.000000
9002078.000000
8144385.000000
7519657.000000
7677984.000000
5499034.000000
1455978.000000
5372859.000000
6716789.000000
4725155.000000
9925862.000000
2451857.000000
531371.000000
764825.000000
2710873.000000
4447461.000000
6884341.000000
2039637.000000
5669731.000000
7700514.000000
3160739.000000
9783116.000000
9228881.000000
8562126.000000
4334672.000000
4965882.000000
301842.000000
7448876.000000
9788802.000000
1317446.000000
7847556.000000
7331905.000000
848076.000000
64450.000000
3743945.000000
1330839.000000
3146849.000000
6158066.000000
4814092.000000
4372914.000000
9071318.000000
3997994.000000
8632545.000000
5025238.000000
6901447.000000
1105660.000000
9102373.000000
1993282.000000
5353294.000000
9815233.000000
1471943.000000
1312190.000000
8390951.000000
5165279.000000
9263253.000000
6500682.000000
1597209.000000
4006872.000000
7119630.000000
1762279.000000
5546958.000000
351970.000000
5998822.000000
1236429.000000
3680520.000000
487095.000000
5232056.000000
5986927.000000
111814.000000
7278851.000000
561909.000000
8754867.000000
3887464.000000
1391144.000000
4181501.000000
7272663.000000
6387987.000000
6008192.000000
3709922.000000
2359641.000000
5037564.000000
3567373.000000
8067776.000000
4810236.000000
1244143.000000
388971.000000
9529043.000000
805400.000000
2092436.000000
4785741.000000
1636106.000000
4867454.000000
1178850.000000
2820619.000000
3427783.000000
8933117.000000
6322213.000000
972531.000000
6879017.000000
8387124.000000
7642350.000000
2296573.000000
3478457.000000
8058468.000000
6404057.000000
5453251.000000
6496747.000000
3791433.000000
2303039.000000
6039351.000000
186310.000000
8075732.000000
2296455.000000
2647156.000000
7305862.000000
6377003.000000
6426107.000000
1308919.000000
4090313.000000
4247837.000000
8610423.000000
5310706.000000
5035581.000000
1039923.000000
671641.000000
9051965.000000
399796.000000
2444746.000000
4653195.000000
9436386.000000
8376339.000000
1027307.000000
8188505.000000
9235683.000000
3146216.000000
2917943.000000
125988.000000
4510524.000000
4373697.000000
5413063.000000
7372241.000000
7777114.000000
6663200.000000
9104448.000000
2700725.000000
6405671.000000
6118446.000000
5959234.000000
385343.000000
8010753.000000
4668214.000000
3640886.000000
1083470.000000
5023439.000000
9533423.000000
8029939.000000
3818321.000000
1538578.000000
5550900.000000
6007230.000000
2221267.000000
7215297.000000
6671806.000000
5860397.000000
5328530.000000
6386243.000000
9488546.000000
1262984.000000
4239487.000000
1401446.000000
5511023.000000
5196906.000000
3886440.000000
587276.000000
4335159.000000
2682671.000000
7491248.000000
7198877.000000
4541690.000000
5380623.000000
9237997.000000
6723061.000000
8239182.000000
6994739.000000
715409.000000
4793001.000000
3964136.000000
3351436.000000
1453334.000000
4475859.000000
6043000.000000
7743277.000000
2378696.000000
8936330.000000
8451065.000000
662007.000000
9302423.000000
9382185.000000
8924978.000000
5383643.000000
5959630.000000
4149498.000000
3734898.000000
7022775.000000
7811528.000000
3981367.000000
7736898.000000
4971373.000000
2645050.000000
7661484.000000
225447.000000
2570706.000000
8515506.000000
594144.000000
2523035.000000
2383652.000000
3561425.000000
3276198.000000
6288375.000000
1298863.000000
5385145.000000
6132464.000000
5523545.000000
7341109.000000
8174065.000000
6927578.000000
3702175.000000
4014679.000000
166418.000000
8427975.000000
4874785.000000
2206208.000000
7632404.000000
3970955.000000
9245672.000000
5890319.000000
4739769.000000
6072479.000000
2031239.000000
6296055.000000
4034928.000000
2859583.000000
3854427.000000
4160974.000000
5613810.000000
5447494.000000
7767651.000000
735528.000000
341597.000000
4762303.000000
641040.000000
9026848.000000
1972112.000000
5431328.000000
7388947.000000
1161011.000000
9157942.000000
7986665.000000
6120734.000000
8727871.000000
3569209.000000
3636298.000000
5886039.000000
4414638.000000
9845212.000000
7002791.000000
7236932.000000
2031060.000000
2577046.000000
9258804.000000
8677899.000000
4750490.000000
2665943.000000
5132963.000000
4698916.000000
4577970.000000
743979.000000
3136115.000000
7477662.000000
579928.000000
9714338.000000
5952280.000000
4999510.000000
8475866.000000
1108050.000000
3945664.000000
3475841.000000
8434627.000000
5362122.000000
9715476.000000
8333564.000000
7267449.000000
8310794.000000
1204490.000000
9453702.000000
4625578.000000
10072885.000000
8604489.000000
3877871.000000
1323386.000000
3442713.000000
1274875.000000
6213009.000000
481650.000000
7424950.000000
5409257.000000
4404406.000000
5265534.000000
1415011.000000
6761602.000000
6609300.000000
4892919.000000
2432894.000000
4189626.000000
6809930.000000
4730413.000000
2282288.000000
461552.000000
8297495.000000
6582006.000000
1640480.000000
1002221.000000
9243029.000000
5686400.000000
4642573.000000
126442.000000
3277255.000000
3041712.000000
9178472.000000
7405933.000000
185084.000000
1543849.000000
1848305.000000
5339686.000000
7322506.000000
8213451.000000
5430218.000000
1217657.000000
8540307.000000
3270163.000000
6929121.000000
6322047.000000
233352.000000
4960447.000000
8510194.000000
4925619.000000
101353.000000
6520834.000000
2668851.000000
7786638.000000
1237392.000000
4064115.000000
8935476.000000
3598828.000000
6070265.000000
688566.000000
1189641.000000
2829390.000000
8747701.000000
9411611.000000
1486744.000000
8721958.000000
6820676.000000
4769710.000000
8424767.000000
644421.000000
9703180.000000
7502204.000000
9291797.000000
4926980.000000
830720.000000
455697.000000
1564155.000000
1620891.000000
2544363.000000
5874027.000000
2017385.000000
4200013.000000
10684880.000000
1569399.000000
6785445.000000
669485.000000
8120656.000000
7514911.000000
1928880.000000
182210.000000
8931911.000000
7334520.000000
4827395.000000
1410369.000000
5559262.000000
4379078.000000
5232920.000000
4240591.000000
532253.000000
9288539.000000
5558988.000000
2517949.000000
1527559.000000
1073968.000000
5487592.000000
4862147.000000
9082709.000000
7926538.000000
6542559.000000
5023044.000000
8392033.000000
4921011.000000
1775485.000000
9156469.000000
4240360.000000
2349097.000000
775710.000000
5127718.000000
5858840.000000
1250519.000000
4427216.000000
2758489.000000
1458162.000000
3243798.000000
9764925.000000
3775482.000000
5110854.000000
5312157.000000
7349503.000000
5867836.000000
6245928.000000
5454715.000000
1246531.000000
4937530.000000
4363761.000000
106331.000000
4665515.000000
4975296.000000
1375523.000000
560387.000000
8223476.000000
8571684.000000
7832403.000000
2966649.000000
8724543.000000
3313670.000000
2103815.000000
6169271.000000
1747650.000000
6386814.000000
6018555.000000
9600045.000000
8616339.000000
5358320.000000
101012.000000
5691756.000000
3406777.000000
4699899.000000
8596742.000000
457994.000000
1684968.000000
108080.000000
4048781.000000
583057.000000
9220440.000000
5825193.000000
1717062.000000
8201691.000000
8445188.000000
3988766.000000
6192745.000000
2021116.000000
7152965.000000
5379480.000000
3519744.000000
2690961.000000
5504793.000000
4715396.000000
6795820.000000
9118509.000000
7975985.000000
7018584.000000
4106015.000000
9306991.000000
7219662.000000
1668248.000000
3175700.000000
5935673.000000
5888603.000000
7080147.000000
9246125.000000
4523530.000000
234383.000000
739507.000000
1881822.000000
4577000.000000
9889344.000000
7087932.000000
520870.000000
8215546.000000
9291440.000000
8925981.000000
3529364.000000
2844470.000000
3320516.000000
4584003.000000
3122959.000000
4655177.000000
1781438.000000
7756293.000000
5472768.000000
8222864.000000
3364109.000000
5454057.000000
1750957.000000
3786344.000000
524619.000000
6205242.000000
9181646.000000
4677122.000000
9047771.000000
5617580.000000
413778.000000
6590125.000000
876814.000000
5190002.000000
6372510.000000
7600604.000000
9377175.000000
6746218.000000
3704324.000000
3672104.000000
3671601.000000
9398997.000000
10183965.000000
8805917.000000
6665382.000000
5189636.000000
5545165.000000
1065475.000000
9552549.000000
3184243.000000
610451.000000
1385490.000000
2254429.000000
6603442.000000
8858195.000000
7772708.000000
6063822.000000
1095790.000000
8917587.000000
6099595.000000
3538784.000000
6426202.000000
2164486.000000
6214194.000000
8931939.000000
674788.000000
8256643.000000
9764925.000000
5700948.000000
6292952.000000
8100365.000000
8091057.000000
8364673.000000
397257.000000
7103534.000000
6794507.000000
3076336.000000
3610158.000000
6237781.000000
9668064.000000
1824102.000000
9787564.000000
4686030.000000
9167986.000000
8697581.000000
8310464.000000
6027106.000000
7984270.000000
2368813.000000
5068682.000000
607799.000000
1910122.000000
9952252.000000
9542860.000000
7911106.000000
8151709.000000
8801151.000000
9186383.000000
8540949.000000
6849949.000000
5219331.000000
702265.000000
8870015.000000
108331.000000
415145.000000
6059411.000000
4078139.000000
6873369.000000
8291961.000000
5259431.000000
159424.000000
3971345.000000
10194996.000000
3577558.000000
2457580.000000
3186114.000000
5307008.000000
6762107.000000
8312304.000000
7534517.000000
5147724.000000
3023845.000000
415159.000000
2350974.000000
3174199.000000
6272096.000000
7645390.000000
2260103.000000
5483955.000000
556202.000000
6696144.000000
2599178.000000
9318741.000000
2071944.000000
238527.000000
7087617.000000
2649419.000000
4633599.000000
2301336.000000
