0.000000
0.000000
0.000000
0.000000
0.000000
0.000000
0.000000
0.000000
0.000000
0.000000
0.000000
0.000000
0.000000
0.000000
0.000000
0.000000
0.000000
0.000000
0.000000
0.000000
0.000000
0.000000
0.000000
0.000000
0.000000
0.000000
0.000000
0.000000
0.000000
0.000000
0.000000
0.000000
0.000000
0.000000
0.000000
3699680.000000
544586.000000
2304119.000000
2124609.000000
2396928.000000
2133530.000000
2419087.000000
645824.000000
1535212.000000
2129613.000000
2495114.000000
2309787.000000
1995339.000000
2006468.000000
1242895.000000
1665453.000000
489555.000000
1555886.000000
1441533.000000
1719184.000000
2794460.000000
2168456.000000
2111521.000000
2249238.000000
2597935.000000
909031.000000
2240480.000000
1492229.000000
2360442.000000
2328166.000000
2593996.000000
2514946.000000
2049952.000000
2299790.000000
2199290.000000
2222854.000000
1622377.000000
427422.000000
2495668.000000
2175682.000000
2599929.000000
2504055.000000
2210109.000000
2197108.000000
1956628.000000
197133.000000
2615436.000000
2311751.000000
1386191.000000
2551069.000000
2059215.000000
1676683.000000
2180662.000000
2158655.000000
2467610.000000
2054713.000000
2517145.000000
2376427.000000
2623376.000000
2417966.000000
1885472.000000
1608599.000000
1980822.000000
2105085.000000
2233623.000000
2484797.000000
1836668.000000
1347110.000000
2194266.000000
2143499.000000
2350169.000000
1574942.000000
2455159.000000
1357145.000000
2575320.000000
2300834.000000
2363905.000000
2081004.000000
2421077.000000
2356402.000000
1995540.000000
2308649.000000
2194881.000000
1077192.000000
2356803.000000
1389041.000000
2252012.000000
2091001.000000
2143946.000000
2208182.000000
2554388.000000
1797374.000000
2291038.000000
2260504.000000
2358661.000000
2001925.000000
2184995.000000
2295502.000000
2326794.000000
718233.000000
2487062.000000
1619092.000000
755091.000000
2240196.000000
2155760.000000
936448.000000
1692005.000000
2251267.000000
2464349.000000
286295.000000
2283226.000000
1821498.000000
1458304.000000
903753.000000
131048.000000
2538863.000000
1812148.000000
2088408.000000
2204315.000000
1384415.000000
2250557.000000
2201325.000000
211719.000000
2288929.000000
2735279.000000
2423850.000000
2302375.000000
2381163.000000
2277424.000000
1444096.000000
2508224.000000
528978.000000
1456838.000000
2245128.000000
2145276.000000
2399523.000000
2521852.000000
2134464.000000
1888245.000000
2390822.000000
2626380.000000
2191003.000000
2465223.000000
2341067.000000
1974650.000000
1955963.000000
425733.000000
2251155.000000
1300064.000000
2203412.000000
2338378.000000
1991704.000000
1541305.000000
1968464.000000
1820211.000000
2486876.000000
2524211.000000
2187682.000000
2334906.000000
2253019.000000
2321730.000000
1931975.000000
2254521.000000
2056090.000000
2631689.000000
110803.000000
2419363.000000
1083628.000000
2746533.000000
1239045.000000
2167402.000000
2139599.000000
755085.000000
2352921.000000
1259576.000000
2239651.000000
1897477.000000
2150329.000000
2322527.000000
2288037.000000
2418399.000000
1920645.000000
517625.000000
2758233.000000
941833.000000
1769278.000000
2357508.000000
944358.000000
2115023.000000
2300322.000000
159999.000000
2368105.000000
1721337.000000
1681398.000000
1719112.000000
1836274.000000
2254355.000000
819856.000000
2262893.000000
2411717.000000
2155828.000000
2116328.000000
2301211.000000
2151971.000000
2334746.000000
1789720.000000
2183964.000000
1099322.000000
2182795.000000
2185059.000000
2078308.000000
838122.000000
2366774.000000
2252297.000000
2178364.000000
2188789.000000
2352011.000000
2537561.000000
203043.000000
1251494.000000
908556.000000
2171319.000000
2147469.000000
2518479.000000
2464111.000000
2226353.000000
2283001.000000
1435669.000000
1808261.000000
2036613.000000
2208572.000000
2517806.000000
2062183.000000
1908624.000000
1476576.000000
2195248.000000
2222401.000000
2460165.000000
2755413.000000
2614143.000000
2076503.000000
217951.000000
2217663.000000
2321393.000000
1974650.000000
2068832.000000
2731734.000000
2400243.000000
2531631.000000
2305147.000000
2213109.000000
2322402.000000
2506293.000000
416562.000000
2202030.000000
2203752.000000
2284286.000000
2384409.000000
2390735.000000
2270137.000000
703917.000000
2515973.000000
2468353.000000
2141008.000000
2498428.000000
525320.000000
1587185.000000
2263775.000000
114186.000000
1203432.000000
2445280.000000
2425167.000000
2234496.000000
1594386.000000
2308056.000000
2479398.000000
258986.000000
2698937.000000
2429751.000000
1299305.000000
2311673.000000
328849.000000
1983416.000000
2037163.000000
2259530.000000
579305.000000
2409144.000000
1720191.000000
2257871.000000
2318386.000000
1601759.000000
2312602.000000
2468427.000000
2719468.000000
2024279.000000
2520424.000000
2283390.000000
2083425.000000
2643173.000000
2370054.000000
1869804.000000
1599510.000000
2023059.000000
2335378.000000
63419.000000
2138509.000000
2546334.000000
2209251.000000
1857276.000000
2355489.000000
2085781.000000
2363858.000000
105291.000000
2085809.000000
1647779.000000
1870827.000000
2086257.000000
92320.000000
2518153.000000
416638.000000
2510086.000000
2283910.000000
2352610.000000
1962824.000000
2261934.000000
2225690.000000
2365021.000000
2230430.000000
2183705.000000
2338713.000000
1352624.000000
2324971.000000
2292024.000000
1874433.000000
2496965.000000
1219776.000000
544185.000000
911175.000000
1843263.000000
2165705.000000
2342165.000000
1579442.000000
2348172.000000
2402042.000000
2196299.000000
2414011.000000
2501360.000000
2529593.000000
2230604.000000
2163015.000000
314049.000000
2364417.000000
2645831.000000
1307252.000000
2186090.000000
2357739.000000
921261.000000
63953.000000
2103195.000000
1209659.000000
2070590.000000
2283925.000000
2663614.000000
2130447.000000
2451457.000000
2096323.000000
2703349.000000
1962286.000000
1949453.000000
1123838.000000
2133551.000000
1531267.000000
2522880.000000
2715001.000000
1227824.000000
1051424.000000
2337355.000000
2743165.000000
2598327.000000
2088734.000000
930900.000000
2178614.000000
2521422.000000
1530478.000000
2139193.000000
381634.000000
2236876.000000
1150435.000000
2129459.000000
507951.000000
2167578.000000
2227952.000000
106359.000000
1984884.000000
691284.000000
2377727.000000
2062504.000000
1370223.000000
2283164.000000
2159455.000000
2638259.000000
2425248.000000
2091980.000000
1805384.000000
2314319.000000
2079265.000000
2431888.000000
2315935.000000
1152873.000000
449112.000000
2396500.000000
911958.000000
1452509.000000
1873674.000000
1457876.000000
2218710.000000
1285097.000000
1835780.000000
1735633.000000
2411267.000000
2243102.000000
1041215.000000
2194689.000000
2775195.000000
2725905.000000
1652128.000000
2098169.000000
2136557.000000
2307481.000000
2027419.000000
2394455.000000
2194707.000000
1683046.000000
2087629.000000
252868.000000
2177853.000000
1830612.000000
1914198.000000
2241102.000000
2523468.000000
2445370.000000
1309970.000000
2221092.000000
2387086.000000
2207314.000000
2136877.000000
2305762.000000
1032788.000000
725181.000000
2538012.000000
447567.000000
1777035.000000
2046418.000000
2424261.000000
2259694.000000
952302.000000
2326796.000000
2576619.000000
2148749.000000
1791319.000000
129228.000000
2634982.000000
2506891.000000
2225848.000000
2276543.000000
2075531.000000
2451736.000000
2676227.000000
1899751.000000
2247676.000000
2400056.000000
2456463.000000
398160.000000
2247814.000000
2179995.000000
2057191.000000
1081706.000000
2310412.000000
2485179.000000
2342139.000000
2178702.000000
1424480.000000
2107771.000000
2121193.000000
1649184.000000
2516144.000000
2177954.000000
2179264.000000
2178646.000000
2672303.000000
2779901.000000
1144131.000000
2144016.000000
1316767.000000
2084675.000000
2393146.000000
2070706.000000
654208.000000
2064605.000000
1544860.000000
2541083.000000
2257125.000000
1429533.000000
2248930.000000
2300995.000000
2431466.000000
2298647.000000
2326651.000000
787682.000000
2314596.000000
1895074.000000
2006052.000000
1330362.000000
2233071.000000
2205805.000000
2037165.000000
1621517.000000
2406073.000000
2227298.000000
836394.000000
2311684.000000
2561027.000000
2587732.000000
2348086.000000
2330279.000000
2164088.000000
1963248.000000
2328056.000000
2224090.000000
2282611.000000
2317722.000000
2015374.000000
1792435.000000
2587161.000000
279912.000000
1717835.000000
2625859.000000
605173.000000
1736225.000000
1710736.000000
1762304.000000
2155938.000000
2283658.000000
1207811.000000
2150969.000000
2208152.000000
2237703.000000
2530387.000000
2358993.000000
2225470.000000
2081437.000000
2087802.000000
171056.000000
2097145.000000
2403992.000000
1610677.000000
2098278.000000
1833955.000000
2450641.000000
2222132.000000
2321648.000000
2421523.000000
1261280.000000
2300903.000000
2076239.000000
1442386.000000
2063465.000000
2119959.000000
2448394.000000
2023922.000000
2421460.000000
811336.000000
349099.000000
2068355.000000
730284.000000
2504710.000000
1360281.000000
2121950.000000
2086257.000000
1182593.000000
2283177.000000
2338386.000000
2502635.000000
2233502.000000
2065869.000000
2304954.000000
2168437.000000
1750210.000000
2437464.000000
2261853.000000
2305367.000000
1583415.000000
1783777.000000
2461303.000000
2312562.000000
2144493.000000
1986692.000000
1853272.000000
2202215.000000
2574466.000000
791461.000000
2066301.000000
2459070.000000
548402.000000
2203941.000000
2395900.000000
2257130.000000
2318829.000000
1141113.000000
2264772.000000
2304863.000000
2448782.000000
2340369.000000
2562165.000000
2403319.000000
2199346.000000
2068004.000000
1250388.000000
2330721.000000
2215105.000000
2468091.000000
2082159.000000
2072982.000000
1173159.000000
2040525.000000
1114434.000000
2394385.000000
452085.000000
2392335.000000
2247620.000000
2066977.000000
2106527.000000
1207897.000000
2287549.000000
1973448.000000
2038364.000000
1783811.000000
2123979.000000
2139141.000000
2402668.000000
1751949.000000
531378.000000
2405859.000000
2519660.000000
1429063.000000
1066291.000000
2271965.000000
2028311.000000
2286705.000000
163606.000000
2006681.000000
2094540.000000
2566759.000000
2606809.000000
185205.000000
1358673.000000
1512312.000000
2299650.000000
2326614.000000
2615436.000000
2743165.000000
1162171.000000
2155993.000000
2297772.000000
2085213.000000
1930259.000000
274155.000000
2280323.000000
2436728.000000
1939674.000000
106219.000000
2201095.000000
1800338.000000
2349099.000000
1316222.000000
2179355.000000
2711949.000000
1934561.000000
2306374.000000
761840.000000
1194632.000000
1795034.000000
2210858.000000
2341443.000000
1463769.000000
2322422.000000
2300114.000000
2030912.000000
2628529.000000
603450.000000
2815851.000000
2372124.000000
2695336.000000
2057779.000000
815985.000000
571585.000000
1393197.000000
1452417.000000
1875914.000000
2150818.000000
1686498.000000
2221231.000000
2428495.000000
1412774.000000
2059470.000000
829932.000000
2263724.000000
2457063.000000
1523711.000000
187872.000000
2165862.000000
2365026.000000
2341016.000000
1253335.000000
2151660.000000
2385489.000000
2382169.000000
2028999.000000
565011.000000
2790952.000000
2779901.000000
1720306.000000
1385267.000000
1226296.000000
2502941.000000
2067535.000000
2282041.000000
2300280.000000
2008374.000000
2259501.000000
2051729.000000
2673195.000000
1565959.000000
2522494.000000
2168940.000000
1731468.000000
854786.000000
2193113.000000
2029651.000000
1436856.000000
2026254.000000
1727158.000000
1343998.000000
2092004.000000
2450641.000000
2039442.000000
2096891.000000
2525813.000000
2306382.000000
2139626.000000
2206135.000000
2270334.000000
1186337.000000
2059784.000000
2181883.000000
95447.000000
1772681.000000
2372520.000000
1290706.000000
508500.000000
2075618.000000
2331825.000000
2565137.000000
1846169.000000
2196711.000000
1812395.000000
1698349.000000
2366454.000000
1476253.000000
2206785.000000
2217886.000000
2085809.000000
2246039.000000
2553801.000000
128186.000000
1981119.000000
1868366.000000
2585368.000000
2596120.000000
493187.000000
1465795.000000
118169.000000
2047825.000000
619364.000000
2698584.000000
2328112.000000
1403493.000000
2892789.000000
2605636.000000
2367730.000000
2373896.000000
1613636.000000
2249842.000000
2047887.000000
2124335.000000
1834754.000000
2358617.000000
2221992.000000
2369555.000000
2273407.000000
2309881.000000
2540849.000000
2036131.000000
2516104.000000
2173964.000000
1480649.000000
2125709.000000
2350529.000000
2253437.000000
2546566.000000
2253533.000000
2731033.000000
227295.000000
841711.000000
1511972.000000
2274901.000000
2410986.000000
2169970.000000
544176.000000
2505321.000000
1967984.000000
2231184.000000
1883711.000000
2027363.000000
1837852.000000
2662476.000000
1739716.000000
2265199.000000
1499893.000000
2399022.000000
2007460.000000
2632382.000000
2068626.000000
2265962.000000
1397264.000000
2039215.000000
663130.000000
2188654.000000
2414394.000000
2236167.000000
2428783.000000
2516924.000000
492265.000000
2089851.000000
808617.000000
2242115.000000
2428541.000000
2232445.000000
2241999.000000
2236987.000000
2263735.000000
2009260.000000
2378943.000000
2114488.000000
2387435.000000
2370073.000000
2584177.000000
1800213.000000
2617135.000000
972865.000000
2738999.000000
2124082.000000
874851.000000
1238289.000000
1711207.000000
2272656.000000
2400075.000000
2575291.000000
2508526.000000
971206.000000
2478687.000000
2375992.000000
1975265.000000
2417004.000000
1741042.000000
2507139.000000
2587716.000000
810085.000000
2266947.000000
2450641.000000
2021508.000000
2164252.000000
2238178.000000
2135753.000000
2395649.000000
458784.000000
2253876.000000
2458923.000000
1861353.000000
2330140.000000
2400056.000000
2510660.000000
1536962.000000
2717759.000000
2241729.000000
2245888.000000
2621500.000000
2282355.000000
2041593.000000
2162608.000000
1736668.000000
2314016.000000
650695.000000
1554632.000000
2418776.000000
2535029.000000
2537244.000000
2339484.000000
2449286.000000
2768463.000000
2434463.000000
1991257.000000
2088262.000000
731830.000000
2666263.000000
135067.000000
447805.000000
2150776.000000
2250949.000000
2532542.000000
2301386.000000
2393504.000000
162234.000000
2254637.000000
2479539.000000
2117336.000000
1663993.000000
1900396.000000
2434905.000000
2263272.000000
2506528.000000
2327862.000000
2151223.000000
1940296.000000
529000.000000
1926965.000000
2057613.000000
2313995.000000
2292194.000000
1774849.000000
2122565.000000
548495.000000
2620569.000000
2024880.000000
2764046.000000
1652112.000000
291156.000000
2392224.000000
1815730.000000
2062709.000000
1711775.000000
