0.000000
0.000000
0.000000
0.000000
0.000000
0.000000
0.000000
0.000000
0.000000
0.000000
0.000000
0.000000
0.000000
0.000000
0.000000
0.000000
0.000000
0.000000
0.000000
0.000000
0.000000
0.000000
0.000000
0.000000
0.000000
0.000000
0.000000
0.000000
0.000000
0.000000
0.000000
0.000000
0.000000
0.000000
0.000000
0.000000
0.000000
0.000000
0.000000
0.000000
0.000000
0.000000
0.000000
0.000000
0.000000
0.000000
0.000000
0.000000
0.000000
0.000000
0.000000
0.000000
0.000000
0.000000
0.000000
0.000000
0.000000
0.000000
0.000000
0.000000
0.000000
0.000000
0.000000
0.000000
0.000000
0.000000
0.000000
0.000000
0.000000
0.000000
0.000000
0.000000
0.000000
0.000000
0.000000
0.000000
0.000000
0.000000
0.000000
0.000000
0.000000
0.000000
0.000000
0.000000
0.000000
0.000000
0.000000
0.000000
0.000000
0.000000
0.000000
0.000000
0.000000
0.000000
0.000000
0.000000
0.000000
0.000000
0.000000
0.000000
0.000000
0.000000
0.000000
0.000000
0.000000
0.000000
0.000000
0.000000
0.000000
0.000000
0.000000
0.000000
0.000000
0.000000
0.000000
0.000000
0.000000
0.000000
0.000000
0.000000
0.000000
0.000000
0.000000
0.000000
0.000000
0.000000
0.000000
0.000000
0.000000
0.000000
0.000000
0.000000
0.000000
0.000000
0.000000
0.000000
0.000000
0.000000
0.000000
0.000000
0.000000
0.000000
0.000000
0.000000
0.000000
0.000000
0.000000
0.000000
0.000000
0.000000
0.000000
0.000000
0.000000
0.000000
0.000000
0.000000
0.000000
0.000000
0.000000
0.000000
0.000000
0.000000
0.000000
0.000000
0.000000
0.000000
0.000000
0.000000
0.000000
0.000000
0.000000
0.000000
0.000000
0.000000
0.000000
0.000000
0.000000
0.000000
0.000000
0.000000
0.000000
0.000000
0.000000
0.000000
0.000000
0.000000
0.000000
0.000000
0.000000
0.000000
0.000000
0.000000
0.000000
0.000000
0.000000
0.000000
0.000000
0.000000
0.000000
0.000000
0.000000
0.000000
0.000000
0.000000
0.000000
0.000000
0.000000
0.000000
0.000000
0.000000
0.000000
0.000000
0.000000
0.000000
0.000000
0.000000
0.000000
0.000000
0.000000
0.000000
0.000000
0.000000
0.000000
0.000000
0.000000
0.000000
0.000000
0.000000
0.000000
0.000000
0.000000
0.000000
0.000000
0.000000
0.000000
0.000000
0.000000
0.000000
0.000000
0.000000
0.000000
0.000000
0.000000
0.000000
0.000000
0.000000
0.000000
0.000000
0.000000
0.000000
0.000000
0.000000
0.000000
0.000000
0.000000
0.000000
0.000000
0.000000
0.000000
0.000000
0.000000
0.000000
0.000000
0.000000
0.000000
0.000000
0.000000
0.000000
0.000000
0.000000
0.000000
0.000000
0.000000
0.000000
0.000000
0.000000
0.000000
0.000000
0.000000
0.000000
0.000000
0.000000
0.000000
0.000000
0.000000
0.000000
0.000000
0.000000
0.000000
0.000000
0.000000
0.000000
0.000000
0.000000
0.000000
0.000000
0.000000
0.000000
0.000000
0.000000
0.000000
0.000000
0.000000
0.000000
0.000000
0.000000
0.000000
0.000000
0.000000
0.000000
0.000000
0.000000
0.000000
0.000000
0.000000
0.000000
0.000000
0.000000
0.000000
0.000000
0.000000
0.000000
0.000000
0.000000
0.000000
0.000000
0.000000
0.000000
0.000000
0.000000
0.000000
0.000000
0.000000
0.000000
0.000000
0.000000
0.000000
0.000000
0.000000
0.000000
0.000000
0.000000
0.000000
0.000000
0.000000
0.000000
0.000000
0.000000
0.000000
0.000000
0.000000
0.000000
0.000000
0.000000
0.000000
0.000000
0.000000
0.000000
0.000000
0.000000
0.000000
0.000000
0.000000
0.000000
0.000000
0.000000
0.000000
13694850.000000
4517482.000000
8211723.000000
2483235.000000
461370.000000
585244.000000
2496333.000000
4348245.000000
6471517.000000
1686936.000000
5129636.000000
6952653.000000
3701803.000000
8387117.000000
7514073.000000
9965883.000000
4255084.000000
5139747.000000
202703.000000
7222260.000000
9413250.000000
1177153.000000
7307655.000000
5813129.000000
844286.000000
72724.000000
3184565.000000
1312460.000000
3768832.000000
5212663.000000
5386880.000000
4104283.000000
8144587.000000
4097789.000000
7166146.000000
4654501.000000
6350931.000000
1075175.000000
9278788.000000
1703320.000000
4961029.000000
8496120.000000
1299536.000000
1312276.000000
7235019.000000
5153490.000000
7341539.000000
6228238.000000
1623617.000000
4121173.000000
7066586.000000
1346445.000000
3852502.000000
405688.000000
5374108.000000
1012754.000000
4176351.000000
390488.000000
4869849.000000
5615349.000000
123357.000000
6722611.000000
545586.000000
7592115.000000
3900339.000000
1287196.000000
3874787.000000
6758111.000000
6593779.000000
6066571.000000
3402551.000000
2298028.000000
5377226.000000
3607635.000000
7603760.000000
4673915.000000
934657.000000
327228.000000
8345973.000000
884631.000000
2036986.000000
5266354.000000
1679751.000000
4396142.000000
1070157.000000
2786070.000000
3599391.000000
8663877.000000
6917866.000000
773095.000000
6642608.000000
7415577.000000
7740409.000000
1674372.000000
3588302.000000
7178401.000000
6675184.000000
5352645.000000
6132059.000000
3476980.000000
2070683.000000
5180593.000000
214526.000000
6372437.000000
2491318.000000
2262535.000000
6829873.000000
5818290.000000
7438542.000000
1262146.000000
3592028.000000
4356053.000000
7923844.000000
5198405.000000
5160696.000000
1027629.000000
596291.000000
7733640.000000
444368.000000
2184321.000000
4309615.000000
8952676.000000
7218872.000000
957635.000000
7709049.000000
8879126.000000
3000589.000000
3114639.000000
113808.000000
4135059.000000
4787888.000000
5180583.000000
4877796.000000
7539191.000000
6460033.000000
7663033.000000
2842902.000000
6092404.000000
6040356.000000
5777202.000000
305305.000000
7658335.000000
4277845.000000
3843917.000000
1054047.000000
4354335.000000
6610490.000000
7127685.000000
3978196.000000
1681003.000000
5358610.000000
6079223.000000
2583705.000000
7613534.000000
5955911.000000
5407399.000000
4362874.000000
6433861.000000
9368245.000000
1138201.000000
3495626.000000
1349651.000000
5005821.000000
5288033.000000
3280801.000000
609805.000000
4369585.000000
3171100.000000
7339366.000000
6944057.000000
3907498.000000
4687073.000000
8803683.000000
6279284.000000
8880105.000000
6025767.000000
661127.000000
4245032.000000
4047396.000000
3796436.000000
1086303.000000
4183847.000000
6016249.000000
7941466.000000
1804015.000000
8105564.000000
8078107.000000
599944.000000
7386747.000000
8631504.000000
7433977.000000
4904430.000000
5073735.000000
4111198.000000
3384204.000000
6743092.000000
7602109.000000
4081119.000000
7353630.000000
4774348.000000
3088518.000000
7823363.000000
251399.000000
1818042.000000
9063190.000000
488071.000000
2189561.000000
2726830.000000
3259923.000000
3340019.000000
5766246.000000
1170863.000000
4712204.000000
5535945.000000
5289840.000000
6854268.000000
7585137.000000
6189164.000000
3672521.000000
3878422.000000
144280.000000
7895112.000000
4684887.000000
2404777.000000
6646737.000000
4146564.000000
8098955.000000
5570638.000000
4773693.000000
5441256.000000
1743869.000000
5762376.000000
4031342.000000
2923650.000000
3048782.000000
4474744.000000
5021419.000000
4821511.000000
6830052.000000
628959.000000
244547.000000
5061116.000000
635308.000000
8454085.000000
1943394.000000
4715114.000000
7211628.000000
1102537.000000
7535124.000000
7958097.000000
5704406.000000
6144137.000000
3467200.000000
3810573.000000
5416818.000000
4263816.000000
8823482.000000
6495346.000000
6707527.000000
1622001.000000
2132660.000000
8050044.000000
8119579.000000
3937745.000000
2319143.000000
3454656.000000
4292200.000000
5366688.000000
612874.000000
3132683.000000
8754098.000000
366291.000000
8654002.000000
5350598.000000
4381342.000000
8136819.000000
1136897.000000
3605157.000000
3079352.000000
8591437.000000
5247213.000000
8332453.000000
7733052.000000
6608813.000000
7513653.000000
1059505.000000
8291610.000000
4993060.000000
8451134.000000
7806651.000000
3843644.000000
1279533.000000
3115600.000000
1180570.000000
6462926.000000
418017.000000
6890548.000000
4635452.000000
4227619.000000
5406333.000000
1293304.000000
6465103.000000
6650531.000000
4737897.000000
2444344.000000
4295209.000000
6239813.000000
4450222.000000
2186846.000000
421165.000000
7635499.000000
6065321.000000
1492786.000000
883804.000000
8180055.000000
4976192.000000
4651564.000000
144337.000000
2634689.000000
2738022.000000
10033362.000000
7046505.000000
154607.000000
1400417.000000
1712584.000000
5093236.000000
7115463.000000
9493624.000000
5349253.000000
818128.000000
8799464.000000
3776497.000000
6504992.000000
5530577.000000
213126.000000
4670931.000000
7527147.000000
4739787.000000
120816.000000
5810001.000000
2248285.000000
8408973.000000
1185607.000000
3713095.000000
10401039.000000
3136565.000000
5774346.000000
556039.000000
1139635.000000
2893382.000000
7532493.000000
8160924.000000
1649283.000000
7365567.000000
6272293.000000
4582117.000000
6668926.000000
604392.000000
10699964.000000
7258792.000000
8414817.000000
4654768.000000
677465.000000
558739.000000
1232586.000000
1389369.000000
2396871.000000
5363962.000000
2175691.000000
4171392.000000
9996450.000000
1671751.000000
6676958.000000
545411.000000
7651812.000000
7790811.000000
2141603.000000
195770.000000
8134414.000000
6598514.000000
4989299.000000
1069758.000000
4776728.000000
5158667.000000
4893876.000000
4116077.000000
451766.000000
9669849.000000
5459470.000000
2390032.000000
1334319.000000
976661.000000
5192471.000000
4711415.000000
8128377.000000
7069787.000000
6463514.000000
4631314.000000
7063052.000000
4707781.000000
1397491.000000
8299381.000000
3462304.000000
2685694.000000
831732.000000
4143622.000000
6207463.000000
1517439.000000
4379227.000000
2881413.000000
1254789.000000
2898487.000000
8098955.000000
3017859.000000
5116220.000000
5063012.000000
5498770.000000
5855989.000000
5669567.000000
5510787.000000
1329199.000000
4419716.000000
3555774.000000
79261.000000
4134678.000000
4762649.000000
1460973.000000
457609.000000
7592552.000000
7534732.000000
7402772.000000
2295609.000000
8321949.000000
2623809.000000
2297235.000000
5668462.000000
1531597.000000
6127536.000000
5323565.000000
8364262.000000
7544376.000000
4866731.000000
128101.000000
5372755.000000
3134474.000000
4621952.000000
8024502.000000
380659.000000
1812910.000000
123559.000000
3577731.000000
527730.000000
8642794.000000
4855689.000000
1458512.000000
7757819.000000
8218117.000000
3692096.000000
5932127.000000
1837690.000000
6849452.000000
5380210.000000
2773539.000000
2668165.000000
4735891.000000
4141096.000000
6215001.000000
7925879.000000
8457670.000000
6136487.000000
3558830.000000
9327695.000000
7080979.000000
1454662.000000
2817619.000000
5683852.000000
5169075.000000
6785802.000000
8943653.000000
4477591.000000
204978.000000
857307.000000
1737385.000000
4465015.000000
8667146.000000
6660199.000000
429190.000000
7375708.000000
7679510.000000
8703576.000000
3095060.000000
2835783.000000
3465527.000000
4171745.000000
3167975.000000
4273555.000000
1844730.000000
6970617.000000
5443179.000000
8413201.000000
2819871.000000
5435911.000000
1495085.000000
3208593.000000
485736.000000
6196909.000000
7061882.000000
4773690.000000
8794814.000000
4939769.000000
421377.000000
5905864.000000
671973.000000
5470713.000000
5297381.000000
7026009.000000
8787176.000000
6248935.000000
3057833.000000
3879975.000000
3614491.000000
8533200.000000
8306359.000000
8015767.000000
6325102.000000
4956070.000000
4993758.000000
755053.000000
8655123.000000
3178791.000000
652850.000000
1425329.000000
2016598.000000
5995887.000000
7702428.000000
8097372.000000
5693026.000000
1123985.000000
6002707.000000
5787927.000000
3984235.000000
6230232.000000
1815417.000000
5683656.000000
10295429.000000
818125.000000
7861436.000000
8098955.000000
5629734.000000
6020524.000000
7683548.000000
7149764.000000
8213213.000000
339989.000000
6627398.000000
6132236.000000
3446803.000000
3894767.000000
5627830.000000
6777951.000000
1888891.000000
8983825.000000
4089867.000000
8300444.000000
9545100.000000
7823072.000000
5772877.000000
7456033.000000
1953283.000000
4990922.000000
447030.000000
1735951.000000
7564448.000000
8872272.000000
7550003.000000
5944660.000000
7915963.000000
9630319.000000
9043817.000000
6160920.000000
4757646.000000
826890.000000
8444183.000000
135679.000000
433705.000000
6556420.000000
3693121.000000
6811134.000000
7900015.000000
5065923.000000
148831.000000
3556342.000000
9150347.000000
3155024.000000
2238348.000000
2073603.000000
5191823.000000
6294283.000000
7268462.000000
7050334.000000
4637641.000000
2513952.000000
429026.000000
2296100.000000
3221085.000000
5943645.000000
6454135.000000
2297668.000000
5498670.000000
469172.000000
6752923.000000
2915300.000000
8202593.000000
2165732.000000
234364.000000
6162107.000000
2699796.000000
4721845.000000
2089808.000000
