0.000000
0.000000
0.000000
0.000000
0.000000
0.000000
0.000000
0.000000
0.000000
0.000000
0.000000
0.000000
0.000000
0.000000
0.000000
0.000000
0.000000
0.000000
0.000000
0.000000
0.000000
0.000000
0.000000
0.000000
0.000000
0.000000
0.000000
0.000000
0.000000
0.000000
0.000000
0.000000
0.000000
0.000000
0.000000
0.000000
984390.000000
607804.000000
527098.000000
488395.000000
468682.000000
673941.000000
290115.000000
384104.000000
653517.000000
509634.000000
424561.000000
570247.000000
521762.000000
408020.000000
436652.000000
335310.000000
724940.000000
398391.000000
581388.000000
605902.000000
570096.000000
467721.000000
510585.000000
457442.000000
530342.000000
643380.000000
567617.000000
504087.000000
558832.000000
680948.000000
530001.000000
646710.000000
634984.000000
527085.000000
633063.000000
504134.000000
296978.000000
566284.000000
455922.000000
630224.000000
484550.000000
576263.000000
505808.000000
581796.000000
134081.000000
450530.000000
670933.000000
504414.000000
598035.000000
604157.000000
486106.000000
429329.000000
508941.000000
588415.000000
420232.000000
601891.000000
306434.000000
663209.000000
564293.000000
601993.000000
578597.000000
506980.000000
602760.000000
535327.000000
604730.000000
544569.000000
529772.000000
393845.000000
586955.000000
607121.000000
325351.000000
445456.000000
625386.000000
496874.000000
550851.000000
502286.000000
592997.000000
462837.000000
553868.000000
690417.000000
606765.000000
594307.000000
500069.000000
604354.000000
801528.000000
587432.000000
522066.000000
654795.000000
433493.000000
434967.000000
400858.000000
542978.000000
656293.000000
689222.000000
623867.000000
660821.000000
462893.000000
567654.000000
350833.000000
533026.000000
392741.000000
390785.000000
592079.000000
588230.000000
690669.000000
558332.000000
452162.000000
334581.000000
199644.000000
403819.000000
629487.000000
469356.000000
696166.000000
84253.000000
535311.000000
451279.000000
453880.000000
627610.000000
455579.000000
690653.000000
501518.000000
99229.000000
446939.000000
497444.000000
640358.000000
514129.000000
561672.000000
629181.000000
522120.000000
504726.000000
395521.000000
533191.000000
495157.000000
491943.000000
543034.000000
540779.000000
574242.000000
514441.000000
446977.000000
521555.000000
696119.000000
530587.000000
490420.000000
499911.000000
709645.000000
322781.000000
467420.000000
562686.000000
362767.000000
617109.000000
709449.000000
657485.000000
447105.000000
639409.000000
544155.000000
657087.000000
461597.000000
470736.000000
438749.000000
404691.000000
503634.000000
492792.000000
645163.000000
457427.000000
81376.000000
603539.000000
572694.000000
602480.000000
482784.000000
528230.000000
589368.000000
449796.000000
509675.000000
602879.000000
566109.000000
605967.000000
472889.000000
649615.000000
591205.000000
389005.000000
496711.000000
299369.000000
479925.000000
356993.000000
554041.000000
510174.000000
312395.000000
573231.000000
486798.000000
77432.000000
510928.000000
672501.000000
229098.000000
500275.000000
702349.000000
457620.000000
493390.000000
573985.000000
599939.000000
590157.000000
643978.000000
504742.000000
586765.000000
623845.000000
558287.000000
601891.000000
555286.000000
500074.000000
597404.000000
589105.000000
448093.000000
487411.000000
682139.000000
471520.000000
514004.000000
723193.000000
529817.000000
210874.000000
542744.000000
506974.000000
566919.000000
540735.000000
600480.000000
509494.000000
639096.000000
574132.000000
447350.000000
679872.000000
608340.000000
314292.000000
522990.000000
298525.000000
572115.000000
577215.000000
434967.000000
514482.000000
481657.000000
591837.000000
587778.000000
347245.000000
383195.000000
597543.000000
583144.000000
528461.000000
543989.000000
551255.000000
498980.000000
665284.000000
527491.000000
519605.000000
537158.000000
521611.000000
269926.000000
551082.000000
709409.000000
654331.000000
530976.000000
402646.000000
595877.000000
286987.000000
543577.000000
582835.000000
495917.000000
567350.000000
271101.000000
495524.000000
300205.000000
93035.000000
555545.000000
525599.000000
544531.000000
408509.000000
532743.000000
532346.000000
591276.000000
111992.000000
502347.000000
540803.000000
467478.000000
413489.000000
291341.000000
607786.000000
589706.000000
530976.000000
389442.000000
594787.000000
709957.000000
454729.000000
480458.000000
382257.000000
499235.000000
619556.000000
642456.000000
436263.000000
502497.000000
716121.000000
734684.000000
597333.000000
457144.000000
628604.000000
564493.000000
505348.000000
596854.000000
77988.000000
537718.000000
555230.000000
374150.000000
403451.000000
419125.000000
591162.000000
475940.000000
102994.000000
680947.000000
375988.000000
452378.000000
682512.000000
79285.000000
585327.000000
157963.000000
481779.000000
392574.000000
573963.000000
687841.000000
487652.000000
423152.000000
394487.000000
297232.000000
733203.000000
595726.000000
440676.000000
474572.000000
315864.000000
574821.000000
525046.000000
638149.000000
292281.000000
385219.000000
536549.000000
709424.000000
629763.000000
362516.000000
546411.000000
710333.000000
482541.000000
700814.000000
464519.000000
587278.000000
619703.000000
577587.000000
192683.000000
469563.000000
467483.000000
447066.000000
430897.000000
659153.000000
348377.000000
51861.000000
407786.000000
462646.000000
570512.000000
509918.000000
523856.000000
575667.000000
547774.000000
670303.000000
555400.000000
579468.000000
661351.000000
492291.000000
479646.000000
359962.000000
544385.000000
565715.000000
376242.000000
365640.000000
690970.000000
553850.000000
656720.000000
483089.000000
592382.000000
511164.000000
532346.000000
613241.000000
687419.000000
411790.000000
606724.000000
682635.000000
424337.000000
265752.000000
572279.000000
492637.000000
80122.000000
540162.000000
446863.000000
377561.000000
622501.000000
451125.000000
586389.000000
529503.000000
557021.000000
535198.000000
554956.000000
438322.000000
741733.000000
568387.000000
559393.000000
400640.000000
509766.000000
267774.000000
530449.000000
481473.000000
660019.000000
596438.000000
566109.000000
464508.000000
588703.000000
516390.000000
639202.000000
528346.000000
693797.000000
465521.000000
628182.000000
586451.000000
662008.000000
543643.000000
607065.000000
445924.000000
628522.000000
589903.000000
683860.000000
376991.000000
585515.000000
404078.000000
201283.000000
752074.000000
640755.000000
512643.000000
508686.000000
414505.000000
533003.000000
481566.000000
620328.000000
555041.000000
706116.000000
636443.000000
632465.000000
511498.000000
351279.000000
719526.000000
326399.000000
404472.000000
398388.000000
584560.000000
534712.000000
296974.000000
508210.000000
576868.000000
537455.000000
506192.000000
96990.000000
643162.000000
359113.000000
500829.000000
522386.000000
555448.000000
440909.000000
602360.000000
627923.000000
564582.000000
709829.000000
567467.000000
263629.000000
566817.000000
553454.000000
660388.000000
512691.000000
460418.000000
640681.000000
486007.000000
439559.000000
411399.000000
672045.000000
633930.000000
576725.000000
546402.000000
323287.000000
492365.000000
686741.000000
546116.000000
530583.000000
535242.000000
358165.000000
431953.000000
585253.000000
542543.000000
651085.000000
581820.000000
610472.000000
627945.000000
514716.000000
561667.000000
612983.000000
617860.000000
483080.000000
558297.000000
408822.000000
531748.000000
441826.000000
464556.000000
561538.000000
566038.000000
505537.000000
685981.000000
585982.000000
593163.000000
461032.000000
590235.000000
609867.000000
665356.000000
539518.000000
514165.000000
560149.000000
568508.000000
515823.000000
613288.000000
508807.000000
558710.000000
533137.000000
538654.000000
715980.000000
722754.000000
615364.000000
519925.000000
231035.000000
527419.000000
538807.000000
288046.000000
394050.000000
578374.000000
584661.000000
581796.000000
526442.000000
556017.000000
513504.000000
544440.000000
385352.000000
457113.000000
481432.000000
429055.000000
618280.000000
398340.000000
111829.000000
555158.000000
526357.000000
616783.000000
646525.000000
678852.000000
521630.000000
392517.000000
616549.000000
419280.000000
668083.000000
449167.000000
372566.000000
727331.000000
512496.000000
624054.000000
506119.000000
438063.000000
515068.000000
535073.000000
359227.000000
456822.000000
268864.000000
468769.000000
598869.000000
531327.000000
618952.000000
412839.000000
589563.000000
602548.000000
502224.000000
525818.000000
661421.000000
677585.000000
370554.000000
574530.000000
491268.000000
639018.000000
590869.000000
561453.000000
462873.000000
472328.000000
630611.000000
534800.000000
566892.000000
387354.000000
397026.000000
582112.000000
394340.000000
513314.000000
561316.000000
233527.000000
395027.000000
435261.000000
376016.000000
532629.000000
748380.000000
501965.000000
478520.000000
613737.000000
565005.000000
513504.000000
668000.000000
534041.000000
377447.000000
400925.000000
581280.000000
619236.000000
585989.000000
564659.000000
665605.000000
370377.000000
508870.000000
379725.000000
660281.000000
278274.000000
618344.000000
395746.000000
553271.000000
567430.000000
400205.000000
647214.000000
597732.000000
534138.000000
724787.000000
669182.000000
405888.000000
612515.000000
481218.000000
189197.000000
639033.000000
543580.000000
591065.000000
470435.000000
565945.000000
544953.000000
480009.000000
174146.000000
435329.000000
594068.000000
464196.000000
552004.000000
104911.000000
460589.000000
561616.000000
432711.000000
575613.000000
584876.000000
616254.000000
431078.000000
550119.000000
417494.000000
636179.000000
669835.000000
288659.000000
444514.000000
502933.000000
676426.000000
108236.000000
596993.000000
536510.000000
597565.000000
344009.000000
528993.000000
584281.000000
392990.000000
554364.000000
300957.000000
455262.000000
439038.000000
501856.000000
644736.000000
576945.000000
533656.000000
602730.000000
508181.000000
550169.000000
186607.000000
592804.000000
710030.000000
515253.000000
542096.000000
559438.000000
548990.000000
558214.000000
565008.000000
433739.000000
622361.000000
581204.000000
624824.000000
546935.000000
559046.000000
547060.000000
365666.000000
589268.000000
506333.000000
662359.000000
196625.000000
482981.000000
512521.000000
698414.000000
406257.000000
562164.000000
640551.000000
425703.000000
581521.000000
277776.000000
561088.000000
518653.000000
628984.000000
386607.000000
367436.000000
505219.000000
710175.000000
522832.000000
522492.000000
529334.000000
578603.000000
421514.000000
427523.000000
459857.000000
528541.000000
378582.000000
794302.000000
469543.000000
478305.000000
612907.000000
425465.000000
608467.000000
695023.000000
474606.000000
438139.000000
621672.000000
460121.000000
584093.000000
459021.000000
648250.000000
493252.000000
665465.000000
639943.000000
616191.000000
716463.000000
597131.000000
59521.000000
727331.000000
629984.000000
551252.000000
393131.000000
601502.000000
567012.000000
497755.000000
373160.000000
656292.000000
555980.000000
589387.000000
425578.000000
580833.000000
445376.000000
475527.000000
537668.000000
656341.000000
447652.000000
112834.000000
494480.000000
506863.000000
681890.000000
424145.000000
408891.000000
648467.000000
141229.000000
561180.000000
407757.000000
579137.000000
511007.000000
622535.000000
606101.000000
570255.000000
609830.000000
485287.000000
628607.000000
693823.000000
679609.000000
479086.000000
621826.000000
490511.000000
390060.000000
508005.000000
522503.000000
582309.000000
546312.000000
446201.000000
505784.000000
510838.000000
503067.000000
576884.000000
640887.000000
579699.000000
583312.000000
461586.000000
509003.000000
192875.000000
290652.000000
340074.000000
508286.000000
454737.000000
494880.000000
360320.000000
494060.000000
350083.000000
518820.000000
485393.000000
567900.000000
591703.000000
507716.000000
691495.000000
507048.000000
519785.000000
623987.000000
516386.000000
677062.000000
399385.000000
466109.000000
590055.000000
465922.000000
473588.000000
668813.000000
658903.000000
562590.000000
566736.000000
522507.000000
302576.000000
624667.000000
414451.000000
631184.000000
482522.000000
562755.000000
707089.000000
529096.000000
447076.000000
622662.000000
558629.000000
535135.000000
566264.000000
450790.000000
620123.000000
530321.000000
405562.000000
342858.000000
563931.000000
596339.000000
551713.000000
556507.000000
500311.000000
513858.000000
496463.000000
684123.000000
488080.000000
650749.000000
707927.000000
491795.000000
586165.000000
470605.000000
670577.000000
486283.000000
620853.000000
544574.000000
501941.000000
521630.000000
545455.000000
446475.000000
599108.000000
601336.000000
669465.000000
258980.000000
580000.000000
646165.000000
620435.000000
651261.000000
642230.000000
588568.000000
550415.000000
585381.000000
514999.000000
573251.000000
556253.000000
534805.000000
623459.000000
626086.000000
464146.000000
467543.000000
348158.000000
572829.000000
629928.000000
460401.000000
595511.000000
541369.000000
491141.000000
586255.000000
426490.000000
535837.000000
572814.000000
456902.000000
536277.000000
103261.000000
301634.000000
642871.000000
585886.000000
636997.000000
495936.000000
637088.000000
134821.000000
329713.000000
502850.000000
408690.000000
599009.000000
510838.000000
633757.000000
561287.000000
604015.000000
629847.000000
346693.000000
544205.000000
331554.000000
511736.000000
463885.000000
629065.000000
564357.000000
482199.000000
550095.000000
184406.000000
491269.000000
673802.000000
616700.000000
499021.000000
353937.000000
396088.000000
652697.000000
523022.000000
403967.000000
