0.000000
0.000000
0.000000
0.000000
0.000000
0.000000
0.000000
0.000000
0.000000
0.000000
0.000000
0.000000
0.000000
0.000000
0.000000
0.000000
0.000000
0.000000
0.000000
0.000000
0.000000
0.000000
0.000000
0.000000
0.000000
0.000000
0.000000
0.000000
0.000000
0.000000
0.000000
0.000000
0.000000
0.000000
0.000000
0.000000
0.000000
0.000000
0.000000
0.000000
0.000000
0.000000
0.000000
0.000000
0.000000
0.000000
0.000000
0.000000
0.000000
0.000000
0.000000
0.000000
0.000000
0.000000
0.000000
0.000000
0.000000
0.000000
0.000000
0.000000
0.000000
0.000000
0.000000
0.000000
0.000000
0.000000
0.000000
0.000000
0.000000
0.000000
0.000000
0.000000
0.000000
0.000000
0.000000
0.000000
0.000000
0.000000
0.000000
0.000000
0.000000
0.000000
0.000000
0.000000
0.000000
0.000000
0.000000
0.000000
0.000000
0.000000
0.000000
0.000000
0.000000
0.000000
0.000000
0.000000
0.000000
0.000000
0.000000
0.000000
0.000000
0.000000
0.000000
0.000000
0.000000
0.000000
0.000000
0.000000
0.000000
0.000000
0.000000
0.000000
0.000000
0.000000
0.000000
0.000000
0.000000
0.000000
0.000000
0.000000
0.000000
0.000000
0.000000
0.000000
0.000000
0.000000
0.000000
0.000000
0.000000
0.000000
0.000000
0.000000
0.000000
0.000000
0.000000
0.000000
0.000000
0.000000
0.000000
0.000000
0.000000
0.000000
0.000000
0.000000
0.000000
0.000000
0.000000
0.000000
0.000000
0.000000
0.000000
0.000000
0.000000
0.000000
0.000000
0.000000
0.000000
0.000000
0.000000
0.000000
0.000000
0.000000
0.000000
0.000000
0.000000
0.000000
0.000000
0.000000
0.000000
0.000000
0.000000
0.000000
0.000000
0.000000
0.000000
0.000000
0.000000
0.000000
0.000000
0.000000
0.000000
0.000000
0.000000
0.000000
0.000000
0.000000
0.000000
0.000000
0.000000
0.000000
0.000000
0.000000
0.000000
0.000000
0.000000
0.000000
0.000000
0.000000
0.000000
0.000000
0.000000
0.000000
0.000000
0.000000
0.000000
0.000000
0.000000
0.000000
0.000000
0.000000
0.000000
0.000000
0.000000
0.000000
0.000000
0.000000
0.000000
0.000000
0.000000
0.000000
0.000000
0.000000
0.000000
0.000000
0.000000
0.000000
0.000000
0.000000
0.000000
0.000000
0.000000
0.000000
0.000000
0.000000
0.000000
0.000000
0.000000
0.000000
0.000000
0.000000
0.000000
0.000000
0.000000
0.000000
0.000000
0.000000
0.000000
0.000000
0.000000
0.000000
0.000000
0.000000
0.000000
0.000000
0.000000
0.000000
0.000000
0.000000
0.000000
0.000000
0.000000
0.000000
0.000000
0.000000
0.000000
0.000000
0.000000
0.000000
0.000000
0.000000
0.000000
0.000000
0.000000
0.000000
0.000000
0.000000
0.000000
0.000000
0.000000
0.000000
0.000000
0.000000
0.000000
0.000000
0.000000
0.000000
0.000000
0.000000
0.000000
0.000000
0.000000
0.000000
0.000000
0.000000
0.000000
0.000000
0.000000
0.000000
0.000000
0.000000
0.000000
0.000000
0.000000
0.000000
0.000000
0.000000
0.000000
0.000000
0.000000
0.000000
0.000000
0.000000
0.000000
0.000000
0.000000
0.000000
0.000000
0.000000
0.000000
0.000000
0.000000
0.000000
0.000000
0.000000
0.000000
0.000000
0.000000
0.000000
0.000000
0.000000
0.000000
0.000000
0.000000
0.000000
0.000000
0.000000
0.000000
0.000000
0.000000
0.000000
0.000000
0.000000
0.000000
0.000000
0.000000
0.000000
0.000000
0.000000
0.000000
0.000000
0.000000
0.000000
0.000000
0.000000
0.000000
0.000000
0.000000
0.000000
0.000000
0.000000
0.000000
0.000000
0.000000
0.000000
0.000000
0.000000
0.000000
0.000000
0.000000
0.000000
0.000000
0.000000
0.000000
0.000000
0.000000
0.000000
0.000000
0.000000
0.000000
0.000000
0.000000
0.000000
0.000000
0.000000
10925475.000000
233262.000000
6682927.000000
6759283.000000
1298628.000000
6234953.000000
5825328.000000
949098.000000
76280.000000
3174506.000000
1505120.000000
3821571.000000
5042897.000000
4239753.000000
4415301.000000
6491020.000000
4897960.000000
6732015.000000
4505010.000000
5059088.000000
1137820.000000
6887115.000000
2027888.000000
4170801.000000
6732830.000000
1426116.000000
1114031.000000
6355972.000000
4968227.000000
6541027.000000
5585125.000000
1999045.000000
4245297.000000
6625665.000000
2158938.000000
5468382.000000
464063.000000
6885899.000000
1542645.000000
3493232.000000
543870.000000
5193666.000000
5478597.000000
120285.000000
6436631.000000
728962.000000
6510285.000000
4465636.000000
1676721.000000
4173817.000000
6210029.000000
5148303.000000
5973018.000000
3604375.000000
2608928.000000
5691427.000000
4073840.000000
6700637.000000
4467667.000000
1414801.000000
396391.000000
6005655.000000
826000.000000
2444039.000000
4716374.000000
2263788.000000
3791606.000000
1366931.000000
2959746.000000
3481049.000000
6338823.000000
6293036.000000
1038852.000000
6422519.000000
5837814.000000
6819569.000000
2171695.000000
3386065.000000
5984553.000000
5223581.000000
4973094.000000
5936410.000000
3581245.000000
2379742.000000
5051691.000000
231740.000000
5815154.000000
2942062.000000
2888065.000000
6337347.000000
5233778.000000
5723172.000000
1607863.000000
4242100.000000
4864082.000000
6741108.000000
5047236.000000
5755111.000000
1150305.000000
679680.000000
6954659.000000
511950.000000
3391013.000000
4074343.000000
6967131.000000
5988911.000000
1062616.000000
7008624.000000
7572417.000000
3429956.000000
3865851.000000
100114.000000
4943865.000000
4075318.000000
4942073.000000
7342048.000000
6462069.000000
5636044.000000
6498609.000000
2852665.000000
5871922.000000
6486179.000000
5961401.000000
433372.000000
6752264.000000
4863036.000000
4325910.000000
1172188.000000
4181109.000000
7190242.000000
6491638.000000
3487722.000000
1564700.000000
5137189.000000
5528996.000000
2515609.000000
6051407.000000
5365028.000000
4854189.000000
5784820.000000
5751118.000000
7125257.000000
1085974.000000
3910757.000000
1461276.000000
4018121.000000
4804088.000000
3312813.000000
758917.000000
4723113.000000
3182042.000000
5575546.000000
6395592.000000
3703930.000000
5408775.000000
6390604.000000
5583704.000000
6082196.000000
5465835.000000
935445.000000
4169827.000000
3828931.000000
3889178.000000
1345890.000000
4878998.000000
5841537.000000
6402621.000000
2218675.000000
6641090.000000
7293749.000000
806432.000000
5303596.000000
7156578.000000
7050237.000000
4568432.000000
4710559.000000
4029085.000000
3465082.000000
7059402.000000
6155403.000000
4159264.000000
7115481.000000
4786734.000000
3217658.000000
6669315.000000
300201.000000
2295867.000000
6639138.000000
515605.000000
2261483.000000
2796483.000000
3445053.000000
3448053.000000
5070159.000000
1469805.000000
4590719.000000
5386231.000000
4677143.000000
6361955.000000
5840909.000000
5494437.000000
4115244.000000
3441498.000000
186408.000000
6886619.000000
4410868.000000
2511040.000000
5260872.000000
4486712.000000
6979514.000000
4994959.000000
4834090.000000
5250900.000000
2873286.000000
5596835.000000
3211650.000000
3128555.000000
3420832.000000
4314194.000000
4380332.000000
4355674.000000
6235294.000000
914595.000000
407702.000000
4369340.000000
782193.000000
6932823.000000
2279129.000000
4636379.000000
5848593.000000
1380773.000000
5998389.000000
6511056.000000
5505288.000000
6447419.000000
3845633.000000
3821458.000000
4788036.000000
4805148.000000
6157140.000000
6380981.000000
6586951.000000
1886778.000000
2472316.000000
7183861.000000
7564734.000000
4648745.000000
2747494.000000
4067257.000000
4018824.000000
4227369.000000
676170.000000
3214280.000000
6910156.000000
596007.000000
6192611.000000
4776568.000000
4250766.000000
6647180.000000
1311318.000000
3703150.000000
3461739.000000
7125894.000000
4927931.000000
6825827.000000
7177699.000000
5484294.000000
6365377.000000
1210197.000000
7470096.000000
4339922.000000
6711622.000000
6298836.000000
4425779.000000
1274126.000000
3507466.000000
1278024.000000
5472418.000000
449083.000000
6185105.000000
4534002.000000
3975483.000000
5045081.000000
1316921.000000
6077232.000000
5231539.000000
4935504.000000
3505848.000000
4869559.000000
5525760.000000
4532301.000000
2749513.000000
467302.000000
6131411.000000
5701865.000000
2084933.000000
1013461.000000
6707071.000000
4686881.000000
4248278.000000
160723.000000
2589391.000000
3364390.000000
6334736.000000
6386110.000000
172942.000000
1420532.000000
1606306.000000
4823942.000000
6109566.000000
6531909.000000
5539374.000000
1229426.000000
6313503.000000
3566613.000000
6432303.000000
5629654.000000
304850.000000
4381541.000000
5980395.000000
4939681.000000
99530.000000
5940517.000000
2607176.000000
6359584.000000
1265730.000000
3784631.000000
6345601.000000
3261485.000000
5783395.000000
622983.000000
1269898.000000
2804314.000000
6664287.000000
6455710.000000
1803679.000000
6395948.000000
6260790.000000
4199389.000000
6140968.000000
634339.000000
6568816.000000
6874140.000000
6852258.000000
4394413.000000
829004.000000
727145.000000
1861509.000000
1716295.000000
1668711.000000
5518148.000000
2718224.000000
4081112.000000
7366368.000000
1875777.000000
6042222.000000
720476.000000
6327630.000000
6455280.000000
2471547.000000
191914.000000
6590836.000000
5524361.000000
5101601.000000
1450048.000000
4835801.000000
4133659.000000
4141330.000000
4407582.000000
471482.000000
6130924.000000
4746846.000000
2928577.000000
1336936.000000
1147677.000000
5250439.000000
4672776.000000
6500483.000000
6227755.000000
5565519.000000
4451275.000000
5870858.000000
4292527.000000
1636204.000000
6576470.000000
3355160.000000
3435493.000000
969488.000000
4097639.000000
5534600.000000
1287827.000000
4380672.000000
3257496.000000
1462685.000000
3012962.000000
6979514.000000
3498100.000000
4960813.000000
4888260.000000
7091953.000000
5081141.000000
4937573.000000
5698573.000000
1566174.000000
4643962.000000
3771943.000000
94267.000000
4680009.000000
5200766.000000
1600720.000000
518379.000000
6540030.000000
7041874.000000
6139540.000000
2656825.000000
6805828.000000
3136949.000000
2555053.000000
4997958.000000
2000917.000000
5007584.000000
4537768.000000
6943310.000000
6092427.000000
5069187.000000
113183.000000
5337623.000000
3261906.000000
5190873.000000
5962617.000000
584763.000000
2260370.000000
135462.000000
4323438.000000
546004.000000
6683906.000000
5123489.000000
1756210.000000
6410502.000000
6880539.000000
4076114.000000
5417170.000000
2678354.000000
7282936.000000
5826027.000000
3255362.000000
2994710.000000
4350707.000000
4249508.000000
6219608.000000
5709776.000000
6526055.000000
6889336.000000
3588109.000000
6052574.000000
5995187.000000
1747271.000000
3536792.000000
6051460.000000
5735389.000000
5886696.000000
6674836.000000
4559362.000000
153905.000000
761268.000000
1989409.000000
4296154.000000
6746846.000000
6284734.000000
525120.000000
6453173.000000
5393946.000000
6671612.000000
3381180.000000
3162026.000000
3717834.000000
4210784.000000
3535241.000000
4300236.000000
2204720.000000
6677642.000000
5096778.000000
6242141.000000
3190460.000000
4948697.000000
1844051.000000
3739801.000000
655730.000000
5427030.000000
5818654.000000
4415361.000000
6917041.000000
5215877.000000
437230.000000
5502827.000000
830175.000000
5466336.000000
4817929.000000
6168862.000000
6602858.000000
5926276.000000
3309441.000000
4044134.000000
3644665.000000
6597767.000000
6777270.000000
6993611.000000
5855488.000000
4634378.000000
5059255.000000
1048956.000000
7362302.000000
3650642.000000
954858.000000
1468002.000000
2325008.000000
5152139.000000
6694593.000000
6223353.000000
5317483.000000
1344840.000000
6147700.000000
5675185.000000
4477567.000000
5499997.000000
2207369.000000
5479693.000000
6393319.000000
799967.000000
6074336.000000
6979514.000000
5320345.000000
5360079.000000
5194130.000000
6640838.000000
6461705.000000
406202.000000
6273306.000000
6860808.000000
3585936.000000
4425064.000000
6144050.000000
6359980.000000
2492314.000000
6855341.000000
3825021.000000
6950118.000000
6761259.000000
5826622.000000
6283910.000000
6440629.000000
2723922.000000
4686568.000000
635451.000000
2447387.000000
6733581.000000
6665627.000000
7084447.000000
6193827.000000
6755176.000000
6702846.000000
6159482.000000
5359020.000000
4744528.000000
730216.000000
6345162.000000
111306.000000
435889.000000
6406710.000000
3930823.000000
6281498.000000
6474647.000000
5439158.000000
184285.000000
3744088.000000
6362013.000000
3098369.000000
2308541.000000
2926020.000000
5318950.000000
5716568.000000
6133371.000000
6142429.000000
4573026.000000
2674154.000000
462333.000000
2815636.000000
3309453.000000
5721451.000000
6211473.000000
2603981.000000
5305036.000000
551799.000000
5774466.000000
2971603.000000
7021252.000000
2384221.000000
392400.000000
5630052.000000
2990400.000000
4536677.000000
2068104.000000
