0.000000
0.000000
0.000000
0.000000
0.000000
0.000000
0.000000
0.000000
0.000000
0.000000
0.000000
0.000000
0.000000
0.000000
0.000000
0.000000
0.000000
0.000000
0.000000
0.000000
0.000000
0.000000
0.000000
0.000000
0.000000
0.000000
0.000000
0.000000
0.000000
0.000000
0.000000
0.000000
0.000000
0.000000
0.000000
0.000000
0.000000
0.000000
0.000000
0.000000
0.000000
0.000000
0.000000
0.000000
0.000000
0.000000
0.000000
0.000000
0.000000
0.000000
0.000000
0.000000
0.000000
0.000000
0.000000
0.000000
0.000000
0.000000
0.000000
0.000000
0.000000
0.000000
0.000000
0.000000
0.000000
0.000000
0.000000
0.000000
0.000000
0.000000
0.000000
0.000000
0.000000
0.000000
0.000000
0.000000
0.000000
0.000000
0.000000
0.000000
0.000000
0.000000
0.000000
0.000000
0.000000
0.000000
0.000000
0.000000
0.000000
0.000000
0.000000
0.000000
0.000000
0.000000
0.000000
0.000000
0.000000
0.000000
0.000000
0.000000
0.000000
0.000000
0.000000
0.000000
0.000000
0.000000
0.000000
0.000000
0.000000
0.000000
0.000000
0.000000
0.000000
0.000000
0.000000
0.000000
0.000000
0.000000
0.000000
0.000000
0.000000
0.000000
0.000000
0.000000
0.000000
0.000000
0.000000
0.000000
0.000000
0.000000
0.000000
0.000000
0.000000
0.000000
0.000000
0.000000
0.000000
0.000000
0.000000
0.000000
0.000000
0.000000
0.000000
0.000000
0.000000
0.000000
0.000000
0.000000
0.000000
0.000000
0.000000
0.000000
0.000000
0.000000
0.000000
0.000000
0.000000
0.000000
0.000000
0.000000
0.000000
0.000000
0.000000
0.000000
0.000000
0.000000
0.000000
0.000000
0.000000
0.000000
0.000000
0.000000
0.000000
0.000000
0.000000
0.000000
0.000000
0.000000
0.000000
0.000000
0.000000
0.000000
0.000000
0.000000
0.000000
0.000000
0.000000
0.000000
0.000000
0.000000
0.000000
0.000000
0.000000
0.000000
0.000000
0.000000
0.000000
0.000000
0.000000
0.000000
0.000000
0.000000
0.000000
0.000000
0.000000
0.000000
0.000000
0.000000
0.000000
0.000000
0.000000
0.000000
0.000000
0.000000
0.000000
0.000000
0.000000
0.000000
0.000000
0.000000
0.000000
0.000000
0.000000
0.000000
0.000000
0.000000
0.000000
0.000000
0.000000
0.000000
0.000000
0.000000
0.000000
0.000000
0.000000
0.000000
0.000000
0.000000
0.000000
0.000000
0.000000
0.000000
0.000000
0.000000
0.000000
0.000000
0.000000
0.000000
0.000000
0.000000
0.000000
0.000000
0.000000
0.000000
0.000000
0.000000
0.000000
0.000000
0.000000
0.000000
0.000000
0.000000
0.000000
0.000000
0.000000
0.000000
0.000000
0.000000
0.000000
0.000000
0.000000
0.000000
0.000000
0.000000
0.000000
0.000000
0.000000
0.000000
0.000000
0.000000
0.000000
0.000000
0.000000
0.000000
0.000000
0.000000
0.000000
0.000000
0.000000
0.000000
0.000000
0.000000
0.000000
0.000000
0.000000
0.000000
0.000000
0.000000
0.000000
0.000000
0.000000
0.000000
0.000000
0.000000
0.000000
0.000000
0.000000
0.000000
0.000000
0.000000
0.000000
0.000000
0.000000
0.000000
0.000000
0.000000
0.000000
0.000000
0.000000
0.000000
0.000000
0.000000
0.000000
0.000000
0.000000
0.000000
0.000000
0.000000
0.000000
0.000000
0.000000
0.000000
0.000000
0.000000
0.000000
0.000000
0.000000
0.000000
0.000000
0.000000
0.000000
0.000000
0.000000
0.000000
0.000000
0.000000
0.000000
0.000000
0.000000
0.000000
0.000000
0.000000
0.000000
0.000000
0.000000
0.000000
0.000000
0.000000
0.000000
0.000000
0.000000
0.000000
0.000000
0.000000
0.000000
0.000000
0.000000
0.000000
0.000000
0.000000
0.000000
0.000000
0.000000
0.000000
0.000000
0.000000
0.000000
0.000000
0.000000
0.000000
0.000000
0.000000
0.000000
0.000000
0.000000
0.000000
0.000000
0.000000
2201955.000000
1378255.000000
1332327.000000
759746.000000
55697.000000
1246345.000000
890019.000000
1302687.000000
1409237.000000
1433492.000000
1285700.000000
1351335.000000
1144831.000000
1315179.000000
1563421.000000
1284195.000000
857679.000000
1369816.000000
1031173.000000
1246340.000000
1512784.000000
965634.000000
827968.000000
1442792.000000
1260878.000000
1412763.000000
1403776.000000
754043.000000
1519190.000000
1368240.000000
1194985.000000
1347827.000000
352685.000000
1150249.000000
864246.000000
1383937.000000
482647.000000
1339211.000000
1477740.000000
123893.000000
1511890.000000
531866.000000
1122451.000000
1466371.000000
1042831.000000
1243158.000000
1476078.000000
1495638.000000
1148079.000000
1315156.000000
1215175.000000
1263432.000000
1347957.000000
1433138.000000
1318027.000000
826089.000000
404977.000000
1546540.000000
793949.000000
1226157.000000
1285089.000000
1176148.000000
1318001.000000
955596.000000
1199736.000000
1126768.000000
1520410.000000
1357826.000000
786260.000000
1259555.000000
1459420.000000
1437696.000000
1204531.000000
1183244.000000
1192074.000000
1540274.000000
1243859.000000
1417060.000000
1329058.000000
1101972.000000
1216994.000000
268214.000000
1363940.000000
1112493.000000
1275845.000000
1443577.000000
1320096.000000
1439171.000000
987203.000000
1531087.000000
1492200.000000
1277741.000000
1383055.000000
1506710.000000
840914.000000
641970.000000
1305691.000000
528477.000000
1233209.000000
1280222.000000
1338059.000000
1443274.000000
698407.000000
1282080.000000
1280869.000000
1201946.000000
1251920.000000
118596.000000
1365645.000000
1516864.000000
1500856.000000
1217043.000000
1309718.000000
1209703.000000
1490586.000000
1365461.000000
1369102.000000
1379344.000000
1492604.000000
372811.000000
1321723.000000
1468845.000000
1379362.000000
990117.000000
1348461.000000
1372141.000000
1256950.000000
1180303.000000
1074148.000000
1141185.000000
1303624.000000
1114417.000000
1246726.000000
1236030.000000
1350773.000000
1491698.000000
1393827.000000
1265568.000000
883446.000000
1316989.000000
1060759.000000
1333453.000000
1223120.000000
1039643.000000
622935.000000
1232231.000000
1283022.000000
1502016.000000
1267090.000000
1168458.000000
1347425.000000
1225023.000000
1445575.000000
1358985.000000
1390615.000000
756832.000000
1370954.000000
1156169.000000
1302450.000000
1015506.000000
1295691.000000
1299970.000000
1251378.000000
1185925.000000
1436614.000000
1565301.000000
760973.000000
1340195.000000
1541336.000000
1490337.000000
1340844.000000
1411405.000000
1386297.000000
1311039.000000
1284430.000000
1337019.000000
1426333.000000
1384209.000000
1174723.000000
1231903.000000
1288010.000000
246663.000000
1035462.000000
1451585.000000
473722.000000
1165000.000000
1018068.000000
1139197.000000
1339587.000000
1330115.000000
965068.000000
1372191.000000
1265376.000000
1343691.000000
1367533.000000
1259029.000000
1384445.000000
1397098.000000
1453834.000000
131642.000000
1237102.000000
1132267.000000
1205680.000000
1118440.000000
1354905.000000
1303257.000000
1294513.000000
1297871.000000
1369752.000000
939986.000000
1388675.000000
1163278.000000
936746.000000
1226085.000000
1342003.000000
1196995.000000
1230828.000000
1499525.000000
769624.000000
336193.000000
1263861.000000
600237.000000
1348328.000000
919229.000000
1303980.000000
1499149.000000
967374.000000
1191135.000000
1456141.000000
1346588.000000
1237674.000000
1272663.000000
1164997.000000
1219377.000000
1000817.000000
1340447.000000
1506954.000000
1299344.000000
1119968.000000
1104782.000000
1424733.000000
1469823.000000
1392590.000000
1118534.000000
1199603.000000
1292760.000000
1485699.000000
693694.000000
1186661.000000
1345049.000000
504669.000000
1255092.000000
1337240.000000
1192552.000000
1471076.000000
923157.000000
1308987.000000
1257544.000000
1588327.000000
1252487.000000
1372191.000000
1585857.000000
1223380.000000
1264312.000000
917643.000000
1348363.000000
1367055.000000
1388563.000000
1343778.000000
1292785.000000
923353.000000
1246732.000000
865773.000000
1357922.000000
437513.000000
1299207.000000
1156658.000000
1239745.000000
1317944.000000
934589.000000
1322988.000000
1151925.000000
1154095.000000
1417612.000000
1149497.000000
1363639.000000
1319219.000000
1392730.000000
416233.000000
1511948.000000
1282036.000000
1069954.000000
902884.000000
1350838.000000
1452702.000000
1451275.000000
162712.000000
1270889.000000
1339148.000000
1379478.000000
1421319.000000
185093.000000
944201.000000
1081699.000000
1377130.000000
1266681.000000
1283131.000000
1260878.000000
953577.000000
1245827.000000
1253836.000000
1414403.000000
1411070.000000
252813.000000
1364980.000000
1276473.000000
1263604.000000
82126.000000
1295679.000000
1288746.000000
1581966.000000
922879.000000
1343165.000000
1411537.000000
1332484.000000
1297547.000000
496011.000000
862357.000000
1213048.000000
1305287.000000
1521155.000000
1152652.000000
1412078.000000
1392352.000000
1287934.000000
1512534.000000
493535.000000
1415510.000000
1458311.000000
1408572.000000
1234281.000000
762335.000000
621434.000000
1134500.000000
1057134.000000
1308046.000000
1098997.000000
1187043.000000
1381181.000000
1465474.000000
1143200.000000
1274716.000000
624483.000000
1321579.000000
1399916.000000
1181066.000000
221462.000000
1380093.000000
1315349.000000
1191253.000000
944535.000000
1261218.000000
1483395.000000
1205554.000000
1281165.000000
505549.000000
1315962.000000
1265568.000000
1294979.000000
938985.000000
884307.000000
1434710.000000
1157773.000000
1530935.000000
1154261.000000
1436636.000000
1201883.000000
1110572.000000
1238656.000000
1079286.000000
1464713.000000
1239365.000000
1345510.000000
721143.000000
1252701.000000
1344936.000000
918389.000000
1334114.000000
1272494.000000
910039.000000
1268238.000000
1601384.000000
1338642.000000
1285353.000000
1382195.000000
1372141.000000
1289965.000000
1255733.000000
1292187.000000
955456.000000
1281694.000000
1222759.000000
97284.000000
1091164.000000
1524268.000000
946153.000000
504558.000000
1195194.000000
1502350.000000
1400074.000000
1244098.000000
1427333.000000
1057691.000000
1254813.000000
1358308.000000
1086015.000000
1312757.000000
1203600.000000
1400075.000000
1438170.000000
1370200.000000
108543.000000
1106637.000000
1158605.000000
1182213.000000
1331642.000000
514043.000000
1095599.000000
152803.000000
1300324.000000
556930.000000
1261749.000000
1084316.000000
1064554.000000
1467564.000000
1317284.000000
1489926.000000
1446270.000000
1217321.000000
1342248.000000
1444285.000000
1266228.000000
1312685.000000
1180271.000000
1205740.000000
1491125.000000
1350338.000000
1399514.000000
1529165.000000
1346827.000000
1374212.000000
1396532.000000
1108174.000000
1418867.000000
1286666.000000
1258559.000000
1417393.000000
1303773.000000
1384405.000000
219769.000000
597800.000000
1080503.000000
1223974.000000
1404458.000000
1524825.000000
519255.000000
1396556.000000
1193930.000000
1462974.000000
1194109.000000
1305404.000000
1247859.000000
1232548.000000
1145833.000000
1378812.000000
1242579.000000
1361343.000000
1340240.000000
1386127.000000
1170441.000000
1366562.000000
1060478.000000
1209558.000000
656616.000000
1466503.000000
1408904.000000
1237024.000000
1596632.000000
1443818.000000
473639.000000
1486257.000000
710262.000000
1385592.000000
1291290.000000
1462396.000000
1323045.000000
1376268.000000
1375308.000000
1404139.000000
1400881.000000
1526252.000000
1391375.000000
1400371.000000
1375873.000000
1316709.000000
1406509.000000
851385.000000
1532808.000000
1396207.000000
760012.000000
954159.000000
1193882.000000
1321127.000000
1332540.000000
1350925.000000
1214277.000000
897228.000000
1284617.000000
1451121.000000
1387523.000000
1242613.000000
1257031.000000
1424493.000000
1363025.000000
642113.000000
1310212.000000
1303257.000000
1269347.000000
1236091.000000
1296490.000000
1271869.000000
1378967.000000
402743.000000
1586788.000000
1381236.000000
1010930.000000
1334308.000000
1379344.000000
1493168.000000
1292712.000000
1532319.000000
1332193.000000
1343576.000000
1392714.000000
1393223.000000
1292991.000000
1339245.000000
1349341.000000
1280907.000000
637600.000000
1034786.000000
1434000.000000
1346830.000000
1481898.000000
1492069.000000
1219813.000000
1423171.000000
1404458.000000
1367084.000000
1479912.000000
615252.000000
1329421.000000
115636.000000
396568.000000
1309514.000000
1385571.000000
1427418.000000
1259643.000000
1509567.000000
179328.000000
1364505.000000
1388559.000000
1063803.000000
1213232.000000
1030205.000000
1536845.000000
1435357.000000
1280576.000000
1180813.000000
1250870.000000
1192952.000000
567567.000000
1279631.000000
1298566.000000
1261386.000000
1470091.000000
1204562.000000
1449122.000000
495871.000000
1331335.000000
1272322.000000
1547532.000000
1216841.000000
301031.000000
1248054.000000
1253185.000000
1266419.000000
1163583.000000
