0.000000
0.000000
0.000000
0.000000
0.000000
0.000000
0.000000
0.000000
0.000000
0.000000
0.000000
0.000000
0.000000
0.000000
0.000000
0.000000
0.000000
0.000000
0.000000
0.000000
0.000000
0.000000
0.000000
0.000000
0.000000
0.000000
0.000000
0.000000
0.000000
0.000000
0.000000
0.000000
0.000000
0.000000
0.000000
0.000000
0.000000
0.000000
0.000000
0.000000
0.000000
0.000000
0.000000
0.000000
0.000000
0.000000
0.000000
0.000000
0.000000
0.000000
0.000000
0.000000
0.000000
0.000000
0.000000
0.000000
0.000000
0.000000
0.000000
0.000000
0.000000
0.000000
0.000000
0.000000
0.000000
0.000000
0.000000
0.000000
0.000000
0.000000
0.000000
0.000000
0.000000
0.000000
0.000000
0.000000
0.000000
0.000000
0.000000
0.000000
0.000000
0.000000
0.000000
0.000000
0.000000
0.000000
0.000000
0.000000
0.000000
0.000000
0.000000
0.000000
0.000000
0.000000
0.000000
0.000000
0.000000
0.000000
0.000000
0.000000
0.000000
0.000000
0.000000
0.000000
0.000000
0.000000
0.000000
0.000000
0.000000
0.000000
0.000000
0.000000
0.000000
0.000000
0.000000
0.000000
0.000000
0.000000
0.000000
0.000000
0.000000
0.000000
0.000000
0.000000
0.000000
0.000000
0.000000
0.000000
0.000000
0.000000
0.000000
0.000000
0.000000
0.000000
0.000000
0.000000
0.000000
0.000000
0.000000
0.000000
0.000000
0.000000
0.000000
0.000000
0.000000
0.000000
0.000000
0.000000
0.000000
0.000000
0.000000
0.000000
0.000000
0.000000
0.000000
0.000000
0.000000
0.000000
0.000000
0.000000
0.000000
0.000000
0.000000
0.000000
0.000000
0.000000
0.000000
0.000000
0.000000
0.000000
0.000000
0.000000
0.000000
0.000000
0.000000
0.000000
0.000000
0.000000
0.000000
0.000000
0.000000
0.000000
0.000000
0.000000
0.000000
0.000000
0.000000
0.000000
0.000000
0.000000
0.000000
0.000000
0.000000
0.000000
0.000000
0.000000
0.000000
0.000000
0.000000
0.000000
0.000000
0.000000
0.000000
0.000000
0.000000
0.000000
0.000000
0.000000
0.000000
0.000000
0.000000
0.000000
0.000000
0.000000
0.000000
0.000000
0.000000
0.000000
0.000000
0.000000
0.000000
0.000000
0.000000
0.000000
0.000000
0.000000
0.000000
0.000000
0.000000
0.000000
0.000000
0.000000
0.000000
0.000000
0.000000
0.000000
0.000000
0.000000
0.000000
0.000000
0.000000
0.000000
0.000000
0.000000
0.000000
0.000000
0.000000
0.000000
0.000000
0.000000
0.000000
0.000000
0.000000
0.000000
0.000000
0.000000
0.000000
0.000000
0.000000
0.000000
0.000000
0.000000
0.000000
0.000000
0.000000
0.000000
0.000000
0.000000
0.000000
0.000000
0.000000
0.000000
0.000000
0.000000
0.000000
0.000000
0.000000
0.000000
0.000000
0.000000
0.000000
0.000000
0.000000
0.000000
0.000000
0.000000
0.000000
0.000000
0.000000
0.000000
0.000000
0.000000
0.000000
0.000000
0.000000
0.000000
0.000000
0.000000
0.000000
0.000000
0.000000
0.000000
0.000000
0.000000
0.000000
0.000000
0.000000
0.000000
0.000000
0.000000
0.000000
0.000000
0.000000
0.000000
0.000000
0.000000
0.000000
0.000000
0.000000
0.000000
0.000000
0.000000
0.000000
0.000000
0.000000
0.000000
0.000000
0.000000
0.000000
0.000000
0.000000
0.000000
0.000000
0.000000
0.000000
0.000000
0.000000
0.000000
0.000000
0.000000
0.000000
0.000000
0.000000
0.000000
0.000000
0.000000
0.000000
0.000000
0.000000
0.000000
0.000000
0.000000
0.000000
0.000000
0.000000
0.000000
0.000000
0.000000
0.000000
0.000000
0.000000
0.000000
0.000000
0.000000
0.000000
0.000000
0.000000
0.000000
0.000000
0.000000
0.000000
0.000000
0.000000
0.000000
0.000000
0.000000
0.000000
0.000000
0.000000
0.000000
0.000000
0.000000
0.000000
0.000000
0.000000
0.000000
0.000000
0.000000
0.000000
0.000000
0.000000
0.000000
0.000000
0.000000
0.000000
0.000000
0.000000
10195950.000000
3889870.000000
6704991.000000
4527944.000000
6438612.000000
4457568.000000
6242184.000000
1011663.000000
5567641.000000
1917224.000000
4137927.000000
5888189.000000
1527577.000000
1178264.000000
5897012.000000
5013926.000000
5935942.000000
5270201.000000
2451297.000000
3937814.000000
5404257.000000
2505217.000000
4247117.000000
498106.000000
4816429.000000
1759818.000000
4189440.000000
515821.000000
4747666.000000
4879200.000000
108719.000000
6043720.000000
743070.000000
5533435.000000
4408998.000000
1603345.000000
4011837.000000
6119122.000000
5957962.000000
5426310.000000
3602468.000000
2579142.000000
4601470.000000
3768362.000000
5783162.000000
4104589.000000
1481251.000000
482687.000000
6392545.000000
883567.000000
2780895.000000
4933888.000000
2309634.000000
3674246.000000
1510269.000000
3054285.000000
4263207.000000
4909121.000000
5922601.000000
1051651.000000
5439893.000000
6038299.000000
6630253.000000
2257604.000000
3378574.000000
5057032.000000
5846277.000000
5247544.000000
5217925.000000
3286618.000000
2542526.000000
4651707.000000
235233.000000
5343022.000000
2825037.000000
2787317.000000
5677927.000000
4861981.000000
7137995.000000
1632175.000000
4116653.000000
4061633.000000
5974531.000000
5225371.000000
4732459.000000
1271843.000000
683666.000000
5878191.000000
535529.000000
2575301.000000
3817083.000000
6533920.000000
5532810.000000
1000921.000000
6696810.000000
7591294.000000
3009184.000000
3190695.000000
140164.000000
4600623.000000
4284792.000000
4495782.000000
5426754.000000
5488126.000000
5173869.000000
6376450.000000
3023984.000000
5407098.000000
5551780.000000
5160676.000000
449022.000000
5886811.000000
4284364.000000
4159039.000000
1214437.000000
4119233.000000
6068903.000000
5217765.000000
3547615.000000
2231305.000000
5121092.000000
5065593.000000
2703891.000000
6564561.000000
4658032.000000
4662023.000000
5157902.000000
5285314.000000
6386208.000000
1452316.000000
3313948.000000
1599736.000000
5144790.000000
4829287.000000
3718078.000000
871733.000000
4226997.000000
3545052.000000
6226306.000000
5757981.000000
4648022.000000
4809229.000000
5789039.000000
5549584.000000
5966349.000000
5106746.000000
985567.000000
3848401.000000
4080791.000000
3632538.000000
1517739.000000
4386681.000000
5582166.000000
6916203.000000
2364332.000000
5647105.000000
6796568.000000
997957.000000
6407708.000000
6056602.000000
6799196.000000
4260124.000000
4770312.000000
3926475.000000
3938709.000000
5423182.000000
5821769.000000
4218451.000000
5807604.000000
4988179.000000
3011997.000000
6312476.000000
321980.000000
2485777.000000
6912302.000000
666184.000000
2402047.000000
3062014.000000
3993704.000000
3718659.000000
4860670.000000
1611623.000000
4460173.000000
5076597.000000
4351532.000000
6069347.000000
5670655.000000
5000279.000000
3788708.000000
3546641.000000
150857.000000
5502492.000000
4431951.000000
2841907.000000
5771815.000000
4793618.000000
6424857.000000
4338511.000000
4508774.000000
4661322.000000
2788780.000000
4699251.000000
3090913.000000
3400776.000000
3228509.000000
4646673.000000
4198933.000000
4110231.000000
5833492.000000
1003403.000000
376241.000000
4080398.000000
695452.000000
6153245.000000
2574994.000000
4356670.000000
6064900.000000
1386230.000000
6121465.000000
5685734.000000
5303792.000000
6593435.000000
3963733.000000
4102565.000000
4512586.000000
5498979.000000
6039030.000000
5547404.000000
5912658.000000
1867014.000000
2629033.000000
5560725.000000
6082311.000000
4412721.000000
2709701.000000
4073570.000000
3760499.000000
5424639.000000
849453.000000
3144461.000000
6471612.000000
473745.000000
5520660.000000
4755502.000000
3954023.000000
5913065.000000
1474428.000000
3654709.000000
3407485.000000
6013058.000000
4826510.000000
6140035.000000
5454126.000000
4980874.000000
5296986.000000
1245126.000000
5514203.000000
5384479.000000
7307994.000000
5972576.000000
4204071.000000
1505500.000000
3464936.000000
1479159.000000
5766261.000000
529539.000000
6595580.000000
4133690.000000
4099305.000000
5293596.000000
1417063.000000
5658430.000000
6333289.000000
5090665.000000
3195726.000000
4925478.000000
4987619.000000
4515360.000000
2385553.000000
454320.000000
7330422.000000
5810692.000000
1707477.000000
959985.000000
7103555.000000
4681816.000000
4160325.000000
180778.000000
2808438.000000
3348209.000000
6655511.000000
6045517.000000
172133.000000
1363348.000000
1926773.000000
4652304.000000
5854772.000000
6567891.000000
5039774.000000
1152740.000000
5884716.000000
4225077.000000
5950897.000000
5602616.000000
320982.000000
4269331.000000
5230297.000000
4578533.000000
126434.000000
5614078.000000
2658348.000000
6743151.000000
1464676.000000
3772313.000000
6973024.000000
3200176.000000
5263073.000000
619144.000000
1302112.000000
2634752.000000
6208517.000000
6197545.000000
2139656.000000
7227964.000000
4923400.000000
4221270.000000
7613119.000000
539083.000000
7148611.000000
5758365.000000
6342537.000000
4646498.000000
931287.000000
798548.000000
1530245.000000
1768143.000000
2594889.000000
5371734.000000
2516869.000000
3893780.000000
7233652.000000
2048386.000000
5479148.000000
780448.000000
6176004.000000
5232675.000000
2437256.000000
235332.000000
6572456.000000
5689718.000000
5071568.000000
1542773.000000
5107733.000000
5290399.000000
4152662.000000
4168263.000000
547973.000000
7361746.000000
5142446.000000
2865650.000000
1601630.000000
1108107.000000
4752745.000000
5052311.000000
5881969.000000
5347151.000000
5110532.000000
4494526.000000
5897306.000000
4030265.000000
1951677.000000
6048844.000000
3493516.000000
3246998.000000
1002035.000000
4054950.000000
5204978.000000
1548443.000000
4467470.000000
3494415.000000
1650243.000000
3275039.000000
6339939.000000
3658572.000000
4975086.000000
4465158.000000
5838589.000000
5169451.000000
6157377.000000
5249304.000000
1748669.000000
5181855.000000
3750967.000000
119580.000000
4694172.000000
5010790.000000
1775775.000000
599757.000000
5623907.000000
6358133.000000
5328061.000000
2949730.000000
5688331.000000
3115446.000000
2959636.000000
4372408.000000
1932057.000000
5028626.000000
4666626.000000
6137030.000000
5881500.000000
4705033.000000
131703.000000
4726395.000000
2979080.000000
4586077.000000
6440973.000000
562449.000000
2320014.000000
154393.000000
3866947.000000
623120.000000
6543244.000000
4919064.000000
1787091.000000
7469329.000000
6205256.000000
4158736.000000
5244936.000000
2631976.000000
5597155.000000
5140385.000000
3325596.000000
3305051.000000
4290498.000000
3890175.000000
5637810.000000
5409728.000000
6120323.000000
5418271.000000
3631452.000000
6353983.000000
6254518.000000
1782009.000000
3543133.000000
5213238.000000
4784576.000000
5523948.000000
5478887.000000
5155752.000000
259734.000000
776455.000000
1883544.000000
4174387.000000
6352485.000000
5306993.000000
646620.000000
6393300.000000
5627940.000000
6339011.000000
3095713.000000
3306775.000000
3640683.000000
3931673.000000
3133108.000000
4148598.000000
1977513.000000
6085146.000000
5192738.000000
7079550.000000
3114947.000000
5197745.000000
1899413.000000
3767926.000000
695547.000000
5692302.000000
6237599.000000
4628406.000000
5324098.000000
5014401.000000
457766.000000
5732837.000000
910795.000000
4791574.000000
4769480.000000
5721602.000000
6110900.000000
5318358.000000
3395927.000000
4161485.000000
3609210.000000
6359587.000000
5892006.000000
6076769.000000
5889602.000000
4722764.000000
4704807.000000
1186560.000000
7119845.000000
3441674.000000
982855.000000
1718503.000000
2324117.000000
5475124.000000
5543544.000000
5957050.000000
5175509.000000
1578641.000000
6569375.000000
5312976.000000
3704914.000000
5004212.000000
2441545.000000
4950909.000000
7651801.000000
902618.000000
5207400.000000
6764310.000000
4559208.000000
5055767.000000
6611212.000000
6019174.000000
6649691.000000
433756.000000
5813808.000000
5603971.000000
3898510.000000
4032298.000000
5382847.000000
5669259.000000
2356348.000000
6047032.000000
3961544.000000
5746528.000000
7302911.000000
5636468.000000
5381495.000000
4873350.000000
2754934.000000
4210990.000000
718722.000000
2258526.000000
7427013.000000
6150946.000000
5478663.000000
5657309.000000
5613176.000000
6176381.000000
6020096.000000
5202494.000000
4419734.000000
945285.000000
6961958.000000
105038.000000
518454.000000
5647416.000000
3893458.000000
5675338.000000
5127203.000000
4663705.000000
184837.000000
3482118.000000
5839152.000000
3060435.000000
2695554.000000
3140503.000000
5271036.000000
5088535.000000
6277194.000000
5559832.000000
4208811.000000
2622997.000000
524653.000000
2997074.000000
3391439.000000
5066008.000000
6155183.000000
2394059.000000
4798969.000000
459263.000000
5806723.000000
3094538.000000
7466525.000000
2714415.000000
358972.000000
5340783.000000
3174147.000000
4393119.000000
2057991.000000
