0.000000
0.000000
0.000000
11755980.000000
3058040.000000
5107953.000000
5188502.000000
4214985.000000
6152319.000000
2175317.000000
7244054.000000
6404491.000000
1846088.000000
7382394.000000
7021884.000000
6486765.000000
4879100.000000
1100870.000000
1294857.000000
4267914.000000
4955740.000000
7375502.000000
4028149.000000
1063020.000000
754314.000000
2727425.000000
4488200.000000
6184751.000000
7626412.000000
5332118.000000
7277465.000000
7282506.000000
2481702.000000
5873617.000000
5540611.000000
1888983.000000
437131.000000
7424320.000000
2711581.000000
7749944.000000
4698144.000000
7791700.000000
504511.000000
1690045.000000
3744947.000000
7865569.000000
7638224.000000
4504143.000000
2959108.000000
1373112.000000
1821606.000000
484920.000000
3829564.000000
2237691.000000
2256701.000000
7472800.000000
5042674.000000
3991116.000000
7466342.000000
6077268.000000
905004.000000
4728200.000000
2112485.000000
6661601.000000
7239924.000000
7316604.000000
4963459.000000
3785566.000000
4750750.000000
7015462.000000
4562158.000000
2224331.000000
371682.000000
3902803.000000
4811629.000000
7391500.000000
7838274.000000
3640542.000000
7491377.000000
3628481.000000
172602.000000
6939122.000000
5219985.000000
1524908.000000
6848770.000000
4576333.000000
1920555.000000
7719161.000000
6282050.000000
7077428.000000
7446195.000000
6367278.000000
4678714.000000
7604305.000000
5028619.000000
2364378.000000
1856498.000000
3204941.000000
5483128.000000
7888906.000000
5963072.000000
2548167.000000
1508523.000000
5672665.000000
6401166.000000
6549649.000000
1753611.000000
6550416.000000
1465963.000000
8197073.000000
7337221.000000
6149542.000000
3090281.000000
7972877.000000
3216688.000000
5218359.000000
6301117.000000
7647260.000000
1130331.000000
4413182.000000
2439810.000000
5523533.000000
7109783.000000
5728649.000000
5649545.000000
7907422.000000
2621420.000000
6982453.000000
6994617.000000
5946240.000000
3360374.000000
6848591.000000
4555105.000000
3833805.000000
605801.000000
7599673.000000
2289410.000000
828839.000000
6584795.000000
3459574.000000
1046358.000000
2852303.000000
3245420.000000
5236391.000000
249821.000000
6922998.000000
2495017.000000
1730224.000000
1007418.000000
133996.000000
6779577.000000
3005867.000000
3824485.000000
6702054.000000
1698129.000000
6727538.000000
3895352.000000
185427.000000
6414640.000000
7778515.000000
5688551.000000
6117240.000000
7543646.000000
6278294.000000
1771761.000000
7765717.000000
524060.000000
3302818.000000
7524253.000000
5354763.000000
7349361.000000
5864653.000000
6953719.000000
2935920.000000
4130995.000000
7225269.000000
6030387.000000
8029474.000000
6872622.000000
6524503.000000
4272157.000000
416631.000000
7368574.000000
1265601.000000
6482356.000000
7580120.000000
3327269.000000
1927991.000000
4028993.000000
2264209.000000
4596853.000000
5948586.000000
7057897.000000
6498631.000000
7954453.000000
7712817.000000
3943303.000000
3879674.000000
3163468.000000
7378761.000000
98381.000000
5431687.000000
1077914.000000
7248629.000000
1280228.000000
4445636.000000
5117500.000000
773463.000000
4143318.000000
1310633.000000
5711682.000000
2388857.000000
6213177.000000
5003717.000000
6289552.000000
4602803.000000
3459550.000000
483988.000000
7099950.000000
880341.000000
2472631.000000
3978360.000000
927184.000000
3419818.000000
7306650.000000
175589.000000
6919007.000000
2997791.000000
2179813.000000
2406237.000000
3615370.000000
4872160.000000
716002.000000
5476561.000000
7348531.000000
5463854.000000
7054011.000000
6568212.000000
4999755.000000
7210264.000000
2411514.000000
8041229.000000
1095790.000000
7042104.000000
5100392.000000
4113818.000000
783018.000000
7515674.000000
4482813.000000
3328603.000000
7740203.000000
5178311.000000
7313969.000000
146971.000000
1286383.000000
979116.000000
3300158.000000
2687299.000000
8016747.000000
6199159.000000
4661059.000000
8579559.000000
1520422.000000
3089019.000000
3087914.000000
6135521.000000
7011333.000000
5125956.000000
4746414.000000
1487136.000000
7907422.000000
3859256.000000
5640778.000000
7120948.000000
5303734.000000
5875206.000000
255974.000000
6282305.000000
4644982.000000
4314189.000000
2780418.000000
7405842.000000
5330157.000000
6159648.000000
5852474.000000
5640584.000000
7128259.000000
5272438.000000
371363.000000
7712502.000000
3560944.000000
4885720.000000
5318985.000000
7792870.000000
4765579.000000
610037.000000
6743431.000000
5448898.000000
7082296.000000
5330515.000000
542679.000000
2185256.000000
5600426.000000
102030.000000
1360545.000000
6019635.000000
6657072.000000
6125057.000000
2547591.000000
4428852.000000
3678379.000000
221995.000000
6985298.000000
5712512.000000
1543316.000000
5006347.000000
289732.000000
3602971.000000
3268816.000000
6868106.000000
471509.000000
6258978.000000
3736020.000000
5878922.000000
7637610.000000
2378803.000000
4247215.000000
4928534.000000
7645737.000000
4100122.000000
5055860.000000
6817720.000000
5295058.000000
5557197.000000
7339660.000000
3145924.000000
1984989.000000
4294142.000000
6381035.000000
49230.000000
7365661.000000
7611810.000000
5188814.000000
3534942.000000
6413040.000000
2746717.000000
7653876.000000
99169.000000
8260001.000000
2126288.000000
3311179.000000
5958215.000000
82967.000000
7245072.000000
380407.000000
7279964.000000
5963314.000000
4866486.000000
4086495.000000
5670766.000000
7044611.000000
7345494.000000
6851210.000000
5931210.000000
5144596.000000
1394891.000000
4727459.000000
5642936.000000
4446531.000000
7634790.000000
2450813.000000
505251.000000
857726.000000
2489758.000000
3889809.000000
5806176.000000
1695078.000000
5246547.000000
6379600.000000
3300363.000000
8023957.000000
7450142.000000
7864306.000000
3920237.000000
4508937.000000
265970.000000
6475336.000000
7854228.000000
1189880.000000
6742919.000000
5951293.000000
740165.000000
61201.000000
3506155.000000
1296065.000000
2991045.000000
5239155.000000
4470749.000000
4153852.000000
7804004.000000
3925576.000000
7282648.000000
4531375.000000
5500123.000000
1338275.000000
8561144.000000
1920102.000000
4678165.000000
7327195.000000
1168855.000000
1169909.000000
6970708.000000
4790455.000000
7026476.000000
5828722.000000
1644612.000000
3856685.000000
6250145.000000
1537652.000000
4824168.000000
426136.000000
5755594.000000
1277094.000000
3408188.000000
466746.000000
4455512.000000
5230521.000000
116293.000000
5882492.000000
647250.000000
7480823.000000
3669175.000000
1470634.000000
3818608.000000
6409780.000000
5780784.000000
5760078.000000
3838264.000000
2495036.000000
4583886.000000
3569723.000000
6727160.000000
4464208.000000
1303920.000000
374452.000000
7459925.000000
770722.000000
2048290.000000
4437150.000000
1595080.000000
4370771.000000
1246896.000000
2563667.000000
3310967.000000
7404217.000000
5756402.000000
897247.000000
5832861.000000
7659100.000000
6805496.000000
2057734.000000
3796478.000000
6728489.000000
5992484.000000
4894042.000000
5824570.000000
3633304.000000
2247843.000000
5490351.000000
228592.000000
6592774.000000
2425779.000000
2280663.000000
6631384.000000
5614659.000000
5972368.000000
1319069.000000
4184262.000000
3992126.000000
6951985.000000
4884831.000000
4777644.000000
1109001.000000
673849.000000
7282919.000000
480603.000000
2494593.000000
4247658.000000
7516160.000000
6902043.000000
933129.000000
6933969.000000
7145985.000000
2936860.000000
2576169.000000
125043.000000
4364503.000000
4263036.000000
5100633.000000
6805471.000000
6238235.000000
6271807.000000
7060578.000000
2926492.000000
5565019.000000
5276665.000000
5516837.000000
363430.000000
6580742.000000
4357549.000000
3373981.000000
1054856.000000
4734094.000000
7611024.000000
6816124.000000
3670536.000000
1498200.000000
5035147.000000
5577888.000000
2095676.000000
6253558.000000
5756879.000000
5309299.000000
4700173.000000
5892339.000000
7280251.000000
1292880.000000
3842528.000000
1499281.000000
5124129.000000
4694078.000000
3958544.000000
761520.000000
3924557.000000
2698921.000000
6922625.000000
6502197.000000
4188465.000000
4580220.000000
7467311.000000
6210004.000000
6749800.000000
5899887.000000
831495.000000
4368695.000000
4116604.000000
3212531.000000
1211485.000000
4098970.000000
5821393.000000
6779233.000000
2205540.000000
7527411.000000
7253894.000000
861393.000000
7429019.000000
7519528.000000
7628040.000000
4870201.000000
5229813.000000
4033981.000000
2973476.000000
5818924.000000
6337171.000000
3574958.000000
6940404.000000
4683952.000000
2405139.000000
6806969.000000
239662.000000
2190300.000000
7220053.000000
525253.000000
2407299.000000
2603808.000000
3226831.000000
3441326.000000
5789373.000000
1204360.000000
4832542.000000
5590444.000000
5179228.000000
6603030.000000
6761643.000000
6091427.000000
3416123.000000
3827718.000000
136022.000000
7054995.000000
4362350.000000
2010526.000000
5888383.000000
3334904.000000
6781032.000000
5399743.000000
4439335.000000
5639465.000000
1982816.000000
5709456.000000
3612977.000000
2676608.000000
3548520.000000
3793422.000000
4829817.000000
4985618.000000
6862652.000000
779904.000000
350386.000000
4428976.000000
651672.000000
7450003.000000
1905862.000000
5312406.000000
6495353.000000
1193295.000000
6387735.000000
7200812.000000
5727111.000000
7151352.000000
3410723.000000
3645166.000000
5288944.000000
4689175.000000
7666650.000000
7089415.000000
5776414.000000
1817965.000000
2721369.000000
7968687.000000
6637593.000000
4509053.000000
2606824.000000
4717997.000000
4103580.000000
4322817.000000
718145.000000
3217418.000000
6593933.000000
508005.000000
7275194.000000
5491894.000000
4531835.000000
7610638.000000
1094623.000000
3729004.000000
3328817.000000
6964714.000000
4960541.000000
7774350.000000
6623995.000000
6363283.000000
7586269.000000
937940.000000
7497585.000000
4647791.000000
7370001.000000
7494894.000000
3622604.000000
1474892.000000
3344172.000000
1288797.000000
5498826.000000
458721.000000
5821507.000000
4944284.000000
4116479.000000
4982190.000000
1293744.000000
6233060.000000
5937160.000000
4348143.000000
2195207.000000
4246006.000000
6116378.000000
4681887.000000
2146931.000000
441185.000000
7499626.000000
6077081.000000
1658203.000000
1066716.000000
7761461.000000
5070285.000000
4355941.000000
152435.000000
3037400.000000
3270232.000000
6988317.000000
6269146.000000
195048.000000
1362764.000000
1846520.000000
5014180.000000
6539736.000000
7539809.000000
5251131.000000
1059475.000000
6830540.000000
3344727.000000
5848522.000000
5620200.000000
234388.000000
4637922.000000
7025943.000000
4608963.000000
117944.000000
5812128.000000
2425388.000000
6616320.000000
1304462.000000
3925555.000000
7406956.000000
3469951.000000
5586091.000000
618916.000000
1341621.000000
3039670.000000
7340159.000000
7245959.000000
1670106.000000
7865193.000000
6155948.000000
4614429.000000
6530305.000000
570763.000000
8089216.000000
6784509.000000
7670028.000000
4760760.000000
803818.000000
553776.000000
1589568.000000
1487647.000000
2647730.000000
5133614.000000
2063088.000000
4238538.000000
7949820.000000
1541125.000000
6139348.000000
719744.000000
7432570.000000
6625961.000000
1824756.000000
165174.000000
7875601.000000
6284837.000000
4482358.000000
1179303.000000
5202810.000000
4428901.000000
4760054.000000
4150480.000000
526894.000000
6930199.000000
4990076.000000
2240920.000000
1382667.000000
1059707.000000
5090262.000000
4522628.000000
6879572.000000
6941394.000000
6009806.000000
4541081.000000
6288907.000000
4327858.000000
1722523.000000
7311919.000000
3628748.000000
2345190.000000
810299.000000
4770497.000000
5566974.000000
1346379.000000
4118053.000000
2469599.000000
1442505.000000
3293388.000000
7423420.000000
3363041.000000
4410281.000000
4891564.000000
6390001.000000
5375300.000000
4872615.000000
4945197.000000
1396058.000000
4313857.000000
3902738.000000
100312.000000
4297524.000000
4397418.000000
1394368.000000
518709.000000
7086214.000000
6857559.000000
6244666.000000
2805604.000000
6766124.000000
3440640.000000
2183152.000000
5635393.000000
1735837.000000
5835466.000000
5184117.000000
8260001.000000
7074679.000000
5049609.000000
93036.000000
5210884.000000
3381723.000000
4440601.000000
6510449.000000
431253.000000
1736756.000000
117892.000000
3991856.000000
540132.000000
7129490.000000
5426647.000000
1601687.000000
7151346.000000
7632649.000000
3878555.000000
5676421.000000
1921260.000000
6463777.000000
5311434.000000
3712694.000000
2528555.000000
5076260.000000
4773987.000000
5644553.000000
7507012.000000
7430201.000000
6197519.000000
3858804.000000
7377255.000000
7305964.000000
1728968.000000
2869520.000000
5367135.000000
4804643.000000
6712524.000000
8135350.000000
4185469.000000
215374.000000
820023.000000
2100921.000000
4298033.000000
8140736.000000
6181273.000000
503789.000000
7085690.000000
7435043.000000
7861887.000000
2950445.000000
2745561.000000
3053333.000000
4074396.000000
3104214.000000
3993075.000000
1639806.000000
6524521.000000
4822113.000000
6937680.000000
3712515.000000
5081449.000000
1590321.000000
3863069.000000
551987.000000
5871879.000000
6620278.000000
4508712.000000
7467445.000000
5306397.000000
456566.000000
5660013.000000
763326.000000
4833859.000000
5473621.000000
6555011.000000
8469738.000000
6048453.000000
3560067.000000
3774259.000000
3536003.000000
7847301.000000
7928086.000000
7270355.000000
5225267.000000
4873244.000000
5148111.000000
1105669.000000
7169729.000000
3193144.000000
831620.000000
1552638.000000
2276334.000000
5590249.000000
7199942.000000
6226524.000000
5634510.000000
1244336.000000
7222165.000000
5540658.000000
3569521.000000
5823493.000000
2036829.000000
5607361.000000
7954247.000000
813902.000000
6966305.000000
8015325.000000
5260089.000000
5717350.000000
6370812.000000
7082615.000000
6595119.000000
410446.000000
5759039.000000
5698240.000000
3165046.000000
3458079.000000
5304743.000000
7086768.000000
1851584.000000
7889831.000000
4235380.000000
6358756.000000
7510479.000000
7243269.000000
5416245.000000
6845978.000000
2103908.000000
4688285.000000
566034.000000
1969513.000000
7045933.000000
7674526.000000
7660373.000000
7422997.000000
7379399.000000
8189605.000000
7807118.000000
5700696.000000
4792569.000000
782409.000000
7068007.000000
127406.000000
435257.000000
5439839.000000
3801157.000000
6259868.000000
6881027.000000
4840419.000000
150321.000000
4053391.000000
7354812.000000
3266762.000000
2564054.000000
2896744.000000
4918721.000000
6209187.000000
6495545.000000
6293991.000000
4925031.000000
2901176.000000
444189.000000
2714209.000000
3019221.000000
5833169.000000
6063529.000000
2460336.000000
5240413.000000
517354.000000
5938557.000000
2579925.000000
7097329.000000
2104844.000000
266827.000000
6411501.000000
2580948.000000
4184724.000000
2074458.000000
