0.000000
0.000000
0.000000
0.000000
0.000000
0.000000
0.000000
0.000000
0.000000
0.000000
0.000000
0.000000
0.000000
0.000000
0.000000
0.000000
0.000000
0.000000
0.000000
0.000000
0.000000
0.000000
0.000000
0.000000
0.000000
0.000000
0.000000
0.000000
0.000000
0.000000
0.000000
0.000000
0.000000
0.000000
0.000000
0.000000
0.000000
0.000000
0.000000
0.000000
0.000000
0.000000
0.000000
0.000000
0.000000
0.000000
0.000000
0.000000
0.000000
0.000000
0.000000
0.000000
0.000000
0.000000
0.000000
0.000000
0.000000
0.000000
0.000000
0.000000
0.000000
0.000000
0.000000
0.000000
0.000000
0.000000
0.000000
0.000000
0.000000
0.000000
0.000000
0.000000
0.000000
0.000000
0.000000
0.000000
0.000000
0.000000
0.000000
0.000000
0.000000
0.000000
0.000000
0.000000
0.000000
0.000000
0.000000
0.000000
0.000000
0.000000
0.000000
0.000000
0.000000
0.000000
0.000000
0.000000
0.000000
0.000000
0.000000
0.000000
0.000000
0.000000
0.000000
0.000000
0.000000
0.000000
0.000000
0.000000
0.000000
0.000000
0.000000
0.000000
0.000000
0.000000
0.000000
0.000000
0.000000
0.000000
0.000000
0.000000
0.000000
0.000000
0.000000
0.000000
0.000000
0.000000
0.000000
0.000000
0.000000
0.000000
0.000000
0.000000
0.000000
0.000000
0.000000
0.000000
0.000000
0.000000
0.000000
0.000000
0.000000
0.000000
0.000000
0.000000
0.000000
0.000000
0.000000
0.000000
0.000000
0.000000
0.000000
0.000000
0.000000
0.000000
0.000000
0.000000
0.000000
0.000000
0.000000
0.000000
0.000000
0.000000
0.000000
0.000000
0.000000
0.000000
0.000000
0.000000
0.000000
0.000000
0.000000
0.000000
0.000000
0.000000
0.000000
0.000000
0.000000
0.000000
0.000000
0.000000
0.000000
0.000000
0.000000
0.000000
0.000000
0.000000
0.000000
0.000000
0.000000
0.000000
0.000000
0.000000
0.000000
0.000000
0.000000
0.000000
0.000000
0.000000
0.000000
0.000000
0.000000
0.000000
0.000000
0.000000
0.000000
0.000000
0.000000
0.000000
0.000000
0.000000
0.000000
0.000000
0.000000
0.000000
0.000000
0.000000
0.000000
0.000000
0.000000
0.000000
0.000000
0.000000
0.000000
0.000000
0.000000
0.000000
0.000000
0.000000
0.000000
0.000000
0.000000
0.000000
0.000000
0.000000
0.000000
0.000000
0.000000
0.000000
0.000000
0.000000
0.000000
0.000000
0.000000
0.000000
0.000000
0.000000
0.000000
0.000000
0.000000
0.000000
0.000000
0.000000
0.000000
0.000000
0.000000
0.000000
0.000000
0.000000
0.000000
0.000000
0.000000
0.000000
0.000000
0.000000
0.000000
0.000000
0.000000
0.000000
0.000000
0.000000
0.000000
0.000000
0.000000
0.000000
0.000000
0.000000
0.000000
0.000000
0.000000
0.000000
0.000000
0.000000
0.000000
0.000000
0.000000
0.000000
0.000000
0.000000
0.000000
0.000000
0.000000
0.000000
0.000000
0.000000
0.000000
0.000000
0.000000
0.000000
0.000000
0.000000
0.000000
0.000000
0.000000
0.000000
0.000000
0.000000
0.000000
0.000000
0.000000
0.000000
0.000000
0.000000
0.000000
0.000000
0.000000
0.000000
0.000000
0.000000
0.000000
0.000000
0.000000
0.000000
0.000000
0.000000
0.000000
0.000000
0.000000
0.000000
0.000000
0.000000
0.000000
0.000000
0.000000
0.000000
0.000000
0.000000
0.000000
0.000000
0.000000
0.000000
0.000000
0.000000
0.000000
0.000000
0.000000
0.000000
0.000000
0.000000
0.000000
0.000000
0.000000
0.000000
0.000000
0.000000
0.000000
0.000000
0.000000
0.000000
0.000000
0.000000
0.000000
0.000000
0.000000
0.000000
0.000000
0.000000
0.000000
0.000000
0.000000
0.000000
0.000000
0.000000
0.000000
0.000000
0.000000
0.000000
0.000000
0.000000
0.000000
0.000000
0.000000
0.000000
0.000000
0.000000
0.000000
0.000000
0.000000
0.000000
0.000000
0.000000
0.000000
0.000000
0.000000
0.000000
0.000000
0.000000
0.000000
0.000000
0.000000
0.000000
0.000000
0.000000
0.000000
0.000000
0.000000
0.000000
0.000000
0.000000
0.000000
2354675.000000
915226.000000
1449462.000000
1447262.000000
1414606.000000
1534164.000000
542006.000000
1374292.000000
1378918.000000
988138.000000
1421172.000000
401014.000000
1551052.000000
723160.000000
1313504.000000
404584.000000
1629857.000000
1581266.000000
113918.000000
1706347.000000
580828.000000
1584848.000000
1304490.000000
1022860.000000
1472838.000000
1673318.000000
1438997.000000
1187891.000000
1455163.000000
1211778.000000
1515555.000000
1486515.000000
1454979.000000
1452127.000000
963445.000000
341512.000000
1567116.000000
692455.000000
1004996.000000
1160692.000000
1037103.000000
1510021.000000
907292.000000
1241440.000000
1108092.000000
1627277.000000
1431673.000000
781038.000000
1298285.000000
1436814.000000
1479092.000000
1275485.000000
1357988.000000
1543173.000000
1305470.000000
1524713.000000
1533795.000000
1433062.000000
1293608.000000
1443985.000000
223229.000000
1413737.000000
1177723.000000
1257108.000000
1478695.000000
1652644.000000
1307927.000000
982607.000000
1374748.000000
1666074.000000
1485653.000000
1316014.000000
1547436.000000
893436.000000
588226.000000
1601822.000000
396430.000000
1361472.000000
1482215.000000
1523634.000000
1491648.000000
823981.000000
1519903.000000
1587050.000000
1189920.000000
1267099.000000
130709.000000
1340897.000000
1358980.000000
1523111.000000
1382467.000000
1470618.000000
1516198.000000
1583224.000000
1308419.000000
1402583.000000
1411680.000000
1466413.000000
336171.000000
1384496.000000
1320823.000000
1276937.000000
824074.000000
1400007.000000
1608838.000000
1531189.000000
1406189.000000
970795.000000
1224239.000000
1377538.000000
1070202.000000
1254908.000000
1557418.000000
1333468.000000
1549194.000000
1480873.000000
1415941.000000
899071.000000
1459536.000000
1000529.000000
1536154.000000
1437582.000000
1343303.000000
493957.000000
1324503.000000
1052407.000000
1456241.000000
1594118.000000
919224.000000
1412593.000000
1620021.000000
1604346.000000
1465527.000000
1574699.000000
727411.000000
1582451.000000
1331776.000000
1251545.000000
1004487.000000
1373434.000000
1414054.000000
1494759.000000
1156702.000000
1488183.000000
1682602.000000
566522.000000
1412547.000000
1409255.000000
1472541.000000
1389453.000000
1622854.000000
1469074.000000
1369931.000000
1521348.000000
1398416.000000
1202035.000000
1379799.000000
1185645.000000
1188893.000000
1403888.000000
256747.000000
1292010.000000
1409026.000000
560294.000000
1175190.000000
1262245.000000
850912.000000
1257705.000000
1425348.000000
800919.000000
1622093.000000
1541261.000000
1403902.000000
1393683.000000
1456151.000000
1594999.000000
1379376.000000
1480769.000000
142645.000000
1447443.000000
1476883.000000
1131383.000000
1291725.000000
1113563.000000
1606221.000000
1576701.000000
1495340.000000
1379927.000000
699592.000000
1680283.000000
1392993.000000
989181.000000
1333932.000000
1453528.000000
1240261.000000
1570595.000000
1380532.000000
637104.000000
328150.000000
1253802.000000
615543.000000
1504226.000000
832961.000000
1608378.000000
1557656.000000
768407.000000
1672315.000000
1536913.000000
1560086.000000
1368673.000000
1198223.000000
1303337.000000
1510345.000000
1073228.000000
1561439.000000
1564959.000000
1470221.000000
1170017.000000
1165974.000000
1557166.000000
1546627.000000
1218575.000000
1273430.000000
1199025.000000
1466914.000000
1468028.000000
643068.000000
1547537.000000
1365019.000000
507326.000000
1506898.000000
1349115.000000
1516184.000000
1537896.000000
696689.000000
1483320.000000
1391856.000000
1469669.000000
1536070.000000
1652891.000000
1395596.000000
1448432.000000
1340579.000000
927392.000000
1616263.000000
1229000.000000
1363780.000000
1387376.000000
1229708.000000
968801.000000
1312161.000000
985294.000000
1575650.000000
478747.000000
1399960.000000
1713054.000000
1591704.000000
1185238.000000
1089957.000000
1279595.000000
1332624.000000
1262696.000000
1250280.000000
1129619.000000
1473857.000000
1498994.000000
1281102.000000
473503.000000
1338566.000000
1424539.000000
1085771.000000
770086.000000
1524920.000000
1375968.000000
1227706.000000
146335.000000
1371849.000000
1272015.000000
1614711.000000
1464098.000000
170821.000000
1089202.000000
1071793.000000
1404887.000000
1628988.000000
1614733.000000
1447262.000000
898933.000000
1327506.000000
1325214.000000
1281726.000000
1330930.000000
270031.000000
1454622.000000
1563211.000000
1332479.000000
117006.000000
1278167.000000
1342275.000000
1565087.000000
980071.000000
1540904.000000
1502340.000000
1443605.000000
1543379.000000
599128.000000
910776.000000
1315543.000000
1339120.000000
1347617.000000
978928.000000
1462427.000000
1433295.000000
1401060.000000
1615927.000000
564723.000000
1620478.000000
1546169.000000
1525844.000000
1563749.000000
654199.000000
377203.000000
1003802.000000
1080684.000000
1273567.000000
1202304.000000
1064705.000000
1473674.000000
1423737.000000
1021516.000000
1580395.000000
621983.000000
1547067.000000
1614334.000000
933922.000000
175868.000000
1456266.000000
1451715.000000
1504386.000000
1047727.000000
1421719.000000
1593455.000000
1504244.000000
1349562.000000
537207.000000
1374786.000000
1646420.000000
1115078.000000
993685.000000
927818.000000
1635595.000000
1104250.000000
1476200.000000
1655864.000000
1297379.000000
1547280.000000
1657658.000000
1335413.000000
1088803.000000
1597893.000000
1495980.000000
1085454.000000
582444.000000
1497283.000000
1108929.000000
925930.000000
1307469.000000
1206778.000000
980855.000000
1354770.000000
1606221.000000
1518652.000000
1298471.000000
1286866.000000
1465061.000000
1265423.000000
1173592.000000
1404559.000000
809526.000000
1096757.000000
1281625.000000
95391.000000
1201757.000000
1399935.000000
990464.000000
468316.000000
1779531.000000
1524045.000000
1534285.000000
1392646.000000
1469047.000000
1179765.000000
1178772.000000
1527270.000000
1048336.000000
1516515.000000
1500937.000000
1700854.000000
1578706.000000
1481483.000000
118736.000000
1141682.000000
1230830.000000
1312827.000000
1519249.000000
444185.000000
934201.000000
145928.000000
1417308.000000
549198.000000
1627087.000000
1510083.000000
1046952.000000
1524045.000000
1645880.000000
1451986.000000
1518154.000000
1066358.000000
1468283.000000
1304035.000000
1432973.000000
1011522.000000
1266527.000000
1575821.000000
1476449.000000
1550462.000000
1559163.000000
1824056.000000
1360589.000000
1545464.000000
1380735.000000
1164797.000000
1260850.000000
1452759.000000
1458542.000000
1634914.000000
1551680.000000
1586253.000000
210527.000000
700502.000000
1200695.000000
1388986.000000
1517053.000000
1479330.000000
552306.000000
1440151.000000
1397685.000000
1424117.000000
1527766.000000
1341126.000000
1260879.000000
1527529.000000
1132237.000000
1483016.000000
1019263.000000
1640145.000000
1121060.000000
1496814.000000
1524987.000000
1372755.000000
1044416.000000
1428275.000000
458067.000000
1476074.000000
1544036.000000
1296017.000000
1429649.000000
1523647.000000
411371.000000
1343542.000000
736776.000000
1427476.000000
1508643.000000
1558602.000000
1461962.000000
1545077.000000
1332860.000000
1209043.000000
1389886.000000
1639426.000000
1523104.000000
1538841.000000
1517035.000000
970436.000000
1422542.000000
873531.000000
1479453.000000
1518343.000000
571224.000000
877972.000000
1193542.000000
1621563.000000
1662641.000000
1416365.000000
1559472.000000
608560.000000
1383084.000000
1466975.000000
1345862.000000
1443302.000000
1387756.000000
1553785.000000
1362840.000000
567064.000000
1476200.000000
1606221.000000
1400991.000000
1453050.000000
1433294.000000
1345807.000000
1596043.000000
376360.000000
1563232.000000
1395683.000000
1085947.000000
1293765.000000
1411680.000000
1451448.000000
975259.000000
1470786.000000
1370025.000000
1529803.000000
1788078.000000
1399630.000000
1507158.000000
1321070.000000
1309359.000000
1414738.000000
524405.000000
1021233.000000
1568614.000000
1621693.000000
1428696.000000
1635651.000000
1619997.000000
1517477.000000
1518496.000000
1530950.000000
1447957.000000
653648.000000
1501797.000000
122251.000000
432070.000000
1090666.000000
1602908.000000
1623134.000000
1599434.000000
1361287.000000
162011.000000
1372163.000000
1460344.000000
1393109.000000
1164283.000000
1259590.000000
1402215.000000
1469283.000000
1423681.000000
1581953.000000
1571385.000000
1331907.000000
462701.000000
1273608.000000
1280312.000000
1182133.000000
1478806.000000
1173613.000000
1336517.000000
564023.000000
1299428.000000
1217953.000000
1453911.000000
1182483.000000
278304.000000
1540446.000000
1172493.000000
1404508.000000
1272536.000000
