0.000000
0.000000
0.000000
0.000000
0.000000
0.000000
0.000000
0.000000
0.000000
0.000000
0.000000
0.000000
0.000000
0.000000
0.000000
0.000000
0.000000
0.000000
0.000000
0.000000
0.000000
0.000000
0.000000
0.000000
0.000000
0.000000
0.000000
0.000000
0.000000
0.000000
0.000000
0.000000
0.000000
0.000000
0.000000
0.000000
0.000000
0.000000
0.000000
0.000000
0.000000
0.000000
0.000000
0.000000
0.000000
0.000000
0.000000
0.000000
0.000000
0.000000
0.000000
0.000000
0.000000
0.000000
0.000000
0.000000
0.000000
0.000000
0.000000
0.000000
0.000000
0.000000
0.000000
0.000000
0.000000
0.000000
0.000000
0.000000
0.000000
0.000000
0.000000
0.000000
0.000000
0.000000
0.000000
0.000000
0.000000
0.000000
0.000000
0.000000
0.000000
0.000000
0.000000
0.000000
0.000000
0.000000
0.000000
0.000000
0.000000
0.000000
0.000000
0.000000
0.000000
0.000000
0.000000
0.000000
0.000000
0.000000
0.000000
0.000000
0.000000
0.000000
0.000000
0.000000
0.000000
0.000000
0.000000
0.000000
0.000000
0.000000
0.000000
0.000000
0.000000
0.000000
0.000000
0.000000
0.000000
0.000000
0.000000
0.000000
0.000000
0.000000
0.000000
0.000000
0.000000
0.000000
0.000000
0.000000
0.000000
0.000000
0.000000
0.000000
0.000000
0.000000
0.000000
0.000000
0.000000
0.000000
0.000000
0.000000
0.000000
0.000000
0.000000
0.000000
0.000000
0.000000
0.000000
0.000000
0.000000
0.000000
0.000000
0.000000
0.000000
0.000000
0.000000
0.000000
0.000000
0.000000
0.000000
0.000000
0.000000
0.000000
0.000000
0.000000
0.000000
0.000000
0.000000
0.000000
0.000000
0.000000
0.000000
0.000000
0.000000
0.000000
0.000000
0.000000
0.000000
0.000000
0.000000
0.000000
0.000000
0.000000
0.000000
0.000000
0.000000
0.000000
0.000000
0.000000
0.000000
0.000000
0.000000
0.000000
0.000000
0.000000
0.000000
0.000000
0.000000
0.000000
0.000000
0.000000
0.000000
0.000000
0.000000
0.000000
0.000000
0.000000
0.000000
0.000000
0.000000
0.000000
0.000000
0.000000
0.000000
0.000000
0.000000
0.000000
0.000000
0.000000
0.000000
0.000000
0.000000
0.000000
0.000000
0.000000
0.000000
0.000000
0.000000
0.000000
0.000000
0.000000
0.000000
0.000000
0.000000
0.000000
0.000000
0.000000
0.000000
0.000000
0.000000
0.000000
0.000000
0.000000
0.000000
0.000000
0.000000
0.000000
0.000000
0.000000
0.000000
0.000000
0.000000
0.000000
0.000000
0.000000
0.000000
0.000000
0.000000
0.000000
0.000000
0.000000
0.000000
0.000000
0.000000
0.000000
0.000000
0.000000
0.000000
0.000000
0.000000
0.000000
0.000000
0.000000
0.000000
0.000000
0.000000
0.000000
0.000000
0.000000
0.000000
0.000000
0.000000
0.000000
0.000000
0.000000
0.000000
0.000000
0.000000
0.000000
0.000000
0.000000
0.000000
0.000000
0.000000
0.000000
0.000000
0.000000
0.000000
0.000000
0.000000
0.000000
0.000000
0.000000
0.000000
0.000000
0.000000
0.000000
0.000000
0.000000
0.000000
0.000000
0.000000
0.000000
0.000000
0.000000
0.000000
0.000000
0.000000
0.000000
0.000000
0.000000
0.000000
0.000000
0.000000
0.000000
0.000000
0.000000
0.000000
0.000000
0.000000
0.000000
0.000000
0.000000
0.000000
0.000000
0.000000
0.000000
0.000000
0.000000
0.000000
0.000000
0.000000
0.000000
0.000000
0.000000
0.000000
0.000000
0.000000
0.000000
0.000000
0.000000
0.000000
0.000000
0.000000
0.000000
0.000000
0.000000
0.000000
0.000000
0.000000
0.000000
0.000000
0.000000
0.000000
0.000000
0.000000
0.000000
0.000000
0.000000
0.000000
0.000000
0.000000
0.000000
0.000000
0.000000
0.000000
0.000000
0.000000
0.000000
0.000000
0.000000
0.000000
0.000000
0.000000
0.000000
0.000000
0.000000
0.000000
0.000000
0.000000
0.000000
0.000000
0.000000
0.000000
0.000000
0.000000
0.000000
0.000000
0.000000
0.000000
0.000000
0.000000
0.000000
0.000000
0.000000
0.000000
0.000000
0.000000
0.000000
0.000000
0.000000
0.000000
0.000000
13242255.000000
7253349.000000
6069012.000000
2699450.000000
4807589.000000
7004462.000000
2092589.000000
6658945.000000
563214.000000
6270680.000000
2157322.000000
3660475.000000
535138.000000
5912884.000000
5610369.000000
127600.000000
7460431.000000
590784.000000
6704137.000000
5106674.000000
1666829.000000
4761620.000000
6722263.000000
5864583.000000
6922462.000000
4156176.000000
2639446.000000
6318114.000000
4552065.000000
7543643.000000
4637214.000000
1251355.000000
425378.000000
7228822.000000
900631.000000
3162767.000000
5883429.000000
2452568.000000
4130401.000000
1462238.000000
3547480.000000
4647898.000000
7484731.000000
7287760.000000
1079791.000000
7391385.000000
6881735.000000
8496219.000000
2241045.000000
3708142.000000
6909976.000000
7003974.000000
5635583.000000
6637920.000000
3553186.000000
2678086.000000
5280540.000000
249943.000000
7846947.000000
3544310.000000
3240645.000000
7138911.000000
5474572.000000
6152828.000000
1668612.000000
4496626.000000
5393299.000000
8383338.000000
6563492.000000
6135220.000000
1216562.000000
702267.000000
8214145.000000
604138.000000
2506514.000000
4165724.000000
7665850.000000
7154420.000000
1007248.000000
7439894.000000
7076394.000000
3761626.000000
4006238.000000
126624.000000
5832209.000000
4628524.000000
5381801.000000
7486439.000000
7278623.000000
6215983.000000
7592052.000000
3385370.000000
6261472.000000
7544149.000000
6618494.000000
470753.000000
8880369.000000
5238316.000000
4895674.000000
1251501.000000
4288301.000000
7118075.000000
6940250.000000
3728388.000000
1888099.000000
6411878.000000
6809801.000000
2487882.000000
8351722.000000
5599935.000000
5140687.000000
6926761.000000
6330798.000000
8391870.000000
1150990.000000
3918048.000000
1938958.000000
5041619.000000
5399755.000000
4229813.000000
897300.000000
5161509.000000
3687842.000000
7792583.000000
7121903.000000
5350806.000000
5877959.000000
8032528.000000
6495523.000000
7311302.000000
5843193.000000
990529.000000
4209621.000000
4505770.000000
4378405.000000
1544987.000000
5224427.000000
6468732.000000
8070673.000000
2307193.000000
9120552.000000
7636334.000000
1324215.000000
6460739.000000
7338173.000000
8064183.000000
4835791.000000
5132934.000000
4663715.000000
3375505.000000
7974270.000000
7498667.000000
4492266.000000
7959539.000000
6155533.000000
3836011.000000
6948435.000000
253588.000000
2355472.000000
7876626.000000
532971.000000
2253451.000000
2789452.000000
4491348.000000
4050077.000000
5449374.000000
1435048.000000
4784667.000000
6033009.000000
4783459.000000
6815392.000000
7781957.000000
5509723.000000
4430124.000000
3535471.000000
147241.000000
8114417.000000
4925868.000000
2828063.000000
7015746.000000
5641499.000000
8629583.000000
4876600.000000
5981964.000000
5323916.000000
3500324.000000
5884257.000000
3221534.000000
3901838.000000
3837088.000000
4871764.000000
4580249.000000
4572624.000000
6769539.000000
1089710.000000
399752.000000
4523368.000000
610226.000000
7967120.000000
2709837.000000
4913623.000000
8757858.000000
1576893.000000
7178005.000000
8568060.000000
6085409.000000
9185896.000000
3975574.000000
4412998.000000
4862440.000000
6626216.000000
8448944.000000
8453069.000000
7487669.000000
1835232.000000
2542979.000000
8050905.000000
8082229.000000
5203264.000000
2884152.000000
4672661.000000
4102662.000000
4563568.000000
826192.000000
3269727.000000
7748345.000000
499632.000000
6930518.000000
5230942.000000
4255257.000000
7506819.000000
1575725.000000
3801640.000000
3608256.000000
8328510.000000
5306757.000000
8348142.000000
7436197.000000
6105596.000000
7191605.000000
1224378.000000
7434225.000000
4820775.000000
8013997.000000
7259256.000000
5332043.000000
1431637.000000
3776116.000000
1230950.000000
7479231.000000
488320.000000
7661984.000000
4491176.000000
4497892.000000
5931460.000000
1375559.000000
6573297.000000
6498771.000000
5808103.000000
3797628.000000
6012077.000000
5733301.000000
5256844.000000
2729728.000000
457307.000000
7792941.000000
6172728.000000
2031585.000000
1136348.000000
7523131.000000
5085228.000000
4864859.000000
198528.000000
3051244.000000
4058045.000000
7595063.000000
8684700.000000
198920.000000
1393198.000000
1869134.000000
5336867.000000
6423235.000000
8004087.000000
12016367.000000
1236980.000000
7800096.000000
3372174.000000
8265433.000000
6632719.000000
347918.000000
4742627.000000
6772298.000000
5403824.000000
107758.000000
6724343.000000
2844590.000000
7890091.000000
1345195.000000
3668846.000000
8011597.000000
3390392.000000
6118265.000000
680795.000000
1272284.000000
2948075.000000
6976332.000000
7515434.000000
2303860.000000
8085171.000000
6324417.000000
4730407.000000
7763350.000000
531245.000000
8178173.000000
7533707.000000
8460531.000000
4958160.000000
973038.000000
861916.000000
1939542.000000
1823090.000000
2579450.000000
6501138.000000
2747766.000000
4411981.000000
7997700.000000
1882511.000000
6469825.000000
657015.000000
8635317.000000
7285640.000000
2753154.000000
184678.000000
7719251.000000
6567644.000000
6624817.000000
1403167.000000
5788693.000000
4850096.000000
4448186.000000
4917526.000000
524949.000000
8687956.000000
5727420.000000
2899541.000000
1457784.000000
1216366.000000
5526232.000000
6095260.000000
7729782.000000
7843412.000000
6775276.000000
5029094.000000
6985868.000000
4554211.000000
2027257.000000
7937272.000000
3558418.000000
3364990.000000
982841.000000
4274384.000000
7127129.000000
1491157.000000
5243032.000000
3962268.000000
1576668.000000
3574457.000000
8629583.000000
3709040.000000
5676378.000000
5478341.000000
7375492.000000
6193343.000000
7324121.000000
7191724.000000
1907306.000000
5977191.000000
4332767.000000
108383.000000
5873203.000000
6681704.000000
1704980.000000
559351.000000
7621295.000000
8142614.000000
7002629.000000
2581782.000000
8115756.000000
3666287.000000
3325346.000000
5085783.000000
2200461.000000
5467429.000000
5005254.000000
8143793.000000
7786679.000000
5444702.000000
136181.000000
5577926.000000
3414539.000000
6209580.000000
6464798.000000
598894.000000
2353460.000000
123672.000000
4581516.000000
598379.000000
8434650.000000
5624476.000000
1674634.000000
8657597.000000
8586049.000000
4796332.000000
6013105.000000
2960608.000000
8305250.000000
7248433.000000
3502891.000000
3285963.000000
4782467.000000
4261728.000000
7730540.000000
8333817.000000
7556122.000000
7467291.000000
3924897.000000
7980787.000000
7677092.000000
1645360.000000
3838778.000000
7308247.000000
6136294.000000
6772551.000000
6803574.000000
5298685.000000
202494.000000
744263.000000
1913697.000000
4515550.000000
8825457.000000
6638935.000000
556840.000000
7840059.000000
5767709.000000
7894662.000000
3635756.000000
3891475.000000
4463991.000000
4319188.000000
3964934.000000
4952789.000000
2112531.000000
7736211.000000
5975613.000000
9009753.000000
2907495.000000
5327766.000000
1839022.000000
3862556.000000
624793.000000
6507171.000000
7889132.000000
5397954.000000
8561076.000000
6524604.000000
517209.000000
6784016.000000
882002.000000
6820822.000000
5322782.000000
6701639.000000
8545995.000000
6253609.000000
3578442.000000
4673659.000000
3912265.000000
7003923.000000
7794099.000000
6842983.000000
6816851.000000
5870147.000000
5622110.000000
1120452.000000
7922967.000000
4048063.000000
970938.000000
1689461.000000
2379730.000000
6145535.000000
6912133.000000
7671597.000000
5811693.000000
1513676.000000
6902837.000000
5955832.000000
5373126.000000
5640206.000000
2513972.000000
5716607.000000
8081104.000000
1154223.000000
7269623.000000
8629583.000000
5877358.000000
5878898.000000
6467792.000000
8354954.000000
7990256.000000
461408.000000
7431027.000000
7820799.000000
4407886.000000
5318251.000000
6861056.000000
7634991.000000
2644856.000000
8161361.000000
4364587.000000
8443668.000000
7861771.000000
7131804.000000
7067496.000000
7142016.000000
2940952.000000
4765474.000000
611578.000000
2651977.000000
8216340.000000
6559134.000000
7718746.000000
6619633.000000
6711085.000000
7526530.000000
7576027.000000
5990361.000000
5136562.000000
676528.000000
7287762.000000
112886.000000
447191.000000
7359451.000000
4553413.000000
6897437.000000
6993940.000000
6173169.000000
178963.000000
3706717.000000
7827071.000000
3465527.000000
2685408.000000
3430567.000000
6341093.000000
6370712.000000
8406117.000000
6439335.000000
4756310.000000
2954289.000000
492833.000000
3033372.000000
3269623.000000
6874929.000000
7047949.000000
2744554.000000
5805076.000000
555127.000000
6209989.000000
3184218.000000
7982804.000000
2406042.000000
385358.000000
5667518.000000
3211628.000000
5192468.000000
2136479.000000
