0.000000
0.000000
0.000000
0.000000
0.000000
0.000000
0.000000
0.000000
0.000000
0.000000
0.000000
0.000000
0.000000
0.000000
0.000000
0.000000
0.000000
0.000000
0.000000
0.000000
0.000000
0.000000
0.000000
0.000000
0.000000
0.000000
0.000000
0.000000
0.000000
0.000000
0.000000
0.000000
0.000000
0.000000
0.000000
0.000000
0.000000
0.000000
0.000000
0.000000
0.000000
0.000000
0.000000
0.000000
0.000000
0.000000
0.000000
0.000000
0.000000
0.000000
0.000000
0.000000
0.000000
0.000000
0.000000
0.000000
0.000000
0.000000
0.000000
0.000000
0.000000
0.000000
0.000000
0.000000
0.000000
0.000000
0.000000
0.000000
0.000000
0.000000
0.000000
0.000000
0.000000
0.000000
0.000000
0.000000
0.000000
0.000000
0.000000
0.000000
0.000000
0.000000
0.000000
0.000000
0.000000
0.000000
0.000000
0.000000
0.000000
0.000000
0.000000
0.000000
0.000000
0.000000
0.000000
0.000000
0.000000
0.000000
0.000000
0.000000
0.000000
0.000000
0.000000
0.000000
0.000000
0.000000
0.000000
0.000000
0.000000
0.000000
0.000000
0.000000
0.000000
0.000000
0.000000
0.000000
0.000000
0.000000
0.000000
0.000000
0.000000
0.000000
0.000000
0.000000
0.000000
0.000000
0.000000
0.000000
0.000000
0.000000
0.000000
0.000000
0.000000
0.000000
0.000000
0.000000
0.000000
0.000000
0.000000
0.000000
0.000000
0.000000
0.000000
0.000000
0.000000
0.000000
0.000000
0.000000
0.000000
0.000000
0.000000
0.000000
0.000000
0.000000
0.000000
0.000000
0.000000
0.000000
0.000000
0.000000
0.000000
0.000000
0.000000
0.000000
0.000000
0.000000
0.000000
0.000000
0.000000
0.000000
0.000000
0.000000
0.000000
0.000000
0.000000
0.000000
0.000000
0.000000
0.000000
0.000000
0.000000
0.000000
0.000000
0.000000
0.000000
0.000000
0.000000
0.000000
0.000000
0.000000
0.000000
0.000000
0.000000
0.000000
0.000000
0.000000
0.000000
0.000000
0.000000
0.000000
0.000000
0.000000
0.000000
0.000000
0.000000
0.000000
0.000000
0.000000
0.000000
0.000000
0.000000
0.000000
0.000000
0.000000
0.000000
0.000000
0.000000
0.000000
0.000000
0.000000
0.000000
0.000000
0.000000
0.000000
0.000000
0.000000
0.000000
0.000000
0.000000
0.000000
0.000000
0.000000
0.000000
0.000000
0.000000
0.000000
0.000000
0.000000
0.000000
0.000000
0.000000
0.000000
0.000000
0.000000
0.000000
0.000000
0.000000
0.000000
0.000000
0.000000
0.000000
0.000000
0.000000
0.000000
0.000000
0.000000
0.000000
0.000000
0.000000
0.000000
0.000000
0.000000
0.000000
0.000000
0.000000
0.000000
0.000000
0.000000
0.000000
0.000000
0.000000
0.000000
0.000000
0.000000
0.000000
0.000000
0.000000
0.000000
0.000000
0.000000
0.000000
0.000000
0.000000
0.000000
0.000000
0.000000
0.000000
0.000000
0.000000
0.000000
0.000000
0.000000
0.000000
0.000000
0.000000
0.000000
0.000000
0.000000
0.000000
0.000000
0.000000
0.000000
0.000000
0.000000
0.000000
0.000000
0.000000
0.000000
0.000000
0.000000
0.000000
0.000000
0.000000
0.000000
0.000000
0.000000
0.000000
0.000000
0.000000
0.000000
0.000000
0.000000
0.000000
0.000000
0.000000
0.000000
0.000000
0.000000
0.000000
0.000000
0.000000
0.000000
0.000000
0.000000
0.000000
0.000000
0.000000
0.000000
0.000000
0.000000
0.000000
0.000000
0.000000
0.000000
0.000000
0.000000
0.000000
0.000000
0.000000
0.000000
0.000000
0.000000
0.000000
0.000000
0.000000
0.000000
0.000000
0.000000
0.000000
0.000000
0.000000
0.000000
0.000000
0.000000
0.000000
0.000000
0.000000
0.000000
0.000000
0.000000
0.000000
0.000000
0.000000
0.000000
0.000000
0.000000
0.000000
0.000000
0.000000
0.000000
0.000000
0.000000
0.000000
0.000000
0.000000
0.000000
0.000000
0.000000
0.000000
0.000000
0.000000
0.000000
0.000000
0.000000
0.000000
0.000000
0.000000
0.000000
0.000000
0.000000
0.000000
0.000000
0.000000
0.000000
0.000000
0.000000
0.000000
0.000000
0.000000
0.000000
0.000000
0.000000
0.000000
221817450.000000
10452679.000000
3758159.000000
5888548.000000
17610133.000000
2106088.000000
11113036.000000
512257.000000
11606292.000000
2032787.000000
4179591.000000
500533.000000
8175477.000000
8930739.000000
94151.000000
18223242.000000
668652.000000
16179353.000000
6493167.000000
1897511.000000
5530093.000000
11815146.000000
8257755.000000
10170194.000000
3983296.000000
2588750.000000
7936125.000000
4583260.000000
17009660.000000
7001610.000000
1595203.000000
351098.000000
22366037.000000
936587.000000
3202131.000000
8801831.000000
2815321.000000
5243024.000000
1495116.000000
3363997.000000
6077759.000000
30690785.000000
22293978.000000
1042925.000000
14834181.000000
14586627.000000
22660859.000000
2142963.000000
4175520.000000
13641590.000000
13230993.000000
9581466.000000
11272005.000000
3945623.000000
2954993.000000
7753356.000000
241751.000000
41323709.000000
3200734.000000
3149188.000000
13829194.000000
8647320.000000
9923270.000000
1533095.000000
4963853.000000
6063949.000000
56809011.000000
8877593.000000
8658357.000000
1458056.000000
824371.000000
48733270.000000
580500.000000
2618683.000000
5280946.000000
35393449.000000
18760037.000000
1025063.000000
16093120.000000
84359478.000000
3956344.000000
4515792.000000
154947.000000
7765264.000000
5091197.000000
6979753.000000
20173866.000000
13594636.000000
9142715.000000
48689763.000000
3205925.000000
9620333.000000
12621731.000000
9008392.000000
466755.000000
21041713.000000
6991374.000000
6044353.000000
1249067.000000
5675682.000000
42677598.000000
14969803.000000
4692358.000000
1623086.000000
9323480.000000
10614694.000000
2351202.000000
19704990.000000
9353675.000000
6898164.000000
9539564.000000
9575025.000000
42936659.000000
1228162.000000
4870113.000000
1583777.000000
7184254.000000
6802240.000000
5256076.000000
980148.000000
5838559.000000
4258744.000000
14958653.000000
13014404.000000
8906064.000000
8608995.000000
60383796.000000
11899742.000000
15396310.000000
9914821.000000
890803.000000
5993439.000000
5497094.000000
4414933.000000
1443210.000000
6301784.000000
10528155.000000
24937164.000000
2633726.000000
57982278.000000
87402584.000000
1230730.000000
24820650.000000
39885199.000000
16138368.000000
7074748.000000
7644095.000000
6253211.000000
4292613.000000
21314283.000000
15058019.000000
5518225.000000
23120674.000000
8716595.000000
4148181.000000
15138141.000000
299166.000000
2695719.000000
30362196.000000
544140.000000
2346560.000000
3528832.000000
5170368.000000
4309795.000000
8152282.000000
1684732.000000
7134294.000000
9757396.000000
7337962.000000
11674333.000000
18572396.000000
8948458.000000
5109225.000000
4136607.000000
171233.000000
18700845.000000
6131398.000000
2965807.000000
26025764.000000
7002562.000000
34913179.000000
7569338.000000
8424805.000000
8557519.000000
4501954.000000
9912674.000000
3842107.000000
4634010.000000
4792799.000000
5200905.000000
6462245.000000
5873910.000000
20979175.000000
1066943.000000
451850.000000
5300822.000000
637564.000000
18285485.000000
2887320.000000
7204903.000000
22058336.000000
1259799.000000
78631690.000000
29798001.000000
10862359.000000
34743535.000000
5514521.000000
5207886.000000
7385991.000000
10141998.000000
73883496.000000
17486225.000000
44350171.000000
2107915.000000
2566566.000000
31556660.000000
50141924.000000
6922465.000000
2878105.000000
6001970.000000
5692053.000000
5555579.000000
865460.000000
3969732.000000
20145333.000000
566892.000000
33898430.000000
6967330.000000
5578470.000000
20675077.000000
2075612.000000
4136916.000000
4172700.000000
24812259.000000
7930908.000000
33887416.000000
27969906.000000
9520217.000000
32310192.000000
1694466.000000
30244548.000000
5742764.000000
126133310.000000
18416970.000000
5989689.000000
1321287.000000
3988589.000000
1315906.000000
63987901.000000
580625.000000
25100326.000000
6308569.000000
5750883.000000
8561667.000000
1406777.000000
11390568.000000
45331187.000000
7957343.000000
4463810.000000
8179408.000000
9491306.000000
7670099.000000
2686186.000000
422214.000000
113343685.000000
9973251.000000
2052288.000000
1068935.000000
94929245.000000
7229362.000000
5808475.000000
192184.000000
3449450.000000
4004394.000000
49471899.000000
19228597.000000
230912.000000
1511503.000000
1814748.000000
7109794.000000
11639113.000000
32006425.000000
8343129.000000
1322462.000000
20552966.000000
3883261.000000
28523072.000000
11733774.000000
348062.000000
6216572.000000
15682370.000000
7284817.000000
116261.000000
11966946.000000
2885988.000000
32813272.000000
1439555.000000
4744411.000000
129841028.000000
4010112.000000
10271103.000000
739817.000000
1364867.000000
3139749.000000
64495721.000000
65653339.000000
2145933.000000
97392674.000000
12228884.000000
5528802.000000
37309729.000000
608984.000000
134328819.000000
11296735.000000
46102166.000000
6181547.000000
969615.000000
916660.000000
1863309.000000
1885578.000000
2948959.000000
10972783.000000
2887683.000000
5770822.000000
143026313.000000
2275725.000000
10005057.000000
630908.000000
23461916.000000
21718649.000000
2754796.000000
223328.000000
19361902.000000
10994401.000000
9756954.000000
1626019.000000
7806196.000000
5405069.000000
6113124.000000
5737936.000000
550992.000000
92487424.000000
7040204.000000
2873749.000000
1591461.000000
1320411.000000
8256080.000000
8147158.000000
24287195.000000
17015020.000000
12885564.000000
7101880.000000
17358258.000000
5635595.000000
1598893.000000
24969229.000000
4231665.000000
4020110.000000
1009950.000000
5683155.000000
14894714.000000
1271951.000000
6535766.000000
4216332.000000
1634944.000000
3832826.000000
70902502.000000
4830634.000000
9023448.000000
7100882.000000
22151047.000000
8515553.000000
14580393.000000
12234603.000000
2143468.000000
8830806.000000
5555281.000000
111900.000000
10162508.000000
10358613.000000
1824099.000000
555714.000000
21272460.000000
24953643.000000
14039883.000000
3053689.000000
21102822.000000
4030248.000000
3138691.000000
8145327.000000
2102242.000000
8637680.000000
7591870.000000
52358992.000000
23617148.000000
7529444.000000
124789.000000
9027556.000000
3604363.000000
9095328.000000
14290425.000000
567784.000000
2407817.000000
145836.000000
4695888.000000
611340.000000
33414546.000000
9393172.000000
2317239.000000
44101120.000000
73109285.000000
4995811.000000
8421880.000000
3048222.000000
19573135.000000
11261369.000000
3894675.000000
3698424.000000
5967382.000000
5629338.000000
14431227.000000
22137321.000000
20381604.000000
14637306.000000
4061843.000000
35815101.000000
19162138.000000
1830830.000000
3488280.000000
13173345.000000
10682042.000000
12728336.000000
32462850.000000
6246342.000000
230724.000000
793045.000000
1912809.000000
6663037.000000
62279260.000000
11497977.000000
658629.000000
25672449.000000
13946448.000000
42471052.000000
3730905.000000
3846762.000000
4898028.000000
5130764.000000
4786104.000000
7412296.000000
2005738.000000
20461382.000000
8893090.000000
35282461.000000
3579633.000000
7767473.000000
1672313.000000
4296634.000000
630342.000000
8517376.000000
25152151.000000
6378932.000000
22867725.000000
9758755.000000
522843.000000
10799719.000000
922282.000000
11215848.000000
8136555.000000
12732971.000000
135567695.000000
10399920.000000
4531088.000000
5068123.000000
4445969.000000
21920802.000000
132924862.000000
16480743.000000
14314730.000000
7220527.000000
7612992.000000
1166791.000000
40061654.000000
4152691.000000
1033942.000000
1666339.000000
2276648.000000
10540487.000000
23048265.000000
32958463.000000
8782026.000000
2031745.000000
62308775.000000
9511703.000000
8738034.000000
8935522.000000
2739981.000000
7598063.000000
51503677.000000
1129289.000000
73152910.000000
49814002.000000
8622356.000000
9093927.000000
15700684.000000
73663212.000000
19143617.000000
467326.000000
15574820.000000
20579778.000000
5436868.000000
6105816.000000
11169212.000000
28196404.000000
2843199.000000
68392928.000000
5199626.000000
33933652.000000
87572316.000000
16740104.000000
10291381.000000
19044820.000000
2766289.000000
7089456.000000
636722.000000
2653653.000000
129036079.000000
37302030.000000
23611082.000000
15568157.000000
27717475.000000
140782801.000000
45149316.000000
9131634.000000
7159350.000000
788010.000000
21464474.000000
135790.000000
519489.000000
13799169.000000
4819675.000000
12647172.000000
23625817.000000
8563222.000000
159409.000000
4398676.000000
29450610.000000
4097907.000000
2442144.000000
3287131.000000
10318513.000000
11165310.000000
19720035.000000
11750535.000000
7041096.000000
3482379.000000
555147.000000
2774881.000000
3979124.000000
10962644.000000
15443489.000000
2584670.000000
10156146.000000
490663.000000
9961761.000000
3349571.000000
108966598.000000
2765552.000000
401106.000000
10024179.000000
3597755.000000
6253910.000000
2367180.000000
