0.000000
0.000000
0.000000
0.000000
0.000000
0.000000
0.000000
0.000000
0.000000
0.000000
0.000000
0.000000
0.000000
0.000000
0.000000
0.000000
0.000000
0.000000
0.000000
0.000000
0.000000
0.000000
0.000000
0.000000
0.000000
0.000000
0.000000
0.000000
0.000000
0.000000
0.000000
0.000000
0.000000
0.000000
0.000000
0.000000
0.000000
0.000000
0.000000
0.000000
0.000000
0.000000
0.000000
0.000000
0.000000
0.000000
0.000000
0.000000
0.000000
0.000000
0.000000
0.000000
0.000000
0.000000
0.000000
0.000000
0.000000
0.000000
0.000000
0.000000
0.000000
0.000000
0.000000
0.000000
0.000000
0.000000
0.000000
0.000000
0.000000
0.000000
0.000000
0.000000
0.000000
0.000000
0.000000
0.000000
0.000000
0.000000
0.000000
0.000000
0.000000
0.000000
0.000000
0.000000
0.000000
0.000000
0.000000
0.000000
0.000000
0.000000
0.000000
0.000000
0.000000
0.000000
0.000000
0.000000
0.000000
0.000000
0.000000
0.000000
0.000000
0.000000
0.000000
0.000000
0.000000
0.000000
0.000000
0.000000
0.000000
0.000000
0.000000
0.000000
0.000000
0.000000
0.000000
0.000000
0.000000
0.000000
0.000000
0.000000
0.000000
0.000000
0.000000
0.000000
0.000000
0.000000
0.000000
0.000000
0.000000
0.000000
0.000000
0.000000
0.000000
0.000000
0.000000
0.000000
0.000000
0.000000
0.000000
0.000000
0.000000
0.000000
0.000000
0.000000
0.000000
0.000000
0.000000
0.000000
0.000000
0.000000
0.000000
0.000000
0.000000
0.000000
0.000000
0.000000
0.000000
0.000000
0.000000
0.000000
0.000000
0.000000
0.000000
0.000000
0.000000
0.000000
0.000000
0.000000
0.000000
0.000000
0.000000
0.000000
0.000000
0.000000
0.000000
0.000000
0.000000
0.000000
0.000000
0.000000
0.000000
0.000000
0.000000
0.000000
0.000000
0.000000
0.000000
0.000000
0.000000
0.000000
0.000000
0.000000
0.000000
0.000000
0.000000
0.000000
0.000000
0.000000
0.000000
0.000000
0.000000
0.000000
0.000000
0.000000
0.000000
0.000000
0.000000
0.000000
0.000000
0.000000
0.000000
0.000000
0.000000
0.000000
0.000000
0.000000
0.000000
0.000000
0.000000
0.000000
0.000000
0.000000
0.000000
0.000000
0.000000
0.000000
0.000000
0.000000
0.000000
0.000000
0.000000
0.000000
0.000000
0.000000
0.000000
0.000000
0.000000
0.000000
0.000000
0.000000
0.000000
0.000000
0.000000
0.000000
0.000000
0.000000
0.000000
0.000000
0.000000
0.000000
0.000000
0.000000
0.000000
0.000000
0.000000
0.000000
0.000000
0.000000
0.000000
0.000000
0.000000
0.000000
0.000000
0.000000
0.000000
0.000000
0.000000
0.000000
0.000000
0.000000
0.000000
0.000000
0.000000
0.000000
0.000000
0.000000
0.000000
0.000000
0.000000
0.000000
0.000000
0.000000
0.000000
0.000000
0.000000
0.000000
0.000000
0.000000
0.000000
0.000000
0.000000
0.000000
0.000000
0.000000
0.000000
0.000000
0.000000
0.000000
0.000000
0.000000
0.000000
0.000000
0.000000
0.000000
0.000000
0.000000
0.000000
0.000000
0.000000
0.000000
0.000000
0.000000
0.000000
0.000000
0.000000
0.000000
0.000000
0.000000
0.000000
0.000000
0.000000
0.000000
0.000000
0.000000
0.000000
0.000000
0.000000
0.000000
0.000000
0.000000
0.000000
0.000000
0.000000
0.000000
0.000000
0.000000
0.000000
0.000000
0.000000
0.000000
0.000000
0.000000
0.000000
0.000000
0.000000
0.000000
0.000000
0.000000
0.000000
0.000000
0.000000
0.000000
0.000000
0.000000
0.000000
0.000000
0.000000
0.000000
0.000000
0.000000
0.000000
0.000000
0.000000
0.000000
0.000000
0.000000
0.000000
0.000000
0.000000
0.000000
0.000000
0.000000
0.000000
0.000000
0.000000
0.000000
0.000000
0.000000
0.000000
0.000000
0.000000
0.000000
0.000000
0.000000
0.000000
0.000000
0.000000
0.000000
0.000000
0.000000
0.000000
0.000000
0.000000
0.000000
0.000000
0.000000
0.000000
0.000000
0.000000
0.000000
0.000000
0.000000
0.000000
0.000000
0.000000
0.000000
0.000000
0.000000
0.000000
0.000000
0.000000
0.000000
0.000000
0.000000
0.000000
0.000000
0.000000
30180375.000000
2521272.000000
10762569.000000
494171.000000
9423505.000000
1905433.000000
3970783.000000
512083.000000
8365966.000000
8535866.000000
133743.000000
13138336.000000
712430.000000
10964251.000000
5863389.000000
1716375.000000
5359335.000000
10441555.000000
6733825.000000
10073266.000000
4536565.000000
2774589.000000
9297035.000000
4372146.000000
11992099.000000
5702298.000000
1487728.000000
388045.000000
13133155.000000
909963.000000
2986918.000000
9078000.000000
2558682.000000
4720721.000000
1427128.000000
3770159.000000
7146733.000000
15749345.000000
13962813.000000
991013.000000
12191835.000000
10373462.000000
14049404.000000
1917912.000000
4115134.000000
10439772.000000
11704746.000000
8960360.000000
9636843.000000
4090990.000000
3146164.000000
7381270.000000
253273.000000
17368144.000000
3509393.000000
3003469.000000
11198717.000000
7360622.000000
9176006.000000
1537770.000000
5528003.000000
6438379.000000
20524780.000000
9269931.000000
9331646.000000
1338668.000000
859152.000000
17418155.000000
555294.000000
2791869.000000
5384300.000000
17638263.000000
11948292.000000
997527.000000
12249571.000000
18037587.000000
3633057.000000
4523256.000000
156857.000000
7915873.000000
4905305.000000
6489252.000000
12492451.000000
10458929.000000
8288377.000000
17742925.000000
3830211.000000
9485420.000000
12749809.000000
9578717.000000
398610.000000
13741127.000000
6973899.000000
6422978.000000
1426669.000000
5350664.000000
16864595.000000
10816457.000000
4191233.000000
1613555.000000
9124453.000000
9719976.000000
2818244.000000
14025142.000000
8087385.000000
5968369.000000
10017570.000000
8738222.000000
17688605.000000
1381734.000000
4616742.000000
1682705.000000
6396416.000000
6490076.000000
5019438.000000
938586.000000
6185035.000000
4227652.000000
11031648.000000
10170543.000000
8544575.000000
8501727.000000
15726295.000000
9449756.000000
10631194.000000
9033076.000000
984542.000000
5566291.000000
5191090.000000
4458503.000000
1511201.000000
6974572.000000
9746131.000000
14931101.000000
2462021.000000
18610783.000000
17654537.000000
1231861.000000
14350449.000000
16356846.000000
12183645.000000
6030773.000000
6698214.000000
5523100.000000
3636926.000000
14838257.000000
11819132.000000
5803456.000000
15155350.000000
8420116.000000
3968291.000000
10729283.000000
279808.000000
2713457.000000
15156427.000000
557781.000000
2395182.000000
2960594.000000
5839763.000000
4223589.000000
7094193.000000
1905487.000000
6308998.000000
8034186.000000
6354467.000000
10390884.000000
12435172.000000
8154889.000000
4688638.000000
4049281.000000
137831.000000
13021003.000000
5877241.000000
3115327.000000
14692332.000000
7852000.000000
17404283.000000
6446082.000000
8035385.000000
7224813.000000
4307412.000000
8682406.000000
3661140.000000
4467515.000000
4568902.000000
5758234.000000
5979286.000000
5790848.000000
13819915.000000
974620.000000
449807.000000
5314983.000000
744923.000000
12240649.000000
2519676.000000
6943962.000000
15064275.000000
1547182.000000
18467034.000000
15892048.000000
10313077.000000
16016095.000000
5624893.000000
5154221.000000
6721130.000000
8861229.000000
18250629.000000
13438172.000000
18570587.000000
1969824.000000
2542124.000000
16063853.000000
15957469.000000
7158810.000000
3216346.000000
4816380.000000
5204041.000000
5702303.000000
781785.000000
3827933.000000
13049667.000000
696963.000000
13992230.000000
6678775.000000
5545734.000000
13344958.000000
1696593.000000
4515523.000000
4491031.000000
16442004.000000
6722198.000000
15775963.000000
16561091.000000
8540121.000000
14552848.000000
1633369.000000
15182257.000000
5438336.000000
18426897.000000
12398489.000000
6820766.000000
1479867.000000
3815370.000000
1304789.000000
16694491.000000
478092.000000
15784186.000000
5991133.000000
6066115.000000
7811378.000000
1665765.000000
10461429.000000
16027258.000000
7969925.000000
3857314.000000
7842729.000000
8204445.000000
7148106.000000
2480527.000000
531464.000000
17876598.000000
9178682.000000
1913828.000000
1144021.000000
19078498.000000
7118360.000000
5212712.000000
189305.000000
2821302.000000
4105379.000000
16744539.000000
13898157.000000
159875.000000
1667667.000000
1995159.000000
6527095.000000
9433780.000000
16800062.000000
8422317.000000
1231544.000000
13631548.000000
3883090.000000
16225092.000000
10173277.000000
286430.000000
6112556.000000
11305664.000000
7455862.000000
100433.000000
9575926.000000
2815093.000000
15960790.000000
1453515.000000
4547325.000000
16479057.000000
3332680.000000
8754964.000000
650860.000000
1349457.000000
3041770.000000
16648548.000000
17804015.000000
2397768.000000
18539725.000000
9595804.000000
5960337.000000
16052905.000000
696558.000000
18835410.000000
10549964.000000
16922647.000000
6385418.000000
861072.000000
888344.000000
1661819.000000
1860605.000000
2786776.000000
9733106.000000
3090551.000000
5692760.000000
19563418.000000
2084969.000000
9839151.000000
615433.000000
15961024.000000
14668339.000000
2758282.000000
207266.000000
13246613.000000
10672959.000000
9677271.000000
1653455.000000
7369335.000000
5681126.000000
5464039.000000
6304238.000000
531098.000000
18106794.000000
6538632.000000
3083878.000000
1432593.000000
1276033.000000
7570031.000000
7817004.000000
14298828.000000
11598728.000000
10254666.000000
6461046.000000
12732780.000000
5193576.000000
1879159.000000
13790785.000000
3945942.000000
4093818.000000
910718.000000
5278510.000000
12175246.000000
1242790.000000
6706843.000000
4166299.000000
1406773.000000
3503948.000000
19589487.000000
4394094.000000
8766071.000000
6758369.000000
14332293.000000
7301856.000000
11071033.000000
11107277.000000
2013127.000000
8780640.000000
4610242.000000
103082.000000
9143351.000000
10116131.000000
1673876.000000
595101.000000
13702158.000000
15203083.000000
10781764.000000
2874952.000000
13538760.000000
4047568.000000
3332055.000000
7490570.000000
2218785.000000
7384230.000000
6856788.000000
17815644.000000
15584574.000000
6785485.000000
113294.000000
7628258.000000
3646732.000000
8892996.000000
10605598.000000
652367.000000
2249682.000000
131765.000000
5312843.000000
641442.000000
16803141.000000
8085295.000000
2105289.000000
17425190.000000
19385255.000000
5831887.000000
7811074.000000
3121906.000000
14211270.000000
10375006.000000
4068595.000000
3965743.000000
6143707.000000
5162382.000000
11610399.000000
13321328.000000
14246548.000000
11245319.000000
4815509.000000
15004023.000000
14236550.000000
1841687.000000
4017285.000000
11959896.000000
9317168.000000
10393505.000000
16624655.000000
5387729.000000
242280.000000
882397.000000
1914358.000000
6126304.000000
16427341.000000
9541736.000000
609294.000000
15085481.000000
9374891.000000
17194136.000000
3867245.000000
3974595.000000
4790569.000000
5482459.000000
4311504.000000
6151211.000000
2092584.000000
14037896.000000
8351907.000000
17135023.000000
3633854.000000
6603799.000000
1913274.000000
4454651.000000
697068.000000
9005276.000000
14795308.000000
5975999.000000
16184035.000000
8390971.000000
486981.000000
10065662.000000
889857.000000
10244300.000000
6632345.000000
10866403.000000
17960688.000000
9673119.000000
3790499.000000
5369560.000000
4245715.000000
13937650.000000
18887148.000000
11032238.000000
11883060.000000
6842394.000000
7480119.000000
1161012.000000
17288655.000000
4104454.000000
1199087.000000
1648697.000000
2494591.000000
9539885.000000
13745170.000000
16676364.000000
7296783.000000
1989347.000000
15230567.000000
8978899.000000
8338660.000000
8084085.000000
2600071.000000
8302122.000000
17310891.000000
1086195.000000
18645575.000000
18291529.000000
7660233.000000
7919328.000000
11625663.000000
17752860.000000
13365714.000000
418719.000000
11648927.000000
13219685.000000
5374664.000000
6310343.000000
11250033.000000
15838989.000000
2412946.000000
17765394.000000
4936910.000000
17404784.000000
17437119.000000
12429706.000000
11019038.000000
13116845.000000
2868094.000000
6219175.000000
737953.000000
2426905.000000
17647260.000000
15230484.000000
15069407.000000
12368165.000000
14037982.000000
18834097.000000
17735883.000000
8393122.000000
6803987.000000
780627.000000
13899487.000000
117770.000000
474355.000000
10604006.000000
4856621.000000
10205437.000000
13004867.000000
8620195.000000
178243.000000
4175671.000000
16123069.000000
3754515.000000
2602689.000000
4147020.000000
9541230.000000
8914326.000000
12713012.000000
9695057.000000
6561369.000000
3371890.000000
561116.000000
3315905.000000
3733739.000000
9452277.000000
11342737.000000
3044200.000000
8043330.000000
544342.000000
9347982.000000
3366639.000000
18276856.000000
2554466.000000
458148.000000
8545632.000000
3416930.000000
7075785.000000
2394663.000000
