0.000000
0.000000
0.000000
0.000000
0.000000
0.000000
0.000000
0.000000
0.000000
0.000000
0.000000
0.000000
0.000000
0.000000
0.000000
0.000000
0.000000
0.000000
0.000000
0.000000
0.000000
0.000000
0.000000
0.000000
0.000000
0.000000
0.000000
0.000000
0.000000
0.000000
0.000000
0.000000
0.000000
0.000000
0.000000
0.000000
0.000000
0.000000
0.000000
0.000000
0.000000
0.000000
0.000000
0.000000
0.000000
0.000000
0.000000
0.000000
0.000000
0.000000
0.000000
0.000000
0.000000
0.000000
0.000000
0.000000
0.000000
0.000000
0.000000
0.000000
0.000000
0.000000
0.000000
0.000000
0.000000
0.000000
0.000000
0.000000
0.000000
0.000000
0.000000
0.000000
0.000000
0.000000
0.000000
0.000000
0.000000
0.000000
0.000000
0.000000
0.000000
0.000000
0.000000
0.000000
0.000000
0.000000
0.000000
0.000000
0.000000
0.000000
0.000000
0.000000
0.000000
0.000000
0.000000
0.000000
0.000000
0.000000
0.000000
0.000000
0.000000
0.000000
0.000000
0.000000
0.000000
0.000000
0.000000
0.000000
0.000000
0.000000
0.000000
0.000000
0.000000
0.000000
0.000000
0.000000
0.000000
0.000000
0.000000
0.000000
0.000000
0.000000
0.000000
0.000000
0.000000
0.000000
0.000000
0.000000
0.000000
0.000000
0.000000
0.000000
0.000000
0.000000
0.000000
0.000000
0.000000
0.000000
0.000000
0.000000
0.000000
0.000000
0.000000
0.000000
0.000000
0.000000
0.000000
0.000000
0.000000
0.000000
0.000000
0.000000
0.000000
0.000000
0.000000
0.000000
0.000000
0.000000
0.000000
0.000000
0.000000
0.000000
0.000000
0.000000
0.000000
0.000000
0.000000
0.000000
0.000000
0.000000
0.000000
0.000000
0.000000
0.000000
0.000000
0.000000
0.000000
0.000000
0.000000
0.000000
0.000000
0.000000
0.000000
0.000000
0.000000
0.000000
0.000000
0.000000
0.000000
0.000000
0.000000
0.000000
0.000000
0.000000
0.000000
0.000000
0.000000
0.000000
0.000000
0.000000
0.000000
0.000000
0.000000
0.000000
0.000000
0.000000
0.000000
0.000000
0.000000
0.000000
0.000000
0.000000
0.000000
0.000000
0.000000
0.000000
0.000000
0.000000
0.000000
0.000000
0.000000
0.000000
0.000000
0.000000
0.000000
0.000000
0.000000
0.000000
0.000000
0.000000
0.000000
0.000000
0.000000
0.000000
0.000000
0.000000
0.000000
0.000000
0.000000
0.000000
0.000000
0.000000
0.000000
0.000000
0.000000
0.000000
0.000000
0.000000
0.000000
0.000000
0.000000
0.000000
0.000000
0.000000
0.000000
0.000000
0.000000
0.000000
0.000000
0.000000
0.000000
0.000000
0.000000
0.000000
0.000000
0.000000
0.000000
0.000000
0.000000
0.000000
0.000000
0.000000
0.000000
0.000000
0.000000
0.000000
0.000000
0.000000
0.000000
0.000000
0.000000
0.000000
0.000000
0.000000
0.000000
0.000000
0.000000
0.000000
0.000000
0.000000
0.000000
0.000000
0.000000
0.000000
0.000000
0.000000
0.000000
0.000000
0.000000
0.000000
0.000000
0.000000
0.000000
0.000000
0.000000
0.000000
0.000000
0.000000
0.000000
0.000000
0.000000
0.000000
0.000000
0.000000
0.000000
0.000000
0.000000
0.000000
0.000000
0.000000
0.000000
0.000000
0.000000
0.000000
0.000000
0.000000
0.000000
0.000000
0.000000
0.000000
0.000000
0.000000
0.000000
0.000000
0.000000
0.000000
0.000000
0.000000
0.000000
0.000000
0.000000
0.000000
0.000000
0.000000
0.000000
0.000000
0.000000
0.000000
0.000000
0.000000
0.000000
0.000000
0.000000
0.000000
0.000000
0.000000
0.000000
0.000000
0.000000
0.000000
0.000000
0.000000
0.000000
0.000000
0.000000
0.000000
0.000000
0.000000
0.000000
0.000000
0.000000
0.000000
0.000000
0.000000
0.000000
0.000000
0.000000
0.000000
0.000000
0.000000
0.000000
0.000000
0.000000
0.000000
0.000000
0.000000
0.000000
0.000000
0.000000
0.000000
0.000000
0.000000
0.000000
0.000000
0.000000
0.000000
0.000000
0.000000
0.000000
0.000000
0.000000
0.000000
0.000000
0.000000
0.000000
0.000000
0.000000
0.000000
0.000000
0.000000
0.000000
0.000000
0.000000
0.000000
0.000000
0.000000
0.000000
0.000000
0.000000
0.000000
0.000000
0.000000
0.000000
0.000000
0.000000
0.000000
14178855.000000
104447.000000
8757881.000000
604824.000000
8226369.000000
4802868.000000
1673127.000000
4844041.000000
7080268.000000
5885969.000000
6625005.000000
3942562.000000
2773330.000000
5931645.000000
4265037.000000
8321256.000000
5274777.000000
1411893.000000
379050.000000
8836317.000000
880750.000000
2440420.000000
5687092.000000
2139878.000000
4626271.000000
1448096.000000
3140857.000000
4031680.000000
9282655.000000
7443155.000000
1021510.000000
7884546.000000
8056474.000000
9572786.000000
2250462.000000
3820546.000000
8043388.000000
6870278.000000
6110137.000000
6704122.000000
4008179.000000
2779388.000000
6069205.000000
234972.000000
8671224.000000
2927493.000000
2703891.000000
7767015.000000
6608453.000000
6466700.000000
1451560.000000
4564569.000000
4915239.000000
9144976.000000
6337573.000000
6292230.000000
1281645.000000
660860.000000
8739724.000000
423230.000000
2694497.000000
4757301.000000
8429765.000000
8689916.000000
981004.000000
8087236.000000
8550909.000000
3287306.000000
4041763.000000
149314.000000
5687177.000000
4401481.000000
6021924.000000
8429265.000000
7686720.000000
6519910.000000
9142996.000000
3251590.000000
6605864.000000
7509784.000000
6890859.000000
391956.000000
7807150.000000
5714891.000000
4451019.000000
1277421.000000
4791705.000000
9408482.000000
8210358.000000
4202708.000000
1546958.000000
6259193.000000
6750177.000000
2383785.000000
7570566.000000
6425688.000000
5623295.000000
6212769.000000
6593730.000000
8785819.000000
1272811.000000
4154540.000000
1757561.000000
5440140.000000
5563345.000000
4018300.000000
646280.000000
4799413.000000
3331489.000000
7597834.000000
7569244.000000
4724169.000000
5982325.000000
8723472.000000
7311614.000000
7081603.000000
6819691.000000
894645.000000
4846098.000000
4263941.000000
4054551.000000
1362595.000000
5330928.000000
6618786.000000
8230433.000000
2599269.000000
9181946.000000
9345889.000000
883399.000000
7621429.000000
10021273.000000
8649246.000000
5226812.000000
5999010.000000
4680524.000000
3663954.000000
7688361.000000
7468676.000000
4847209.000000
8299610.000000
5429825.000000
3293789.000000
7868523.000000
300168.000000
2493875.000000
8798041.000000
572540.000000
2640119.000000
2792633.000000
3734890.000000
3948583.000000
6132306.000000
1444820.000000
5163209.000000
6538214.000000
5548672.000000
7509737.000000
8671545.000000
6810560.000000
4210445.000000
3913512.000000
150615.000000
8222429.000000
4968723.000000
2384939.000000
6221744.000000
5018864.000000
9671397.000000
5904239.000000
5377601.000000
6193613.000000
2594571.000000
6989386.000000
3529848.000000
3191829.000000
4001567.000000
4574314.000000
5435425.000000
5137285.000000
8180094.000000
843920.000000
349773.000000
5294880.000000
665993.000000
8316452.000000
2155948.000000
5698424.000000
8260614.000000
1504556.000000
7730304.000000
8466489.000000
6730694.000000
8735457.000000
4792286.000000
4300407.000000
5457660.000000
5812067.000000
9205575.000000
7900520.000000
7522586.000000
2068998.000000
2748186.000000
9019225.000000
8559420.000000
5161597.000000
2872882.000000
4969608.000000
4583038.000000
4962124.000000
868718.000000
3655884.000000
7964956.000000
665188.000000
9011419.000000
5712730.000000
5211437.000000
8004120.000000
1275382.000000
4182517.000000
4130202.000000
8427804.000000
5567171.000000
8452047.000000
8601913.000000
6778189.000000
8294285.000000
1334161.000000
8446309.000000
4805592.000000
8164129.000000
8328141.000000
4844508.000000
1565425.000000
4094842.000000
1280393.000000
7012345.000000
481293.000000
8951711.000000
5178166.000000
4937476.000000
5866983.000000
1434117.000000
7127365.000000
6718699.000000
5739907.000000
3273371.000000
5450612.000000
6400787.000000
5274708.000000
2416479.000000
516492.000000
7578052.000000
6517578.000000
1748113.000000
1077928.000000
9756798.000000
5550725.000000
4938863.000000
146081.000000
3321072.000000
3468970.000000
8559027.000000
8897468.000000
186584.000000
1470353.000000
1978303.000000
5541102.000000
7421144.000000
8328887.000000
6041582.000000
1192731.000000
8892654.000000
3905028.000000
7636995.000000
6647900.000000
253971.000000
4981956.000000
7669249.000000
5824277.000000
105252.000000
6989992.000000
2968739.000000
8240537.000000
1619483.000000
4216650.000000
8855882.000000
3894556.000000
6491615.000000
752376.000000
1337770.000000
3407356.000000
8903392.000000
8380615.000000
1728321.000000
8644854.000000
7137542.000000
4870175.000000
8475212.000000
562483.000000
9095255.000000
7394402.000000
8958882.000000
5244669.000000
778180.000000
664605.000000
1633144.000000
1653124.000000
3132183.000000
6370530.000000
2528762.000000
4894672.000000
8644839.000000
1835621.000000
6975324.000000
655846.000000
8392438.000000
9370816.000000
2396019.000000
175626.000000
8135124.000000
7343180.000000
5773159.000000
1492555.000000
5777021.000000
4716302.000000
4905979.000000
4556506.000000
451957.000000
9262916.000000
5501672.000000
2782828.000000
1542712.000000
1236996.000000
6316280.000000
5324946.000000
8244984.000000
7765208.000000
7122967.000000
5269797.000000
8393728.000000
5247815.000000
1769843.000000
9298748.000000
3868744.000000
3385263.000000
812738.000000
4652881.000000
7105166.000000
1277421.000000
5102236.000000
2916889.000000
1636302.000000
3767633.000000
9113924.000000
4141239.000000
5424748.000000
5711624.000000
7797527.000000
5956544.000000
6516518.000000
6206222.000000
1584793.000000
5694256.000000
4635189.000000
106398.000000
5691119.000000
6100070.000000
1816625.000000
565934.000000
8749264.000000
8114657.000000
7968351.000000
2849202.000000
8352080.000000
3258616.000000
2503694.000000
6269090.000000
1935670.000000
6131932.000000
5899594.000000
8581557.000000
9005925.000000
5832379.000000
117771.000000
6208806.000000
3396889.000000
5738988.000000
7469868.000000
505119.000000
2001979.000000
136243.000000
4490013.000000
634202.000000
8967334.000000
6140968.000000
1760253.000000
8436866.000000
8875476.000000
4763601.000000
6359586.000000
2486311.000000
8264345.000000
6957636.000000
3978149.000000
3330997.000000
5249327.000000
4561409.000000
7042446.000000
8770567.000000
8948028.000000
8344065.000000
4262086.000000
7695695.000000
7573502.000000
1840072.000000
3668727.000000
6594855.000000
6845346.000000
7596704.000000
9206838.000000
5030574.000000
206255.000000
841630.000000
1913722.000000
5214802.000000
9668412.000000
7111506.000000
514653.000000
8547792.000000
6818177.000000
8591896.000000
3611266.000000
3196412.000000
3925554.000000
4570365.000000
3427735.000000
5172229.000000
2040331.000000
8431894.000000
5999278.000000
8067384.000000
3464247.000000
5650744.000000
1864393.000000
4224860.000000
578172.000000
6968092.000000
9237888.000000
4804857.000000
8553703.000000
6467647.000000
519710.000000
7234397.000000
782815.000000
5969069.000000
5844033.000000
7072352.000000
8798892.000000
7043455.000000
3757089.000000
4527888.000000
3856408.000000
8588960.000000
8868831.000000
8375492.000000
7197879.000000
5236643.000000
5941632.000000
1282183.000000
9861279.000000
3812958.000000
838132.000000
1547397.000000
2222979.000000
6851657.000000
8459891.000000
7741509.000000
6256381.000000
1431833.000000
9052266.000000
6978713.000000
4525987.000000
6394629.000000
2431616.000000
6395496.000000
8777245.000000
814300.000000
8342191.000000
9301600.000000
6119328.000000
6378707.000000
6893825.000000
9005334.000000
8444473.000000
431626.000000
7853961.000000
7561294.000000
4242217.000000
4646757.000000
6750424.000000
8480537.000000
2045714.000000
8664534.000000
4640702.000000
8450601.000000
9280780.000000
8100278.000000
6694571.000000
8747273.000000
2731742.000000
5544852.000000
583224.000000
2201085.000000
8556574.000000
9409792.000000
8151862.000000
7405474.000000
8299183.000000
9431586.000000
8782072.000000
6087707.000000
5484567.000000
649997.000000
8420034.000000
116027.000000
449839.000000
6741109.000000
4418049.000000
7452736.000000
8541399.000000
6083178.000000
160258.000000
4249186.000000
9348816.000000
3751662.000000
2442603.000000
3244183.000000
6056051.000000
7101387.000000
8027625.000000
7184790.000000
5206685.000000
2881432.000000
513036.000000
2769433.000000
3906743.000000
6814724.000000
7791202.000000
2658634.000000
6383162.000000
619605.000000
6727572.000000
3120121.000000
9367812.000000
2311005.000000
305964.000000
7105090.000000
3078020.000000
5101086.000000
2379903.000000
