0.000000
0.000000
0.000000
0.000000
0.000000
0.000000
0.000000
0.000000
0.000000
0.000000
0.000000
0.000000
0.000000
0.000000
0.000000
0.000000
0.000000
0.000000
0.000000
0.000000
0.000000
0.000000
0.000000
0.000000
0.000000
0.000000
0.000000
0.000000
0.000000
0.000000
0.000000
0.000000
0.000000
0.000000
0.000000
0.000000
0.000000
0.000000
0.000000
0.000000
0.000000
0.000000
0.000000
0.000000
0.000000
0.000000
0.000000
0.000000
0.000000
0.000000
0.000000
0.000000
0.000000
0.000000
0.000000
0.000000
0.000000
0.000000
0.000000
0.000000
0.000000
0.000000
0.000000
0.000000
0.000000
0.000000
0.000000
0.000000
0.000000
0.000000
0.000000
0.000000
0.000000
0.000000
0.000000
0.000000
0.000000
0.000000
0.000000
0.000000
0.000000
0.000000
0.000000
0.000000
0.000000
0.000000
0.000000
0.000000
0.000000
0.000000
0.000000
0.000000
0.000000
0.000000
0.000000
0.000000
0.000000
0.000000
0.000000
0.000000
0.000000
0.000000
0.000000
0.000000
0.000000
0.000000
0.000000
0.000000
0.000000
0.000000
0.000000
0.000000
0.000000
0.000000
0.000000
0.000000
0.000000
0.000000
0.000000
0.000000
0.000000
0.000000
0.000000
0.000000
0.000000
0.000000
0.000000
0.000000
0.000000
0.000000
0.000000
0.000000
0.000000
0.000000
0.000000
0.000000
0.000000
0.000000
0.000000
0.000000
0.000000
0.000000
0.000000
0.000000
0.000000
0.000000
0.000000
0.000000
0.000000
0.000000
0.000000
0.000000
0.000000
0.000000
0.000000
0.000000
0.000000
0.000000
0.000000
0.000000
0.000000
0.000000
0.000000
0.000000
0.000000
0.000000
0.000000
0.000000
0.000000
0.000000
0.000000
0.000000
0.000000
0.000000
0.000000
0.000000
0.000000
0.000000
0.000000
0.000000
0.000000
0.000000
0.000000
0.000000
0.000000
0.000000
0.000000
0.000000
0.000000
0.000000
0.000000
0.000000
0.000000
0.000000
0.000000
0.000000
0.000000
0.000000
0.000000
0.000000
0.000000
0.000000
0.000000
0.000000
0.000000
0.000000
0.000000
0.000000
0.000000
0.000000
0.000000
0.000000
0.000000
0.000000
0.000000
0.000000
0.000000
0.000000
0.000000
0.000000
0.000000
0.000000
0.000000
0.000000
0.000000
0.000000
0.000000
0.000000
0.000000
0.000000
0.000000
0.000000
0.000000
0.000000
0.000000
0.000000
0.000000
0.000000
0.000000
0.000000
0.000000
0.000000
0.000000
0.000000
0.000000
0.000000
0.000000
0.000000
0.000000
0.000000
0.000000
0.000000
0.000000
0.000000
0.000000
0.000000
0.000000
0.000000
0.000000
0.000000
0.000000
0.000000
0.000000
0.000000
0.000000
0.000000
0.000000
0.000000
0.000000
0.000000
0.000000
0.000000
0.000000
0.000000
0.000000
0.000000
0.000000
0.000000
0.000000
0.000000
0.000000
0.000000
0.000000
0.000000
0.000000
0.000000
0.000000
0.000000
0.000000
0.000000
0.000000
0.000000
0.000000
0.000000
0.000000
0.000000
0.000000
0.000000
0.000000
0.000000
0.000000
0.000000
0.000000
0.000000
0.000000
0.000000
0.000000
0.000000
0.000000
0.000000
0.000000
0.000000
0.000000
0.000000
0.000000
0.000000
0.000000
0.000000
0.000000
0.000000
0.000000
0.000000
0.000000
0.000000
0.000000
0.000000
0.000000
0.000000
0.000000
0.000000
0.000000
0.000000
0.000000
0.000000
0.000000
0.000000
0.000000
0.000000
0.000000
0.000000
0.000000
0.000000
0.000000
0.000000
0.000000
0.000000
0.000000
0.000000
0.000000
0.000000
0.000000
0.000000
0.000000
0.000000
0.000000
0.000000
0.000000
0.000000
0.000000
0.000000
0.000000
0.000000
0.000000
0.000000
0.000000
0.000000
0.000000
0.000000
0.000000
0.000000
0.000000
0.000000
0.000000
0.000000
0.000000
0.000000
0.000000
0.000000
0.000000
0.000000
0.000000
0.000000
0.000000
0.000000
0.000000
0.000000
0.000000
0.000000
0.000000
0.000000
0.000000
0.000000
0.000000
0.000000
0.000000
0.000000
0.000000
0.000000
0.000000
0.000000
0.000000
0.000000
0.000000
0.000000
0.000000
0.000000
0.000000
0.000000
0.000000
0.000000
0.000000
0.000000
0.000000
0.000000
0.000000
0.000000
0.000000
0.000000
0.000000
0.000000
0.000000
0.000000
0.000000
0.000000
0.000000
0.000000
0.000000
0.000000
0.000000
0.000000
0.000000
0.000000
0.000000
0.000000
0.000000
0.000000
0.000000
0.000000
0.000000
0.000000
0.000000
0.000000
0.000000
0.000000
0.000000
0.000000
0.000000
0.000000
0.000000
0.000000
0.000000
2344980.000000
1297613.000000
1352658.000000
1518513.000000
1364307.000000
855921.000000
1305310.000000
1326684.000000
1478484.000000
1236603.000000
1465773.000000
1240872.000000
1443311.000000
1314918.000000
1310994.000000
1185889.000000
1227404.000000
1223918.000000
218962.000000
1678023.000000
1478544.000000
1313746.000000
1336898.000000
1257758.000000
1442433.000000
1133858.000000
1460337.000000
1518889.000000
1596940.000000
1406060.000000
1322654.000000
971604.000000
606516.000000
1452171.000000
486841.000000
1322859.000000
1196322.000000
1456824.000000
1381022.000000
766114.000000
1298306.000000
1191842.000000
1127043.000000
1275674.000000
122454.000000
1319726.000000
1355831.000000
1301027.000000
1285464.000000
1336396.000000
1194557.000000
1224288.000000
1442239.000000
1366154.000000
1288514.000000
1232903.000000
416265.000000
1586632.000000
1418511.000000
1400868.000000
955514.000000
1412639.000000
1537032.000000
1427593.000000
1366587.000000
1006854.000000
1477447.000000
1532618.000000
1228949.000000
1314161.000000
1205278.000000
1375961.000000
1369553.000000
1253885.000000
1133909.000000
920939.000000
1186896.000000
1022200.000000
1560627.000000
1068976.000000
1337769.000000
762463.000000
1621071.000000
1313892.000000
1202503.000000
1515992.000000
1186334.000000
1426590.000000
1283603.000000
1416117.000000
1247535.000000
1317307.000000
1334798.000000
1318873.000000
1316944.000000
1573944.000000
1050030.000000
1338158.000000
1327950.000000
1659675.000000
1328907.000000
1417794.000000
1309663.000000
810225.000000
1177926.000000
1403142.000000
1385465.000000
1339807.000000
1387698.000000
1246588.000000
1280651.000000
1426365.000000
1323536.000000
1579708.000000
1521096.000000
1365319.000000
1411226.000000
1124192.000000
307130.000000
1213866.000000
1186780.000000
454785.000000
1184312.000000
1404684.000000
1250982.000000
1442417.000000
1251000.000000
991270.000000
1241139.000000
1487181.000000
1309095.000000
1619238.000000
1304925.000000
1133649.000000
1577059.000000
1093143.000000
144697.000000
1156155.000000
1370212.000000
1325464.000000
1559430.000000
1210504.000000
1591145.000000
1252059.000000
1251581.000000
1536737.000000
1140920.000000
1181172.000000
1176580.000000
1114967.000000
1400109.000000
1574782.000000
1241900.000000
1182728.000000
1426357.000000
893887.000000
342288.000000
1336159.000000
599565.000000
1259643.000000
1067516.000000
1226776.000000
1369071.000000
994846.000000
1373561.000000
1325130.000000
1352885.000000
1183475.000000
1463866.000000
1537140.000000
1178245.000000
1266335.000000
1387196.000000
1341910.000000
1523156.000000
1032350.000000
1153036.000000
1466422.000000
1284490.000000
1147427.000000
1468755.000000
1197564.000000
1169798.000000
1466057.000000
699491.000000
1332702.000000
1182242.000000
463571.000000
1344324.000000
1443158.000000
1171826.000000
1474789.000000
1077423.000000
1328129.000000
1273698.000000
1597249.000000
1389585.000000
1359581.000000
1448073.000000
1087561.000000
1360021.000000
896773.000000
1403417.000000
1455777.000000
1261851.000000
1399264.000000
1482579.000000
889229.000000
1458608.000000
841746.000000
1371914.000000
495738.000000
1291601.000000
1263631.000000
1361592.000000
1439045.000000
882531.000000
1409178.000000
1140207.000000
1229824.000000
1478980.000000
1337972.000000
1428189.000000
1294904.000000
1179891.000000
456325.000000
1292536.000000
1450494.000000
1190665.000000
929204.000000
1300579.000000
1310463.000000
1186730.000000
159722.000000
1308303.000000
1299109.000000
1240507.000000
1632721.000000
174387.000000
1013985.000000
1166088.000000
1316864.000000
1153306.000000
1260031.000000
1532635.000000
953269.000000
1349743.000000
1287837.000000
1494630.000000
1430114.000000
337652.000000
1201005.000000
1326248.000000
1396116.000000
115966.000000
1401629.000000
1312285.000000
1407865.000000
953001.000000
1425908.000000
1164664.000000
1270852.000000
1370504.000000
570267.000000
910854.000000
1074020.000000
1302633.000000
1425894.000000
1200461.000000
1183170.000000
1250673.000000
1041121.000000
1327932.000000
505013.000000
1214566.000000
1435058.000000
1345790.000000
1358214.000000
776330.000000
708734.000000
1210436.000000
1103911.000000
1255165.000000
1384071.000000
1329221.000000
1437517.000000
1313616.000000
1190250.000000
1206920.000000
603047.000000
1284288.000000
1355693.000000
1345741.000000
249724.000000
1143350.000000
1473948.000000
1433775.000000
782033.000000
1503654.000000
1445439.000000
1183224.000000
1293902.000000
538852.000000
1356239.000000
1502298.000000
1230532.000000
970769.000000
906096.000000
1420737.000000
1477044.000000
1141069.000000
1283137.000000
1242891.000000
1399178.000000
1259258.000000
1053786.000000
998241.000000
1285386.000000
1166642.000000
1476786.000000
773945.000000
1176536.000000
1325760.000000
953528.000000
1498948.000000
1407764.000000
1085385.000000
1243615.000000
1591145.000000
1280239.000000
1484273.000000
1251640.000000
1392874.000000
1397368.000000
1249921.000000
1449765.000000
1141937.000000
1301915.000000
1288226.000000
86565.000000
1481246.000000
1344488.000000
1140545.000000
508579.000000
1270074.000000
1512329.000000
1369351.000000
1258686.000000
1465077.000000
1127119.000000
1300274.000000
1225472.000000
1197750.000000
1400783.000000
1277619.000000
1422955.000000
1344224.000000
1237309.000000
128385.000000
1318037.000000
1138515.000000
1552524.000000
1179539.000000
529720.000000
1309232.000000
135388.000000
1612231.000000
504853.000000
1176175.000000
1413336.000000
1162165.000000
1424239.000000
1485467.000000
1547400.000000
1651215.000000
1332590.000000
1368488.000000
1355598.000000
1251335.000000
1421745.000000
986929.000000
1283892.000000
1454081.000000
1115028.000000
1383908.000000
1487695.000000
1278397.000000
1289327.000000
1451847.000000
1078757.000000
1439121.000000
1345343.000000
1352269.000000
1234815.000000
1506148.000000
1312377.000000
237460.000000
648790.000000
956364.000000
1341079.000000
1395111.000000
1410195.000000
589261.000000
1535115.000000
1253658.000000
1220188.000000
1317231.000000
1456119.000000
1299493.000000
1443635.000000
1312886.000000
1388721.000000
1149584.000000
1360100.000000
1405636.000000
1484394.000000
1183598.000000
1237700.000000
1198111.000000
871730.000000
615148.000000
1528679.000000
1650574.000000
1204152.000000
1738726.000000
1517272.000000
456391.000000
1461777.000000
821765.000000
1179329.000000
1188383.000000
1445850.000000
1416328.000000
1326832.000000
1312807.000000
1447694.000000
1512149.000000
1368032.000000
1147382.000000
1373706.000000
1474927.000000
1225923.000000
1400618.000000
822464.000000
1559390.000000
1456928.000000
822010.000000
1115413.000000
1285083.000000
1450676.000000
1349406.000000
1245818.000000
1478703.000000
1087028.000000
1274276.000000
1496009.000000
1319473.000000
930793.000000
1326309.000000
1291951.000000
1363201.000000
837203.000000
1164541.000000
1591145.000000
1330110.000000
1237297.000000
1370380.000000
1375872.000000
1333491.000000
420248.000000
1409792.000000
1352834.000000
1248101.000000
1257185.000000
1534978.000000
1274764.000000
1226391.000000
1414410.000000
1291925.000000
1407365.000000
1290210.000000
1446094.000000
1311792.000000
1612120.000000
1297311.000000
1278603.000000
595370.000000
1128640.000000
1168592.000000
1267721.000000
1358058.000000
1457218.000000
1270034.000000
1337329.000000
1328799.000000
1463233.000000
1398009.000000
669468.000000
1270647.000000
115016.000000
493040.000000
1268039.000000
1426189.000000
1276108.000000
1447316.000000
1527505.000000
190230.000000
1300423.000000
1233500.000000
1259969.000000
1454399.000000
1315742.000000
1469594.000000
1415934.000000
1410440.000000
1509565.000000
1194919.000000
1241432.000000
535013.000000
1515163.000000
1233183.000000
1463709.000000
1416705.000000
1330065.000000
1131012.000000
440384.000000
969219.000000
1393669.000000
1379325.000000
1307407.000000
346923.000000
1316365.000000
1363576.000000
1338746.000000
1248565.000000
