0.000000
0.000000
0.000000
0.000000
0.000000
0.000000
0.000000
0.000000
0.000000
0.000000
0.000000
0.000000
0.000000
0.000000
0.000000
0.000000
0.000000
0.000000
0.000000
0.000000
0.000000
0.000000
0.000000
0.000000
0.000000
0.000000
0.000000
0.000000
0.000000
0.000000
0.000000
0.000000
0.000000
0.000000
0.000000
0.000000
0.000000
0.000000
0.000000
0.000000
0.000000
0.000000
0.000000
0.000000
0.000000
0.000000
0.000000
0.000000
0.000000
0.000000
0.000000
0.000000
0.000000
0.000000
0.000000
0.000000
0.000000
0.000000
0.000000
0.000000
0.000000
0.000000
0.000000
0.000000
0.000000
0.000000
0.000000
0.000000
0.000000
0.000000
0.000000
0.000000
0.000000
0.000000
0.000000
0.000000
0.000000
0.000000
0.000000
0.000000
0.000000
0.000000
0.000000
0.000000
0.000000
0.000000
0.000000
0.000000
0.000000
0.000000
0.000000
0.000000
0.000000
0.000000
0.000000
0.000000
0.000000
0.000000
0.000000
0.000000
0.000000
0.000000
0.000000
0.000000
0.000000
0.000000
0.000000
0.000000
0.000000
0.000000
0.000000
0.000000
0.000000
0.000000
0.000000
0.000000
0.000000
0.000000
0.000000
0.000000
0.000000
0.000000
0.000000
0.000000
0.000000
0.000000
0.000000
0.000000
0.000000
0.000000
0.000000
0.000000
0.000000
0.000000
0.000000
0.000000
0.000000
0.000000
0.000000
0.000000
0.000000
0.000000
0.000000
0.000000
0.000000
0.000000
0.000000
0.000000
0.000000
0.000000
0.000000
0.000000
0.000000
0.000000
0.000000
0.000000
0.000000
0.000000
0.000000
0.000000
0.000000
0.000000
0.000000
0.000000
0.000000
0.000000
0.000000
0.000000
0.000000
0.000000
0.000000
0.000000
0.000000
0.000000
0.000000
0.000000
0.000000
0.000000
0.000000
0.000000
0.000000
0.000000
0.000000
0.000000
0.000000
0.000000
0.000000
0.000000
0.000000
0.000000
0.000000
0.000000
0.000000
0.000000
0.000000
0.000000
0.000000
0.000000
0.000000
0.000000
0.000000
0.000000
0.000000
0.000000
0.000000
0.000000
0.000000
0.000000
0.000000
0.000000
0.000000
0.000000
0.000000
0.000000
0.000000
0.000000
0.000000
0.000000
0.000000
0.000000
0.000000
0.000000
0.000000
0.000000
0.000000
0.000000
0.000000
0.000000
0.000000
0.000000
0.000000
0.000000
0.000000
0.000000
0.000000
0.000000
0.000000
0.000000
0.000000
0.000000
0.000000
0.000000
0.000000
0.000000
0.000000
0.000000
0.000000
0.000000
0.000000
0.000000
0.000000
0.000000
0.000000
0.000000
0.000000
0.000000
0.000000
0.000000
0.000000
0.000000
0.000000
0.000000
0.000000
0.000000
0.000000
0.000000
0.000000
0.000000
0.000000
0.000000
0.000000
0.000000
0.000000
0.000000
0.000000
0.000000
0.000000
0.000000
0.000000
0.000000
0.000000
0.000000
0.000000
0.000000
0.000000
0.000000
0.000000
0.000000
0.000000
0.000000
0.000000
0.000000
0.000000
0.000000
0.000000
0.000000
0.000000
0.000000
0.000000
0.000000
0.000000
0.000000
0.000000
0.000000
0.000000
0.000000
0.000000
0.000000
0.000000
0.000000
0.000000
0.000000
0.000000
0.000000
0.000000
0.000000
0.000000
0.000000
0.000000
0.000000
0.000000
0.000000
0.000000
0.000000
0.000000
0.000000
0.000000
0.000000
0.000000
0.000000
0.000000
0.000000
0.000000
0.000000
0.000000
0.000000
0.000000
0.000000
0.000000
0.000000
0.000000
0.000000
0.000000
0.000000
0.000000
0.000000
0.000000
0.000000
0.000000
0.000000
0.000000
0.000000
0.000000
0.000000
0.000000
0.000000
0.000000
0.000000
0.000000
0.000000
0.000000
0.000000
0.000000
0.000000
0.000000
0.000000
0.000000
0.000000
0.000000
0.000000
0.000000
0.000000
0.000000
0.000000
0.000000
0.000000
0.000000
0.000000
0.000000
0.000000
0.000000
0.000000
0.000000
0.000000
0.000000
0.000000
0.000000
0.000000
0.000000
0.000000
0.000000
0.000000
0.000000
0.000000
0.000000
0.000000
0.000000
0.000000
0.000000
0.000000
0.000000
0.000000
0.000000
0.000000
0.000000
0.000000
0.000000
0.000000
0.000000
0.000000
0.000000
0.000000
0.000000
0.000000
0.000000
0.000000
0.000000
0.000000
0.000000
0.000000
0.000000
0.000000
0.000000
0.000000
0.000000
0.000000
0.000000
0.000000
0.000000
0.000000
0.000000
0.000000
0.000000
0.000000
0.000000
0.000000
0.000000
0.000000
0.000000
0.000000
0.000000
0.000000
0.000000
0.000000
0.000000
0.000000
0.000000
0.000000
0.000000
0.000000
0.000000
0.000000
0.000000
0.000000
0.000000
0.000000
0.000000
0.000000
0.000000
0.000000
0.000000
0.000000
0.000000
0.000000
0.000000
0.000000
0.000000
0.000000
0.000000
0.000000
0.000000
0.000000
0.000000
23785350.000000
7807515.000000
8184207.000000
1475234.000000
5248547.000000
6367368.000000
14070345.000000
8071443.000000
7705292.000000
1277065.000000
785191.000000
13226946.000000
533857.000000
2292653.000000
5236889.000000
14220577.000000
11451383.000000
1034226.000000
10779506.000000
13922441.000000
3544910.000000
3413374.000000
119025.000000
7246187.000000
5439970.000000
6502256.000000
11195861.000000
10214748.000000
8170089.000000
14772076.000000
3643790.000000
8266246.000000
9708412.000000
8566861.000000
350556.000000
11741963.000000
6453338.000000
4986637.000000
1166953.000000
4955785.000000
13383043.000000
10001501.000000
3981121.000000
1966955.000000
8296926.000000
8971068.000000
2407537.000000
12299010.000000
8063188.000000
6141218.000000
8291826.000000
8022316.000000
12958974.000000
1324449.000000
5156206.000000
1663136.000000
6488229.000000
6521578.000000
4676522.000000
739366.000000
5419284.000000
4105143.000000
10600534.000000
9659582.000000
7677776.000000
7549610.000000
13800144.000000
8575141.000000
10269607.000000
8604876.000000
816884.000000
5554652.000000
5137496.000000
4031408.000000
1448065.000000
5720058.000000
9178982.000000
13546678.000000
2421045.000000
15346288.000000
14125607.000000
1030701.000000
13210185.000000
15122408.000000
11184470.000000
6202417.000000
6445202.000000
5774695.000000
3785997.000000
10598067.000000
10266849.000000
5589272.000000
12838534.000000
7437721.000000
3794219.000000
9357901.000000
292093.000000
2174199.000000
13740466.000000
568099.000000
2239397.000000
3238217.000000
5149837.000000
3536927.000000
7617934.000000
1518843.000000
5700695.000000
8356091.000000
6406910.000000
9131023.000000
11114656.000000
8095639.000000
4746261.000000
4047088.000000
147620.000000
11488378.000000
6507690.000000
2402852.000000
13256570.000000
6929759.000000
14512902.000000
6722869.000000
6749427.000000
7534491.000000
3366589.000000
8207843.000000
2892761.000000
4064588.000000
3755639.000000
5276102.000000
6391000.000000
5851816.000000
12173998.000000
942954.000000
360847.000000
5634256.000000
676482.000000
10832587.000000
2227272.000000
6904895.000000
13048325.000000
1510350.000000
13368135.000000
12877811.000000
8658329.000000
13105702.000000
4849643.000000
4950027.000000
6969876.000000
8365635.000000
14575357.000000
11328882.000000
13323799.000000
1929736.000000
2735047.000000
13342517.000000
14322498.000000
6661822.000000
2449989.000000
5800122.000000
4583931.000000
5399270.000000
852154.000000
3249505.000000
11210382.000000
653836.000000
13891047.000000
7069445.000000
5682568.000000
12078991.000000
1597935.000000
4335856.000000
3999332.000000
12975729.000000
7160399.000000
14241628.000000
11861943.000000
8687352.000000
12645806.000000
1354332.000000
13122241.000000
5990812.000000
15368749.000000
11685457.000000
6271053.000000
1680669.000000
3690782.000000
1168920.000000
12429460.000000
507372.000000
12210816.000000
5808633.000000
5436836.000000
7686042.000000
1354800.000000
9599326.000000
12185987.000000
7486450.000000
3315546.000000
7366550.000000
8062251.000000
6754721.000000
2460134.000000
415983.000000
14349592.000000
8513080.000000
1725465.000000
892592.000000
14860617.000000
7269789.000000
5687246.000000
167658.000000
3183137.000000
4578274.000000
14211515.000000
12644651.000000
159446.000000
1585521.000000
2077845.000000
6029226.000000
9610523.000000
13289441.000000
7762594.000000
1218735.000000
12023603.000000
3419452.000000
13349874.000000
9131395.000000
241393.000000
5849605.000000
10420605.000000
6806639.000000
98886.000000
9435305.000000
3069246.000000
13798380.000000
1406851.000000
4229184.000000
13282967.000000
3803648.000000
8367613.000000
637470.000000
1243968.000000
3251547.000000
13920629.000000
13492173.000000
1995841.000000
13823340.000000
8845697.000000
5867930.000000
14235988.000000
605654.000000
14774047.000000
9686098.000000
14389181.000000
6289967.000000
952903.000000
676206.000000
1520243.000000
1633707.000000
3164369.000000
8595905.000000
2613111.000000
5300616.000000
15297248.000000
1828770.000000
8781434.000000
790375.000000
12782989.000000
12856177.000000
2530150.000000
206841.000000
11115454.000000
9884349.000000
7409581.000000
1474153.000000
7874535.000000
5223841.000000
5854780.000000
5471438.000000
549513.000000
13971762.000000
6656987.000000
2619930.000000
1671009.000000
1107358.000000
7261374.000000
7206857.000000
12557555.000000
10545165.000000
9210563.000000
6272622.000000
10557262.000000
5420224.000000
2152067.000000
12387934.000000
4271319.000000
3411302.000000
882419.000000
4944481.000000
10444657.000000
1471335.000000
6476903.000000
3893472.000000
1828656.000000
3936735.000000
14579636.000000
4512116.000000
6930452.000000
6834950.000000
12773451.000000
7688548.000000
9936867.000000
9041121.000000
1869370.000000
7687988.000000
4835504.000000
104349.000000
8084450.000000
8434164.000000
1835864.000000
560512.000000
12669244.000000
13291655.000000
10242702.000000
3106550.000000
11930723.000000
4153904.000000
2917422.000000
7348111.000000
1760851.000000
7354276.000000
6412510.000000
14968788.000000
13059909.000000
6724291.000000
125314.000000
7611734.000000
3549990.000000
7644512.000000
9551509.000000
624535.000000
2230274.000000
118597.000000
5244670.000000
651954.000000
13836388.000000
7452104.000000
1790684.000000
12915734.000000
16036499.000000
5094170.000000
8097788.000000
2477831.000000
11115309.000000
9074306.000000
4119756.000000
3472198.000000
6702415.000000
5372902.000000
9599203.000000
11919080.000000
12742909.000000
10196180.000000
4416390.000000
13892419.000000
14056662.000000
1811277.000000
3586067.000000
9718110.000000
9064365.000000
9455882.000000
14462241.000000
5781211.000000
206997.000000
740544.000000
2042363.000000
5616339.000000
14757052.000000
8913819.000000
562504.000000
11962821.000000
9149115.000000
13363793.000000
3844420.000000
3786765.000000
4405740.000000
4477528.000000
3979007.000000
5622647.000000
1852442.000000
11753427.000000
7750829.000000
13601274.000000
3695235.000000
6212340.000000
1698981.000000
4688424.000000
634505.000000
8499580.000000
12985105.000000
6119172.000000
13866181.000000
8432968.000000
454918.000000
8996346.000000
808594.000000
8509183.000000
6767639.000000
10078506.000000
14265225.000000
8595358.000000
4486515.000000
4911980.000000
4322514.000000
13481246.000000
13986184.000000
10610298.000000
9722640.000000
6301843.000000
7320281.000000
1129128.000000
14126602.000000
3351529.000000
955846.000000
1673692.000000
2049649.000000
8635153.000000
12314275.000000
13156729.000000
7461970.000000
1614713.000000
12377217.000000
8374052.000000
6086174.000000
7325225.000000
2597310.000000
7712999.000000
13971646.000000
955137.000000
14120928.000000
14996948.000000
6861615.000000
7324384.000000
10512475.000000
15491849.000000
11761043.000000
452359.000000
10304894.000000
11535225.000000
5079789.000000
5682034.000000
8937001.000000
13732589.000000
2508972.000000
15291216.000000
5258529.000000
14054542.000000
14931813.000000
11467296.000000
8704729.000000
11554716.000000
2800049.000000
5952851.000000
621188.000000
2544099.000000
13761752.000000
14271444.000000
12824067.000000
10010327.000000
12822552.000000
13568964.000000
13988444.000000
7547789.000000
6777331.000000
863001.000000
12212255.000000
120650.000000
431790.000000
8900408.000000
4947668.000000
8946098.000000
11764364.000000
7660524.000000
182761.000000
5008199.000000
12721709.000000
3582338.000000
2275908.000000
3618797.000000
8083922.000000
8780023.000000
11090875.000000
9446064.000000
5845322.000000
3150551.000000
503422.000000
2985149.000000
3743472.000000
8963786.000000
10634922.000000
2519520.000000
7577616.000000
473234.000000
8769361.000000
2765534.000000
14343716.000000
2403297.000000
329536.000000
8345378.000000
3304223.000000
6145875.000000
2187702.000000
