0.000000
0.000000
0.000000
0.000000
0.000000
0.000000
0.000000
0.000000
0.000000
0.000000
0.000000
0.000000
0.000000
0.000000
0.000000
0.000000
0.000000
0.000000
0.000000
0.000000
0.000000
0.000000
0.000000
0.000000
0.000000
0.000000
0.000000
0.000000
0.000000
0.000000
0.000000
0.000000
0.000000
0.000000
0.000000
0.000000
0.000000
0.000000
0.000000
0.000000
0.000000
0.000000
0.000000
0.000000
0.000000
0.000000
0.000000
0.000000
0.000000
0.000000
0.000000
0.000000
0.000000
0.000000
0.000000
0.000000
0.000000
0.000000
0.000000
0.000000
0.000000
0.000000
0.000000
0.000000
0.000000
0.000000
0.000000
0.000000
0.000000
0.000000
0.000000
0.000000
0.000000
0.000000
0.000000
0.000000
0.000000
0.000000
0.000000
0.000000
0.000000
0.000000
0.000000
0.000000
0.000000
0.000000
0.000000
0.000000
0.000000
0.000000
0.000000
0.000000
0.000000
0.000000
0.000000
0.000000
0.000000
0.000000
0.000000
0.000000
0.000000
0.000000
0.000000
0.000000
0.000000
0.000000
0.000000
0.000000
0.000000
0.000000
0.000000
0.000000
0.000000
0.000000
0.000000
0.000000
0.000000
0.000000
0.000000
0.000000
0.000000
0.000000
0.000000
0.000000
0.000000
0.000000
0.000000
0.000000
0.000000
0.000000
0.000000
0.000000
0.000000
0.000000
0.000000
0.000000
0.000000
0.000000
0.000000
0.000000
0.000000
0.000000
0.000000
0.000000
0.000000
0.000000
0.000000
0.000000
0.000000
0.000000
0.000000
0.000000
0.000000
0.000000
0.000000
0.000000
0.000000
0.000000
0.000000
0.000000
0.000000
0.000000
0.000000
0.000000
0.000000
0.000000
0.000000
0.000000
0.000000
0.000000
0.000000
0.000000
0.000000
0.000000
0.000000
0.000000
0.000000
0.000000
0.000000
0.000000
0.000000
0.000000
0.000000
0.000000
0.000000
0.000000
0.000000
0.000000
0.000000
0.000000
0.000000
0.000000
0.000000
0.000000
0.000000
0.000000
0.000000
0.000000
0.000000
0.000000
0.000000
0.000000
0.000000
0.000000
0.000000
0.000000
0.000000
0.000000
0.000000
0.000000
0.000000
0.000000
0.000000
0.000000
0.000000
0.000000
0.000000
0.000000
0.000000
0.000000
0.000000
0.000000
0.000000
0.000000
0.000000
0.000000
0.000000
0.000000
0.000000
0.000000
0.000000
0.000000
0.000000
0.000000
0.000000
0.000000
0.000000
0.000000
0.000000
0.000000
0.000000
0.000000
0.000000
0.000000
0.000000
0.000000
0.000000
0.000000
0.000000
0.000000
0.000000
0.000000
0.000000
0.000000
0.000000
0.000000
0.000000
0.000000
0.000000
0.000000
0.000000
0.000000
0.000000
0.000000
0.000000
0.000000
0.000000
0.000000
0.000000
0.000000
0.000000
0.000000
0.000000
0.000000
0.000000
0.000000
0.000000
0.000000
0.000000
0.000000
0.000000
0.000000
0.000000
0.000000
0.000000
0.000000
0.000000
0.000000
0.000000
0.000000
0.000000
0.000000
0.000000
0.000000
0.000000
0.000000
0.000000
0.000000
0.000000
0.000000
0.000000
0.000000
0.000000
0.000000
0.000000
0.000000
0.000000
0.000000
0.000000
0.000000
0.000000
0.000000
0.000000
0.000000
0.000000
0.000000
0.000000
0.000000
0.000000
0.000000
0.000000
0.000000
0.000000
0.000000
0.000000
0.000000
0.000000
0.000000
0.000000
0.000000
0.000000
0.000000
0.000000
0.000000
0.000000
0.000000
0.000000
0.000000
0.000000
0.000000
0.000000
0.000000
0.000000
0.000000
0.000000
0.000000
0.000000
0.000000
0.000000
0.000000
0.000000
0.000000
0.000000
0.000000
0.000000
0.000000
0.000000
0.000000
0.000000
0.000000
0.000000
0.000000
0.000000
0.000000
0.000000
0.000000
0.000000
0.000000
0.000000
0.000000
0.000000
0.000000
0.000000
0.000000
0.000000
0.000000
0.000000
0.000000
0.000000
0.000000
0.000000
0.000000
0.000000
0.000000
0.000000
0.000000
0.000000
0.000000
0.000000
0.000000
0.000000
0.000000
0.000000
0.000000
0.000000
0.000000
0.000000
0.000000
0.000000
0.000000
0.000000
0.000000
0.000000
0.000000
0.000000
0.000000
0.000000
0.000000
0.000000
0.000000
0.000000
0.000000
0.000000
0.000000
0.000000
0.000000
0.000000
0.000000
0.000000
0.000000
0.000000
0.000000
0.000000
0.000000
0.000000
0.000000
0.000000
0.000000
0.000000
0.000000
0.000000
0.000000
0.000000
0.000000
0.000000
0.000000
0.000000
0.000000
0.000000
0.000000
0.000000
0.000000
0.000000
0.000000
0.000000
0.000000
0.000000
0.000000
0.000000
0.000000
0.000000
0.000000
0.000000
0.000000
0.000000
0.000000
0.000000
0.000000
0.000000
0.000000
0.000000
0.000000
0.000000
0.000000
0.000000
0.000000
0.000000
0.000000
0.000000
0.000000
0.000000
0.000000
0.000000
0.000000
0.000000
0.000000
0.000000
0.000000
0.000000
0.000000
0.000000
16008575.000000
1184754.000000
694687.000000
10378576.000000
559736.000000
2609185.000000
4393989.000000
8610689.000000
8092570.000000
895404.000000
8625483.000000
9502529.000000
3130842.000000
4354654.000000
151009.000000
6422864.000000
4353322.000000
5331069.000000
8660862.000000
7791272.000000
6389912.000000
8856888.000000
3733100.000000
6886036.000000
8031085.000000
7331503.000000
438292.000000
8767243.000000
5833583.000000
5763435.000000
1316176.000000
4238130.000000
9567137.000000
7389755.000000
3749124.000000
1522932.000000
7042604.000000
7257849.000000
2963247.000000
9721729.000000
5770908.000000
5236775.000000
7812487.000000
6385917.000000
9565939.000000
1109047.000000
3930572.000000
1433393.000000
5019737.000000
5538400.000000
3865194.000000
924357.000000
5775279.000000
3886184.000000
7321207.000000
7864966.000000
5989654.000000
6860468.000000
8225066.000000
6898728.000000
6633354.000000
6354838.000000
975754.000000
4300188.000000
4933261.000000
4676056.000000
1383124.000000
6019197.000000
7247458.000000
8649725.000000
2311124.000000
10129295.000000
9826181.000000
1168123.000000
6883129.000000
9300094.000000
8454981.000000
4960246.000000
5429209.000000
4408636.000000
3597910.000000
9603908.000000
8701966.000000
5310538.000000
9479118.000000
6786175.000000
3979299.000000
7688938.000000
278310.000000
2384618.000000
8759419.000000
526668.000000
2334315.000000
3321162.000000
4948990.000000
4052236.000000
5262339.000000
1482806.000000
4731196.000000
6221990.000000
4945311.000000
7621127.000000
8608445.000000
5798081.000000
4570143.000000
3435975.000000
160735.000000
9668207.000000
4977325.000000
2597505.000000
9289359.000000
6720011.000000
9612178.000000
5193609.000000
6545002.000000
5575673.000000
4326972.000000
6072694.000000
3002439.000000
4182889.000000
3485907.000000
5243658.000000
4542247.000000
4693758.000000
8538314.000000
1160445.000000
408721.000000
4830474.000000
710072.000000
8152303.000000
2217952.000000
4860007.000000
9712680.000000
1199304.000000
10297630.000000
8697236.000000
6937665.000000
9900269.000000
5222978.000000
4352003.000000
4908928.000000
6681159.000000
7828255.000000
9708106.000000
10101446.000000
1634990.000000
2652667.000000
8104879.000000
10273069.000000
5140621.000000
2609286.000000
4339981.000000
4138168.000000
4609993.000000
870908.000000
3342854.000000
8681013.000000
622362.000000
8008254.000000
5236813.000000
4459749.000000
8826537.000000
1724423.000000
3914555.000000
3686787.000000
8879313.000000
5466748.000000
9209563.000000
10655612.000000
6013370.000000
8009231.000000
1244773.000000
9595517.000000
4736188.000000
8341937.000000
8381912.000000
5934944.000000
1385389.000000
3371152.000000
1167353.000000
9952664.000000
506442.000000
9056967.000000
4458682.000000
4930927.000000
6110239.000000
1486899.000000
7487972.000000
7303573.000000
6183628.000000
4372712.000000
6426273.000000
5902403.000000
5599284.000000
2461165.000000
513868.000000
9108721.000000
6728287.000000
1760157.000000
1166149.000000
9016942.000000
5315667.000000
4936545.000000
189711.000000
3048075.000000
4216521.000000
8804909.000000
9529595.000000
178393.000000
1440912.000000
1859566.000000
5448475.000000
6656961.000000
8949773.000000
6848539.000000
1149950.000000
9687637.000000
3726732.000000
9351768.000000
7164699.000000
273482.000000
4976853.000000
7362646.000000
6295250.000000
107375.000000
7376428.000000
3173986.000000
8592179.000000
1437553.000000
3617210.000000
8563794.000000
3552566.000000
6474780.000000
666331.000000
1289565.000000
3167943.000000
8367543.000000
10403217.000000
2350745.000000
9390177.000000
7100854.000000
4479259.000000
8530046.000000
538519.000000
9542006.000000
7656233.000000
8947887.000000
5472138.000000
899078.000000
914312.000000
1619826.000000
1648937.000000
2805230.000000
7218319.000000
2986119.000000
4445057.000000
8460408.000000
2151623.000000
7216954.000000
644751.000000
10031046.000000
8084684.000000
3126779.000000
201554.000000
8713464.000000
7552945.000000
7489659.000000
1393889.000000
6236516.000000
4880285.000000
4370111.000000
5187890.000000
588757.000000
8592852.000000
5457634.000000
3035224.000000
1800528.000000
1328608.000000
5731505.000000
6168104.000000
9229506.000000
7938444.000000
7026359.000000
5318333.000000
8435817.000000
4073736.000000
1738624.000000
8082528.000000
3677261.000000
3902869.000000
964536.000000
4161677.000000
7931776.000000
1218041.000000
5882078.000000
4378630.000000
1483175.000000
3256556.000000
10289106.000000
4163837.000000
6417620.000000
5842072.000000
9175513.000000
5189628.000000
8317281.000000
8369308.000000
2268522.000000
5460416.000000
4356251.000000
93633.000000
6834124.000000
7650807.000000
1888255.000000
656408.000000
8674313.000000
9562588.000000
7915460.000000
2912416.000000
8583626.000000
3741733.000000
3477064.000000
5190129.000000
1911805.000000
5767283.000000
5120130.000000
9309520.000000
8978639.000000
5359591.000000
134131.000000
5721580.000000
3167112.000000
7515144.000000
6863091.000000
594118.000000
2563584.000000
133238.000000
5141967.000000
647252.000000
9642289.000000
5820812.000000
1925598.000000
9360085.000000
9725739.000000
4979412.000000
6329709.000000
3012076.000000
10217425.000000
8115377.000000
3796942.000000
3757008.000000
4482619.000000
4226820.000000
8471114.000000
9010988.000000
7909741.000000
8415248.000000
3847149.000000
8621269.000000
8333802.000000
1568149.000000
3881169.000000
8866206.000000
7023806.000000
7132692.000000
9717117.000000
4892701.000000
238904.000000
785528.000000
1591939.000000
4650880.000000
9031499.000000
7161703.000000
579566.000000
8973799.000000
6251274.000000
8577162.000000
3263162.000000
4255014.000000
4798315.000000
4259439.000000
3996339.000000
5028881.000000
2253678.000000
9062321.000000
6565682.000000
9775989.000000
3337759.000000
5541498.000000
1813600.000000
4038198.000000
718916.000000
6939250.000000
9127887.000000
5059666.000000
9546532.000000
6707749.000000
476824.000000
7056513.000000
890548.000000
7808218.000000
5230866.000000
7379817.000000
9484948.000000
6730984.000000
3911587.000000
4846320.000000
3752548.000000
8227957.000000
8905486.000000
7642967.000000
8320674.000000
5920987.000000
5955980.000000
979860.000000
10225492.000000
4218526.000000
957858.000000
1863306.000000
2307780.000000
6818106.000000
8985661.000000
10898718.000000
6270322.000000
2037741.000000
10136598.000000
6474324.000000
6085409.000000
5947198.000000
2873009.000000
6361692.000000
9294282.000000
1053731.000000
10097881.000000
10289106.000000
6091676.000000
6116311.000000
7291172.000000
9471363.000000
9085322.000000
471389.000000
8309683.000000
9293981.000000
4842423.000000
5290523.000000
7294598.000000
9144232.000000
2603737.000000
8216428.000000
3966766.000000
9244027.000000
8536582.000000
8399920.000000
7978352.000000
9645173.000000
2952927.000000
4887533.000000
677680.000000
2469121.000000
9040445.000000
8019475.000000
10454652.000000
7321130.000000
7810667.000000
9709521.000000
8498037.000000
6215365.000000
5290814.000000
623126.000000
8444796.000000
127251.000000
479355.000000
8318051.000000
4449400.000000
7739335.000000
7937473.000000
6824883.000000
197724.000000
3699289.000000
9427966.000000
3438234.000000
2524016.000000
3492756.000000
7082889.000000
6675306.000000
8579600.000000
7014906.000000
4892833.000000
3043277.000000
492407.000000
3204443.000000
3711193.000000
7249143.000000
8046517.000000
2095978.000000
6097319.000000
479450.000000
6615396.000000
3487852.000000
10031760.000000
2546591.000000
411598.000000
6080387.000000
3653826.000000
5456526.000000
1857164.000000
