0.000000
0.000000
0.000000
0.000000
0.000000
0.000000
0.000000
0.000000
0.000000
0.000000
0.000000
0.000000
0.000000
0.000000
0.000000
0.000000
0.000000
0.000000
0.000000
0.000000
0.000000
0.000000
0.000000
0.000000
0.000000
0.000000
0.000000
0.000000
0.000000
0.000000
0.000000
0.000000
0.000000
0.000000
0.000000
0.000000
0.000000
0.000000
0.000000
0.000000
0.000000
0.000000
0.000000
0.000000
0.000000
0.000000
0.000000
0.000000
0.000000
0.000000
0.000000
0.000000
0.000000
0.000000
0.000000
0.000000
0.000000
0.000000
0.000000
0.000000
0.000000
0.000000
0.000000
0.000000
0.000000
0.000000
0.000000
0.000000
0.000000
0.000000
0.000000
0.000000
0.000000
0.000000
0.000000
0.000000
0.000000
0.000000
0.000000
0.000000
0.000000
0.000000
0.000000
0.000000
0.000000
0.000000
0.000000
0.000000
0.000000
0.000000
0.000000
0.000000
0.000000
0.000000
0.000000
0.000000
0.000000
0.000000
0.000000
0.000000
0.000000
0.000000
0.000000
0.000000
0.000000
0.000000
0.000000
0.000000
0.000000
0.000000
0.000000
0.000000
0.000000
0.000000
0.000000
0.000000
0.000000
0.000000
0.000000
0.000000
0.000000
0.000000
0.000000
0.000000
0.000000
0.000000
0.000000
0.000000
0.000000
0.000000
0.000000
0.000000
0.000000
0.000000
0.000000
0.000000
0.000000
0.000000
0.000000
0.000000
0.000000
0.000000
0.000000
0.000000
0.000000
0.000000
0.000000
0.000000
0.000000
0.000000
0.000000
0.000000
0.000000
0.000000
0.000000
0.000000
0.000000
0.000000
0.000000
0.000000
0.000000
0.000000
0.000000
0.000000
0.000000
0.000000
0.000000
0.000000
0.000000
0.000000
0.000000
0.000000
0.000000
0.000000
0.000000
0.000000
0.000000
0.000000
0.000000
0.000000
0.000000
0.000000
0.000000
0.000000
0.000000
0.000000
0.000000
0.000000
0.000000
0.000000
0.000000
0.000000
0.000000
0.000000
0.000000
0.000000
0.000000
0.000000
0.000000
0.000000
0.000000
0.000000
0.000000
0.000000
0.000000
0.000000
0.000000
0.000000
0.000000
0.000000
0.000000
0.000000
0.000000
0.000000
0.000000
0.000000
0.000000
0.000000
0.000000
0.000000
0.000000
0.000000
0.000000
0.000000
0.000000
0.000000
0.000000
0.000000
0.000000
0.000000
0.000000
0.000000
0.000000
0.000000
0.000000
0.000000
0.000000
0.000000
0.000000
0.000000
0.000000
0.000000
0.000000
0.000000
0.000000
0.000000
0.000000
0.000000
0.000000
0.000000
0.000000
0.000000
0.000000
0.000000
0.000000
0.000000
0.000000
0.000000
0.000000
0.000000
0.000000
0.000000
0.000000
0.000000
0.000000
0.000000
0.000000
0.000000
0.000000
0.000000
0.000000
0.000000
0.000000
0.000000
0.000000
0.000000
0.000000
0.000000
0.000000
0.000000
0.000000
0.000000
0.000000
0.000000
0.000000
0.000000
0.000000
0.000000
0.000000
0.000000
0.000000
0.000000
0.000000
0.000000
0.000000
0.000000
0.000000
0.000000
0.000000
0.000000
0.000000
0.000000
0.000000
0.000000
0.000000
0.000000
0.000000
0.000000
0.000000
0.000000
0.000000
0.000000
0.000000
0.000000
0.000000
0.000000
0.000000
0.000000
0.000000
0.000000
0.000000
0.000000
0.000000
0.000000
0.000000
0.000000
0.000000
0.000000
0.000000
0.000000
0.000000
0.000000
0.000000
0.000000
0.000000
0.000000
0.000000
0.000000
0.000000
0.000000
0.000000
0.000000
0.000000
0.000000
0.000000
0.000000
0.000000
0.000000
0.000000
0.000000
0.000000
0.000000
0.000000
0.000000
0.000000
0.000000
0.000000
0.000000
0.000000
0.000000
0.000000
0.000000
0.000000
0.000000
0.000000
0.000000
0.000000
0.000000
0.000000
0.000000
0.000000
0.000000
0.000000
0.000000
0.000000
0.000000
0.000000
0.000000
0.000000
0.000000
0.000000
0.000000
0.000000
0.000000
0.000000
0.000000
0.000000
0.000000
0.000000
0.000000
0.000000
0.000000
0.000000
0.000000
0.000000
0.000000
0.000000
0.000000
0.000000
0.000000
0.000000
0.000000
0.000000
0.000000
0.000000
0.000000
0.000000
0.000000
0.000000
0.000000
0.000000
0.000000
0.000000
0.000000
0.000000
0.000000
0.000000
0.000000
0.000000
0.000000
0.000000
0.000000
0.000000
0.000000
0.000000
0.000000
0.000000
0.000000
0.000000
0.000000
0.000000
0.000000
0.000000
0.000000
0.000000
0.000000
0.000000
0.000000
0.000000
0.000000
0.000000
0.000000
0.000000
0.000000
0.000000
0.000000
0.000000
0.000000
0.000000
0.000000
0.000000
0.000000
0.000000
0.000000
0.000000
0.000000
0.000000
0.000000
0.000000
0.000000
0.000000
0.000000
0.000000
0.000000
0.000000
0.000000
0.000000
0.000000
0.000000
0.000000
0.000000
0.000000
0.000000
0.000000
0.000000
0.000000
0.000000
0.000000
0.000000
0.000000
0.000000
0.000000
2127515.000000
594164.000000
1253642.000000
520379.000000
1051029.000000
1187366.000000
1420805.000000
1129097.000000
743094.000000
1228307.000000
1219672.000000
1190936.000000
1139537.000000
166615.000000
1290750.000000
1116221.000000
1273275.000000
1252908.000000
1138776.000000
1160452.000000
1226404.000000
1214591.000000
1161439.000000
1194441.000000
1574813.000000
424737.000000
1171512.000000
1255204.000000
1281928.000000
873740.000000
1085245.000000
1315926.000000
1280885.000000
1058945.000000
922155.000000
1250871.000000
1289100.000000
1298286.000000
1283694.000000
1011015.000000
1227701.000000
1238613.000000
1244596.000000
1291715.000000
880012.000000
1127943.000000
990662.000000
1421294.000000
1472958.000000
1145414.000000
765272.000000
1222134.000000
1134453.000000
1388926.000000
1231629.000000
1120709.000000
1184161.000000
1210800.000000
1178479.000000
1048245.000000
1076639.000000
774800.000000
1158312.000000
1292702.000000
1302682.000000
955828.000000
1302248.000000
1133310.000000
1409809.000000
1186507.000000
1267733.000000
1390427.000000
891223.000000
1293207.000000
1280719.000000
1151376.000000
1185821.000000
1116508.000000
1080004.000000
1210028.000000
1131384.000000
1189998.000000
1377019.000000
1239139.000000
1224361.000000
1160445.000000
1318231.000000
294334.000000
982175.000000
1239589.000000
423951.000000
955267.000000
1231524.000000
1197185.000000
1347044.000000
1126184.000000
958127.000000
1208915.000000
1213360.000000
1203860.000000
1141942.000000
1236126.000000
1139515.000000
1413527.000000
1137848.000000
160145.000000
1149255.000000
1169998.000000
1204946.000000
1246989.000000
1276403.000000
1327063.000000
1049585.000000
1302227.000000
1276929.000000
1197122.000000
1146642.000000
1166632.000000
1113185.000000
1130825.000000
1274623.000000
1072919.000000
1239001.000000
1284466.000000
803396.000000
417364.000000
1141174.000000
555022.000000
1170133.000000
1129119.000000
1234239.000000
1281978.000000
895594.000000
1293864.000000
1286498.000000
1257945.000000
1276798.000000
1306686.000000
1348372.000000
1126188.000000
1122135.000000
1129700.000000
1185593.000000
1167235.000000
1035184.000000
1223287.000000
1218905.000000
1289996.000000
1218322.000000
1339018.000000
1186436.000000
1134625.000000
1313389.000000
678410.000000
1309521.000000
1214716.000000
417642.000000
1211790.000000
1159007.000000
1059006.000000
1199917.000000
976627.000000
1161845.000000
1105447.000000
1281515.000000
1166644.000000
1193110.000000
1277209.000000
1118114.000000
1112482.000000
865756.000000
1272730.000000
1179182.000000
1238076.000000
1407803.000000
1254432.000000
847759.000000
1187318.000000
789555.000000
1353065.000000
519091.000000
1315860.000000
994180.000000
1186504.000000
1257522.000000
915191.000000
1362883.000000
1414287.000000
1315179.000000
1365279.000000
1083343.000000
1161228.000000
1293586.000000
1107728.000000
403184.000000
1416113.000000
1183936.000000
1127610.000000
861758.000000
1288813.000000
1056829.000000
1404311.000000
173840.000000
1138422.000000
1315570.000000
1178537.000000
1352118.000000
169032.000000
917545.000000
1096047.000000
1283611.000000
1231190.000000
1366432.000000
1116257.000000
843655.000000
1106451.000000
1058095.000000
1301600.000000
1239119.000000
341703.000000
1050483.000000
1062302.000000
1199516.000000
104650.000000
1183167.000000
1083941.000000
1066558.000000
879601.000000
1173174.000000
1301765.000000
1013831.000000
1202371.000000
608840.000000
816436.000000
1045307.000000
1210492.000000
1319903.000000
1218863.000000
1357961.000000
1233822.000000
1184727.000000
1111985.000000
430262.000000
1272502.000000
1138607.000000
1153916.000000
1130813.000000
766799.000000
577368.000000
1064438.000000
1012614.000000
1042114.000000
1316740.000000
1122376.000000
1383192.000000
1188638.000000
1060057.000000
1285459.000000
668127.000000
1210289.000000
1224644.000000
1261268.000000
217805.000000
1394023.000000
1186177.000000
1441263.000000
813620.000000
1138869.000000
1256610.000000
1113881.000000
1291944.000000
518112.000000
1111777.000000
1279751.000000
1028454.000000
900386.000000
824215.000000
1109708.000000
1224748.000000
1172405.000000
1143474.000000
1374210.000000
1230522.000000
1185951.000000
1088993.000000
982579.000000
1222452.000000
1012764.000000
1098197.000000
783506.000000
1201183.000000
1431462.000000
919839.000000
1337867.000000
1337633.000000
958964.000000
1193340.000000
1349606.000000
1265339.000000
1280079.000000
1061540.000000
1346479.000000
1108710.000000
1245282.000000
1332795.000000
1110658.000000
1289755.000000
1221577.000000
91694.000000
1427338.000000
1270161.000000
1079723.000000
591617.000000
1361746.000000
1247700.000000
1339569.000000
1080886.000000
1166451.000000
1172801.000000
1193795.000000
1221629.000000
1107463.000000
1200234.000000
1172278.000000
1373417.000000
1309335.000000
1225799.000000
135392.000000
945336.000000
1094892.000000
1346730.000000
1130650.000000
542315.000000
1044947.000000
149131.000000
1260860.000000
580568.000000
1372871.000000
1268253.000000
927607.000000
1359646.000000
1301271.000000
1292385.000000
1181511.000000
1284146.000000
1159948.000000
1286856.000000
1163600.000000
1275254.000000
1155988.000000
1222850.000000
1332476.000000
1141919.000000
1281123.000000
1183506.000000
1026237.000000
1257901.000000
1173186.000000
1122941.000000
1321920.000000
1353073.000000
1155620.000000
1180197.000000
1180939.000000
1044789.000000
275188.000000
615921.000000
923662.000000
1184932.000000
1103166.000000
1150890.000000
464775.000000
1289433.000000
1182897.000000
1205251.000000
1223228.000000
1412269.000000
1070667.000000
1013881.000000
1206777.000000
1282310.000000
1110454.000000
1389975.000000
1247252.000000
1412604.000000
1085373.000000
1076810.000000
1065389.000000
1086988.000000
655272.000000
1291042.000000
1403887.000000
1158981.000000
1465940.000000
1342651.000000
437941.000000
1295530.000000
716072.000000
1180494.000000
1227046.000000
1221954.000000
1383226.000000
1184213.000000
1146120.000000
1230635.000000
1153525.000000
1363586.000000
1185130.000000
1069237.000000
1226418.000000
1279564.000000
1191126.000000
730653.000000
1218663.000000
1233717.000000
834337.000000
986108.000000
1122344.000000
1165249.000000
1223848.000000
1217628.000000
1310413.000000
886408.000000
1251467.000000
1271906.000000
1115255.000000
1159265.000000
1301057.000000
1249256.000000
1330754.000000
786811.000000
1235681.000000
1349606.000000
1239255.000000
1079280.000000
1160584.000000
1331961.000000
1253091.000000
444873.000000
1252185.000000
1403358.000000
1176682.000000
1295184.000000
1208793.000000
1259367.000000
1066011.000000
1392009.000000
1194009.000000
1264988.000000
1388819.000000
1161579.000000
1329969.000000
1253594.000000
1363679.000000
1160711.000000
572649.000000
1203726.000000
1292652.000000
1273446.000000
1437752.000000
1192128.000000
1235733.000000
1340496.000000
1116819.000000
1274821.000000
1300372.000000
686424.000000
1167966.000000
115668.000000
471872.000000
1158372.000000
1342248.000000
1116378.000000
1032242.000000
1191362.000000
178813.000000
1156702.000000
1294677.000000
1178272.000000
1205076.000000
1101885.000000
1280119.000000
1194779.000000
1308265.000000
1251676.000000
1148528.000000
1242879.000000
496943.000000
1302605.000000
1103373.000000
1104521.000000
1413443.000000
1080834.000000
1190164.000000
396162.000000
1325232.000000
1208997.000000
1239874.000000
1220160.000000
410085.000000
1145567.000000
1240698.000000
1399123.000000
1152890.000000
