0.000000
0.000000
0.000000
0.000000
0.000000
0.000000
0.000000
0.000000
0.000000
0.000000
0.000000
0.000000
0.000000
0.000000
0.000000
0.000000
0.000000
0.000000
0.000000
0.000000
0.000000
0.000000
0.000000
0.000000
0.000000
0.000000
0.000000
0.000000
0.000000
0.000000
0.000000
0.000000
0.000000
0.000000
0.000000
0.000000
0.000000
0.000000
0.000000
0.000000
0.000000
0.000000
0.000000
0.000000
0.000000
0.000000
0.000000
0.000000
0.000000
0.000000
0.000000
0.000000
0.000000
0.000000
0.000000
0.000000
0.000000
0.000000
0.000000
0.000000
0.000000
0.000000
0.000000
0.000000
0.000000
0.000000
0.000000
0.000000
0.000000
0.000000
0.000000
0.000000
0.000000
0.000000
0.000000
0.000000
0.000000
0.000000
0.000000
0.000000
0.000000
0.000000
0.000000
0.000000
0.000000
0.000000
0.000000
0.000000
0.000000
0.000000
0.000000
0.000000
0.000000
0.000000
0.000000
0.000000
0.000000
0.000000
0.000000
0.000000
0.000000
0.000000
0.000000
0.000000
0.000000
0.000000
0.000000
0.000000
0.000000
0.000000
0.000000
0.000000
0.000000
0.000000
0.000000
0.000000
0.000000
0.000000
0.000000
0.000000
0.000000
0.000000
0.000000
0.000000
0.000000
0.000000
0.000000
0.000000
0.000000
0.000000
0.000000
0.000000
0.000000
0.000000
0.000000
0.000000
0.000000
0.000000
0.000000
0.000000
0.000000
0.000000
0.000000
0.000000
0.000000
0.000000
0.000000
0.000000
0.000000
0.000000
0.000000
0.000000
0.000000
0.000000
0.000000
0.000000
0.000000
0.000000
0.000000
0.000000
0.000000
0.000000
0.000000
0.000000
0.000000
0.000000
0.000000
0.000000
0.000000
0.000000
0.000000
0.000000
0.000000
0.000000
0.000000
0.000000
0.000000
0.000000
0.000000
0.000000
0.000000
0.000000
0.000000
0.000000
0.000000
0.000000
0.000000
0.000000
0.000000
0.000000
0.000000
0.000000
0.000000
0.000000
0.000000
0.000000
0.000000
0.000000
0.000000
0.000000
0.000000
0.000000
0.000000
0.000000
0.000000
0.000000
0.000000
0.000000
0.000000
0.000000
0.000000
0.000000
0.000000
0.000000
0.000000
0.000000
0.000000
0.000000
0.000000
0.000000
0.000000
0.000000
0.000000
0.000000
0.000000
0.000000
0.000000
0.000000
0.000000
0.000000
0.000000
0.000000
0.000000
0.000000
0.000000
0.000000
0.000000
0.000000
0.000000
0.000000
0.000000
0.000000
0.000000
0.000000
0.000000
0.000000
0.000000
0.000000
0.000000
0.000000
0.000000
0.000000
0.000000
0.000000
0.000000
0.000000
0.000000
0.000000
0.000000
0.000000
0.000000
0.000000
0.000000
0.000000
0.000000
0.000000
0.000000
0.000000
0.000000
0.000000
0.000000
0.000000
0.000000
0.000000
0.000000
0.000000
0.000000
0.000000
0.000000
0.000000
0.000000
0.000000
0.000000
0.000000
0.000000
0.000000
0.000000
0.000000
0.000000
0.000000
0.000000
0.000000
0.000000
0.000000
0.000000
0.000000
0.000000
0.000000
0.000000
0.000000
0.000000
0.000000
0.000000
0.000000
0.000000
0.000000
0.000000
0.000000
0.000000
0.000000
0.000000
0.000000
0.000000
0.000000
0.000000
0.000000
0.000000
0.000000
0.000000
0.000000
0.000000
0.000000
0.000000
0.000000
0.000000
0.000000
0.000000
0.000000
0.000000
0.000000
0.000000
0.000000
0.000000
0.000000
0.000000
0.000000
0.000000
0.000000
0.000000
0.000000
0.000000
0.000000
0.000000
0.000000
0.000000
0.000000
0.000000
0.000000
0.000000
0.000000
0.000000
0.000000
0.000000
0.000000
0.000000
0.000000
0.000000
0.000000
0.000000
0.000000
0.000000
0.000000
0.000000
0.000000
0.000000
0.000000
0.000000
0.000000
0.000000
0.000000
0.000000
0.000000
0.000000
0.000000
0.000000
0.000000
0.000000
0.000000
0.000000
0.000000
0.000000
0.000000
0.000000
0.000000
0.000000
0.000000
0.000000
0.000000
0.000000
0.000000
0.000000
0.000000
0.000000
0.000000
0.000000
0.000000
0.000000
0.000000
0.000000
0.000000
0.000000
0.000000
0.000000
0.000000
0.000000
0.000000
0.000000
0.000000
0.000000
0.000000
0.000000
0.000000
0.000000
0.000000
0.000000
0.000000
0.000000
0.000000
0.000000
0.000000
0.000000
0.000000
0.000000
0.000000
0.000000
0.000000
0.000000
0.000000
0.000000
0.000000
0.000000
0.000000
0.000000
0.000000
0.000000
0.000000
0.000000
0.000000
0.000000
0.000000
0.000000
0.000000
0.000000
0.000000
0.000000
0.000000
0.000000
0.000000
0.000000
0.000000
0.000000
0.000000
0.000000
0.000000
0.000000
0.000000
0.000000
0.000000
0.000000
0.000000
0.000000
0.000000
0.000000
0.000000
0.000000
0.000000
0.000000
0.000000
0.000000
0.000000
0.000000
0.000000
0.000000
0.000000
0.000000
0.000000
0.000000
0.000000
0.000000
0.000000
0.000000
0.000000
0.000000
1185080.000000
863109.000000
402263.000000
636274.000000
688702.000000
763460.000000
837568.000000
554810.000000
709401.000000
754583.000000
653264.000000
606711.000000
121605.000000
627141.000000
730095.000000
682356.000000
773367.000000
918807.000000
671434.000000
658292.000000
761084.000000
711963.000000
899516.000000
754878.000000
327166.000000
894438.000000
703189.000000
951743.000000
630705.000000
686826.000000
902409.000000
717504.000000
658413.000000
663139.000000
642926.000000
690991.000000
685098.000000
670343.000000
634435.000000
732384.000000
630705.000000
665753.000000
696618.000000
569849.000000
716516.000000
686233.000000
686325.000000
745582.000000
678053.000000
420721.000000
799416.000000
646917.000000
753458.000000
655396.000000
646407.000000
777562.000000
665565.000000
751754.000000
680357.000000
694925.000000
554611.000000
680845.000000
680316.000000
778414.000000
620273.000000
716455.000000
645911.000000
731976.000000
641824.000000
763023.000000
814623.000000
472007.000000
803964.000000
779106.000000
646184.000000
650241.000000
824342.000000
807969.000000
649138.000000
722154.000000
715840.000000
714861.000000
729151.000000
747130.000000
770046.000000
889898.000000
246977.000000
601194.000000
673617.000000
388914.000000
711668.000000
633827.000000
606557.000000
724775.000000
701509.000000
567211.000000
698052.000000
747464.000000
685718.000000
729406.000000
829108.000000
664825.000000
783846.000000
739771.000000
127941.000000
714231.000000
612313.000000
770613.000000
645279.000000
672264.000000
811445.000000
681873.000000
746734.000000
603862.000000
539597.000000
758722.000000
715734.000000
528985.000000
854127.000000
719754.000000
705934.000000
654967.000000
810262.000000
519642.000000
301095.000000
645580.000000
444440.000000
667476.000000
654310.000000
722281.000000
756234.000000
712682.000000
867657.000000
698511.000000
723833.000000
709941.000000
634720.000000
629309.000000
663461.000000
566246.000000
714857.000000
707207.000000
714522.000000
608766.000000
732043.000000
668133.000000
701738.000000
877526.000000
729807.000000
625437.000000
625042.000000
730226.000000
499312.000000
648286.000000
720814.000000
369343.000000
668122.000000
719748.000000
606072.000000
779269.000000
596098.000000
660555.000000
684323.000000
730088.000000
741112.000000
819742.000000
808068.000000
656502.000000
685154.000000
749613.000000
797102.000000
713923.000000
798292.000000
740620.000000
712516.000000
562366.000000
709723.000000
634644.000000
638338.000000
370061.000000
763276.000000
751592.000000
893465.000000
775532.000000
632209.000000
661495.000000
700704.000000
718812.000000
666391.000000
723250.000000
768190.000000
694189.000000
706176.000000
364371.000000
757567.000000
728882.000000
669981.000000
554452.000000
862517.000000
717701.000000
685658.000000
151177.000000
717561.000000
750760.000000
817016.000000
731819.000000
165419.000000
647476.000000
738182.000000
786337.000000
724821.000000
737170.000000
661921.000000
622146.000000
769517.000000
715952.000000
722297.000000
620196.000000
180983.000000
725983.000000
701637.000000
643270.000000
107635.000000
738587.000000
765973.000000
891911.000000
683213.000000
696681.000000
825895.000000
692746.000000
880712.000000
420577.000000
630322.000000
780074.000000
835453.000000
685330.000000
739387.000000
794319.000000
675158.000000
666692.000000
829806.000000
401828.000000
806881.000000
804457.000000
721641.000000
777952.000000
548000.000000
338720.000000
705193.000000
629610.000000
619164.000000
701296.000000
725743.000000
697038.000000
933887.000000
673420.000000
819125.000000
474668.000000
716983.000000
892936.000000
606513.000000
157579.000000
595250.000000
806103.000000
819144.000000
543661.000000
770154.000000
600897.000000
728419.000000
627086.000000
400531.000000
695837.000000
696618.000000
748542.000000
571186.000000
637401.000000
631895.000000
765765.000000
768643.000000
771214.000000
660038.000000
749661.000000
750214.000000
700009.000000
688522.000000
682577.000000
637335.000000
759426.000000
468946.000000
667960.000000
670512.000000
604561.000000
713325.000000
566710.000000
684758.000000
563311.000000
811445.000000
735382.000000
771427.000000
647280.000000
902409.000000
746371.000000
760782.000000
768152.000000
543486.000000
629701.000000
673428.000000
102494.000000
803832.000000
787164.000000
540243.000000
411345.000000
710607.000000
795202.000000
686045.000000
707809.000000
720160.000000
604896.000000
708881.000000
690129.000000
613434.000000
655164.000000
738837.000000
823833.000000
720449.000000
626728.000000
109132.000000
770265.000000
682412.000000
747277.000000
725334.000000
393828.000000
565324.000000
110007.000000
782433.000000
469077.000000
812786.000000
719428.000000
631124.000000
795202.000000
797172.000000
801181.000000
653560.000000
571223.000000
772275.000000
743561.000000
723792.000000
698414.000000
717199.000000
694872.000000
811975.000000
666036.000000
648556.000000
722753.000000
670017.000000
845178.000000
772767.000000
625845.000000
693362.000000
834927.000000
679643.000000
716119.000000
655570.000000
749574.000000
192560.000000
425054.000000
589842.000000
898278.000000
682247.000000
723094.000000
416598.000000
1062557.000000
778528.000000
792509.000000
717077.000000
714951.000000
992874.000000
694697.000000
697364.000000
762444.000000
666813.000000
833367.000000
693714.000000
776006.000000
666090.000000
675771.000000
685535.000000
665807.000000
416075.000000
834061.000000
805641.000000
666823.000000
688937.000000
727704.000000
416951.000000
699018.000000
527659.000000
716331.000000
865053.000000
751007.000000
889998.000000
797601.000000
685740.000000
684418.000000
750482.000000
798350.000000
852410.000000
649905.000000
871626.000000
678355.000000
618795.000000
629711.000000
676442.000000
647363.000000
483564.000000
527826.000000
676920.000000
731058.000000
729960.000000
705974.000000
695646.000000
498373.000000
901304.000000
662456.000000
633880.000000
680499.000000
720854.000000
826471.000000
719061.000000
419388.000000
784956.000000
811445.000000
617305.000000
729628.000000
708347.000000
1081629.000000
659513.000000
299985.000000
705448.000000
708886.000000
753455.000000
686130.000000
899516.000000
975755.000000
650927.000000
714233.000000
623882.000000
708935.000000
776439.000000
683183.000000
763820.000000
698390.000000
664909.000000
739464.000000
456052.000000
575617.000000
740505.000000
665993.000000
741685.000000
958606.000000
723896.000000
873231.000000
655693.000000
674104.000000
686802.000000
493391.000000
756648.000000
124722.000000
363980.000000
654704.000000
656275.000000
793649.000000
640917.000000
707207.000000
179305.000000
653954.000000
673332.000000
683577.000000
632241.000000
752677.000000
643848.000000
758011.000000
912373.000000
826356.000000
703409.000000
692527.000000
466254.000000
675852.000000
716229.000000
743609.000000
737937.000000
672825.000000
825826.000000
380513.000000
743646.000000
734519.000000
671220.000000
623721.000000
280684.000000
662837.000000
724774.000000
738441.000000
672639.000000
