0.000000
0.000000
0.000000
0.000000
0.000000
0.000000
0.000000
0.000000
0.000000
0.000000
0.000000
0.000000
0.000000
0.000000
0.000000
0.000000
0.000000
0.000000
0.000000
0.000000
0.000000
0.000000
0.000000
0.000000
0.000000
0.000000
0.000000
0.000000
0.000000
0.000000
0.000000
0.000000
0.000000
0.000000
0.000000
0.000000
0.000000
0.000000
0.000000
0.000000
0.000000
0.000000
0.000000
0.000000
0.000000
0.000000
0.000000
0.000000
0.000000
0.000000
0.000000
0.000000
0.000000
0.000000
0.000000
0.000000
0.000000
0.000000
0.000000
0.000000
0.000000
0.000000
0.000000
0.000000
0.000000
0.000000
0.000000
0.000000
0.000000
0.000000
0.000000
0.000000
0.000000
0.000000
0.000000
0.000000
0.000000
0.000000
0.000000
0.000000
0.000000
0.000000
0.000000
0.000000
0.000000
0.000000
0.000000
0.000000
0.000000
0.000000
0.000000
0.000000
0.000000
0.000000
0.000000
0.000000
0.000000
0.000000
0.000000
0.000000
0.000000
0.000000
0.000000
0.000000
0.000000
0.000000
0.000000
0.000000
0.000000
0.000000
0.000000
0.000000
0.000000
0.000000
0.000000
0.000000
0.000000
0.000000
0.000000
0.000000
0.000000
0.000000
0.000000
0.000000
0.000000
0.000000
0.000000
0.000000
0.000000
0.000000
0.000000
0.000000
0.000000
0.000000
0.000000
0.000000
0.000000
0.000000
0.000000
0.000000
0.000000
0.000000
0.000000
0.000000
0.000000
0.000000
0.000000
0.000000
0.000000
0.000000
0.000000
0.000000
0.000000
0.000000
0.000000
0.000000
0.000000
0.000000
0.000000
0.000000
0.000000
0.000000
0.000000
0.000000
0.000000
0.000000
0.000000
0.000000
0.000000
0.000000
0.000000
0.000000
0.000000
0.000000
0.000000
0.000000
0.000000
0.000000
0.000000
0.000000
0.000000
0.000000
0.000000
0.000000
0.000000
0.000000
0.000000
0.000000
0.000000
0.000000
0.000000
0.000000
0.000000
0.000000
0.000000
0.000000
0.000000
0.000000
0.000000
0.000000
0.000000
0.000000
0.000000
0.000000
0.000000
0.000000
0.000000
0.000000
0.000000
0.000000
0.000000
0.000000
0.000000
0.000000
0.000000
0.000000
0.000000
0.000000
0.000000
0.000000
0.000000
0.000000
0.000000
0.000000
0.000000
0.000000
0.000000
0.000000
0.000000
0.000000
0.000000
0.000000
0.000000
0.000000
0.000000
0.000000
0.000000
0.000000
0.000000
0.000000
0.000000
0.000000
0.000000
0.000000
0.000000
0.000000
0.000000
0.000000
0.000000
0.000000
0.000000
0.000000
0.000000
0.000000
0.000000
0.000000
0.000000
0.000000
0.000000
0.000000
0.000000
0.000000
0.000000
0.000000
0.000000
0.000000
0.000000
0.000000
0.000000
0.000000
0.000000
0.000000
0.000000
0.000000
0.000000
0.000000
0.000000
0.000000
0.000000
0.000000
0.000000
0.000000
0.000000
0.000000
0.000000
0.000000
0.000000
0.000000
0.000000
0.000000
0.000000
0.000000
0.000000
0.000000
0.000000
0.000000
0.000000
0.000000
0.000000
0.000000
0.000000
0.000000
0.000000
0.000000
0.000000
0.000000
0.000000
0.000000
0.000000
0.000000
0.000000
0.000000
0.000000
0.000000
0.000000
0.000000
0.000000
0.000000
0.000000
0.000000
0.000000
0.000000
0.000000
0.000000
0.000000
0.000000
0.000000
0.000000
0.000000
0.000000
0.000000
0.000000
0.000000
0.000000
0.000000
0.000000
0.000000
0.000000
0.000000
0.000000
0.000000
0.000000
0.000000
0.000000
0.000000
0.000000
0.000000
0.000000
0.000000
0.000000
0.000000
0.000000
0.000000
0.000000
0.000000
0.000000
0.000000
0.000000
0.000000
0.000000
0.000000
0.000000
0.000000
0.000000
0.000000
0.000000
0.000000
0.000000
0.000000
0.000000
0.000000
0.000000
0.000000
0.000000
0.000000
0.000000
0.000000
0.000000
0.000000
0.000000
0.000000
0.000000
0.000000
0.000000
0.000000
0.000000
0.000000
0.000000
0.000000
0.000000
0.000000
0.000000
0.000000
0.000000
0.000000
0.000000
0.000000
0.000000
0.000000
0.000000
0.000000
0.000000
0.000000
0.000000
0.000000
0.000000
0.000000
0.000000
0.000000
0.000000
0.000000
0.000000
0.000000
0.000000
0.000000
0.000000
0.000000
0.000000
0.000000
0.000000
0.000000
0.000000
0.000000
0.000000
0.000000
0.000000
0.000000
0.000000
0.000000
0.000000
0.000000
0.000000
0.000000
0.000000
0.000000
0.000000
0.000000
0.000000
0.000000
0.000000
0.000000
0.000000
0.000000
0.000000
0.000000
0.000000
0.000000
0.000000
0.000000
0.000000
0.000000
0.000000
0.000000
0.000000
0.000000
0.000000
0.000000
0.000000
0.000000
0.000000
0.000000
0.000000
0.000000
0.000000
0.000000
0.000000
0.000000
0.000000
0.000000
0.000000
0.000000
0.000000
0.000000
0.000000
0.000000
0.000000
0.000000
0.000000
0.000000
0.000000
0.000000
0.000000
0.000000
0.000000
0.000000
928725.000000
473254.000000
431664.000000
641014.000000
462332.000000
398069.000000
611838.000000
549301.000000
572601.000000
514972.000000
131574.000000
506583.000000
521609.000000
545009.000000
539407.000000
470027.000000
489513.000000
577636.000000
561092.000000
538779.000000
596508.000000
556525.000000
315523.000000
514626.000000
462143.000000
488037.000000
529888.000000
493096.000000
551097.000000
461458.000000
553035.000000
559079.000000
495263.000000
674633.000000
571084.000000
486571.000000
435656.000000
559125.000000
580817.000000
463114.000000
555232.000000
463411.000000
482975.000000
511589.000000
640887.000000
528703.000000
456596.000000
456879.000000
595919.000000
585520.000000
544718.000000
511562.000000
517135.000000
512517.000000
529511.000000
543426.000000
489937.000000
548982.000000
479022.000000
514597.000000
513833.000000
516040.000000
506200.000000
598398.000000
533192.000000
627259.000000
591154.000000
589127.000000
620945.000000
391579.000000
548334.000000
545250.000000
633463.000000
552382.000000
478734.000000
514107.000000
572350.000000
542578.000000
613507.000000
476798.000000
567365.000000
531851.000000
574659.000000
495778.000000
229891.000000
451879.000000
535826.000000
285352.000000
457591.000000
625000.000000
530561.000000
629646.000000
496423.000000
482341.000000
508616.000000
541624.000000
465750.000000
597585.000000
389450.000000
431130.000000
565600.000000
465616.000000
113374.000000
539049.000000
534903.000000
515586.000000
575269.000000
596052.000000
643387.000000
434649.000000
490089.000000
482659.000000
485472.000000
592007.000000
447326.000000
531977.000000
501493.000000
553750.000000
532876.000000
486385.000000
521609.000000
476599.000000
303455.000000
561653.000000
352463.000000
567416.000000
604237.000000
433596.000000
689770.000000
408573.000000
598272.000000
601374.000000
600239.000000
599745.000000
612667.000000
623449.000000
501742.000000
642747.000000
444568.000000
463633.000000
560036.000000
425048.000000
650295.000000
523373.000000
541305.000000
511197.000000
477549.000000
425014.000000
442435.000000
610472.000000
419909.000000
441327.000000
600356.000000
208725.000000
495884.000000
556122.000000
479903.000000
580309.000000
498578.000000
557772.000000
502678.000000
547990.000000
603871.000000
508616.000000
603090.000000
453901.000000
498854.000000
374051.000000
507729.000000
524377.000000
584583.000000
535550.000000
642207.000000
477494.000000
569545.000000
517507.000000
565654.000000
317995.000000
612015.000000
511563.000000
510991.000000
569087.000000
404984.000000
493925.000000
646215.000000
521009.000000
607235.000000
616386.000000
465938.000000
591316.000000
646262.000000
282202.000000
583802.000000
512991.000000
487558.000000
454330.000000
662772.000000
508473.000000
601803.000000
148022.000000
486380.000000
540775.000000
620505.000000
573019.000000
112172.000000
547737.000000
567980.000000
550668.000000
544478.000000
598578.000000
582486.000000
457790.000000
562401.000000
557920.000000
719592.000000
545292.000000
203891.000000
423525.000000
410569.000000
474700.000000
113341.000000
632648.000000
501036.000000
557197.000000
392439.000000
522618.000000
497658.000000
472451.000000
593619.000000
348894.000000
484101.000000
538262.000000
549126.000000
606195.000000
619824.000000
600654.000000
433017.000000
484683.000000
629722.000000
278023.000000
599387.000000
555640.000000
587486.000000
663032.000000
455241.000000
385980.000000
531255.000000
482222.000000
526585.000000
554221.000000
658238.000000
656381.000000
578534.000000
457533.000000
556004.000000
418581.000000
628309.000000
569368.000000
549422.000000
185758.000000
490270.000000
460600.000000
617098.000000
376742.000000
555027.000000
526626.000000
485320.000000
443055.000000
289771.000000
513282.000000
483374.000000
536492.000000
534890.000000
521433.000000
435928.000000
568886.000000
511087.000000
523969.000000
535024.000000
574129.000000
455454.000000
446173.000000
491473.000000
523937.000000
395117.000000
554990.000000
493374.000000
535912.000000
628712.000000
481529.000000
604960.000000
513296.000000
592756.000000
588798.000000
660451.000000
464263.000000
515162.000000
471389.000000
551097.000000
601803.000000
752045.000000
509130.000000
527974.000000
740403.000000
509670.000000
66964.000000
454627.000000
557794.000000
542197.000000
393763.000000
647762.000000
610363.000000
543302.000000
397732.000000
516845.000000
467275.000000
694721.000000
466782.000000
574941.000000
531087.000000
489988.000000
546933.000000
612554.000000
530569.000000
114338.000000
613974.000000
395887.000000
607400.000000
398815.000000
354181.000000
544461.000000
123995.000000
520107.000000
355552.000000
520290.000000
493481.000000
520636.000000
617380.000000
595406.000000
499655.000000
518258.000000
469015.000000
501486.000000
634176.000000
463925.000000
618248.000000
534787.000000
492831.000000
677756.000000
519149.000000
583989.000000
557368.000000
534829.000000
574974.000000
620203.000000
534868.000000
495535.000000
571858.000000
487692.000000
604551.000000
583330.000000
686799.000000
204450.000000
375692.000000
482610.000000
559726.000000
660890.000000
553638.000000
347484.000000
573751.000000
466062.000000
586798.000000
497790.000000
495264.000000
566803.000000
519327.000000
457521.000000
534982.000000
496097.000000
553418.000000
563356.000000
588583.000000
513542.000000
531116.000000
569627.000000
564377.000000
441034.000000
556567.000000
543962.000000
555988.000000
573540.000000
622916.000000
286361.000000
702166.000000
409215.000000
661792.000000
550576.000000
549819.000000
580794.000000
635110.000000
434645.000000
595043.000000
507760.000000
600318.000000
506257.000000
498876.000000
554186.000000
632820.000000
451194.000000
330497.000000
461955.000000
474083.000000
580561.000000
530939.000000
400741.000000
490661.000000
552359.000000
654910.000000
537116.000000
469789.000000
624958.000000
534903.000000
628511.000000
528404.000000
538456.000000
551349.000000
565156.000000
463210.000000
585458.000000
660451.000000
484664.000000
504404.000000
496311.000000
638781.000000
653514.000000
246751.000000
452445.000000
590571.000000
633184.000000
595113.000000
596508.000000
593515.000000
470597.000000
647704.000000
534495.000000
480098.000000
583794.000000
603831.000000
589782.000000
533311.000000
600476.000000
424640.000000
342567.000000
497105.000000
633902.000000
487923.000000
593892.000000
551896.000000
495124.000000
593718.000000
565952.000000
544782.000000
596865.000000
439165.000000
518006.000000
116574.000000
344020.000000
474316.000000
518252.000000
651821.000000
462612.000000
463978.000000
156447.000000
465181.000000
493429.000000
501828.000000
608277.000000
577379.000000
582202.000000
529228.000000
610926.000000
550043.000000
472705.000000
460224.000000
355029.000000
546817.000000
631373.000000
585379.000000
552352.000000
561201.000000
576683.000000
258448.000000
596695.000000
604066.000000
570054.000000
597100.000000
303036.000000
464231.000000
622315.000000
651664.000000
550568.000000
