0.000000
0.000000
0.000000
0.000000
0.000000
0.000000
0.000000
0.000000
0.000000
0.000000
0.000000
0.000000
0.000000
0.000000
0.000000
0.000000
0.000000
0.000000
0.000000
0.000000
0.000000
0.000000
0.000000
0.000000
0.000000
0.000000
0.000000
0.000000
0.000000
0.000000
0.000000
0.000000
0.000000
0.000000
0.000000
0.000000
0.000000
0.000000
0.000000
0.000000
0.000000
0.000000
0.000000
0.000000
0.000000
0.000000
0.000000
0.000000
6340140.000000
1386521.000000
1790328.000000
487487.000000
3291457.000000
1509377.000000
2284638.000000
3988036.000000
3258947.000000
2954420.000000
3961344.000000
3247077.000000
1007404.000000
3275224.000000
2153446.000000
3837501.000000
3587720.000000
4348819.000000
3629930.000000
3149821.000000
3563518.000000
3728215.000000
3250963.000000
2302130.000000
418648.000000
2864352.000000
3159482.000000
3559747.000000
3856036.000000
2904911.000000
3900736.000000
3145832.000000
192233.000000
3594568.000000
3867429.000000
1524572.000000
3732000.000000
3825979.000000
1774834.000000
3406209.000000
3268032.000000
3871354.000000
3669578.000000
4167569.000000
2863409.000000
3801091.000000
3624176.000000
2014138.000000
1920572.000000
2548185.000000
3646394.000000
3918215.000000
4244660.000000
2341275.000000
1652649.000000
3528615.000000
3866444.000000
4040894.000000
1674318.000000
3922010.000000
1843770.000000
3413897.000000
3351539.000000
3169532.000000
2607337.000000
3609367.000000
2853524.000000
3346893.000000
4088357.000000
3534087.000000
1407876.000000
3151780.000000
2756219.000000
4048454.000000
3679090.000000
3343941.000000
3457604.000000
3515162.000000
2192600.000000
3473007.000000
3930061.000000
3818419.000000
2968982.000000
3246726.000000
3038339.000000
2927062.000000
580765.000000
3987128.000000
2010033.000000
794037.000000
3592131.000000
3367624.000000
1197663.000000
2547023.000000
2562419.000000
3245144.000000
245818.000000
3397532.000000
2150710.000000
1759929.000000
1347731.000000
119034.000000
3628864.000000
2499057.000000
2951843.000000
4055935.000000
1601319.000000
3980814.000000
2827928.000000
226571.000000
3402853.000000
4013278.000000
4042633.000000
4221641.000000
3999226.000000
4437495.000000
1384073.000000
3926693.000000
576925.000000
2574843.000000
3921284.000000
3511939.000000
4289380.000000
3825356.000000
3266211.000000
3070787.000000
2862808.000000
3635901.000000
3860607.000000
3521945.000000
3801821.000000
3798442.000000
3461382.000000
427721.000000
3862490.000000
1748866.000000
3297842.000000
3849007.000000
2862590.000000
1964618.000000
3209704.000000
2285889.000000
3496757.000000
3827030.000000
3796888.000000
3964422.000000
4042348.000000
3681859.000000
2721312.000000
2928567.000000
2774522.000000
3894112.000000
99340.000000
3571316.000000
1285492.000000
4049312.000000
1323089.000000
3427730.000000
3607946.000000
682393.000000
3599411.000000
1212147.000000
3405505.000000
2079065.000000
3020184.000000
3474642.000000
3549877.000000
2910990.000000
2344494.000000
511189.000000
3849155.000000
873667.000000
2332298.000000
3147784.000000
1094915.000000
3277582.000000
3668888.000000
127834.000000
4394499.000000
2619523.000000
1852213.000000
2274677.000000
3352467.000000
3333220.000000
832471.000000
3274073.000000
3500485.000000
3715167.000000
4263959.000000
3245400.000000
3584360.000000
4010612.000000
2333994.000000
4462022.000000
1343933.000000
3640188.000000
3765820.000000
3457158.000000
602397.000000
3697019.000000
3155107.000000
2775938.000000
3875834.000000
2850611.000000
3959116.000000
190795.000000
1186972.000000
923775.000000
2724713.000000
2369417.000000
3770971.000000
3940927.000000
3610312.000000
3815333.000000
1488555.000000
2702357.000000
2593289.000000
3224152.000000
4041859.000000
3148118.000000
3811306.000000
1779937.000000
3515162.000000
3126856.000000
3376239.000000
3645921.000000
3647396.000000
2984931.000000
381488.000000
3630514.000000
3092881.000000
3495430.000000
2456748.000000
3984362.000000
3589637.000000
4014842.000000
3720568.000000
3478779.000000
3909262.000000
4100956.000000
376048.000000
3942279.000000
2759606.000000
3013653.000000
3441009.000000
3242341.000000
3213062.000000
646226.000000
4024267.000000
4129004.000000
4146874.000000
3589747.000000
450444.000000
1914005.000000
3457426.000000
122205.000000
1556815.000000
4061575.000000
3570744.000000
3322432.000000
1922777.000000
3505557.000000
3282379.000000
192470.000000
4193948.000000
3366440.000000
1245410.000000
3258079.000000
317683.000000
2874783.000000
2823394.000000
4242507.000000
517122.000000
3740908.000000
3338022.000000
3414295.000000
3439115.000000
1923382.000000
3028997.000000
3482292.000000
3977656.000000
3159677.000000
3483449.000000
3662981.000000
3298866.000000
3627223.000000
3903232.000000
2845978.000000
1888866.000000
2929115.000000
4219841.000000
76947.000000
4001296.000000
3910254.000000
3046059.000000
2566544.000000
3205266.000000
2532053.000000
4090850.000000
122948.000000
3546679.000000
1936152.000000
2383266.000000
3706535.000000
89293.000000
4026730.000000
313669.000000
3449038.000000
3321474.000000
3584750.000000
3236398.000000
3462869.000000
3607762.000000
4081564.000000
3356406.000000
3461807.000000
3865528.000000
1258972.000000
3450668.000000
3103794.000000
3606525.000000
4383742.000000
2702422.000000
492134.000000
662479.000000
2313681.000000
3121356.000000
3613654.000000
1635006.000000
3934321.000000
4075863.000000
2535440.000000
4197627.000000
3836153.000000
3862490.000000
3115849.000000
3074232.000000
265030.000000
3482387.000000
3745108.000000
1343896.000000
3737067.000000
4193949.000000
725338.000000
65252.000000
2661846.000000
1278536.000000
2701828.000000
3155666.000000
3483496.000000
3015653.000000
3978251.000000
3276000.000000
4510221.000000
3496542.000000
3954036.000000
1002235.000000
3692985.000000
1755838.000000
3210644.000000
3926341.000000
1331337.000000
1108128.000000
4212643.000000
3440359.000000
3483085.000000
3503885.000000
2002496.000000
2909049.000000
3806841.000000
1972241.000000
3304447.000000
487904.000000
3377169.000000
1562971.000000
2588813.000000
433016.000000
3311207.000000
3503975.000000
98101.000000
3534496.000000
567560.000000
3701701.000000
3238721.000000
1444639.000000
3248467.000000
3790820.000000
2989509.000000
3787443.000000
3152134.000000
2195273.000000
3182929.000000
2914492.000000
4221083.000000
3197912.000000
1391432.000000
407764.000000
4052102.000000
855728.000000
2183563.000000
3595001.000000
1701601.000000
2849462.000000
860267.000000
2316606.000000
3172638.000000
3353837.000000
3428178.000000
994097.000000
3318241.000000
3834350.000000
3521166.000000
1944611.000000
2637876.000000
3417634.000000
3458140.000000
3645368.000000
3406886.000000
2647341.000000
1952072.000000
3498403.000000
201474.000000
4384091.000000
2362393.000000
2224125.000000
4058366.000000
3223264.000000
3666999.000000
1465879.000000
3065455.000000
2869019.000000
4062355.000000
3909395.000000
3136171.000000
1258041.000000
662260.000000
3541420.000000
642473.000000
1989126.000000
2973387.000000
3958100.000000
3305689.000000
904890.000000
3820350.000000
3988084.000000
2334169.000000
2501305.000000
115590.000000
3432535.000000
2870468.000000
3536206.000000
3563965.000000
3360122.000000
3232528.000000
4103153.000000
2482688.000000
3764126.000000
3275375.000000
3178875.000000
384827.000000
4290490.000000
3253092.000000
2914633.000000
1245631.000000
3048795.000000
3619455.000000
3454845.000000
2718379.000000
1469019.000000
3466759.000000
3598983.000000
1987985.000000
4157885.000000
3368271.000000
3357320.000000
3627687.000000
4056477.000000
4124883.000000
1123325.000000
2786350.000000
1470380.000000
3560881.000000
3655339.000000
3003594.000000
864054.000000
3082425.000000
2665949.000000
4435700.000000
3413292.000000
3131997.000000
3411989.000000
3542818.000000
3731765.000000
3733328.000000
3621805.000000
963188.000000
2995426.000000
3143042.000000
2815423.000000
1314787.000000
3124098.000000
3543159.000000
4221132.000000
2029513.000000
3856417.000000
4107019.000000
1161488.000000
4157875.000000
3806006.000000
3858422.000000
3257720.000000
3500303.000000
3142323.000000
2578486.000000
3525957.000000
3795678.000000
3204156.000000
3762267.000000
3334373.000000
2404722.000000
4245510.000000
279455.000000
2056485.000000
3739639.000000
513203.000000
1922375.000000
2470125.000000
2542435.000000
2724449.000000
3480986.000000
1450603.000000
3147336.000000
3958473.000000
3502034.000000
3380575.000000
3590188.000000
3506856.000000
2974077.000000
2662008.000000
132595.000000
3451280.000000
3556186.000000
2325357.000000
3571310.000000
3105881.000000
4170567.000000
3305030.000000
3111834.000000
3500251.000000
2241758.000000
4110316.000000
1621715.000000
2823312.000000
2681777.000000
3222943.000000
3727963.000000
3043974.000000
3710754.000000
1014491.000000
382637.000000
3137383.000000
717958.000000
3291911.000000
2145831.000000
3345074.000000
4325919.000000
868527.000000
3856878.000000
4112342.000000
3286947.000000
3912461.000000
3123191.000000
2969562.000000
3108932.000000
2851392.000000
3973167.000000
3979689.000000
3983705.000000
1832734.000000
2271595.000000
3819340.000000
4229649.000000
3414756.000000
2146446.000000
3192343.000000
2612523.000000
3338745.000000
763999.000000
2622927.000000
3966957.000000
520555.000000
3595651.000000
3420447.000000
3133477.000000
3991112.000000
1544358.000000
2922965.000000
2497373.000000
3460230.000000
3662818.000000
3773516.000000
3813857.000000
3711762.000000
3385978.000000
1004655.000000
3437647.000000
3503203.000000
3929896.000000
3651374.000000
3216479.000000
1319667.000000
2795904.000000
1331234.000000
3603130.000000
521261.000000
3944804.000000
3077623.000000
3262425.000000
3395303.000000
1347233.000000
4344105.000000
2829539.000000
3132393.000000
2272506.000000
3230194.000000
3515868.000000
3498092.000000
1988687.000000
352547.000000
3806171.000000
4143390.000000
1557808.000000
1100345.000000
3846026.000000
3269527.000000
3751994.000000
176512.000000
2391434.000000
2575993.000000
4121407.000000
4154308.000000
168071.000000
1381124.000000
1953360.000000
3555362.000000
3932483.000000
4116529.000000
3484670.000000
1124484.000000
3937098.000000
2345278.000000
3999213.000000
3858535.000000
303879.000000
3052000.000000
3462797.000000
3042305.000000
100519.000000
4145214.000000
2365323.000000
4080336.000000
1223381.000000
2868220.000000
3973355.000000
2513327.000000
3734713.000000
620661.000000
1144126.000000
2378662.000000
3691473.000000
3779670.000000
1762002.000000
3518665.000000
3631011.000000
3513165.000000
4039669.000000
555841.000000
4099115.000000
3664107.000000
4123831.000000
3275740.000000
917607.000000
662844.000000
1585951.000000
1446711.000000
2375899.000000
3586182.000000
2111150.000000
3107700.000000
3794740.000000
1665996.000000
3933344.000000
716374.000000
3204032.000000
3693878.000000
2052581.000000
180970.000000
3788836.000000
3687543.000000
3461329.000000
1240222.000000
3669847.000000
3331976.000000
3210765.000000
2780790.000000
489118.000000
4123988.000000
3431992.000000
2238629.000000
1478362.000000
1245393.000000
3347874.000000
3378505.000000
3418668.000000
3148164.000000
3585979.000000
3591852.000000
3155324.000000
2995757.000000
1683387.000000
3673555.000000
2670117.000000
2379677.000000
934081.000000
2875260.000000
3351814.000000
1240291.000000
3115887.000000
2636305.000000
1462332.000000
2644986.000000
4170567.000000
2847882.000000
3233430.000000
2587689.000000
3998743.000000
3905139.000000
3375530.000000
3963657.000000
1745155.000000
3261459.000000
2788617.000000
101777.000000
3359167.000000
3521497.000000
1719864.000000
568554.000000
3922644.000000
3573080.000000
3672364.000000
2142851.000000
3623228.000000
2476344.000000
2323778.000000
3437765.000000
1921581.000000
3728290.000000
2997003.000000
3475812.000000
3927738.000000
3153981.000000
106696.000000
3526566.000000
2524581.000000
3082206.000000
3498474.000000
567285.000000
1853316.000000
127304.000000
2805220.000000
605598.000000
4135160.000000
3536443.000000
1543040.000000
4138587.000000
3912930.000000
3221631.000000
3731839.000000
2010086.000000
2988565.000000
3231726.000000
2921921.000000
2635464.000000
3453758.000000
2963783.000000
3462873.000000
3736545.000000
3604943.000000
3864912.000000
2822250.000000
3821755.000000
3877015.000000
1603802.000000
2417473.000000
3929750.000000
3498454.000000
3837810.000000
3511231.000000
2769996.000000
220700.000000
665499.000000
1954407.000000
3310522.000000
3718848.000000
3646560.000000
581013.000000
3840382.000000
3402533.000000
4006783.000000
2564517.000000
2544378.000000
2666121.000000
2883271.000000
2580849.000000
3126792.000000
1620828.000000
3912257.000000
3591168.000000
4317957.000000
2502159.000000
3102404.000000
1751032.000000
3468647.000000
859936.000000
3375944.000000
3908734.000000
3229095.000000
3719772.000000
3315355.000000
470295.000000
3862228.000000
685503.000000
3575648.000000
3601815.000000
3498081.000000
3697879.000000
3437344.000000
2752964.000000
3170837.000000
3281166.000000
3522705.000000
3855095.000000
3574010.000000
3806050.000000
3646419.000000
3321689.000000
882364.000000
4172678.000000
2557367.000000
948544.000000
1424069.000000
1989728.000000
3644828.000000
3769066.000000
4414926.000000
3283747.000000
1387027.000000
3719820.000000
3935488.000000
3077220.000000
3471772.000000
2183991.000000
3417940.000000
4441795.000000
847940.000000
3569451.000000
4170567.000000
3114902.000000
3759039.000000
3773213.000000
3781961.000000
3312470.000000
360578.000000
3661249.000000
3601143.000000
3089212.000000
3293101.000000
3275375.000000
3786919.000000
1983239.000000
3420625.000000
2972540.000000
4035489.000000
4240413.000000
4093784.000000
3376250.000000
3288137.000000
2158203.000000
2986253.000000
653812.000000
1660575.000000
4118335.000000
4185871.000000
3934845.000000
3526532.000000
3239119.000000
3922231.000000
4196027.000000
3801849.000000
3311460.000000
878828.000000
3971276.000000
125450.000000
440581.000000
3814018.000000
3180029.000000
3719956.000000
3272954.000000
3173362.000000
229131.000000
2781992.000000
3896824.000000
2503060.000000
2222018.000000
2535314.000000
3392465.000000
3594365.000000
3874470.000000
3298301.000000
2929873.000000
2494652.000000
464029.000000
2445614.000000
2653927.000000
3700877.000000
3836368.000000
2248339.000000
3868633.000000
494669.000000
4137671.000000
2568777.000000
3676854.000000
2051703.000000
389891.000000
3384943.000000
2588359.000000
3374322.000000
1962252.000000
