0.000000
0.000000
0.000000
0.000000
0.000000
0.000000
0.000000
0.000000
0.000000
0.000000
0.000000
0.000000
0.000000
0.000000
0.000000
0.000000
0.000000
0.000000
0.000000
0.000000
0.000000
0.000000
0.000000
0.000000
0.000000
0.000000
0.000000
0.000000
0.000000
0.000000
0.000000
0.000000
0.000000
0.000000
0.000000
0.000000
0.000000
0.000000
0.000000
0.000000
0.000000
0.000000
0.000000
0.000000
0.000000
0.000000
0.000000
0.000000
0.000000
0.000000
0.000000
0.000000
0.000000
0.000000
0.000000
0.000000
0.000000
0.000000
0.000000
0.000000
0.000000
0.000000
0.000000
0.000000
0.000000
0.000000
0.000000
0.000000
0.000000
0.000000
0.000000
0.000000
0.000000
0.000000
0.000000
0.000000
0.000000
0.000000
0.000000
0.000000
0.000000
0.000000
0.000000
0.000000
0.000000
0.000000
0.000000
0.000000
0.000000
0.000000
0.000000
0.000000
0.000000
0.000000
0.000000
0.000000
0.000000
0.000000
0.000000
0.000000
0.000000
0.000000
0.000000
0.000000
0.000000
0.000000
0.000000
0.000000
0.000000
0.000000
0.000000
0.000000
0.000000
0.000000
0.000000
0.000000
0.000000
0.000000
0.000000
0.000000
0.000000
0.000000
0.000000
0.000000
0.000000
0.000000
0.000000
0.000000
0.000000
0.000000
0.000000
0.000000
0.000000
0.000000
0.000000
0.000000
0.000000
0.000000
0.000000
0.000000
0.000000
0.000000
0.000000
0.000000
0.000000
0.000000
0.000000
0.000000
0.000000
0.000000
0.000000
0.000000
0.000000
0.000000
0.000000
0.000000
0.000000
0.000000
0.000000
0.000000
0.000000
0.000000
0.000000
0.000000
0.000000
0.000000
0.000000
0.000000
0.000000
0.000000
0.000000
0.000000
0.000000
0.000000
0.000000
0.000000
0.000000
0.000000
0.000000
0.000000
0.000000
0.000000
0.000000
0.000000
0.000000
0.000000
0.000000
0.000000
0.000000
0.000000
0.000000
0.000000
0.000000
0.000000
0.000000
0.000000
0.000000
0.000000
0.000000
0.000000
0.000000
0.000000
0.000000
0.000000
0.000000
0.000000
0.000000
0.000000
0.000000
0.000000
0.000000
0.000000
0.000000
0.000000
0.000000
0.000000
0.000000
0.000000
0.000000
0.000000
0.000000
0.000000
0.000000
0.000000
0.000000
0.000000
0.000000
0.000000
0.000000
0.000000
0.000000
0.000000
0.000000
0.000000
0.000000
0.000000
0.000000
0.000000
0.000000
0.000000
0.000000
0.000000
0.000000
0.000000
0.000000
0.000000
0.000000
0.000000
0.000000
0.000000
0.000000
0.000000
0.000000
0.000000
0.000000
0.000000
0.000000
0.000000
0.000000
0.000000
0.000000
0.000000
0.000000
0.000000
0.000000
0.000000
0.000000
0.000000
0.000000
0.000000
0.000000
0.000000
0.000000
0.000000
0.000000
0.000000
0.000000
0.000000
0.000000
0.000000
0.000000
0.000000
0.000000
0.000000
0.000000
0.000000
0.000000
0.000000
0.000000
0.000000
0.000000
0.000000
0.000000
0.000000
0.000000
0.000000
0.000000
0.000000
0.000000
0.000000
0.000000
0.000000
0.000000
0.000000
0.000000
0.000000
0.000000
0.000000
0.000000
0.000000
0.000000
0.000000
0.000000
0.000000
0.000000
0.000000
0.000000
0.000000
0.000000
0.000000
0.000000
0.000000
0.000000
0.000000
0.000000
0.000000
0.000000
0.000000
0.000000
0.000000
0.000000
0.000000
0.000000
0.000000
0.000000
0.000000
0.000000
0.000000
0.000000
0.000000
0.000000
0.000000
0.000000
0.000000
0.000000
0.000000
0.000000
0.000000
0.000000
0.000000
0.000000
0.000000
0.000000
0.000000
0.000000
0.000000
0.000000
0.000000
0.000000
0.000000
0.000000
0.000000
0.000000
0.000000
0.000000
0.000000
0.000000
0.000000
0.000000
0.000000
0.000000
0.000000
0.000000
0.000000
0.000000
0.000000
0.000000
0.000000
0.000000
0.000000
0.000000
0.000000
0.000000
0.000000
0.000000
0.000000
0.000000
0.000000
0.000000
0.000000
0.000000
0.000000
0.000000
0.000000
0.000000
0.000000
0.000000
0.000000
0.000000
0.000000
0.000000
0.000000
0.000000
0.000000
0.000000
0.000000
0.000000
0.000000
0.000000
0.000000
0.000000
0.000000
0.000000
0.000000
0.000000
0.000000
0.000000
0.000000
0.000000
0.000000
0.000000
0.000000
0.000000
0.000000
0.000000
0.000000
0.000000
0.000000
0.000000
0.000000
0.000000
0.000000
0.000000
0.000000
0.000000
0.000000
0.000000
0.000000
0.000000
0.000000
0.000000
0.000000
0.000000
0.000000
0.000000
0.000000
0.000000
0.000000
0.000000
0.000000
0.000000
0.000000
0.000000
0.000000
0.000000
0.000000
0.000000
0.000000
0.000000
0.000000
0.000000
0.000000
0.000000
0.000000
0.000000
0.000000
0.000000
0.000000
0.000000
0.000000
0.000000
0.000000
0.000000
0.000000
0.000000
0.000000
0.000000
0.000000
0.000000
0.000000
0.000000
0.000000
0.000000
0.000000
0.000000
0.000000
0.000000
0.000000
0.000000
0.000000
0.000000
0.000000
180858825.000000
3614968.000000
4341921.000000
138730.000000
8024252.000000
5582105.000000
6608659.000000
17628045.000000
14359148.000000
10049133.000000
46665537.000000
3457625.000000
9313062.000000
13854267.000000
10269803.000000
446194.000000
21334892.000000
6781920.000000
5790187.000000
1292911.000000
5446277.000000
42835119.000000
15329446.000000
4635146.000000
1878870.000000
9696539.000000
11288867.000000
2913101.000000
23514258.000000
9098523.000000
6624920.000000
9790482.000000
9501780.000000
38405066.000000
1346179.000000
5129607.000000
1565110.000000
8039730.000000
6956454.000000
4662879.000000
756256.000000
6476513.000000
3769758.000000
14121061.000000
12440714.000000
8675860.000000
8158759.000000
56018907.000000
11529923.000000
15996313.000000
8174366.000000
967591.000000
5236889.000000
5115042.000000
4689947.000000
1496811.000000
6835939.000000
9644365.000000
24135764.000000
2383746.000000
56985712.000000
79668033.000000
1089806.000000
27385181.000000
35080933.000000
15626243.000000
6975812.000000
7266332.000000
6017224.000000
3668420.000000
21800220.000000
15036256.000000
5471385.000000
23889742.000000
8683565.000000
3765205.000000
15494829.000000
234489.000000
2598682.000000
31315241.000000
559271.000000
2652359.000000
3460919.000000
5530940.000000
4234402.000000
8143917.000000
1577915.000000
6184571.000000
9975921.000000
7060599.000000
12414882.000000
16864769.000000
9066170.000000
4678595.000000
4437581.000000
161291.000000
17552140.000000
6188188.000000
2928340.000000
25049472.000000
7192147.000000
36179170.000000
7290622.000000
7901360.000000
9097300.000000
3554399.000000
10521885.000000
3673578.000000
4128578.000000
4580599.000000
6125204.000000
6311483.000000
6539866.000000
18850031.000000
1031394.000000
394792.000000
5236406.000000
760465.000000
16802701.000000
2592016.000000
6865892.000000
27658051.000000
1280462.000000
72849976.000000
31501150.000000
11089668.000000
31331207.000000
4867728.000000
4926447.000000
7054426.000000
9981372.000000
67794280.000000
18131145.000000
40592094.000000
1816578.000000
2956928.000000
29145047.000000
44597302.000000
7428418.000000
2591183.000000
5469553.000000
4929015.000000
6025061.000000
803818.000000
3911276.000000
18796953.000000
585044.000000
33284900.000000
7882848.000000
5386876.000000
21344590.000000
1412262.000000
4200207.000000
4488472.000000
29777561.000000
6740609.000000
37583733.000000
27820320.000000
9515029.000000
28656863.000000
1461576.000000
33114568.000000
6435404.000000
109569355.000000
18262940.000000
6494457.000000
1447152.000000
3930901.000000
1222904.000000
57213116.000000
517466.000000
26020817.000000
6161818.000000
6719405.000000
7891766.000000
1456807.000000
12173566.000000
44123485.000000
7536619.000000
3960302.000000
8269361.000000
8951118.000000
6992480.000000
2493867.000000
530198.000000
94252493.000000
10781404.000000
1673948.000000
1105093.000000
88241099.000000
7385633.000000
6639112.000000
149955.000000
3200575.000000
3858904.000000
49043745.000000
19346510.000000
199994.000000
1356820.000000
1743893.000000
6963042.000000
11815187.000000
30096756.000000
8624932.000000
1045203.000000
21645317.000000
4614815.000000
26053351.000000
11300378.000000
298367.000000
6049012.000000
15443770.000000
8046697.000000
107523.000000
11096471.000000
3021509.000000
32447342.000000
1297248.000000
4606254.000000
106065722.000000
3953152.000000
10124258.000000
646164.000000
1233936.000000
3702680.000000
58277041.000000
60885505.000000
2115447.000000
87712754.000000
11845708.000000
5648460.000000
33583267.000000
632631.000000
113843196.000000
11894683.000000
49292643.000000
6298253.000000
993465.000000
640227.000000
1531498.000000
1728857.000000
2867330.000000
9670431.000000
2501726.000000
6222949.000000
114957510.000000
1687187.000000
10764089.000000
696476.000000
27488083.000000
20610914.000000
2564164.000000
216435.000000
18989463.000000
13649837.000000
9552228.000000
1457844.000000
8871987.000000
6231751.000000
6000824.000000
5589545.000000
545014.000000
81830937.000000
7092407.000000
2859477.000000
1571489.000000
1148031.000000
8293695.000000
8494723.000000
26128580.000000
15042893.000000
12190655.000000
6665594.000000
16074528.000000
5430643.000000
1888713.000000
23858476.000000
4697310.000000
3310541.000000
991171.000000
5025666.000000
14609429.000000
1530330.000000
5481597.000000
3650604.000000
1673683.000000
3511341.000000
66376953.000000
4571370.000000
7373180.000000
7172296.000000
24152853.000000
9075150.000000
12675337.000000
13068561.000000
1754544.000000
7478369.000000
4862107.000000
102137.000000
10798680.000000
11352800.000000
1672306.000000
508613.000000
23131248.000000
25382454.000000
12705284.000000
3007259.000000
21824576.000000
3955230.000000
2643355.000000
8150833.000000
1948738.000000
8226236.000000
7186910.000000
49981239.000000
21592172.000000
7775800.000000
137542.000000
8367794.000000
3604790.000000
8707234.000000
13751787.000000
583260.000000
2173934.000000
151540.000000
5368323.000000
608884.000000
33801696.000000
9226597.000000
2000413.000000
41147807.000000
64963510.000000
5156612.000000
8220266.000000
2693792.000000
19280318.000000
11108943.000000
3190397.000000
3842028.000000
6535950.000000
5420210.000000
13424114.000000
20926501.000000
20786900.000000
13874441.000000
4254046.000000
33127992.000000
24156432.000000
1799046.000000
4043077.000000
14178968.000000
10796834.000000
12412135.000000
34289336.000000
6926208.000000
276339.000000
794189.000000
2204140.000000
6238337.000000
55099875.000000
10716150.000000
538999.000000
24235030.000000
12956777.000000
39904433.000000
4243925.000000
3834316.000000
5373063.000000
4559608.000000
4218381.000000
7211130.000000
2147799.000000
18871356.000000
8756712.000000
35792915.000000
3660989.000000
8411314.000000
1750974.000000
4265463.000000
712249.000000
9549075.000000
23265587.000000
6464445.000000
25741215.000000
10238464.000000
501543.000000
10615043.000000
896373.000000
11385305.000000
7452280.000000
14430229.000000
110147824.000000
12201579.000000
4450356.000000
4756998.000000
4644483.000000
22301666.000000
107948383.000000
17317119.000000
14488641.000000
7179962.000000
8073722.000000
1092056.000000
41556266.000000
4269044.000000
769254.000000
1663970.000000
2667722.000000
10464095.000000
21628911.000000
36742437.000000
8098266.000000
1451913.000000
58030607.000000
9929768.000000
7471007.000000
9178746.000000
2583570.000000
8887324.000000
48163196.000000
1032664.000000
67797419.000000
45957519.000000
8840438.000000
9433801.000000
15654291.000000
61344007.000000
17204536.000000
398421.000000
14957957.000000
20225474.000000
5132353.000000
6276271.000000
12122783.000000
29337635.000000
2439370.000000
63082450.000000
4974059.000000
33303915.000000
79261105.000000
15831153.000000
11656007.000000
17658892.000000
2450750.000000
6610102.000000
560147.000000
2433152.000000
112924465.000000
37632395.000000
24833777.000000
13321444.000000
26821224.000000
107360468.000000
43177295.000000
8242233.000000
6164682.000000
932780.000000
22201279.000000
127335.000000
495607.000000
13394508.000000
5040939.000000
12261748.000000
21651591.000000
9146218.000000
210103.000000
4982535.000000
29677008.000000
4082130.000000
2640149.000000
2882150.000000
9099462.000000
10470091.000000
17145896.000000
11334078.000000
6819315.000000
3145922.000000
544551.000000
3292113.000000
3583415.000000
10229146.000000
14847117.000000
2699312.000000
10228318.000000
547682.000000
11169525.000000
3331104.000000
100195200.000000
2566427.000000
303819.000000
11391139.000000
3724533.000000
7276553.000000
2052736.000000
