0.000000
0.000000
0.000000
0.000000
0.000000
0.000000
0.000000
0.000000
0.000000
0.000000
0.000000
0.000000
0.000000
0.000000
0.000000
0.000000
0.000000
0.000000
0.000000
0.000000
0.000000
0.000000
0.000000
0.000000
0.000000
0.000000
0.000000
0.000000
0.000000
0.000000
0.000000
0.000000
0.000000
0.000000
0.000000
0.000000
0.000000
0.000000
0.000000
0.000000
0.000000
0.000000
0.000000
0.000000
0.000000
0.000000
0.000000
0.000000
0.000000
0.000000
0.000000
0.000000
0.000000
0.000000
0.000000
0.000000
0.000000
0.000000
0.000000
0.000000
0.000000
0.000000
0.000000
0.000000
0.000000
0.000000
0.000000
0.000000
0.000000
0.000000
0.000000
0.000000
0.000000
0.000000
0.000000
0.000000
0.000000
0.000000
0.000000
0.000000
0.000000
0.000000
0.000000
0.000000
0.000000
0.000000
0.000000
0.000000
0.000000
0.000000
0.000000
0.000000
0.000000
0.000000
0.000000
0.000000
0.000000
0.000000
0.000000
0.000000
0.000000
0.000000
0.000000
0.000000
0.000000
0.000000
0.000000
0.000000
0.000000
0.000000
0.000000
0.000000
0.000000
0.000000
0.000000
0.000000
0.000000
0.000000
0.000000
0.000000
0.000000
0.000000
0.000000
0.000000
0.000000
0.000000
0.000000
0.000000
0.000000
0.000000
0.000000
0.000000
0.000000
0.000000
0.000000
0.000000
0.000000
0.000000
0.000000
0.000000
0.000000
0.000000
0.000000
0.000000
0.000000
0.000000
0.000000
0.000000
0.000000
0.000000
0.000000
0.000000
0.000000
0.000000
0.000000
0.000000
0.000000
0.000000
0.000000
0.000000
0.000000
0.000000
0.000000
0.000000
0.000000
0.000000
0.000000
0.000000
0.000000
0.000000
0.000000
0.000000
0.000000
0.000000
0.000000
0.000000
0.000000
0.000000
0.000000
0.000000
0.000000
0.000000
0.000000
0.000000
0.000000
0.000000
0.000000
0.000000
0.000000
0.000000
0.000000
0.000000
0.000000
0.000000
0.000000
0.000000
0.000000
0.000000
0.000000
0.000000
0.000000
0.000000
0.000000
0.000000
0.000000
0.000000
0.000000
0.000000
0.000000
0.000000
0.000000
0.000000
0.000000
0.000000
0.000000
0.000000
0.000000
0.000000
0.000000
0.000000
0.000000
0.000000
0.000000
0.000000
0.000000
0.000000
0.000000
0.000000
0.000000
0.000000
0.000000
0.000000
0.000000
0.000000
0.000000
0.000000
0.000000
0.000000
0.000000
0.000000
0.000000
0.000000
0.000000
0.000000
0.000000
0.000000
0.000000
0.000000
0.000000
0.000000
0.000000
0.000000
0.000000
0.000000
0.000000
0.000000
0.000000
0.000000
0.000000
0.000000
0.000000
0.000000
0.000000
0.000000
0.000000
0.000000
0.000000
0.000000
0.000000
0.000000
0.000000
0.000000
0.000000
0.000000
0.000000
0.000000
0.000000
0.000000
0.000000
0.000000
0.000000
0.000000
0.000000
0.000000
0.000000
0.000000
0.000000
0.000000
0.000000
0.000000
0.000000
0.000000
0.000000
0.000000
0.000000
0.000000
0.000000
0.000000
0.000000
0.000000
0.000000
0.000000
0.000000
0.000000
0.000000
0.000000
0.000000
0.000000
0.000000
0.000000
0.000000
0.000000
0.000000
0.000000
0.000000
0.000000
0.000000
0.000000
0.000000
0.000000
0.000000
0.000000
0.000000
0.000000
0.000000
0.000000
0.000000
0.000000
0.000000
0.000000
0.000000
0.000000
0.000000
0.000000
0.000000
0.000000
0.000000
0.000000
0.000000
0.000000
0.000000
0.000000
0.000000
0.000000
0.000000
0.000000
0.000000
0.000000
0.000000
0.000000
0.000000
0.000000
0.000000
0.000000
0.000000
0.000000
0.000000
0.000000
0.000000
0.000000
0.000000
0.000000
0.000000
0.000000
0.000000
0.000000
0.000000
0.000000
0.000000
0.000000
0.000000
0.000000
0.000000
0.000000
0.000000
0.000000
0.000000
0.000000
0.000000
0.000000
0.000000
0.000000
0.000000
0.000000
0.000000
0.000000
0.000000
0.000000
0.000000
0.000000
0.000000
0.000000
0.000000
0.000000
0.000000
0.000000
0.000000
0.000000
0.000000
0.000000
0.000000
0.000000
0.000000
0.000000
0.000000
0.000000
0.000000
0.000000
0.000000
0.000000
0.000000
0.000000
0.000000
0.000000
0.000000
0.000000
0.000000
0.000000
0.000000
0.000000
0.000000
0.000000
0.000000
0.000000
0.000000
0.000000
0.000000
0.000000
0.000000
0.000000
0.000000
0.000000
0.000000
0.000000
0.000000
0.000000
0.000000
0.000000
0.000000
0.000000
0.000000
0.000000
0.000000
0.000000
0.000000
0.000000
0.000000
0.000000
0.000000
0.000000
0.000000
0.000000
0.000000
0.000000
0.000000
0.000000
0.000000
0.000000
0.000000
0.000000
0.000000
0.000000
0.000000
0.000000
0.000000
0.000000
0.000000
0.000000
0.000000
0.000000
0.000000
0.000000
0.000000
0.000000
0.000000
0.000000
0.000000
0.000000
0.000000
0.000000
0.000000
0.000000
0.000000
0.000000
0.000000
0.000000
0.000000
0.000000
0.000000
0.000000
0.000000
0.000000
0.000000
0.000000
0.000000
0.000000
0.000000
0.000000
0.000000
0.000000
0.000000
0.000000
0.000000
0.000000
0.000000
0.000000
0.000000
0.000000
0.000000
0.000000
0.000000
0.000000
8588655.000000
6047685.000000
5190825.000000
3446310.000000
1587468.000000
4907459.000000
4766643.000000
2032168.000000
5329468.000000
4775516.000000
4510174.000000
4386072.000000
5020413.000000
5679354.000000
1293598.000000
3768188.000000
1603339.000000
4467045.000000
4251589.000000
3345786.000000
829359.000000
3644263.000000
2755120.000000
5269412.000000
5343964.000000
3957602.000000
3961164.000000
5414352.000000
5075812.000000
4581704.000000
4705483.000000
824573.000000
4019653.000000
3506229.000000
3320094.000000
1458643.000000
3986212.000000
5003291.000000
5046108.000000
2311520.000000
5262777.000000
5462195.000000
830339.000000
5428147.000000
5522824.000000
5855783.000000
4410010.000000
4664152.000000
3827042.000000
3209942.000000
4366827.000000
4954336.000000
3634186.000000
5592502.000000
4402700.000000
2761482.000000
5442167.000000
259176.000000
2486192.000000
5810110.000000
647682.000000
2426729.000000
2347464.000000
3296243.000000
3004931.000000
4844533.000000
1393398.000000
4305923.000000
4965596.000000
4485607.000000
4796734.000000
5044203.000000
5047902.000000
3510003.000000
3347159.000000
169912.000000
5697644.000000
4089134.000000
2360660.000000
4242614.000000
3389656.000000
5422825.000000
4600885.000000
3958228.000000
4966781.000000
2160247.000000
4598790.000000
3203584.000000
2783818.000000
3470378.000000
3716888.000000
4303930.000000
4194854.000000
4935240.000000
856598.000000
369612.000000
4063540.000000
711063.000000
5617895.000000
2234194.000000
4448215.000000
4555766.000000
1213828.000000
5256166.000000
5207461.000000
5053737.000000
5673238.000000
3538166.000000
3405554.000000
4611190.000000
3580704.000000
5854749.000000
5157095.000000
5095146.000000
1848593.000000
2575495.000000
5700846.000000
5308995.000000
4025790.000000
2476045.000000
4207562.000000
3647754.000000
3883039.000000
681353.000000
3149827.000000
5020991.000000
598678.000000
5346334.000000
4690343.000000
4072066.000000
5709503.000000
1265907.000000
3466655.000000
3261414.000000
5458272.000000
4386461.000000
6072089.000000
5347444.000000
5003360.000000
5099195.000000
1291930.000000
5481434.000000
4233777.000000
5139442.000000
5410877.000000
3614751.000000
1434403.000000
3302629.000000
1383666.000000
4557609.000000
474751.000000
5138428.000000
4193819.000000
3892354.000000
4556396.000000
1512798.000000
4989612.000000
3895383.000000
4258450.000000
2651263.000000
3774601.000000
4977203.000000
4191631.000000
2445056.000000
506869.000000
5630332.000000
5246697.000000
1787202.000000
1102600.000000
5313050.000000
4436718.000000
4018252.000000
138269.000000
2993546.000000
2857009.000000
5274576.000000
5373241.000000
211782.000000
1636182.000000
1901225.000000
4667735.000000
5414413.000000
5177536.000000
4481179.000000
1133479.000000
5893864.000000
3136099.000000
4936333.000000
5079376.000000
262259.000000
4118403.000000
5243480.000000
4441727.000000
100859.000000
4613894.000000
2589372.000000
5241940.000000
1355247.000000
3613812.000000
5317089.000000
3077925.000000
4859157.000000
714813.000000
1361782.000000
2953727.000000
5422462.000000
5007397.000000
1714095.000000
5520020.000000
5275895.000000
3909907.000000
5114621.000000
614235.000000
5571831.000000
5526185.000000
5645203.000000
4231781.000000
947846.000000
604595.000000
1706172.000000
1771077.000000
2789680.000000
4475246.000000
2223497.000000
3855036.000000
5586983.000000
1633604.000000
5320595.000000
733459.000000
5338824.000000
5223430.000000
2069519.000000
166378.000000
5696793.000000
5124648.000000
4097807.000000
1480762.000000
4651343.000000
3746967.000000
4100562.000000
3694604.000000
595521.000000
5185531.000000
4448440.000000
2636264.000000
1472112.000000
1228974.000000
4617617.000000
4090939.000000
4767869.000000
5080001.000000
4382681.000000
4252526.000000
5028889.000000
4043200.000000
1802925.000000
5729438.000000
3479431.000000
2603852.000000
823070.000000
4016541.000000
4252832.000000
1384015.000000
3887483.000000
2746989.000000
1675694.000000
3057089.000000
5422825.000000
3447178.000000
4073229.000000
4416362.000000
5641129.000000
4522199.000000
4162697.000000
4810282.000000
1511160.000000
4217007.000000
3681950.000000
103771.000000
3297339.000000
4232178.000000
1671990.000000
558951.000000
5056737.000000
5609589.000000
5736993.000000
2974912.000000
5647005.000000
3101160.000000
2301897.000000
4838444.000000
1767515.000000
4634713.000000
4661872.000000
5674442.000000
4973694.000000
4571879.000000
114848.000000
4312591.000000
3279721.000000
4047073.000000
4542526.000000
617398.000000
1814986.000000
117905.000000
3756064.000000
619247.000000
5271436.000000
4699755.000000
1626905.000000
5258888.000000
5207409.000000
3568464.000000
4608397.000000
2173584.000000
5319284.000000
4418158.000000
3636672.000000
2572168.000000
4362699.000000
4009622.000000
4894059.000000
5163712.000000
5480523.000000
5465601.000000
3452050.000000
5966845.000000
4579405.000000
1786787.000000
3114622.000000
4934959.000000
4462934.000000
4999717.000000
5664657.000000
4073527.000000
207916.000000
782991.000000
2261841.000000
3946429.000000
5903816.000000
4962440.000000
522125.000000
5751797.000000
5284843.000000
5837919.000000
3323849.000000
2793778.000000
3126054.000000
3802362.000000
3040147.000000
3944769.000000
1876615.000000
5062315.000000
4372095.000000
5080659.000000
3215485.000000
4349591.000000
1769324.000000
3561999.000000
613690.000000
4797253.000000
5364540.000000
4089006.000000
5283909.000000
4846020.000000
523800.000000
5330766.000000
973818.000000
4011763.000000
4908136.000000
5147650.000000
5551382.000000
5047873.000000
3433574.000000
3617171.000000
3450619.000000
5689991.000000
5711281.000000
5660023.000000
4370177.000000
3965293.000000
4583381.000000
946236.000000
5711936.000000
3292270.000000
828152.000000
1592338.000000
2281080.000000
4457957.000000
5461238.000000
5207819.000000
4796441.000000
1317762.000000
5236741.000000
5073828.000000
3207715.000000
4906733.000000
2331392.000000
4751969.000000
4754640.000000
942109.000000
5647886.000000
5677006.000000
4624741.000000
4992436.000000
5166387.000000
5296733.000000
5087511.000000
480122.000000
5322565.000000
4743781.000000
3002091.000000
3400925.000000
4899552.000000
5514544.000000
2035493.000000
5516180.000000
3937890.000000
5861518.000000
5642494.000000
5998112.000000
4503507.000000
5712640.000000
2515634.000000
4303980.000000
649236.000000
2180296.000000
5390403.000000
5473965.000000
5264685.000000
5221558.000000
5474797.000000
5737418.000000
5937022.000000
4452125.000000
4361645.000000
775377.000000
5509903.000000
123294.000000
436478.000000
4823164.000000
3547559.000000
4899825.000000
5373732.000000
4431641.000000
190399.000000
3586340.000000
5757195.000000
3353833.000000
2467233.000000
2766300.000000
4538254.000000
5029811.000000
5184590.000000
5203934.000000
4205928.000000
2759439.000000
575842.000000
2889939.000000
3085037.000000
4826135.000000
5413120.000000
2453523.000000
4502180.000000
605175.000000
4852013.000000
2635821.000000
4903391.000000
2391283.000000
271851.000000
5248686.000000
2809778.000000
3801240.000000
2208641.000000
