0.000000
0.000000
0.000000
0.000000
0.000000
0.000000
0.000000
0.000000
0.000000
0.000000
0.000000
0.000000
0.000000
0.000000
0.000000
0.000000
0.000000
0.000000
0.000000
0.000000
0.000000
0.000000
0.000000
0.000000
0.000000
0.000000
0.000000
0.000000
0.000000
0.000000
0.000000
0.000000
0.000000
0.000000
0.000000
0.000000
0.000000
0.000000
0.000000
0.000000
0.000000
0.000000
0.000000
0.000000
0.000000
0.000000
0.000000
0.000000
0.000000
0.000000
0.000000
0.000000
0.000000
0.000000
0.000000
0.000000
0.000000
0.000000
0.000000
0.000000
0.000000
0.000000
0.000000
0.000000
0.000000
0.000000
0.000000
0.000000
0.000000
0.000000
0.000000
0.000000
0.000000
0.000000
0.000000
0.000000
0.000000
0.000000
0.000000
0.000000
0.000000
0.000000
0.000000
0.000000
0.000000
0.000000
0.000000
0.000000
0.000000
0.000000
0.000000
0.000000
0.000000
0.000000
0.000000
0.000000
0.000000
0.000000
0.000000
0.000000
0.000000
0.000000
0.000000
0.000000
0.000000
0.000000
0.000000
0.000000
0.000000
0.000000
0.000000
0.000000
0.000000
0.000000
0.000000
0.000000
0.000000
0.000000
0.000000
0.000000
0.000000
0.000000
0.000000
0.000000
0.000000
0.000000
0.000000
0.000000
0.000000
0.000000
0.000000
0.000000
0.000000
0.000000
0.000000
0.000000
0.000000
0.000000
0.000000
0.000000
0.000000
0.000000
0.000000
0.000000
0.000000
0.000000
0.000000
0.000000
0.000000
0.000000
0.000000
0.000000
0.000000
0.000000
0.000000
0.000000
0.000000
0.000000
0.000000
0.000000
0.000000
0.000000
0.000000
0.000000
0.000000
0.000000
0.000000
0.000000
0.000000
0.000000
0.000000
0.000000
0.000000
0.000000
0.000000
0.000000
0.000000
0.000000
0.000000
0.000000
0.000000
0.000000
0.000000
0.000000
0.000000
0.000000
0.000000
0.000000
0.000000
0.000000
0.000000
0.000000
0.000000
0.000000
0.000000
0.000000
0.000000
0.000000
0.000000
0.000000
0.000000
0.000000
0.000000
0.000000
0.000000
0.000000
0.000000
0.000000
0.000000
0.000000
0.000000
0.000000
0.000000
0.000000
0.000000
0.000000
0.000000
0.000000
0.000000
0.000000
0.000000
0.000000
0.000000
0.000000
0.000000
0.000000
0.000000
0.000000
0.000000
0.000000
0.000000
0.000000
0.000000
0.000000
0.000000
0.000000
0.000000
0.000000
0.000000
0.000000
0.000000
0.000000
0.000000
0.000000
0.000000
0.000000
0.000000
0.000000
0.000000
0.000000
0.000000
0.000000
0.000000
0.000000
0.000000
0.000000
0.000000
0.000000
0.000000
0.000000
0.000000
0.000000
0.000000
0.000000
0.000000
0.000000
0.000000
0.000000
0.000000
0.000000
0.000000
0.000000
0.000000
0.000000
0.000000
0.000000
0.000000
0.000000
0.000000
0.000000
0.000000
0.000000
0.000000
0.000000
0.000000
0.000000
0.000000
0.000000
0.000000
0.000000
0.000000
0.000000
0.000000
0.000000
0.000000
0.000000
0.000000
0.000000
0.000000
0.000000
0.000000
0.000000
0.000000
0.000000
0.000000
0.000000
0.000000
0.000000
0.000000
0.000000
0.000000
0.000000
0.000000
0.000000
0.000000
0.000000
0.000000
0.000000
0.000000
0.000000
0.000000
0.000000
0.000000
0.000000
0.000000
0.000000
0.000000
0.000000
0.000000
0.000000
0.000000
0.000000
0.000000
0.000000
0.000000
0.000000
0.000000
0.000000
0.000000
0.000000
0.000000
0.000000
0.000000
0.000000
0.000000
0.000000
0.000000
0.000000
0.000000
0.000000
0.000000
0.000000
0.000000
0.000000
0.000000
0.000000
0.000000
0.000000
0.000000
0.000000
0.000000
0.000000
0.000000
0.000000
0.000000
0.000000
0.000000
0.000000
0.000000
0.000000
0.000000
0.000000
0.000000
0.000000
0.000000
0.000000
0.000000
0.000000
0.000000
0.000000
0.000000
0.000000
0.000000
0.000000
0.000000
0.000000
0.000000
0.000000
0.000000
0.000000
0.000000
0.000000
0.000000
0.000000
0.000000
0.000000
0.000000
0.000000
0.000000
0.000000
0.000000
0.000000
0.000000
0.000000
0.000000
0.000000
0.000000
0.000000
0.000000
0.000000
0.000000
0.000000
0.000000
0.000000
0.000000
0.000000
0.000000
0.000000
0.000000
0.000000
0.000000
0.000000
0.000000
0.000000
0.000000
0.000000
0.000000
0.000000
0.000000
0.000000
0.000000
0.000000
0.000000
0.000000
0.000000
0.000000
0.000000
0.000000
0.000000
0.000000
0.000000
0.000000
0.000000
0.000000
0.000000
0.000000
0.000000
0.000000
0.000000
0.000000
0.000000
0.000000
0.000000
0.000000
0.000000
0.000000
0.000000
0.000000
0.000000
0.000000
0.000000
0.000000
0.000000
0.000000
0.000000
0.000000
0.000000
0.000000
0.000000
0.000000
0.000000
0.000000
0.000000
0.000000
0.000000
0.000000
0.000000
0.000000
0.000000
0.000000
0.000000
0.000000
0.000000
0.000000
0.000000
0.000000
0.000000
0.000000
0.000000
0.000000
0.000000
0.000000
0.000000
0.000000
0.000000
0.000000
0.000000
0.000000
0.000000
0.000000
0.000000
0.000000
0.000000
0.000000
0.000000
0.000000
0.000000
0.000000
0.000000
0.000000
0.000000
0.000000
0.000000
0.000000
0.000000
0.000000
0.000000
0.000000
0.000000
0.000000
0.000000
14780480.000000
5708915.000000
5687382.000000
6765244.000000
9214255.000000
1070938.000000
4306370.000000
1428768.000000
5406500.000000
5362547.000000
3689900.000000
464854.000000
4348321.000000
2521781.000000
7452304.000000
7294494.000000
3736018.000000
5749616.000000
9618032.000000
7443610.000000
7371939.000000
7225293.000000
639900.000000
5120331.000000
3581064.000000
3583559.000000
1386904.000000
4778141.000000
6647125.000000
7551833.000000
2014092.000000
9834566.000000
9742131.000000
652875.000000
8672228.000000
9039467.000000
8781113.000000
5595607.000000
6123045.000000
4619270.000000
3117900.000000
7588565.000000
7618155.000000
4055369.000000
8360689.000000
4999779.000000
2824933.000000
7684798.000000
236402.000000
2321267.000000
9802469.000000
579106.000000
2461350.000000
2276566.000000
3359148.000000
3486359.000000
6594149.000000
1100096.000000
5168990.000000
6813073.000000
5942775.000000
7318497.000000
8776074.000000
6978825.000000
3865752.000000
3673366.000000
158861.000000
8134200.000000
5016205.000000
2191614.000000
6947911.000000
4421861.000000
10290431.000000
5739453.000000
4922017.000000
6694527.000000
1864309.000000
6651689.000000
3520601.000000
2902061.000000
3920592.000000
4490537.000000
5276330.000000
5206437.000000
7895634.000000
719549.000000
267081.000000
4870211.000000
689591.000000
8647875.000000
1846922.000000
5917937.000000
8584546.000000
1065327.000000
8732921.000000
9749548.000000
6799136.000000
9025171.000000
3534098.000000
3670665.000000
5959097.000000
4998198.000000
8899648.000000
8037706.000000
8183860.000000
1655154.000000
2584965.000000
9203780.000000
9103651.000000
5356677.000000
2775389.000000
5035720.000000
4725895.000000
4590821.000000
698969.000000
3411809.000000
8699496.000000
544445.000000
9608789.000000
6011686.000000
5291638.000000
8840809.000000
1048263.000000
3686368.000000
3795507.000000
8581547.000000
5658974.000000
9422947.000000
8366586.000000
7122450.000000
8759878.000000
1252412.000000
10353725.000000
4999056.000000
9914649.000000
8418523.000000
4119344.000000
1464235.000000
3275633.000000
1347892.000000
6804680.000000
485937.000000
8379988.000000
5122418.000000
4689365.000000
5477360.000000
1376584.000000
7031856.000000
7058530.000000
4961287.000000
2599317.000000
4849543.000000
6659613.000000
5280920.000000
2256164.000000
471211.000000
9169359.000000
6606442.000000
1647326.000000
833062.000000
9135385.000000
5790135.000000
4728913.000000
135887.000000
2867052.000000
3322510.000000
9760386.000000
8494422.000000
170972.000000
1325312.000000
1892410.000000
5527596.000000
7618207.000000
8830783.000000
5912336.000000
1089652.000000
8579810.000000
3509927.000000
7332910.000000
6520021.000000
198400.000000
4974812.000000
7939346.000000
5200485.000000
83829.000000
7187609.000000
2757781.000000
9089644.000000
1526148.000000
4139186.000000
10235967.000000
3599583.000000
6434110.000000
684439.000000
1123143.000000
3023524.000000
9260770.000000
8313214.000000
1488644.000000
9282095.000000
6985847.000000
4716140.000000
8824210.000000
523903.000000
9778254.000000
7621980.000000
10166811.000000
5127740.000000
734827.000000
398174.000000
1454532.000000
1652981.000000
2788212.000000
5983463.000000
1981688.000000
4920955.000000
9590418.000000
1415955.000000
6777159.000000
728313.000000
9579205.000000
8203495.000000
1757053.000000
153520.000000
9340270.000000
7697838.000000
4998260.000000
1231366.000000
5805458.000000
4381181.000000
4910109.000000
4634278.000000
533753.000000
9193899.000000
5538660.000000
2479778.000000
1529881.000000
1234795.000000
6158414.000000
5078741.000000
8761073.000000
8681688.000000
6913919.000000
4899515.000000
8219112.000000
4489609.000000
1724914.000000
10027534.000000
3954247.000000
2836126.000000
690826.000000
4817102.000000
6337995.000000
1258680.000000
4367814.000000
2620613.000000
1383113.000000
3474754.000000
9884511.000000
3825540.000000
5048679.000000
5404498.000000
7420579.000000
6003436.000000
5844433.000000
5595825.000000
1198866.000000
5178143.000000
4529440.000000
112343.000000
4985400.000000
5520736.000000
1260939.000000
452877.000000
8705250.000000
8113908.000000
8319525.000000
2821402.000000
8661323.000000
3258732.000000
2179041.000000
6465394.000000
1644437.000000
6543640.000000
6214823.000000
9379959.000000
7641427.000000
5997967.000000
112537.000000
6139287.000000
3587696.000000
5522020.000000
8152176.000000
543247.000000
1603765.000000
98027.000000
4571136.000000
578592.000000
8683814.000000
6110038.000000
1534855.000000
8531141.000000
8174752.000000
4502035.000000
6242149.000000
2075365.000000
8176087.000000
6382729.000000
3682061.000000
2528294.000000
5188306.000000
5222307.000000
6585671.000000
9706895.000000
7997313.000000
7794784.000000
4118133.000000
9766924.000000
8599334.000000
1571477.000000
2837401.000000
6393188.000000
6772342.000000
7223150.000000
9876944.000000
4780573.000000
177090.000000
767369.000000
1955801.000000
4728207.000000
9752239.000000
7407131.000000
490182.000000
9144714.000000
7728425.000000
8892278.000000
3700998.000000
3054736.000000
3564161.000000
4513142.000000
3057529.000000
4951521.000000
1772069.000000
8504721.000000
5674652.000000
8193671.000000
3456410.000000
6082103.000000
1757281.000000
4273420.000000
447764.000000
6646116.000000
9195071.000000
4869368.000000
9612009.000000
6275418.000000
446964.000000
6611071.000000
733009.000000
5733465.000000
5989938.000000
8232849.000000
9842718.000000
7005101.000000
3809423.000000
3934969.000000
3580652.000000
9664052.000000
9721354.000000
8983024.000000
6854365.000000
4940530.000000
6029481.000000
1078385.000000
10289396.000000
3367697.000000
630523.000000
1432040.000000
2238748.000000
6743414.000000
9263708.000000
8245191.000000
6292535.000000
983672.000000
8748205.000000
6413282.000000
3974743.000000
6427898.000000
2116181.000000
6078387.000000
9051201.000000
695084.000000
10167439.000000
9884511.000000
6216510.000000
6645091.000000
7073315.000000
8610725.000000
7925450.000000
446474.000000
7999961.000000
7092590.000000
3263388.000000
3927096.000000
6715791.000000
9714044.000000
1834973.000000
9626470.000000
4846741.000000
8801120.000000
10163269.000000
8575086.000000
6397246.000000
8869477.000000
2376589.000000
5477398.000000
556051.000000
1991392.000000
9648553.000000
10281083.000000
9094909.000000
7800363.000000
9215044.000000
9676655.000000
9494769.000000
6193666.000000
5640296.000000
674284.000000
9529764.000000
92949.000000
419976.000000
6744929.000000
4193900.000000
7568122.000000
9484779.000000
5656872.000000
167630.000000
4391853.000000
8867691.000000
3835747.000000
2157839.000000
3270912.000000
5650533.000000
7191218.000000
8371985.000000
7259250.000000
5813782.000000
3239402.000000
416824.000000
2568616.000000
3046969.000000
6697869.000000
7782296.000000
2620666.000000
6342686.000000
600328.000000
6353962.000000
2488672.000000
9192199.000000
2134215.000000
256525.000000
7669968.000000
2578121.000000
4716573.000000
2181574.000000
