0.000000
0.000000
0.000000
0.000000
0.000000
0.000000
0.000000
0.000000
0.000000
0.000000
0.000000
0.000000
0.000000
0.000000
0.000000
0.000000
0.000000
0.000000
0.000000
0.000000
0.000000
0.000000
0.000000
0.000000
0.000000
0.000000
0.000000
0.000000
0.000000
0.000000
0.000000
0.000000
0.000000
0.000000
0.000000
0.000000
0.000000
0.000000
0.000000
0.000000
0.000000
0.000000
0.000000
0.000000
0.000000
0.000000
0.000000
0.000000
0.000000
0.000000
0.000000
0.000000
0.000000
0.000000
0.000000
0.000000
0.000000
0.000000
0.000000
0.000000
0.000000
0.000000
0.000000
0.000000
0.000000
0.000000
0.000000
0.000000
0.000000
0.000000
0.000000
0.000000
0.000000
0.000000
0.000000
0.000000
0.000000
0.000000
0.000000
0.000000
0.000000
0.000000
0.000000
0.000000
0.000000
0.000000
0.000000
0.000000
0.000000
0.000000
0.000000
0.000000
0.000000
0.000000
0.000000
0.000000
0.000000
0.000000
0.000000
0.000000
0.000000
0.000000
0.000000
0.000000
0.000000
0.000000
0.000000
0.000000
0.000000
0.000000
0.000000
0.000000
0.000000
0.000000
0.000000
0.000000
0.000000
0.000000
0.000000
0.000000
0.000000
0.000000
0.000000
0.000000
0.000000
0.000000
0.000000
0.000000
0.000000
0.000000
0.000000
0.000000
0.000000
0.000000
0.000000
0.000000
0.000000
0.000000
0.000000
0.000000
0.000000
0.000000
0.000000
0.000000
0.000000
0.000000
0.000000
0.000000
0.000000
0.000000
0.000000
0.000000
0.000000
0.000000
0.000000
0.000000
0.000000
0.000000
0.000000
0.000000
0.000000
0.000000
0.000000
0.000000
0.000000
0.000000
0.000000
0.000000
0.000000
0.000000
0.000000
0.000000
0.000000
0.000000
0.000000
0.000000
0.000000
0.000000
0.000000
0.000000
0.000000
0.000000
0.000000
0.000000
0.000000
0.000000
0.000000
0.000000
0.000000
0.000000
0.000000
0.000000
0.000000
0.000000
0.000000
0.000000
0.000000
0.000000
0.000000
0.000000
0.000000
0.000000
0.000000
0.000000
0.000000
0.000000
0.000000
0.000000
0.000000
0.000000
0.000000
0.000000
0.000000
0.000000
0.000000
0.000000
0.000000
0.000000
0.000000
0.000000
0.000000
0.000000
0.000000
0.000000
0.000000
0.000000
0.000000
0.000000
0.000000
0.000000
0.000000
0.000000
0.000000
0.000000
0.000000
0.000000
0.000000
0.000000
0.000000
0.000000
0.000000
0.000000
0.000000
0.000000
0.000000
0.000000
0.000000
0.000000
0.000000
0.000000
0.000000
0.000000
0.000000
0.000000
0.000000
0.000000
0.000000
0.000000
0.000000
0.000000
0.000000
0.000000
0.000000
0.000000
0.000000
0.000000
0.000000
0.000000
0.000000
0.000000
0.000000
0.000000
0.000000
0.000000
0.000000
0.000000
0.000000
0.000000
0.000000
0.000000
0.000000
0.000000
0.000000
0.000000
0.000000
0.000000
0.000000
0.000000
0.000000
0.000000
0.000000
0.000000
0.000000
0.000000
0.000000
0.000000
0.000000
0.000000
0.000000
0.000000
0.000000
0.000000
0.000000
0.000000
0.000000
0.000000
0.000000
0.000000
0.000000
0.000000
0.000000
0.000000
0.000000
0.000000
0.000000
0.000000
0.000000
0.000000
0.000000
0.000000
0.000000
0.000000
0.000000
0.000000
0.000000
0.000000
0.000000
0.000000
0.000000
0.000000
0.000000
0.000000
0.000000
0.000000
0.000000
0.000000
0.000000
0.000000
0.000000
0.000000
0.000000
0.000000
0.000000
0.000000
0.000000
0.000000
0.000000
0.000000
0.000000
0.000000
0.000000
0.000000
0.000000
0.000000
0.000000
0.000000
0.000000
0.000000
0.000000
0.000000
0.000000
0.000000
0.000000
0.000000
0.000000
0.000000
0.000000
0.000000
0.000000
0.000000
0.000000
0.000000
0.000000
0.000000
0.000000
0.000000
0.000000
0.000000
0.000000
0.000000
0.000000
0.000000
0.000000
0.000000
0.000000
0.000000
0.000000
0.000000
0.000000
0.000000
0.000000
0.000000
0.000000
0.000000
0.000000
0.000000
0.000000
0.000000
0.000000
0.000000
0.000000
0.000000
0.000000
0.000000
0.000000
0.000000
0.000000
0.000000
0.000000
0.000000
0.000000
0.000000
0.000000
0.000000
0.000000
0.000000
0.000000
0.000000
0.000000
0.000000
0.000000
0.000000
0.000000
0.000000
0.000000
0.000000
0.000000
0.000000
0.000000
0.000000
0.000000
0.000000
0.000000
0.000000
0.000000
0.000000
0.000000
0.000000
0.000000
0.000000
0.000000
0.000000
0.000000
0.000000
0.000000
0.000000
0.000000
0.000000
0.000000
0.000000
0.000000
0.000000
0.000000
0.000000
0.000000
0.000000
0.000000
0.000000
0.000000
0.000000
0.000000
0.000000
0.000000
0.000000
0.000000
0.000000
0.000000
0.000000
0.000000
0.000000
0.000000
0.000000
0.000000
0.000000
0.000000
0.000000
0.000000
0.000000
0.000000
0.000000
0.000000
0.000000
0.000000
0.000000
0.000000
0.000000
0.000000
0.000000
0.000000
0.000000
0.000000
0.000000
0.000000
0.000000
0.000000
0.000000
0.000000
0.000000
0.000000
0.000000
0.000000
0.000000
0.000000
0.000000
0.000000
0.000000
0.000000
0.000000
0.000000
0.000000
0.000000
0.000000
0.000000
0.000000
0.000000
0.000000
0.000000
0.000000
0.000000
0.000000
0.000000
0.000000
0.000000
0.000000
0.000000
0.000000
0.000000
0.000000
0.000000
0.000000
0.000000
0.000000
0.000000
0.000000
0.000000
0.000000
0.000000
0.000000
0.000000
0.000000
0.000000
0.000000
16854530.000000
907354.000000
5414524.000000
4562058.000000
4064554.000000
1450080.000000
5197793.000000
6973074.000000
9379181.000000
2359555.000000
10508899.000000
10309146.000000
947552.000000
8699422.000000
11420795.000000
9004477.000000
5714888.000000
6475751.000000
4768760.000000
3592838.000000
7731115.000000
7979826.000000
4931710.000000
9435287.000000
5763432.000000
3167155.000000
8781857.000000
268612.000000
2434515.000000
10180937.000000
588119.000000
2561354.000000
2924110.000000
4353827.000000
3937043.000000
6953256.000000
1259911.000000
5826165.000000
6909430.000000
6056109.000000
7898632.000000
9285680.000000
7370436.000000
4144988.000000
3665194.000000
184811.000000
9062228.000000
5407810.000000
2695440.000000
8883213.000000
5155710.000000
10661067.000000
6404836.000000
5501131.000000
6862602.000000
2572295.000000
7078710.000000
3853980.000000
3327952.000000
3737657.000000
5024702.000000
5533961.000000
5485739.000000
8758028.000000
886531.000000
376850.000000
4997942.000000
741930.000000
9276702.000000
2074879.000000
6305896.000000
9416806.000000
1190666.000000
9455673.000000
9981783.000000
7460188.000000
9927646.000000
4237775.000000
3837056.000000
6006352.000000
5992714.000000
10491664.000000
8533513.000000
9192857.000000
1922189.000000
2691181.000000
10956602.000000
9810305.000000
5620363.000000
2906195.000000
4870556.000000
4454656.000000
4611277.000000
787974.000000
3621394.000000
9396559.000000
521945.000000
10787064.000000
6209600.000000
5501993.000000
9455176.000000
1138061.000000
4266920.000000
3782380.000000
9449129.000000
6117348.000000
10250649.000000
9634073.000000
7368506.000000
10349983.000000
1243550.000000
9630240.000000
5085605.000000
9255925.000000
8930237.000000
4830611.000000
1568075.000000
3743316.000000
1375870.000000
7951478.000000
514673.000000
9948658.000000
5647787.000000
5170552.000000
6034408.000000
1418092.000000
7735541.000000
7889551.000000
5876138.000000
2860380.000000
5501669.000000
7244836.000000
5739262.000000
2361111.000000
438068.000000
10457861.000000
7260614.000000
1898338.000000
1003007.000000
9134685.000000
6073593.000000
5083866.000000
177111.000000
3142522.000000
3746857.000000
10073251.000000
9103304.000000
163754.000000
1503815.000000
2008093.000000
5877756.000000
7934811.000000
10118591.000000
6143167.000000
1246968.000000
10669304.000000
3830660.000000
8623624.000000
7162144.000000
292248.000000
5278896.000000
8670987.000000
6143807.000000
107582.000000
7612005.000000
2948026.000000
9690731.000000
1326844.000000
4304125.000000
10241965.000000
3479455.000000
7306537.000000
679207.000000
1240992.000000
3290581.000000
10498103.000000
9898531.000000
1687855.000000
9737109.000000
7612387.000000
4863217.000000
8542863.000000
580705.000000
10299902.000000
7893593.000000
10903144.000000
5329713.000000
914689.000000
653789.000000
1456213.000000
1727640.000000
2388431.000000
6843412.000000
2100023.000000
5237564.000000
9324184.000000
1590951.000000
7416757.000000
643214.000000
9548571.000000
9938092.000000
2407662.000000
161125.000000
10545709.000000
8060337.000000
6122086.000000
1541814.000000
5826219.000000
5192229.000000
5318980.000000
4797365.000000
508311.000000
11072197.000000
5939398.000000
2779890.000000
1691298.000000
1302428.000000
6826350.000000
5738595.000000
8963136.000000
8756858.000000
7672235.000000
5794057.000000
8933060.000000
5305335.000000
1753437.000000
10341058.000000
4040668.000000
3055322.000000
797691.000000
4785088.000000
7724373.000000
1284858.000000
5254073.000000
3509472.000000
1391740.000000
3682818.000000
10462588.000000
4123926.000000
5960618.000000
5993084.000000
7543054.000000
6510278.000000
7988036.000000
6945017.000000
1530597.000000
5716947.000000
4577496.000000
111227.000000
6034126.000000
6228302.000000
1502314.000000
570318.000000
9649737.000000
9584765.000000
8561442.000000
2506411.000000
9822704.000000
4211924.000000
2517315.000000
7065445.000000
1790222.000000
7001507.000000
6416172.000000
10438531.000000
9180271.000000
6264635.000000
131297.000000
6247245.000000
3722586.000000
6076672.000000
8457523.000000
531739.000000
1844018.000000
117545.000000
4382695.000000
659531.000000
10939860.000000
6206298.000000
1551875.000000
9730185.000000
10888896.000000
4795912.000000
7026367.000000
2350592.000000
8316492.000000
6816721.000000
3725998.000000
3308534.000000
5456100.000000
4925217.000000
7342181.000000
9723194.000000
9398448.000000
8611747.000000
3994161.000000
10212157.000000
9150116.000000
1757365.000000
3269486.000000
7038482.000000
7152140.000000
7906556.000000
11604369.000000
4714345.000000
227222.000000
770201.000000
2040339.000000
4796070.000000
10585133.000000
7682576.000000
590856.000000
9279732.000000
8006793.000000
9389601.000000
3582895.000000
3580226.000000
4135304.000000
4386421.000000
3531528.000000
5291646.000000
2116154.000000
9584769.000000
6191478.000000
9567713.000000
3177418.000000
5658345.000000
1670281.000000
4591180.000000
644734.000000
6772599.000000
10601380.000000
5275308.000000
9437996.000000
6820142.000000
526452.000000
7327014.000000
773393.000000
6353645.000000
6393375.000000
8618760.000000
9518212.000000
7883861.000000
4040125.000000
4242249.000000
4210790.000000
10195208.000000
9321843.000000
9266481.000000
7359427.000000
5459723.000000
6759434.000000
1070367.000000
9626645.000000
3692912.000000
829863.000000
1547089.000000
2087005.000000
7074370.000000
9492471.000000
10224576.000000
6738600.000000
1248871.000000
9587118.000000
7210537.000000
4908420.000000
6731992.000000
2389955.000000
6865914.000000
11060895.000000
850098.000000
10377966.000000
10462588.000000
6765450.000000
7222954.000000
9045431.000000
8919319.000000
9065455.000000
506259.000000
8788111.000000
8140674.000000
4081324.000000
4484123.000000
6970068.000000
8501553.000000
2307263.000000
10579439.000000
5184369.000000
8994571.000000
10124992.000000
9398736.000000
6681766.000000
9017696.000000
2578704.000000
5949967.000000
605569.000000
2076682.000000
9642843.000000
11756013.000000
9254921.000000
6986779.000000
8647186.000000
10057236.000000
10733145.000000
6873367.000000
6030024.000000
758518.000000
10370079.000000
117556.000000
423126.000000
7871836.000000
4659282.000000
7805993.000000
9505604.000000
5838555.000000
175044.000000
4872900.000000
10511202.000000
4236689.000000
2427435.000000
3222034.000000
6551444.000000
7509626.000000
9059630.000000
7889657.000000
5641082.000000
2917001.000000
542268.000000
2558184.000000
3710937.000000
7202221.000000
8716509.000000
2849668.000000
6740187.000000
543575.000000
7532122.000000
2916132.000000
10456928.000000
2298662.000000
382784.000000
7612859.000000
2960362.000000
5444398.000000
2221364.000000
