0.000000
0.000000
0.000000
0.000000
0.000000
0.000000
0.000000
0.000000
0.000000
0.000000
0.000000
0.000000
0.000000
0.000000
0.000000
0.000000
0.000000
0.000000
0.000000
0.000000
0.000000
0.000000
0.000000
0.000000
0.000000
0.000000
0.000000
0.000000
0.000000
0.000000
0.000000
0.000000
0.000000
0.000000
0.000000
0.000000
0.000000
0.000000
0.000000
0.000000
0.000000
0.000000
0.000000
0.000000
0.000000
0.000000
0.000000
0.000000
0.000000
0.000000
0.000000
0.000000
0.000000
0.000000
0.000000
0.000000
0.000000
0.000000
0.000000
0.000000
0.000000
0.000000
0.000000
0.000000
0.000000
0.000000
0.000000
0.000000
0.000000
0.000000
0.000000
0.000000
0.000000
0.000000
0.000000
0.000000
0.000000
0.000000
0.000000
0.000000
0.000000
0.000000
0.000000
0.000000
0.000000
0.000000
0.000000
0.000000
0.000000
0.000000
0.000000
0.000000
0.000000
0.000000
0.000000
0.000000
0.000000
0.000000
0.000000
0.000000
0.000000
0.000000
0.000000
0.000000
0.000000
0.000000
0.000000
0.000000
0.000000
0.000000
0.000000
0.000000
0.000000
0.000000
0.000000
0.000000
0.000000
0.000000
0.000000
0.000000
0.000000
0.000000
0.000000
0.000000
0.000000
0.000000
0.000000
0.000000
0.000000
0.000000
0.000000
0.000000
0.000000
0.000000
0.000000
0.000000
0.000000
0.000000
0.000000
0.000000
0.000000
0.000000
0.000000
0.000000
0.000000
0.000000
0.000000
0.000000
0.000000
0.000000
0.000000
0.000000
0.000000
0.000000
0.000000
0.000000
0.000000
0.000000
0.000000
0.000000
0.000000
0.000000
0.000000
0.000000
0.000000
0.000000
0.000000
0.000000
0.000000
0.000000
0.000000
0.000000
0.000000
0.000000
0.000000
0.000000
0.000000
0.000000
0.000000
0.000000
0.000000
0.000000
0.000000
0.000000
0.000000
0.000000
0.000000
0.000000
0.000000
0.000000
0.000000
0.000000
0.000000
0.000000
0.000000
0.000000
0.000000
0.000000
0.000000
0.000000
0.000000
0.000000
0.000000
0.000000
0.000000
0.000000
0.000000
0.000000
0.000000
0.000000
0.000000
0.000000
0.000000
0.000000
0.000000
0.000000
0.000000
0.000000
0.000000
0.000000
0.000000
0.000000
0.000000
0.000000
0.000000
0.000000
0.000000
0.000000
0.000000
0.000000
0.000000
0.000000
0.000000
0.000000
0.000000
0.000000
0.000000
0.000000
0.000000
0.000000
0.000000
0.000000
0.000000
0.000000
0.000000
0.000000
0.000000
0.000000
0.000000
0.000000
0.000000
0.000000
0.000000
0.000000
0.000000
0.000000
0.000000
0.000000
0.000000
0.000000
0.000000
0.000000
0.000000
0.000000
0.000000
0.000000
0.000000
0.000000
0.000000
0.000000
0.000000
0.000000
0.000000
0.000000
0.000000
0.000000
0.000000
0.000000
0.000000
0.000000
0.000000
0.000000
0.000000
0.000000
0.000000
0.000000
0.000000
0.000000
0.000000
0.000000
0.000000
0.000000
0.000000
0.000000
0.000000
0.000000
0.000000
0.000000
0.000000
0.000000
0.000000
0.000000
0.000000
0.000000
0.000000
0.000000
0.000000
0.000000
0.000000
0.000000
0.000000
0.000000
0.000000
0.000000
0.000000
0.000000
0.000000
0.000000
0.000000
0.000000
0.000000
0.000000
0.000000
0.000000
0.000000
0.000000
0.000000
0.000000
0.000000
0.000000
0.000000
0.000000
0.000000
0.000000
0.000000
0.000000
0.000000
0.000000
0.000000
0.000000
0.000000
0.000000
0.000000
0.000000
0.000000
0.000000
0.000000
0.000000
0.000000
0.000000
0.000000
0.000000
0.000000
0.000000
0.000000
0.000000
0.000000
0.000000
0.000000
0.000000
0.000000
0.000000
0.000000
0.000000
0.000000
0.000000
0.000000
0.000000
0.000000
0.000000
0.000000
0.000000
0.000000
0.000000
0.000000
0.000000
0.000000
0.000000
0.000000
0.000000
0.000000
0.000000
0.000000
0.000000
0.000000
0.000000
0.000000
0.000000
0.000000
0.000000
0.000000
0.000000
0.000000
0.000000
0.000000
0.000000
0.000000
0.000000
0.000000
0.000000
0.000000
0.000000
0.000000
0.000000
0.000000
0.000000
0.000000
0.000000
0.000000
0.000000
0.000000
0.000000
0.000000
0.000000
0.000000
0.000000
0.000000
0.000000
0.000000
0.000000
0.000000
0.000000
0.000000
0.000000
0.000000
0.000000
0.000000
0.000000
0.000000
0.000000
0.000000
0.000000
0.000000
0.000000
0.000000
0.000000
0.000000
0.000000
0.000000
0.000000
0.000000
0.000000
0.000000
0.000000
0.000000
0.000000
0.000000
0.000000
0.000000
0.000000
0.000000
0.000000
0.000000
0.000000
0.000000
0.000000
0.000000
0.000000
0.000000
0.000000
0.000000
0.000000
0.000000
0.000000
0.000000
0.000000
0.000000
0.000000
0.000000
0.000000
0.000000
0.000000
0.000000
0.000000
0.000000
0.000000
0.000000
0.000000
0.000000
0.000000
0.000000
0.000000
0.000000
0.000000
0.000000
0.000000
0.000000
0.000000
0.000000
0.000000
0.000000
0.000000
0.000000
0.000000
0.000000
0.000000
0.000000
0.000000
0.000000
0.000000
0.000000
0.000000
0.000000
0.000000
0.000000
0.000000
0.000000
0.000000
0.000000
0.000000
0.000000
0.000000
0.000000
0.000000
0.000000
0.000000
0.000000
0.000000
0.000000
0.000000
0.000000
0.000000
0.000000
0.000000
0.000000
0.000000
0.000000
0.000000
0.000000
0.000000
0.000000
0.000000
0.000000
0.000000
0.000000
0.000000
0.000000
0.000000
0.000000
0.000000
0.000000
0.000000
0.000000
0.000000
0.000000
0.000000
0.000000
0.000000
0.000000
0.000000
0.000000
0.000000
0.000000
0.000000
0.000000
0.000000
0.000000
0.000000
0.000000
0.000000
0.000000
0.000000
0.000000
0.000000
0.000000
0.000000
0.000000
0.000000
0.000000
0.000000
0.000000
0.000000
0.000000
0.000000
0.000000
10307325.000000
3455874.000000
3674167.000000
1512153.000000
3569595.000000
4362719.000000
3086016.000000
5050270.000000
4672190.000000
3717365.000000
3685414.000000
2430314.000000
124828.000000
5240587.000000
3993703.000000
2217455.000000
6268115.000000
5011571.000000
5953603.000000
3331381.000000
4997771.000000
3496138.000000
3756650.000000
4282006.000000
2010319.000000
3827401.000000
2546660.000000
4039932.000000
3179520.000000
3128074.000000
5997297.000000
825352.000000
381976.000000
3359203.000000
643143.000000
4924127.000000
2606887.000000
3153936.000000
6201956.000000
1077628.000000
5051842.000000
5403456.000000
4347211.000000
5395353.000000
4106963.000000
4170097.000000
3120507.000000
5248154.000000
4963480.000000
5845056.000000
7117809.000000
1532496.000000
2279357.000000
4832640.000000
5868845.000000
3981818.000000
2279973.000000
3099823.000000
2592170.000000
3791323.000000
777703.000000
2415942.000000
5465652.000000
311013.000000
4158109.000000
3771807.000000
2822235.000000
5312659.000000
1516998.000000
2910963.000000
2767021.000000
5518941.000000
3979398.000000
4688879.000000
5871917.000000
3782796.000000
4514367.000000
1027484.000000
5540542.000000
3858879.000000
5911086.000000
5322593.000000
4735906.000000
920965.000000
2802549.000000
875626.000000
5923089.000000
373260.000000
5718785.000000
2844201.000000
3860555.000000
4768873.000000
1145168.000000
5100248.000000
6515354.000000
4952176.000000
3511342.000000
5249248.000000
3318251.000000
4619257.000000
1907908.000000
307224.000000
6330033.000000
5052532.000000
1626114.000000
925885.000000
5981047.000000
3957202.000000
3628263.000000
164484.000000
2384992.000000
2932058.000000
4461540.000000
6712022.000000
149058.000000
1119420.000000
1587325.000000
3901842.000000
3668990.000000
5885056.000000
5097846.000000
1124778.000000
5083001.000000
2533878.000000
6919643.000000
5403672.000000
353337.000000
3535436.000000
4167881.000000
4576755.000000
102934.000000
5445002.000000
2652254.000000
4315489.000000
963724.000000
3059403.000000
5192853.000000
2291368.000000
3969625.000000
525531.000000
1038465.000000
2049405.000000
4944247.000000
5913530.000000
2315304.000000
5076222.000000
4778680.000000
3519880.000000
5276105.000000
342760.000000
5776035.000000
5643021.000000
5897823.000000
3872789.000000
844226.000000
919891.000000
1405709.000000
1425588.000000
2004791.000000
5703566.000000
2764015.000000
3413536.000000
5301148.000000
1687704.000000
5187712.000000
599507.000000
5011482.000000
4981752.000000
2841356.000000
222877.000000
5284900.000000
4810996.000000
5889297.000000
1239038.000000
4685548.000000
3642505.000000
3020462.000000
3935205.000000
423746.000000
5688690.000000
3628846.000000
2522712.000000
1350700.000000
953826.000000
4051533.000000
5112201.000000
4378653.000000
4747563.000000
5142986.000000
3898075.000000
4550932.000000
2901909.000000
1719249.000000
5192724.000000
2209955.000000
3481618.000000
868314.000000
2931029.000000
6141180.000000
879628.000000
4277294.000000
3897836.000000
1456599.000000
2875900.000000
6438979.000000
3082732.000000
5264451.000000
3781609.000000
6553493.000000
4387088.000000
5706944.000000
6000780.000000
1964239.000000
5660114.000000
3170836.000000
68800.000000
5698457.000000
6169009.000000
1735208.000000
550585.000000
5042264.000000
5974504.000000
5193157.000000
1907413.000000
5827939.000000
3257214.000000
2832178.000000
3259014.000000
1919832.000000
3751896.000000
3412262.000000
5939133.000000
5910077.000000
3596140.000000
117473.000000
3794932.000000
2297321.000000
5338326.000000
4099462.000000
543868.000000
2144745.000000
142773.000000
2976915.000000
478602.000000
5326514.000000
4515287.000000
1822161.000000
5863261.000000
6148158.000000
3903918.000000
4283875.000000
2766058.000000
6259339.000000
5227837.000000
2646762.000000
3106701.000000
3538539.000000
2799001.000000
5324211.000000
4577311.000000
5680601.000000
5032306.000000
3042409.000000
5089734.000000
5391968.000000
1530392.000000
3097553.000000
6719058.000000
4630363.000000
4612300.000000
4580128.000000
3558378.000000
245134.000000
526727.000000
1327339.000000
3382948.000000
4911224.000000
4404581.000000
465134.000000
6138662.000000
3992639.000000
5367611.000000
2596867.000000
3342066.000000
3799674.000000
3135018.000000
3441065.000000
3756271.000000
1576108.000000
6206052.000000
5215617.000000
6555996.000000
2574674.000000
3635778.000000
1958868.000000
3405294.000000
746466.000000
5393697.000000
6234777.000000
3963936.000000
5356854.000000
4809957.000000
416011.000000
5402936.000000
678458.000000
5472356.000000
3900221.000000
4805803.000000
6987619.000000
4500056.000000
2575536.000000
4045970.000000
3148040.000000
5795803.000000
4973092.000000
4446740.000000
5723767.000000
4785069.000000
3903221.000000
694539.000000
5077124.000000
3186433.000000
1135193.000000
1450867.000000
1646252.000000
4526649.000000
5778582.000000
5854163.000000
4338741.000000
2010353.000000
5521428.000000
4519966.000000
4728639.000000
3808795.000000
2371501.000000
3885855.000000
5734118.000000
968610.000000
4804792.000000
5996523.000000
3844935.000000
4065142.000000
5495392.000000
6560694.000000
5264798.000000
347444.000000
5482026.000000
5950755.000000
4283285.000000
4389708.000000
5650383.000000
4989073.000000
2573445.000000
5336703.000000
3137337.000000
5470046.000000
5524606.000000
5714023.000000
5218876.000000
5440533.000000
2774537.000000
3041700.000000
543207.000000
2355128.000000
6464792.000000
4255369.000000
5749234.000000
5059886.000000
5014583.000000
6070063.000000
5200292.000000
4301183.000000
3885620.000000
649583.000000
5302444.000000
111370.000000
449666.000000
5203071.000000
3758443.000000
4662519.000000
4112814.000000
5125649.000000
145444.000000
2399395.000000
4721400.000000
2072068.000000
2638031.000000
2490155.000000
5226030.000000
4286698.000000
5441237.000000
4721928.000000
3144547.000000
2138051.000000
534851.000000
2990171.000000
3168255.000000
5134046.000000
6156913.000000
1934295.000000
4194607.000000
311093.000000
5257231.000000
2633568.000000
6137822.000000
2516836.000000
411617.000000
3646813.000000
2959014.000000
4680097.000000
1682049.000000
