0.000000
0.000000
0.000000
0.000000
0.000000
0.000000
0.000000
0.000000
0.000000
0.000000
0.000000
0.000000
0.000000
0.000000
0.000000
0.000000
0.000000
0.000000
0.000000
0.000000
0.000000
0.000000
0.000000
0.000000
0.000000
0.000000
0.000000
0.000000
0.000000
0.000000
0.000000
0.000000
0.000000
0.000000
0.000000
0.000000
0.000000
0.000000
0.000000
0.000000
0.000000
0.000000
0.000000
0.000000
0.000000
0.000000
0.000000
0.000000
0.000000
0.000000
0.000000
0.000000
0.000000
0.000000
0.000000
0.000000
0.000000
0.000000
0.000000
0.000000
0.000000
0.000000
0.000000
0.000000
0.000000
0.000000
0.000000
0.000000
0.000000
0.000000
0.000000
0.000000
0.000000
0.000000
0.000000
0.000000
0.000000
0.000000
0.000000
0.000000
0.000000
0.000000
0.000000
0.000000
0.000000
0.000000
0.000000
0.000000
0.000000
0.000000
0.000000
0.000000
0.000000
0.000000
0.000000
0.000000
0.000000
0.000000
0.000000
0.000000
0.000000
0.000000
0.000000
0.000000
0.000000
0.000000
0.000000
0.000000
0.000000
0.000000
0.000000
0.000000
0.000000
0.000000
0.000000
0.000000
0.000000
0.000000
0.000000
0.000000
0.000000
0.000000
0.000000
0.000000
0.000000
0.000000
0.000000
0.000000
0.000000
0.000000
0.000000
0.000000
0.000000
0.000000
0.000000
0.000000
0.000000
0.000000
0.000000
0.000000
0.000000
0.000000
0.000000
0.000000
0.000000
0.000000
0.000000
0.000000
0.000000
0.000000
0.000000
0.000000
0.000000
0.000000
0.000000
0.000000
0.000000
0.000000
0.000000
0.000000
0.000000
0.000000
0.000000
0.000000
0.000000
0.000000
0.000000
0.000000
0.000000
0.000000
0.000000
0.000000
0.000000
0.000000
0.000000
0.000000
0.000000
0.000000
0.000000
0.000000
0.000000
0.000000
0.000000
0.000000
0.000000
0.000000
0.000000
0.000000
0.000000
0.000000
0.000000
0.000000
0.000000
0.000000
0.000000
0.000000
0.000000
0.000000
0.000000
0.000000
0.000000
0.000000
0.000000
0.000000
0.000000
0.000000
0.000000
0.000000
0.000000
0.000000
0.000000
0.000000
0.000000
0.000000
0.000000
0.000000
0.000000
0.000000
0.000000
0.000000
0.000000
0.000000
0.000000
0.000000
0.000000
0.000000
0.000000
0.000000
0.000000
0.000000
0.000000
0.000000
0.000000
0.000000
0.000000
0.000000
0.000000
0.000000
0.000000
0.000000
0.000000
0.000000
0.000000
0.000000
0.000000
0.000000
0.000000
0.000000
0.000000
0.000000
0.000000
0.000000
0.000000
0.000000
0.000000
0.000000
0.000000
0.000000
0.000000
0.000000
0.000000
0.000000
0.000000
0.000000
0.000000
0.000000
0.000000
0.000000
0.000000
0.000000
0.000000
0.000000
0.000000
0.000000
0.000000
0.000000
0.000000
0.000000
0.000000
0.000000
0.000000
0.000000
0.000000
0.000000
0.000000
0.000000
0.000000
0.000000
0.000000
0.000000
0.000000
0.000000
0.000000
0.000000
0.000000
0.000000
0.000000
0.000000
0.000000
0.000000
0.000000
0.000000
0.000000
0.000000
0.000000
0.000000
0.000000
0.000000
0.000000
0.000000
0.000000
0.000000
0.000000
0.000000
0.000000
0.000000
0.000000
0.000000
0.000000
0.000000
0.000000
0.000000
0.000000
0.000000
0.000000
0.000000
0.000000
0.000000
0.000000
0.000000
0.000000
0.000000
0.000000
0.000000
0.000000
0.000000
0.000000
0.000000
0.000000
0.000000
0.000000
0.000000
0.000000
0.000000
0.000000
0.000000
0.000000
0.000000
0.000000
0.000000
0.000000
0.000000
0.000000
0.000000
0.000000
0.000000
0.000000
0.000000
0.000000
0.000000
0.000000
0.000000
0.000000
0.000000
0.000000
0.000000
0.000000
0.000000
0.000000
0.000000
0.000000
0.000000
0.000000
0.000000
0.000000
0.000000
0.000000
0.000000
0.000000
0.000000
0.000000
0.000000
0.000000
0.000000
0.000000
0.000000
0.000000
0.000000
0.000000
0.000000
0.000000
0.000000
0.000000
0.000000
0.000000
0.000000
0.000000
0.000000
0.000000
0.000000
0.000000
0.000000
0.000000
0.000000
0.000000
0.000000
0.000000
0.000000
0.000000
0.000000
0.000000
0.000000
0.000000
0.000000
0.000000
0.000000
0.000000
0.000000
0.000000
0.000000
0.000000
0.000000
0.000000
0.000000
0.000000
0.000000
0.000000
0.000000
0.000000
0.000000
0.000000
0.000000
0.000000
0.000000
0.000000
0.000000
0.000000
0.000000
0.000000
0.000000
0.000000
0.000000
0.000000
0.000000
0.000000
0.000000
0.000000
0.000000
0.000000
0.000000
0.000000
0.000000
0.000000
0.000000
0.000000
0.000000
0.000000
0.000000
0.000000
0.000000
0.000000
0.000000
0.000000
0.000000
0.000000
0.000000
0.000000
0.000000
0.000000
0.000000
0.000000
0.000000
0.000000
0.000000
0.000000
0.000000
0.000000
0.000000
0.000000
0.000000
0.000000
0.000000
0.000000
0.000000
0.000000
0.000000
0.000000
0.000000
0.000000
0.000000
0.000000
0.000000
0.000000
0.000000
0.000000
0.000000
0.000000
0.000000
0.000000
0.000000
0.000000
0.000000
0.000000
0.000000
0.000000
0.000000
0.000000
0.000000
0.000000
0.000000
0.000000
0.000000
0.000000
0.000000
0.000000
0.000000
0.000000
0.000000
0.000000
0.000000
0.000000
0.000000
0.000000
0.000000
0.000000
0.000000
0.000000
0.000000
0.000000
0.000000
0.000000
0.000000
0.000000
0.000000
0.000000
0.000000
0.000000
0.000000
0.000000
0.000000
0.000000
0.000000
0.000000
0.000000
0.000000
0.000000
0.000000
0.000000
0.000000
0.000000
0.000000
0.000000
0.000000
0.000000
0.000000
0.000000
0.000000
0.000000
0.000000
0.000000
0.000000
0.000000
0.000000
0.000000
0.000000
0.000000
0.000000
0.000000
0.000000
0.000000
0.000000
0.000000
0.000000
0.000000
0.000000
0.000000
0.000000
0.000000
0.000000
0.000000
0.000000
0.000000
0.000000
0.000000
0.000000
0.000000
0.000000
0.000000
31515125.000000
6072819.000000
3212289.000000
15181236.000000
6851734.000000
18429195.000000
7020038.000000
8527223.000000
7360408.000000
3692297.000000
8563257.000000
3852755.000000
3876046.000000
4095518.000000
5876117.000000
5922125.000000
6805010.000000
12939179.000000
979807.000000
418305.000000
5727420.000000
691526.000000
12471908.000000
2502823.000000
6420677.000000
15004157.000000
1385820.000000
17356713.000000
17611665.000000
9646841.000000
17514373.000000
5105486.000000
5268053.000000
6753462.000000
9027521.000000
19151412.000000
13570758.000000
16144504.000000
1988268.000000
2604118.000000
16332924.000000
19037864.000000
6944290.000000
2619195.000000
5623335.000000
5342479.000000
5433880.000000
850506.000000
3584262.000000
13622682.000000
583317.000000
16877484.000000
7290578.000000
5043033.000000
13476331.000000
1626911.000000
4610301.000000
4543326.000000
16827899.000000
7095226.000000
18181633.000000
16441601.000000
8900806.000000
15726948.000000
1176879.000000
16405821.000000
6062270.000000
18330124.000000
13324762.000000
6240308.000000
1454232.000000
3898253.000000
1373165.000000
16101383.000000
441603.000000
14888969.000000
5944450.000000
5132396.000000
6921315.000000
1520825.000000
10347693.000000
16840369.000000
8201081.000000
3747524.000000
7676565.000000
8279883.000000
7295095.000000
2623127.000000
491003.000000
18315443.000000
8665877.000000
1600817.000000
921677.000000
19768460.000000
7163909.000000
4948904.000000
162164.000000
3206346.000000
4372105.000000
17707124.000000
13877729.000000
195469.000000
1585668.000000
1817756.000000
6681442.000000
9869646.000000
17502538.000000
9412712.000000
1144719.000000
14420052.000000
3507609.000000
17147377.000000
9995264.000000
300389.000000
5962124.000000
11034700.000000
7480538.000000
104053.000000
9602610.000000
2707368.000000
16028311.000000
1289151.000000
4618392.000000
17671840.000000
3784593.000000
8611008.000000
593449.000000
1374821.000000
2925195.000000
17776762.000000
17894617.000000
2279144.000000
18512913.000000
10894612.000000
5177344.000000
16881436.000000
630523.000000
17560121.000000
11082691.000000
19670056.000000
6057133.000000
926223.000000
939594.000000
1811239.000000
1834276.000000
2858061.000000
8982052.000000
2921290.000000
4871694.000000
19455595.000000
2118879.000000
9878781.000000
626381.000000
15675229.000000
14580358.000000
2938954.000000
190774.000000
14071194.000000
10483259.000000
9489075.000000
1578882.000000
7365061.000000
5109999.000000
6061994.000000
6448779.000000
497384.000000
18028515.000000
6833658.000000
3071907.000000
1411727.000000
1241330.000000
7905194.000000
7310526.000000
15843205.000000
12040841.000000
10495920.000000
6168613.000000
12303993.000000
5605236.000000
1657801.000000
14437511.000000
4279315.000000
3364577.000000
945312.000000
5532692.000000
11864521.000000
1355536.000000
6818232.000000
3581719.000000
1603371.000000
3503226.000000
19124889.000000
4169848.000000
8357348.000000
7238141.000000
14021963.000000
7645976.000000
11383610.000000
10957419.000000
1871127.000000
7352811.000000
4727174.000000
93787.000000
8767228.000000
9724437.000000
1562440.000000
595773.000000
14002000.000000
15636190.000000
11275297.000000
2881411.000000
14120354.000000
3477246.000000
2860592.000000
7164375.000000
1887309.000000
7317492.000000
7321454.000000
18255778.000000
14978217.000000
6977802.000000
127145.000000
7368053.000000
3064818.000000
9158826.000000
11053875.000000
605248.000000
2309850.000000
151868.000000
5601664.000000
694011.000000
18254911.000000
7230025.000000
1755154.000000
16596001.000000
18042095.000000
5045236.000000
8230981.000000
2979066.000000
14123317.000000
10383145.000000
4514503.000000
3934746.000000
6464680.000000
5455333.000000
12084676.000000
14372645.000000
14862503.000000
12121386.000000
4464806.000000
17522669.000000
14516770.000000
1791770.000000
3739282.000000
11759145.000000
9792743.000000
10311222.000000
16743667.000000
6095993.000000
237511.000000
890409.000000
2136807.000000
5709514.000000
18427564.000000
9784617.000000
604197.000000
15381199.000000
9993983.000000
18489073.000000
3299917.000000
4254888.000000
4651624.000000
5100565.000000
3763537.000000
6003568.000000
2147598.000000
12931395.000000
8389491.000000
18156866.000000
3775827.000000
7154948.000000
1813184.000000
4880411.000000
745760.000000
9571566.000000
15931595.000000
6504642.000000
16366722.000000
9058959.000000
433276.000000
9110611.000000
859229.000000
10509604.000000
6977058.000000
10631655.000000
19448723.000000
9383927.000000
4063303.000000
5031148.000000
4375996.000000
14559742.000000
18440372.000000
12319483.000000
11886720.000000
6295172.000000
7379189.000000
1178089.000000
18609551.000000
3971523.000000
939234.000000
1668705.000000
2509420.000000
9626841.000000
13896268.000000
18195388.000000
8057619.000000
1906806.000000
16137742.000000
8762590.000000
7987961.000000
8334137.000000
2706712.000000
8616342.000000
18662829.000000
1104994.000000
19215365.000000
18923098.000000
7946369.000000
8151935.000000
11390677.000000
18562079.000000
14620730.000000
454682.000000
11494940.000000
13636398.000000
5083134.000000
5963701.000000
10057307.000000
16556405.000000
2457582.000000
20795087.000000
5002353.000000
17697879.000000
18460291.000000
12554426.000000
11073571.000000
13656257.000000
3070941.000000
6081653.000000
611249.000000
2194098.000000
19737637.000000
17793223.000000
15440372.000000
11086579.000000
15519349.000000
19528951.000000
17574596.000000
9071146.000000
6376609.000000
848882.000000
14591132.000000
129141.000000
521972.000000
11427869.000000
5004888.000000
10907150.000000
13944336.000000
8719108.000000
161147.000000
4397135.000000
17192101.000000
3699923.000000
2338905.000000
4121117.000000
9099151.000000
9427651.000000
12762811.000000
9575322.000000
6769109.000000
3318126.000000
501954.000000
2616487.000000
3637201.000000
9765832.000000
11263908.000000
2540623.000000
7830745.000000
628751.000000
8890874.000000
3179690.000000
20099783.000000
2370393.000000
425218.000000
9094461.000000
3129921.000000
6546622.000000
2129034.000000
