0.000000
0.000000
0.000000
0.000000
0.000000
0.000000
0.000000
0.000000
0.000000
0.000000
0.000000
0.000000
0.000000
0.000000
0.000000
0.000000
0.000000
0.000000
0.000000
0.000000
0.000000
0.000000
0.000000
0.000000
0.000000
0.000000
0.000000
0.000000
0.000000
0.000000
0.000000
0.000000
0.000000
0.000000
0.000000
0.000000
0.000000
0.000000
0.000000
0.000000
0.000000
0.000000
0.000000
0.000000
0.000000
0.000000
0.000000
0.000000
0.000000
0.000000
0.000000
0.000000
0.000000
0.000000
0.000000
0.000000
0.000000
0.000000
0.000000
0.000000
0.000000
0.000000
0.000000
0.000000
0.000000
0.000000
0.000000
0.000000
0.000000
0.000000
0.000000
0.000000
0.000000
0.000000
0.000000
0.000000
0.000000
0.000000
0.000000
0.000000
0.000000
0.000000
0.000000
0.000000
0.000000
0.000000
0.000000
0.000000
0.000000
0.000000
0.000000
0.000000
0.000000
0.000000
0.000000
0.000000
0.000000
0.000000
0.000000
0.000000
0.000000
0.000000
0.000000
0.000000
0.000000
0.000000
0.000000
0.000000
0.000000
0.000000
0.000000
0.000000
0.000000
0.000000
0.000000
0.000000
0.000000
0.000000
0.000000
0.000000
0.000000
0.000000
0.000000
0.000000
0.000000
0.000000
0.000000
0.000000
0.000000
0.000000
0.000000
0.000000
0.000000
0.000000
0.000000
0.000000
0.000000
0.000000
0.000000
0.000000
0.000000
0.000000
0.000000
0.000000
0.000000
0.000000
0.000000
0.000000
0.000000
0.000000
0.000000
0.000000
0.000000
0.000000
0.000000
0.000000
0.000000
0.000000
0.000000
0.000000
0.000000
0.000000
0.000000
0.000000
0.000000
0.000000
0.000000
0.000000
0.000000
0.000000
0.000000
0.000000
0.000000
0.000000
0.000000
0.000000
0.000000
0.000000
0.000000
0.000000
0.000000
0.000000
0.000000
0.000000
0.000000
0.000000
0.000000
0.000000
0.000000
0.000000
0.000000
0.000000
0.000000
0.000000
0.000000
0.000000
0.000000
0.000000
0.000000
0.000000
0.000000
0.000000
0.000000
0.000000
0.000000
0.000000
0.000000
0.000000
0.000000
0.000000
0.000000
0.000000
0.000000
0.000000
0.000000
0.000000
0.000000
0.000000
0.000000
0.000000
0.000000
0.000000
0.000000
0.000000
0.000000
0.000000
0.000000
0.000000
0.000000
0.000000
0.000000
0.000000
0.000000
0.000000
0.000000
0.000000
0.000000
0.000000
0.000000
0.000000
0.000000
0.000000
0.000000
0.000000
0.000000
0.000000
0.000000
0.000000
0.000000
0.000000
0.000000
0.000000
0.000000
0.000000
0.000000
0.000000
0.000000
0.000000
0.000000
0.000000
0.000000
0.000000
0.000000
0.000000
0.000000
0.000000
0.000000
0.000000
0.000000
0.000000
0.000000
0.000000
0.000000
0.000000
0.000000
0.000000
0.000000
0.000000
0.000000
0.000000
0.000000
0.000000
0.000000
0.000000
0.000000
0.000000
0.000000
0.000000
0.000000
0.000000
0.000000
0.000000
0.000000
0.000000
0.000000
0.000000
0.000000
0.000000
0.000000
0.000000
0.000000
0.000000
0.000000
0.000000
0.000000
0.000000
0.000000
0.000000
0.000000
0.000000
0.000000
0.000000
0.000000
0.000000
0.000000
0.000000
0.000000
0.000000
0.000000
0.000000
0.000000
0.000000
0.000000
0.000000
0.000000
0.000000
0.000000
0.000000
0.000000
0.000000
0.000000
0.000000
0.000000
0.000000
0.000000
0.000000
0.000000
0.000000
0.000000
0.000000
0.000000
0.000000
0.000000
0.000000
0.000000
0.000000
0.000000
0.000000
0.000000
0.000000
0.000000
0.000000
0.000000
0.000000
0.000000
0.000000
0.000000
0.000000
0.000000
0.000000
0.000000
0.000000
0.000000
0.000000
0.000000
0.000000
0.000000
0.000000
0.000000
0.000000
0.000000
0.000000
0.000000
0.000000
0.000000
0.000000
0.000000
0.000000
0.000000
0.000000
0.000000
0.000000
0.000000
0.000000
0.000000
0.000000
0.000000
0.000000
0.000000
0.000000
0.000000
0.000000
0.000000
0.000000
0.000000
0.000000
0.000000
0.000000
0.000000
0.000000
0.000000
0.000000
0.000000
0.000000
0.000000
0.000000
0.000000
0.000000
0.000000
0.000000
0.000000
0.000000
0.000000
0.000000
0.000000
0.000000
0.000000
0.000000
0.000000
0.000000
0.000000
0.000000
0.000000
0.000000
0.000000
0.000000
0.000000
0.000000
0.000000
0.000000
0.000000
0.000000
0.000000
0.000000
0.000000
0.000000
0.000000
0.000000
0.000000
0.000000
0.000000
0.000000
0.000000
0.000000
0.000000
0.000000
0.000000
0.000000
0.000000
0.000000
0.000000
0.000000
0.000000
0.000000
0.000000
0.000000
0.000000
0.000000
0.000000
0.000000
0.000000
0.000000
0.000000
0.000000
0.000000
0.000000
0.000000
0.000000
0.000000
0.000000
0.000000
0.000000
0.000000
0.000000
0.000000
0.000000
0.000000
0.000000
0.000000
0.000000
0.000000
0.000000
0.000000
0.000000
0.000000
0.000000
0.000000
0.000000
0.000000
0.000000
0.000000
0.000000
0.000000
0.000000
0.000000
0.000000
0.000000
0.000000
0.000000
0.000000
0.000000
0.000000
0.000000
0.000000
0.000000
0.000000
0.000000
0.000000
0.000000
0.000000
0.000000
0.000000
0.000000
0.000000
0.000000
0.000000
0.000000
0.000000
0.000000
0.000000
0.000000
0.000000
0.000000
0.000000
0.000000
0.000000
0.000000
0.000000
0.000000
0.000000
0.000000
0.000000
0.000000
0.000000
0.000000
0.000000
0.000000
0.000000
0.000000
0.000000
0.000000
0.000000
0.000000
0.000000
0.000000
0.000000
0.000000
0.000000
0.000000
0.000000
0.000000
0.000000
0.000000
0.000000
0.000000
0.000000
0.000000
0.000000
0.000000
0.000000
0.000000
0.000000
0.000000
0.000000
0.000000
0.000000
0.000000
0.000000
0.000000
0.000000
0.000000
0.000000
0.000000
0.000000
0.000000
0.000000
0.000000
0.000000
0.000000
0.000000
0.000000
0.000000
0.000000
0.000000
0.000000
0.000000
0.000000
0.000000
0.000000
0.000000
0.000000
0.000000
0.000000
0.000000
0.000000
0.000000
0.000000
0.000000
0.000000
0.000000
0.000000
0.000000
0.000000
0.000000
0.000000
0.000000
0.000000
0.000000
0.000000
0.000000
0.000000
0.000000
0.000000
0.000000
0.000000
0.000000
0.000000
0.000000
0.000000
9317075.000000
4148789.000000
3486866.000000
5042669.000000
4887120.000000
5216730.000000
5991902.000000
1800722.000000
2349210.000000
4777455.000000
6043082.000000
4345363.000000
2817873.000000
3378422.000000
3010646.000000
4040842.000000
739787.000000
2823134.000000
5753540.000000
489755.000000
4224137.000000
4035985.000000
3407905.000000
5427400.000000
1794412.000000
3317650.000000
2788918.000000
4986150.000000
4344575.000000
4827841.000000
5774364.000000
3621982.000000
4304497.000000
1117646.000000
4459730.000000
3946082.000000
5673111.000000
4790487.000000
4852398.000000
1359152.000000
3183541.000000
1135717.000000
6295971.000000
488628.000000
6157517.000000
3258867.000000
4130225.000000
4623913.000000
1175520.000000
5170153.000000
5422300.000000
4857442.000000
3593920.000000
5527424.000000
3927075.000000
5010364.000000
2335292.000000
436865.000000
5685328.000000
5336405.000000
1659743.000000
1044998.000000
5159189.000000
3945746.000000
4104082.000000
179076.000000
2503326.000000
3222603.000000
4703954.000000
6047834.000000
171720.000000
1580097.000000
1956934.000000
4174221.000000
4584792.000000
4844271.000000
4509518.000000
1379502.000000
5147904.000000
2803822.000000
5653670.000000
5608649.000000
383792.000000
3630994.000000
4381197.000000
4745631.000000
138763.000000
5103530.000000
2901132.000000
4960902.000000
1202626.000000
3248888.000000
4900322.000000
2788672.000000
4979202.000000
602493.000000
1347737.000000
2292714.000000
4839466.000000
5869108.000000
2332189.000000
5380240.000000
4387351.000000
3449664.000000
5211156.000000
460670.000000
5326851.000000
5252886.000000
5629343.000000
4107927.000000
967698.000000
809461.000000
1845442.000000
1489961.000000
2614254.000000
5482179.000000
2814865.000000
3876098.000000
5160649.000000
2085693.000000
5083626.000000
821592.000000
5543981.000000
5221937.000000
2839830.000000
263415.000000
4559043.000000
5112803.000000
5739341.000000
1471900.000000
4557367.000000
3764437.000000
3285752.000000
3875956.000000
464897.000000
5094894.000000
4124330.000000
2869528.000000
1606059.000000
1080337.000000
4189823.000000
4950513.000000
4825833.000000
4561833.000000
5189286.000000
4134977.000000
4489829.000000
3599683.000000
1775357.000000
5269545.000000
2716363.000000
3631540.000000
1105191.000000
3177555.000000
5142119.000000
1138516.000000
4712659.000000
3805081.000000
1487484.000000
3105036.000000
5406282.000000
3613928.000000
4935633.000000
4306399.000000
5185962.000000
4524866.000000
5485932.000000
5678057.000000
2065530.000000
5156656.000000
3454875.000000
92511.000000
5443164.000000
5640654.000000
2002857.000000
625938.000000
5731341.000000
5953925.000000
4921797.000000
2301384.000000
5535728.000000
3292646.000000
2838823.000000
3660146.000000
2283608.000000
4186438.000000
3726114.000000
5732103.000000
5201721.000000
4127763.000000
126453.000000
4250327.000000
2662342.000000
5100251.000000
4144346.000000
609890.000000
2592021.000000
162625.000000
3808026.000000
636812.000000
5460387.000000
4762007.000000
2035349.000000
5547728.000000
5751458.000000
4223338.000000
4519391.000000
2745710.000000
6347636.000000
5263739.000000
3195847.000000
3313265.000000
3534891.000000
3165138.000000
5139716.000000
4651360.000000
4734077.000000
5221133.000000
3251887.000000
4938604.000000
5098283.000000
1941982.000000
3305397.000000
5776310.000000
5287253.000000
4998644.000000
4851347.000000
3763586.000000
293165.000000
675458.000000
1443550.000000
3786925.000000
4794415.000000
4652254.000000
645930.000000
5639819.000000
3773775.000000
5122516.000000
2750222.000000
3454400.000000
3817075.000000
3395978.000000
3578802.000000
4149225.000000
2205861.000000
5400278.000000
5012848.000000
5554400.000000
2918770.000000
3990516.000000
1804965.000000
3521642.000000
747787.000000
5379900.000000
5227181.000000
3870323.000000
5564607.000000
5289166.000000
503852.000000
5130458.000000
830812.000000
5640131.000000
4050763.000000
4699050.000000
5615891.000000
4745807.000000
2952177.000000
4001928.000000
3470393.000000
5061107.000000
5376002.000000
4837886.000000
5320937.000000
4611887.000000
4145279.000000
1040851.000000
4982557.000000
3593888.000000
1141650.000000
1676641.000000
2216936.000000
4429302.000000
4653524.000000
6503757.000000
4524407.000000
1937466.000000
4903296.000000
4987161.000000
4204832.000000
4025022.000000
2576813.000000
3951687.000000
5252308.000000
1187833.000000
5430814.000000
5429749.000000
4228392.000000
4295704.000000
5105631.000000
5551665.000000
6119912.000000
417720.000000
5004371.000000
6372293.000000
4365601.000000
4645983.000000
5114369.000000
5136554.000000
2551996.000000
5498144.000000
3193982.000000
5748849.000000
5294305.000000
5262179.000000
5930202.000000
5467647.000000
2620074.000000
3862396.000000
635686.000000
2659156.000000
5648534.000000
4485270.000000
6096523.000000
4456179.000000
4194730.000000
5539019.000000
4394599.000000
4027469.000000
4130233.000000
766139.000000
4888969.000000
142679.000000
506248.000000
5677472.000000
3757515.000000
5158425.000000
4259221.000000
5150543.000000
178564.000000
3085208.000000
4775242.000000
2671574.000000
2226459.000000
2951226.000000
5305274.000000
4699085.000000
4926399.000000
4274487.000000
3474066.000000
2523094.000000
550460.000000
3084370.000000
3111342.000000
5156831.000000
5656358.000000
2347677.000000
4473005.000000
469092.000000
4587723.000000
3017400.000000
5495930.000000
2848967.000000
418212.000000
3968001.000000
3145413.000000
4469031.000000
1745776.000000
