0.000000
0.000000
0.000000
0.000000
0.000000
0.000000
0.000000
0.000000
0.000000
0.000000
0.000000
0.000000
0.000000
0.000000
0.000000
0.000000
0.000000
0.000000
0.000000
0.000000
0.000000
0.000000
0.000000
0.000000
0.000000
0.000000
0.000000
0.000000
0.000000
0.000000
0.000000
0.000000
0.000000
0.000000
0.000000
0.000000
0.000000
0.000000
0.000000
0.000000
0.000000
0.000000
0.000000
0.000000
0.000000
0.000000
0.000000
0.000000
0.000000
0.000000
0.000000
0.000000
0.000000
0.000000
0.000000
0.000000
0.000000
0.000000
0.000000
0.000000
0.000000
0.000000
0.000000
0.000000
117597555.000000
28661518.000000
6792754.000000
6242368.000000
9037688.000000
15396111.000000
11116844.000000
2465890.000000
470129.000000
8436739.000000
6922121.000000
31980160.000000
22776525.000000
4625099.000000
28895625.000000
5631506.000000
208059.000000
26109200.000000
20340526.000000
1899298.000000
16993393.000000
9028323.000000
2330871.000000
28220083.000000
10469512.000000
42474418.000000
19775496.000000
12962676.000000
6800053.000000
40512582.000000
8172388.000000
2441792.000000
2260380.000000
3877005.000000
28555168.000000
67708941.000000
53644730.000000
3471486.000000
1952427.000000
8986166.000000
18736623.000000
20110909.000000
2096256.000000
10862158.000000
1848331.000000
77274463.000000
43692266.000000
14121629.000000
4015303.000000
34540005.000000
4775998.000000
17526458.000000
15652614.000000
57300346.000000
1228382.000000
6596154.000000
4509816.000000
9871695.000000
32568130.000000
22091716.000000
9514136.000000
33513379.000000
3095026.000000
44377414.000000
22381791.000000
15828153.000000
5787410.000000
23234241.000000
7106401.000000
5280314.000000
675282.000000
16199376.000000
2619521.000000
903569.000000
48127825.000000
5831594.000000
1265415.000000
4045969.000000
3992063.000000
7559909.000000
293005.000000
19127061.000000
4176846.000000
2110234.000000
1356606.000000
126188.000000
16766748.000000
2927386.000000
5120224.000000
47950591.000000
1801940.000000
32858483.000000
3997487.000000
208318.000000
13576834.000000
29281847.000000
18520045.000000
32801248.000000
73149648.000000
48934763.000000
1948800.000000
53569562.000000
540122.000000
4092102.000000
24023861.000000
7301046.000000
12890296.000000
9832966.000000
13609184.000000
3862079.000000
4798040.000000
21520497.000000
15282684.000000
47612206.000000
14119122.000000
13898427.000000
7756212.000000
408135.000000
56672491.000000
1746641.000000
16129307.000000
39064138.000000
7113409.000000
2332808.000000
4478096.000000
2662917.000000
6990363.000000
13821037.000000
33454786.000000
15784511.000000
39662090.000000
24404568.000000
4084044.000000
6106400.000000
5264881.000000
16045340.000000
109857.000000
11894846.000000
1564383.000000
74803470.000000
1393876.000000
7929810.000000
8326258.000000
747059.000000
5639613.000000
1363730.000000
9618979.000000
2752889.000000
15636200.000000
9315208.000000
30368853.000000
5941114.000000
3571874.000000
592535.000000
15158256.000000
1196780.000000
2865416.000000
5109437.000000
1136616.000000
4839904.000000
29501382.000000
152723.000000
16214653.000000
3579590.000000
2660752.000000
3251873.000000
6314619.000000
6342474.000000
913418.000000
8590764.000000
65715502.000000
19906857.000000
33063828.000000
15581338.000000
9950850.000000
17634592.000000
2963249.000000
27526152.000000
1405782.000000
16734614.000000
9218817.000000
7273910.000000
985107.000000
35175573.000000
9874736.000000
4420959.000000
20098933.000000
13458837.000000
26659027.000000
231398.000000
1518690.000000
1106238.000000
4712465.000000
3661497.000000
52727260.000000
10243612.000000
8482955.000000
36430340.000000
1506299.000000
4428745.000000
3578923.000000
9469177.000000
19071226.000000
7424631.000000
8565261.000000
1967252.000000
25323115.000000
5442461.000000
9419255.000000
35659845.000000
10095826.000000
8722061.000000
414886.000000
18289455.000000
6156630.000000
6458941.000000
3389755.000000
36353415.000000
8236070.000000
11827563.000000
14158715.000000
8703108.000000
16973730.000000
9725084.000000
462827.000000
46255583.000000
5397731.000000
12955187.000000
9872005.000000
21091423.000000
5811754.000000
659811.000000
28248395.000000
9468603.000000
31370472.000000
8629866.000000
581054.000000
2495346.000000
8153745.000000
120378.000000
1393142.000000
11839319.000000
12276391.000000
9581670.000000
2498096.000000
6480571.000000
5013771.000000
246368.000000
15934483.000000
12656793.000000
1543870.000000
7222661.000000
303061.000000
4694055.000000
3397683.000000
16975976.000000
654071.000000
24428284.000000
5634697.000000
9152201.000000
16365216.000000
2574460.000000
6033870.000000
8414426.000000
19742412.000000
5420284.000000
8849279.000000
23642368.000000
10486473.000000
8976212.000000
31822911.000000
4415473.000000
2478191.000000
5214049.000000
37237201.000000
63869.000000
33344789.000000
21724570.000000
7308473.000000
4282888.000000
9058224.000000
3658820.000000
27980097.000000
132302.000000
49213142.000000
2118323.000000
3570931.000000
61579054.000000
89567.000000
35736833.000000
443867.000000
21206358.000000
9141167.000000
8085879.000000
10561228.000000
8413191.000000
20519446.000000
19800599.000000
10760840.000000
51242676.000000
8269396.000000
1562475.000000
7326253.000000
8979163.000000
7700563.000000
27702631.000000
5441614.000000
563904.000000
976052.000000
3332548.000000
7643594.000000
14050307.000000
1864891.000000
7836512.000000
15718613.000000
3910292.000000
76801681.000000
16813582.000000
68133613.000000
5703935.000000
6285252.000000
266882.000000
14522473.000000
35678568.000000
1332951.000000
14970914.000000
63835705.000000
986770.000000
75519.000000
3910333.000000
1411558.000000
4583333.000000
9306337.000000
6118562.000000
6881844.000000
38649248.000000
9350163.000000
65431646.000000
6317884.000000
20474084.000000
1168402.000000
43918140.000000
2148513.000000
5985845.000000
29858854.000000
1579104.000000
1140350.000000
42424803.000000
7571947.000000
66191168.000000
9980410.000000
3077704.000000
5695168.000000
18419290.000000
1799648.000000
11698817.000000
463544.000000
11729522.000000
1783632.000000
3918109.000000
542762.000000
7719079.000000
8963779.000000
134989.000000
19736875.000000
636454.000000
16379483.000000
6374494.000000
1547359.000000
5616506.000000
12165255.000000
9685443.000000
12336020.000000
4624550.000000
2639863.000000
9779756.000000
5018133.000000
16039973.000000
7051779.000000
1566082.000000
327996.000000
22637076.000000
977925.000000
2767464.000000
9057353.000000
2134168.000000
5088477.000000
1312653.000000
3520808.000000
7648081.000000
28642832.000000
20727877.000000
979640.000000
17439008.000000
14259883.000000
23253873.000000
2402103.000000
4719924.000000
13301565.000000
15847560.000000
10418732.000000
11248705.000000
4541726.000000
3241734.000000
8302863.000000
240551.000000
40902004.000000
3417275.000000
2901825.000000
13057831.000000
9513887.000000
10866451.000000
1533940.000000
5041914.000000
6215319.000000
49043848.000000
11249320.000000
9095119.000000
1207196.000000
814099.000000
44439454.000000
526057.000000
2691489.000000
5642180.000000
34433674.000000
19133307.000000
925954.000000
16975044.000000
65205545.000000
3782759.000000
4486565.000000
143040.000000
8696975.000000
5284399.000000
6850783.000000
17672836.000000
18031832.000000
10093662.000000
42411919.000000
3630786.000000
9560555.000000
14051957.000000
10656143.000000
384110.000000
21910512.000000
7217741.000000
6695219.000000
1223915.000000
5439332.000000
39226280.000000
14027802.000000
4126179.000000
1504117.000000
10188106.000000
11470797.000000
3048123.000000
24159997.000000
9751430.000000
7290246.000000
10674673.000000
9575531.000000
39075594.000000
1275887.000000
4981489.000000
1689138.000000
6880563.000000
8045675.000000
5132868.000000
918201.000000
6391032.000000
4271847.000000
15040864.000000
13180018.000000
10146632.000000
9798828.000000
45308771.000000
11444284.000000
16085489.000000
8479415.000000
1029113.000000
5657157.000000
5723943.000000
4384198.000000
1541040.000000
6221676.000000
10453059.000000
25454932.000000
2524508.000000
47530639.000000
62819196.000000
1180973.000000
25344700.000000
36316996.000000
17990575.000000
7570643.000000
7511407.000000
6382777.000000
3922357.000000
23819766.000000
15721225.000000
6027884.000000
23917299.000000
9200254.000000
3748051.000000
15808580.000000
263308.000000
2712037.000000
30555485.000000
650052.000000
2286755.000000
3370791.000000
5568801.000000
4580711.000000
8871908.000000
1427467.000000
6351547.000000
10145138.000000
6932887.000000
11713098.000000
18501479.000000
9605225.000000
5008728.000000
4213503.000000
156511.000000
19974264.000000
5877743.000000
2713149.000000
28886320.000000
8278827.000000
35060680.000000
6850683.000000
8247262.000000
7868827.000000
3874625.000000
10143561.000000
3377191.000000
4901149.000000
4401900.000000
6069843.000000
6777837.000000
5894579.000000
19255829.000000
1040200.000000
366520.000000
5522644.000000
716635.000000
17812155.000000
2779645.000000
7780715.000000
27345126.000000
1500757.000000
57870315.000000
31529249.000000
11189130.000000
33655469.000000
5652238.000000
5368342.000000
6910647.000000
12284014.000000
54519901.000000
18921903.000000
40573616.000000
2222509.000000
3129778.000000
30945137.000000
42325220.000000
8385940.000000
3296308.000000
5263889.000000
5063675.000000
5714593.000000
775936.000000
3758969.000000
18823279.000000
629460.000000
33314913.000000
7874224.000000
5097677.000000
20243077.000000
1543060.000000
4198336.000000
4134807.000000
27649146.000000
7580488.000000
34668135.000000
30088303.000000
11072527.000000
29490823.000000
1488435.000000
31623593.000000
5825863.000000
69910342.000000
20372698.000000
6978327.000000
1551588.000000
4028061.000000
1498166.000000
49007500.000000
471250.000000
27108160.000000
5406032.000000
6280595.000000
8386186.000000
1322261.000000
12612695.000000
41171355.000000
8433980.000000
3563525.000000
8271640.000000
9813446.000000
7291564.000000
2806229.000000
478165.000000
65506313.000000
11427067.000000
2044416.000000
1054632.000000
64485217.000000
8004991.000000
5699684.000000
159823.000000
3198926.000000
4276031.000000
42578862.000000
20945861.000000
178818.000000
1578808.000000
2295241.000000
7290089.000000
12281481.000000
33106269.000000
9076603.000000
1241496.000000
21179979.000000
3455015.000000
31850351.000000
11610172.000000
323616.000000
6915574.000000
16817877.000000
7272230.000000
99672.000000
10936540.000000
3050107.000000
31871794.000000
1304763.000000
4492315.000000
68172568.000000
3751925.000000
10424207.000000
686561.000000
1320354.000000
3326193.000000
46874156.000000
51304650.000000
1966306.000000
66780673.000000
11990974.000000
5982502.000000
37838404.000000
526123.000000
71300328.000000
12942273.000000
43661363.000000
6963518.000000
962981.000000
779015.000000
1598717.000000
1843498.000000
3051010.000000
10457627.000000
2852748.000000
6060445.000000
72228522.000000
1945716.000000
11256877.000000
723953.000000
25999641.000000
22013214.000000
2702393.000000
239392.000000
19233301.000000
14517740.000000
9789753.000000
1441564.000000
7659225.000000
5475042.000000
5785252.000000
5477687.000000
557247.000000
64797152.000000
6441832.000000
2948331.000000
1648930.000000
1211847.000000
9081641.000000
9911304.000000
24525319.000000
17222071.000000
11544995.000000
7399496.000000
18380621.000000
6011798.000000
1851576.000000
23896503.000000
4304337.000000
4203029.000000
922613.000000
5990376.000000
15354254.000000
1499431.000000
6476629.000000
3862682.000000
1623200.000000
3453530.000000
53665804.000000
4780513.000000
8244137.000000
7521421.000000
23061447.000000
9627261.000000
16200951.000000
13744506.000000
1862365.000000
9341756.000000
4975178.000000
97684.000000
11858958.000000
11962754.000000
1767699.000000
531522.000000
20603735.000000
23444619.000000
15280641.000000
2989992.000000
21609285.000000
3989423.000000
3010859.000000
7812447.000000
1973013.000000
8897241.000000
7641289.000000
44753198.000000
23296237.000000
7701451.000000
123437.000000
10031138.000000
3583397.000000
10793468.000000
14355890.000000
571721.000000
2363555.000000
125896.000000
5148227.000000
692308.000000
35059650.000000
9086060.000000
2014566.000000
40797906.000000
53832118.000000
5858802.000000
9089229.000000
2725345.000000
20113471.000000
12307619.000000
3758531.000000
3724781.000000
6292990.000000
5310185.000000
14003378.000000
20384472.000000
22281082.000000
14268291.000000
4484676.000000
35124580.000000
32655274.000000
1855066.000000
3611373.000000
14488601.000000
11426539.000000
11409618.000000
32503694.000000
5556479.000000
284829.000000
741146.000000
1974043.000000
6623193.000000
44807019.000000
11701432.000000
536204.000000
22536792.000000
12991018.000000
41283927.000000
3688595.000000
4344956.000000
4820297.000000
4712061.000000
4030955.000000
8272271.000000
2244545.000000
20181547.000000
9151713.000000
35067739.000000
3856414.000000
7859933.000000
2023886.000000
4793344.000000
688332.000000
8233077.000000
25028820.000000
6981108.000000
28516169.000000
10647263.000000
535793.000000
10661950.000000
932207.000000
11449837.000000
8512935.000000
14711204.000000
71200020.000000
10317898.000000
4098901.000000
5821272.000000
4468236.000000
24702434.000000
67445034.000000
16241355.000000
14770542.000000
6190905.000000
8082539.000000
1105196.000000
36756521.000000
3861477.000000
895530.000000
1619738.000000
2948896.000000
11288846.000000
20808011.000000
35247708.000000
9032934.000000
1526244.000000
49887027.000000
10056610.000000
8741293.000000
9523987.000000
2740686.000000
8849470.000000
43518927.000000
1074432.000000
53715316.000000
41754388.000000
8857238.000000
8488998.000000
16989614.000000
55075107.000000
20093840.000000
431838.000000
15924874.000000
19090835.000000
5557180.000000
7082626.000000
11883554.000000
32777612.000000
2526266.000000
52595306.000000
5222931.000000
32722984.000000
60763230.000000
17535315.000000
11059460.000000
18616565.000000
2663039.000000
6564206.000000
615130.000000
2779969.000000
72513904.000000
35592039.000000
26323477.000000
14370993.000000
24402379.000000
72503425.000000
40358453.000000
9641422.000000
7347460.000000
846408.000000
23332171.000000
115708.000000
430493.000000
13325452.000000
5154079.000000
10996934.000000
20752496.000000
9840176.000000
174033.000000
4051495.000000
28197277.000000
3566153.000000
2574607.000000
4984481.000000
9346953.000000
10870903.000000
17443575.000000
12302272.000000
6686620.000000
3229884.000000
500907.000000
3086085.000000
3697339.000000
10760102.000000
15299111.000000
2962339.000000
10125046.000000
605108.000000
10436551.000000
3539096.000000
61963910.000000
2579598.000000
355928.000000
10327260.000000
3588094.000000
7046196.000000
2414776.000000
