0.000000
0.000000
0.000000
0.000000
0.000000
0.000000
0.000000
0.000000
0.000000
0.000000
0.000000
0.000000
0.000000
0.000000
0.000000
0.000000
0.000000
0.000000
0.000000
0.000000
0.000000
0.000000
0.000000
0.000000
0.000000
0.000000
0.000000
0.000000
0.000000
0.000000
0.000000
0.000000
0.000000
0.000000
0.000000
0.000000
0.000000
0.000000
0.000000
0.000000
0.000000
0.000000
0.000000
0.000000
0.000000
0.000000
0.000000
0.000000
0.000000
0.000000
0.000000
0.000000
0.000000
0.000000
0.000000
0.000000
0.000000
0.000000
0.000000
0.000000
0.000000
0.000000
0.000000
0.000000
0.000000
0.000000
0.000000
0.000000
0.000000
24110325.000000
7493275.000000
2622544.000000
440243.000000
6388641.000000
5889488.000000
14969350.000000
12523527.000000
4997749.000000
13497728.000000
5027212.000000
205658.000000
13161689.000000
10365611.000000
1652144.000000
10725217.000000
6907989.000000
2071101.000000
12953903.000000
8801202.000000
17237249.000000
11772004.000000
9401148.000000
5653937.000000
12838979.000000
6778911.000000
2395486.000000
2236059.000000
3580483.000000
12319333.000000
15735238.000000
14609534.000000
3020495.000000
1702835.000000
7822100.000000
11513331.000000
11212568.000000
1959395.000000
8809319.000000
2062170.000000
15317771.000000
15011265.000000
9829718.000000
3914351.000000
15034137.000000
4443114.000000
10158629.000000
9992353.000000
14969327.000000
1232556.000000
6043598.000000
3888798.000000
8384571.000000
13411074.000000
10305806.000000
8017577.000000
14889077.000000
2941036.000000
15250444.000000
12484592.000000
9002103.000000
4820960.000000
12546860.000000
6820904.000000
5401506.000000
648444.000000
10977953.000000
2316255.000000
795017.000000
12631671.000000
4901993.000000
1233405.000000
3338377.000000
3781088.000000
6824973.000000
286068.000000
12116271.000000
2897501.000000
1730352.000000
1294334.000000
146504.000000
11185090.000000
2636275.000000
4980475.000000
15044864.000000
1589022.000000
11577840.000000
4011213.000000
231529.000000
10338436.000000
13236871.000000
10799247.000000
14312721.000000
15766746.000000
14130374.000000
1792699.000000
15626579.000000
500099.000000
4093944.000000
13143368.000000
7250805.000000
9858129.000000
8880324.000000
9706249.000000
3654371.000000
4745148.000000
11834482.000000
10356078.000000
14473507.000000
10245348.000000
9805071.000000
6729729.000000
482864.000000
13943331.000000
1519050.000000
10664794.000000
15968180.000000
5884777.000000
2232037.000000
4361228.000000
2639998.000000
6250014.000000
9457556.000000
13324550.000000
10555714.000000
14351455.000000
13914023.000000
4040831.000000
5747735.000000
4450283.000000
11575798.000000
92563.000000
8884024.000000
1289295.000000
13832087.000000
1393111.000000
5938920.000000
7337104.000000
761582.000000
5371367.000000
1625910.000000
8318194.000000
3002178.000000
10392359.000000
7923993.000000
13765157.000000
5426259.000000
3416126.000000
472990.000000
10722850.000000
936994.000000
2967023.000000
5095878.000000
1138801.000000
4308168.000000
13445482.000000
138634.000000
10713409.000000
3677157.000000
2486579.000000
2625966.000000
5319721.000000
6538062.000000
822300.000000
7619397.000000
15003418.000000
10729169.000000
13279937.000000
9724868.000000
7617588.000000
11745669.000000
2827761.000000
14969045.000000
1392564.000000
10804109.000000
7847774.000000
5938661.000000
793416.000000
16560490.000000
7625087.000000
4348963.000000
11422778.000000
8504873.000000
13443930.000000
220725.000000
1358563.000000
1236131.000000
4289787.000000
3514270.000000
14644304.000000
8395133.000000
7441966.000000
14715174.000000
1558986.000000
3817118.000000
3519147.000000
8244841.000000
11994415.000000
6538375.000000
6332739.000000
1744939.000000
12902092.000000
4893956.000000
7739709.000000
13975657.000000
7771774.000000
7585196.000000
341818.000000
10909454.000000
5509566.000000
6218719.000000
3474905.000000
14568043.000000
7454142.000000
9156427.000000
9121354.000000
7090447.000000
10870863.000000
8378552.000000
413973.000000
14563736.000000
5044455.000000
8449597.000000
8489365.000000
12967169.000000
5573825.000000
684243.000000
13400787.000000
8044878.000000
13543123.000000
7460802.000000
514770.000000
2281335.000000
7236739.000000
124462.000000
1391859.000000
8652522.000000
9421985.000000
8258785.000000
2417516.000000
5550750.000000
5051703.000000
240319.000000
11036807.000000
8312074.000000
1539513.000000
6505622.000000
335688.000000
4490538.000000
3790100.000000
10674914.000000
614345.000000
11494852.000000
5485658.000000
7812055.000000
11112880.000000
2617056.000000
5723351.000000
7724046.000000
11974508.000000
4883371.000000
8110222.000000
11438971.000000
8444405.000000
8089594.000000
13792638.000000
4142047.000000
2394837.000000
4878660.000000
15169566.000000
62115.000000
14502253.000000
12318549.000000
6066022.000000
3642614.000000
7615107.000000
3245059.000000
14945766.000000
130242.000000
14388530.000000
2451782.000000
3350471.000000
12738425.000000
98118.000000
14656058.000000
395513.000000
12443983.000000
8333741.000000
7086624.000000
7568658.000000
7659784.000000
11793642.000000
12407772.000000
9043404.000000
13521209.000000
7095579.000000
1470572.000000
6832964.000000
7265313.000000
5952018.000000
14862534.000000
4027375.000000
526708.000000
845922.000000
3270938.000000
6687121.000000
9161886.000000
1824405.000000
7176127.000000
10788518.000000
3662993.000000
15019812.000000
11598333.000000
14948258.000000
5607371.000000
6258097.000000
250399.000000
10257021.000000
14083522.000000
1327767.000000
10488068.000000
12631100.000000
985750.000000
74888.000000
3957370.000000
1439392.000000
4280216.000000
7726533.000000
5523792.000000
5903336.000000
13903690.000000
6548811.000000
14379177.000000
6130796.000000
11515631.000000
1210450.000000
15266587.000000
1729267.000000
5739436.000000
14368416.000000
1484727.000000
1243832.000000
15346323.000000
6423850.000000
13862654.000000
8198286.000000
2539773.000000
5376703.000000
11084369.000000
2002391.000000
8194757.000000
438268.000000
8623358.000000
1487602.000000
3959673.000000
505417.000000
6620348.000000
8218407.000000
111585.000000
11028555.000000
714185.000000
10766062.000000
5294746.000000
1580020.000000
5717711.000000
9246572.000000
7363425.000000
8789569.000000
4101486.000000
2490065.000000
7474025.000000
4438954.000000
11048732.000000
5853176.000000
1519719.000000
430731.000000
12887698.000000
938618.000000
2368387.000000
6810641.000000
2077240.000000
4765119.000000
1207871.000000
3097571.000000
5434454.000000
14483965.000000
11520047.000000
1030708.000000
10602959.000000
10266259.000000
11920396.000000
2283819.000000
4135307.000000
10176717.000000
9289640.000000
7736326.000000
8606501.000000
3671609.000000
2578359.000000
7410778.000000
257706.000000
14426721.000000
3065787.000000
2908194.000000
10088477.000000
7441188.000000
8726006.000000
1514225.000000
5354330.000000
5422934.000000
14662733.000000
8046237.000000
7716594.000000
1385775.000000
627298.000000
15269604.000000
539637.000000
2537378.000000
5212104.000000
14521993.000000
11706486.000000
925801.000000
10854092.000000
14099611.000000
3413940.000000
3782302.000000
131880.000000
6539404.000000
4886265.000000
6399722.000000
11641002.000000
10522324.000000
8016048.000000
15474845.000000
2925635.000000
7852602.000000
9445613.000000
8539597.000000
439078.000000
12210197.000000
6577361.000000
5139409.000000
1346687.000000
5307404.000000
14340068.000000
10744970.000000
3987070.000000
1624445.000000
7930110.000000
8570721.000000
2379619.000000
12166460.000000
8342376.000000
6388406.000000
8128620.000000
8321984.000000
14367143.000000
1180252.000000
4952265.000000
1490477.000000
6163875.000000
6159163.000000
4649740.000000
837043.000000
5040693.000000
3786145.000000
10604761.000000
9338366.000000
6300000.000000
6801333.000000
13919864.000000
9238834.000000
10464509.000000
8643049.000000
940807.000000
5773338.000000
5095430.000000
4287227.000000
1414762.000000
5496628.000000
8575219.000000
13295100.000000
2381276.000000
15210254.000000
14529989.000000
975005.000000
12775278.000000
14769867.000000
11350504.000000
6334490.000000
7295705.000000
5567919.000000
3719107.000000
10493535.000000
10138692.000000
5276954.000000
12334728.000000
7031202.000000
3331199.000000
10258545.000000
291571.000000
2346138.000000
14001501.000000
573468.000000
2251393.000000
2950922.000000
4688595.000000
4295036.000000
7590888.000000
1604220.000000
6311305.000000
8304859.000000
6979253.000000
9330815.000000
11514505.000000
8154156.000000
4583255.000000
3740980.000000
155520.000000
10992289.000000
5785593.000000
2494826.000000
13060950.000000
6334821.000000
16490639.000000
6677880.000000
6670644.000000
7834844.000000
3486352.000000
8424033.000000
3775325.000000
3840753.000000
3509660.000000
5456363.000000
5792026.000000
5499464.000000
11781681.000000
996695.000000
395525.000000
5485684.000000
591411.000000
11616721.000000
2462019.000000
6724271.000000
12382315.000000
1328277.000000
14440744.000000
14313011.000000
8130342.000000
13191445.000000
4788626.000000
4514284.000000
7246254.000000
7463338.000000
14887385.000000
11069489.000000
14225999.000000
2013952.000000
2747874.000000
14548771.000000
14513320.000000
6513637.000000
2904148.000000
5354918.000000
4684020.000000
4909542.000000
677007.000000
3824549.000000
11296867.000000
553655.000000
13222530.000000
6882476.000000
5786532.000000
12771081.000000
1339669.000000
4104915.000000
4127868.000000
12741417.000000
6387338.000000
14088912.000000
12879849.000000
8593138.000000
13738189.000000
1475755.000000
14459441.000000
5466712.000000
15434820.000000
11853220.000000
5275968.000000
1454124.000000
3642402.000000
1355815.000000
11848315.000000
602937.000000
12097455.000000
5394449.000000
5484755.000000
6591033.000000
1605004.000000
9585371.000000
12854827.000000
7001827.000000
3329975.000000
6593550.000000
8363316.000000
6113116.000000
2559307.000000
504846.000000
13822480.000000
8067975.000000
2055236.000000
965170.000000
13362224.000000
7220942.000000
5335991.000000
178320.000000
3177726.000000
3908533.000000
13963951.000000
11834305.000000
179343.000000
1470779.000000
2076856.000000
6578955.000000
9161831.000000
14465061.000000
7576258.000000
1219158.000000
12954169.000000
3727772.000000
13063355.000000
8863150.000000
333513.000000
5811758.000000
10667661.000000
6495945.000000
97694.000000
8872217.000000
2615377.000000
14449200.000000
1406152.000000
4249001.000000
13901391.000000
3590996.000000
8265142.000000
714143.000000
1240024.000000
3330171.000000
14631657.000000
13698452.000000
1746311.000000
14206369.000000
9150122.000000
5403192.000000
13168983.000000
564484.000000
14900643.000000
9659385.000000
14564419.000000
6654659.000000
899386.000000
579237.000000
1767629.000000
1829738.000000
3038718.000000
7994463.000000
2599605.000000
5612746.000000
14482971.000000
1787221.000000
8862387.000000
736792.000000
12940119.000000
12974532.000000
2214400.000000
198322.000000
12336311.000000
9770199.000000
7274069.000000
1357486.000000
7555671.000000
5158424.000000
5628364.000000
4959784.000000
506164.000000
14615196.000000
6392171.000000
2948985.000000
1484564.000000
1191448.000000
7390221.000000
6332893.000000
13551878.000000
10227170.000000
9667994.000000
5819679.000000
10909177.000000
5592171.000000
1919048.000000
13406590.000000
4262795.000000
3397777.000000
990350.000000
5214646.000000
9984930.000000
1294789.000000
5525563.000000
3435278.000000
1486992.000000
3920659.000000
16769296.000000
4504020.000000
7150145.000000
6603796.000000
12477403.000000
8085688.000000
9854282.000000
8609776.000000
1625691.000000
7401545.000000
4719056.000000
112175.000000
7482667.000000
8047155.000000
1774557.000000
676801.000000
12305853.000000
12779640.000000
10170702.000000
2867016.000000
12257653.000000
3795716.000000
2524525.000000
6891345.000000
2216433.000000
7511167.000000
6747275.000000
14388530.000000
12911840.000000
7274011.000000
123513.000000
7434998.000000
3590852.000000
7106246.000000
10277205.000000
599947.000000
1929368.000000
136685.000000
4292800.000000
601198.000000
13930113.000000
7620057.000000
1839438.000000
13464361.000000
15249836.000000
5198678.000000
7474392.000000
2660381.000000
11541538.000000
8789220.000000
3965767.000000
3373598.000000
6559487.000000
4993100.000000
9443966.000000
11856722.000000
13233965.000000
10004737.000000
4450287.000000
14857083.000000
12934184.000000
1942653.000000
3694062.000000
9258638.000000
8678785.000000
9777927.000000
14242110.000000
5589317.000000
241494.000000
872163.000000
1844338.000000
5895731.000000
15215456.000000
9075044.000000
545292.000000
13037185.000000
9623183.000000
14861563.000000
3753587.000000
3363270.000000
4422301.000000
4914447.000000
3817564.000000
5204404.000000
1987490.000000
12067245.000000
7492167.000000
14216458.000000
3683816.000000
6847214.000000
1832698.000000
4590088.000000
667815.000000
8451571.000000
13211241.000000
6094011.000000
13592000.000000
7819121.000000
474966.000000
8934713.000000
783845.000000
7907965.000000
6797642.000000
9971569.000000
15164492.000000
8938135.000000
4098050.000000
4895811.000000
4050299.000000
13315954.000000
15436067.000000
10769546.000000
9728200.000000
7052191.000000
7022919.000000
1215529.000000
14422481.000000
3619694.000000
1062973.000000
1579091.000000
2351408.000000
8611851.000000
12420445.000000
13366098.000000
7285429.000000
1368539.000000
13448113.000000
8544547.000000
6493414.000000
8048445.000000
2696417.000000
7620009.000000
14188414.000000
968012.000000
15742013.000000
15637071.000000
7463799.000000
8271304.000000
10998305.000000
15140135.000000
11791289.000000
452624.000000
10438341.000000
11523829.000000
4637153.000000
5340196.000000
8604674.000000
13070142.000000
2375602.000000
15445613.000000
4993485.000000
15055784.000000
13889837.000000
11619536.000000
8463920.000000
11225414.000000
2866596.000000
6606569.000000
609087.000000
2579576.000000
14557662.000000
15012273.000000
13180081.000000
10116745.000000
13033527.000000
14393594.000000
14859344.000000
7739123.000000
5947677.000000
771925.000000
12648906.000000
114215.000000
491454.000000
9259639.000000
4922563.000000
9396923.000000
11946109.000000
7642431.000000
173991.000000
4133505.000000
13343446.000000
4133164.000000
2587412.000000
3687761.000000
7547688.000000
8701645.000000
10945007.000000
9446632.000000
6583626.000000
3205334.000000
482866.000000
3008591.000000
3777162.000000
8823068.000000
10660646.000000
2842390.000000
7683838.000000
532437.000000
8937593.000000
3095399.000000
14129960.000000
2450922.000000
311178.000000
8620585.000000
3069344.000000
5971841.000000
2122326.000000
