0.000000
0.000000
0.000000
0.000000
0.000000
0.000000
0.000000
0.000000
0.000000
0.000000
0.000000
0.000000
0.000000
0.000000
0.000000
0.000000
0.000000
0.000000
0.000000
0.000000
0.000000
0.000000
0.000000
0.000000
0.000000
0.000000
0.000000
0.000000
0.000000
0.000000
0.000000
0.000000
0.000000
0.000000
0.000000
0.000000
0.000000
0.000000
0.000000
0.000000
0.000000
0.000000
0.000000
0.000000
0.000000
0.000000
0.000000
0.000000
0.000000
0.000000
0.000000
0.000000
0.000000
0.000000
0.000000
0.000000
0.000000
0.000000
0.000000
0.000000
0.000000
0.000000
0.000000
0.000000
0.000000
0.000000
0.000000
0.000000
0.000000
0.000000
0.000000
0.000000
0.000000
0.000000
0.000000
0.000000
0.000000
0.000000
0.000000
0.000000
0.000000
0.000000
0.000000
0.000000
0.000000
0.000000
0.000000
0.000000
0.000000
0.000000
0.000000
0.000000
0.000000
0.000000
0.000000
4273890.000000
1793568.000000
2062362.000000
2624318.000000
2173988.000000
2569637.000000
2186666.000000
1369494.000000
2149962.000000
2391572.000000
2325308.000000
1568639.000000
2426363.000000
1580613.000000
2440243.000000
2465654.000000
2230229.000000
2353890.000000
2572619.000000
2327268.000000
2358601.000000
2719195.000000
2619663.000000
1237190.000000
2480705.000000
1922463.000000
2386718.000000
2579385.000000
2504566.000000
2248173.000000
2544935.000000
1669331.000000
2704096.000000
2613016.000000
2574661.000000
2199551.000000
2734532.000000
2051453.000000
2357590.000000
614301.000000
2580516.000000
1708311.000000
684123.000000
2654677.000000
2379709.000000
1240141.000000
2204616.000000
2063545.000000
2085458.000000
319114.000000
2250289.000000
1816497.000000
1473554.000000
1102691.000000
115007.000000
2880143.000000
1866200.000000
2229685.000000
2784507.000000
1276294.000000
2672617.000000
2111778.000000
181195.000000
2122225.000000
2792209.000000
2431085.000000
2398560.000000
2496072.000000
2908948.000000
1569882.000000
2652417.000000
571135.000000
1564676.000000
2367761.000000
2190354.000000
2255735.000000
2023894.000000
2466829.000000
2045451.000000
2190059.000000
2512628.000000
2621808.000000
2459877.000000
2249219.000000
2158273.000000
2747908.000000
497840.000000
2603675.000000
1542457.000000
2113998.000000
2387767.000000
2165037.000000
1789715.000000
2317900.000000
1939996.000000
2395050.000000
2323334.000000
2452546.000000
2283748.000000
2492654.000000
2296457.000000
1869387.000000
2247363.000000
2331183.000000
2376100.000000
89980.000000
2274755.000000
1324120.000000
2389088.000000
1263377.000000
2413174.000000
2402336.000000
703407.000000
2109423.000000
1343110.000000
2590670.000000
1968490.000000
2226270.000000
2661013.000000
2897280.000000
2196965.000000
1942585.000000
465128.000000
2509306.000000
790996.000000
1795924.000000
2362983.000000
812476.000000
2390400.000000
2426155.000000
112419.000000
2758594.000000
2195285.000000
1588604.000000
2137447.000000
2322635.000000
2308055.000000
828278.000000
2334980.000000
2450791.000000
2527773.000000
2670596.000000
2398019.000000
2442470.000000
2654271.000000
1923314.000000
2569058.000000
1386426.000000
2621120.000000
2622922.000000
2546147.000000
767426.000000
2509956.000000
2779931.000000
2283061.000000
2352478.000000
2567422.000000
2574451.000000
234317.000000
1252726.000000
1138351.000000
2072098.000000
2033871.000000
2376269.000000
2592495.000000
2740258.000000
2418314.000000
1226082.000000
2340614.000000
2136737.000000
2181134.000000
2525507.000000
2005045.000000
2020365.000000
1457689.000000
2383349.000000
2485002.000000
2733446.000000
2717566.000000
2936100.000000
1979283.000000
297395.000000
2602927.000000
2594739.000000
2501042.000000
2102533.000000
2226137.000000
2340165.000000
2739777.000000
2863875.000000
2709801.000000
2677239.000000
2488956.000000
395256.000000
2344684.000000
2523462.000000
2633709.000000
2318662.000000
2041310.000000
2159251.000000
639683.000000
2449475.000000
2482157.000000
2561303.000000
2601706.000000
455772.000000
1671124.000000
2128585.000000
118841.000000
1248556.000000
2793248.000000
2624955.000000
2033931.000000
1736174.000000
2486545.000000
2597688.000000
260586.000000
2504515.000000
2887997.000000
1229607.000000
2359199.000000
320426.000000
2072456.000000
2164448.000000
2448980.000000
678352.000000
2747944.000000
2555408.000000
2310787.000000
2458657.000000
1594757.000000
2445456.000000
2429990.000000
2845751.000000
2143905.000000
2145689.000000
2556015.000000
2219328.000000
2580899.000000
2434381.000000
2362525.000000
1920474.000000
2127052.000000
2562297.000000
92090.000000
2578216.000000
2550304.000000
2259556.000000
2041358.000000
2239119.000000
1910929.000000
2311427.000000
123181.000000
2759909.000000
1628176.000000
1818501.000000
2454478.000000
93747.000000
2586541.000000
399110.000000
2063706.000000
2038517.000000
2940422.000000
2549085.000000
2389865.000000
2403455.000000
2369083.000000
2133084.000000
2727671.000000
2500918.000000
1296962.000000
2521776.000000
1781518.000000
2371613.000000
2440588.000000
1954726.000000
519718.000000
892372.000000
2130935.000000
2206732.000000
2481817.000000
1399650.000000
3039265.000000
2558913.000000
2329084.000000
2775754.000000
2578613.000000
2915527.000000
2674816.000000
2365916.000000
282181.000000
2476786.000000
2219210.000000
1148761.000000
2360898.000000
2572623.000000
968897.000000
64765.000000
1886272.000000
1135478.000000
2339159.000000
2184543.000000
2572367.000000
2166900.000000
2654041.000000
2407427.000000
2679641.000000
2427428.000000
2615035.000000
1219130.000000
2306897.000000
1478296.000000
1964209.000000
2653803.000000
1078875.000000
995840.000000
2616462.000000
2410014.000000
2489457.000000
2306252.000000
1589553.000000
2524843.000000
2665067.000000
1873446.000000
2360018.000000
518861.000000
2390792.000000
1621632.000000
1904447.000000
429508.000000
2451522.000000
2427785.000000
131813.000000
2657744.000000
650875.000000
2282656.000000
2553874.000000
1368135.000000
2420247.000000
2824248.000000
2564376.000000
2849184.000000
2258404.000000
1723563.000000
2370472.000000
2561298.000000
2515720.000000
2402987.000000
1292957.000000
407262.000000
2605843.000000
930016.000000
1796755.000000
2085662.000000
1693583.000000
2134469.000000
1276664.000000
2183408.000000
2318347.000000
2146786.000000
2632217.000000
1016003.000000
2439084.000000
2922909.000000
2622970.000000
1588913.000000
2018593.000000
2176479.000000
2638119.000000
2412895.000000
2264021.000000
2097674.000000
1664227.000000
2384038.000000
207325.000000
2429080.000000
2156871.000000
1830420.000000
2419414.000000
2131285.000000
2956859.000000
1258020.000000
2281398.000000
2567029.000000
2899096.000000
2487967.000000
2594466.000000
1088052.000000
690993.000000
2490199.000000
599096.000000
1773960.000000
2048543.000000
2761576.000000
2340087.000000
1063448.000000
2696777.000000
2823865.000000
2022794.000000
1942489.000000
128027.000000
2825735.000000
2310663.000000
2546299.000000
2323238.000000
2328180.000000
2474071.000000
2680331.000000
2084893.000000
2464118.000000
2668757.000000
2624410.000000
427304.000000
2526898.000000
2080906.000000
2479112.000000
1263959.000000
2140259.000000
2664582.000000
2354118.000000
1999579.000000
1492355.000000
2573587.000000
2769258.000000
1862294.000000
2750883.000000
2085719.000000
2399120.000000
2795508.000000
2456926.000000
2377916.000000
1068772.000000
2048291.000000
1377411.000000
2681059.000000
2487623.000000
2124589.000000
846776.000000
2273321.000000
2169865.000000
2646366.000000
2774890.000000
2145961.000000
2388346.000000
2381173.000000
2614507.000000
2389696.000000
2334217.000000
946187.000000
2124469.000000
2332354.000000
2467945.000000
1293133.000000
2668629.000000
2535553.000000
2768069.000000
1701718.000000
2618721.000000
3071265.000000
1104238.000000
2627511.000000
2617056.000000
2725701.000000
2292218.000000
2323799.000000
2130174.000000
2035489.000000
2501805.000000
2420995.000000
2465689.000000
2343786.000000
2475166.000000
2208675.000000
2728016.000000
284952.000000
1630709.000000
2362476.000000
529077.000000
1611128.000000
2067042.000000
2136059.000000
2179260.000000
2462541.000000
1463628.000000
2279098.000000
2194292.000000
2152805.000000
2625347.000000
2234909.000000
2387919.000000
2548896.000000
2085908.000000
122339.000000
2120497.000000
2382083.000000
2193911.000000
2320067.000000
2308268.000000
2561656.000000
2181517.000000
2457896.000000
2630721.000000
1801850.000000
2560561.000000
1852351.000000
1858939.000000
2062832.000000
2588677.000000
2312976.000000
2019619.000000
2599155.000000
1115857.000000
400087.000000
2083570.000000
716139.000000
2510029.000000
1690323.000000
2117476.000000
2540450.000000
1312265.000000
2840275.000000
2821000.000000
2366880.000000
3087124.000000
2574819.000000
2603672.000000
2116522.000000
2221157.000000
2560791.000000
2650321.000000
2843536.000000
1568414.000000
1824674.000000
2687673.000000
2546964.000000
2264231.000000
2070384.000000
1925267.000000
2068820.000000
2629074.000000
789089.000000
1920128.000000
3144380.000000
545278.000000
2305616.000000
2568473.000000
2236070.000000
2411775.000000
1464218.000000
2254294.000000
2265401.000000
2732833.000000
2432279.000000
2320018.000000
2790411.000000
2192377.000000
2505296.000000
1064563.000000
2418183.000000
2959462.000000
2641061.000000
2446380.000000
2327807.000000
1086687.000000
2086608.000000
1093515.000000
2770949.000000
451779.000000
2856968.000000
2454394.000000
2247085.000000
2375337.000000
1140420.000000
2656716.000000
2703742.000000
2328164.000000
2253002.000000
2618916.000000
2148833.000000
2576555.000000
1697697.000000
471547.000000
2737322.000000
2542580.000000
1474486.000000
1060107.000000
3030412.000000
2257345.000000
2257174.000000
179361.000000
1863417.000000
1956831.000000
2618832.000000
2888515.000000
171686.000000
1298793.000000
1546546.000000
2483038.000000
2506012.000000
2577684.000000
2464423.000000
1024262.000000
2390172.000000
2210836.000000
2619391.000000
2754039.000000
273528.000000
2206594.000000
2043209.000000
2565912.000000
132583.000000
2595456.000000
1942519.000000
2176886.000000
1127606.000000
2156168.000000
2454021.000000
1964242.000000
2412978.000000
645541.000000
1187952.000000
1893949.000000
2354113.000000
2655114.000000
1717846.000000
2595808.000000
2481289.000000
2094971.000000
2700972.000000
461967.000000
3141537.000000
2443614.000000
2337774.000000
2667397.000000
917404.000000
814767.000000
1484593.000000
1431324.000000
1832666.000000
2874058.000000
1927366.000000
2256935.000000
2976766.000000
1630762.000000
2714016.000000
706221.000000
2367528.000000
2474100.000000
1928213.000000
217576.000000
2635776.000000
2511303.000000
2658163.000000
996286.000000
2374964.000000
2628290.000000
2353870.000000
2297039.000000
501276.000000
2628170.000000
2547077.000000
1914194.000000
1381713.000000
1054312.000000
2185626.000000
2330792.000000
2438805.000000
2369683.000000
2555513.000000
2528053.000000
2037089.000000
2367581.000000
1526275.000000
2397595.000000
1839371.000000
2222958.000000
934594.000000
2075504.000000
2436042.000000
1292671.000000
2346918.000000
2276002.000000
1392038.000000
1983646.000000
2707266.000000
2240689.000000
2424252.000000
2282519.000000
2653073.000000
2391572.000000
2459579.000000
2860990.000000
1583221.000000
2559697.000000
1948782.000000
115023.000000
2248718.000000
2854328.000000
1527697.000000
579270.000000
2627141.000000
2557770.000000
2451801.000000
1789738.000000
2640213.000000
1957192.000000
1866444.000000
2174928.000000
1612877.000000
2508003.000000
2069374.000000
2759909.000000
2511828.000000
2503453.000000
113575.000000
2096881.000000
1796391.000000
2488726.000000
2299309.000000
621941.000000
1709745.000000
145561.000000
2203324.000000
530066.000000
2728374.000000
2154137.000000
1537457.000000
2935233.000000
2515595.000000
2302920.000000
2404667.000000
1899322.000000
2294996.000000
2458894.000000
2151253.000000
2274363.000000
2477679.000000
2190328.000000
2553769.000000
2143845.000000
2512333.000000
2446060.000000
2139211.000000
2630361.000000
2818107.000000
1521745.000000
2145926.000000
2514665.000000
2356614.000000
2671439.000000
2202630.000000
2358401.000000
197150.000000
767701.000000
1299765.000000
2295068.000000
2517520.000000
2474436.000000
649570.000000
2596855.000000
2083766.000000
2405029.000000
2007864.000000
2133841.000000
2322989.000000
2247380.000000
2091825.000000
2783559.000000
1600394.000000
2829328.000000
2418098.000000
3354912.000000
2021393.000000
2632000.000000
1484553.000000
2380176.000000
782432.000000
2564054.000000
2550320.000000
1997923.000000
2702826.000000
2606725.000000
504238.000000
2469131.000000
802282.000000
2335409.000000
2448118.000000
2482053.000000
2423224.000000
2590930.000000
1985409.000000
2591064.000000
2235402.000000
2497400.000000
2759068.000000
2315953.000000
2552916.000000
2230543.000000
2106379.000000
958066.000000
2445453.000000
2193719.000000
1015964.000000
1371418.000000
1651922.000000
2303639.000000
2508231.000000
3274450.000000
2774265.000000
1441067.000000
2321439.000000
2264631.000000
2333067.000000
2412682.000000
1746299.000000
2371749.000000
2538108.000000
1005194.000000
2240489.000000
2746110.000000
2207372.000000
2494447.000000
2406245.000000
2844811.000000
2637629.000000
411340.000000
2272230.000000
2786864.000000
2440535.000000
2140586.000000
2660945.000000
2576235.000000
1730065.000000
2828285.000000
2161722.000000
2449649.000000
2891972.000000
2569393.000000
2642865.000000
2427088.000000
1895383.000000
2065166.000000
614396.000000
1826528.000000
2708733.000000
2293427.000000
2476381.000000
2133477.000000
2447631.000000
2355516.000000
2375426.000000
2271930.000000
2488623.000000
885465.000000
2642077.000000
108515.000000
430453.000000
2303358.000000
2448451.000000
2517435.000000
2418325.000000
2659326.000000
147026.000000
1952288.000000
2480008.000000
1772090.000000
1897701.000000
2255593.000000
2433733.000000
2252823.000000
2378700.000000
2412084.000000
2317644.000000
1859841.000000
492435.000000
2087804.000000
1986226.000000
2575660.000000
2608953.000000
2072684.000000
2651717.000000
503380.000000
2804534.000000
2223394.000000
2922985.000000
1970910.000000
370131.000000
2330976.000000
2152727.000000
2513767.000000
1528798.000000
