0.000000
0.000000
0.000000
0.000000
0.000000
0.000000
0.000000
0.000000
0.000000
0.000000
0.000000
0.000000
0.000000
0.000000
0.000000
0.000000
0.000000
0.000000
0.000000
0.000000
0.000000
0.000000
0.000000
0.000000
0.000000
0.000000
0.000000
0.000000
0.000000
0.000000
0.000000
0.000000
0.000000
0.000000
0.000000
0.000000
0.000000
0.000000
0.000000
0.000000
0.000000
0.000000
0.000000
0.000000
0.000000
0.000000
0.000000
0.000000
0.000000
0.000000
0.000000
0.000000
0.000000
0.000000
0.000000
0.000000
0.000000
0.000000
0.000000
0.000000
0.000000
0.000000
0.000000
0.000000
0.000000
0.000000
0.000000
0.000000
0.000000
0.000000
0.000000
0.000000
0.000000
0.000000
0.000000
0.000000
0.000000
0.000000
0.000000
0.000000
0.000000
0.000000
0.000000
0.000000
0.000000
0.000000
0.000000
0.000000
0.000000
0.000000
0.000000
0.000000
0.000000
0.000000
0.000000
0.000000
0.000000
0.000000
0.000000
0.000000
0.000000
0.000000
0.000000
0.000000
0.000000
22627680.000000
1419937.000000
8700221.000000
4475879.000000
6051809.000000
9291290.000000
5879706.000000
4285066.000000
6162383.000000
3752053.000000
3739894.000000
9885684.000000
8746946.000000
762361.000000
6331973.000000
5025149.000000
2314697.000000
170037.000000
5884118.000000
5597713.000000
4192538.000000
6841296.000000
2559671.000000
263192.000000
1271535.000000
5073581.000000
8325207.000000
3240198.000000
3480528.000000
5090244.000000
11216692.000000
7681479.000000
5642621.000000
1551651.000000
3240723.000000
5873097.000000
2427135.000000
211857.000000
1771548.000000
5959866.000000
11583826.000000
7621578.000000
7810319.000000
2285028.000000
3619832.000000
5534284.000000
5846663.000000
9413979.000000
7661052.000000
6810244.000000
8910681.000000
633168.000000
9633395.000000
10892884.000000
4905382.000000
9773094.000000
2873941.000000
2215829.000000
2420345.000000
445992.000000
9576945.000000
8438032.000000
5204768.000000
1603853.000000
9762888.000000
9328354.000000
1603974.000000
1653919.000000
5766102.000000
2055128.000000
2791123.000000
4258992.000000
3592969.000000
8379486.000000
3667011.000000
10436991.000000
9790412.000000
5444404.000000
5794928.000000
7275479.000000
237864.000000
1842875.000000
8236749.000000
9084749.000000
3926534.000000
120455.000000
4552641.000000
8870163.000000
3820873.000000
5526203.000000
3510940.000000
1324158.000000
1063337.000000
3620752.000000
9954271.000000
1617711.000000
7912068.000000
2416720.000000
392287.000000
8381088.000000
1472144.000000
2983288.000000
6275712.000000
6837747.000000
1757589.000000
10162781.000000
4692706.000000
5498589.000000
655105.000000
7282584.000000
11963401.000000
1416717.000000
9047336.000000
9909772.000000
8199035.000000
7042615.000000
1152833.000000
1624217.000000
1038211.000000
5137239.000000
10802723.000000
7753539.000000
7648918.000000
3959211.000000
7337975.000000
7498057.000000
9706491.000000
7738052.000000
5102185.000000
9676313.000000
377129.000000
1862460.000000
4476515.000000
11797322.000000
1344913.000000
1970871.000000
5452905.000000
7224805.000000
10637418.000000
7366853.000000
7925205.000000
1544419.000000
4888703.000000
6030349.000000
2013890.000000
125793.000000
12301698.000000
6983209.000000
4353836.000000
5402270.000000
1011949.000000
6684819.000000
4550276.000000
6552657.000000
1701196.000000
8402608.000000
5289442.000000
5027216.000000
7369760.000000
2827277.000000
6483197.000000
512080.000000
4274143.000000
8925722.000000
6576743.000000
6892556.000000
9766034.000000
2112282.000000
6322157.000000
1434331.000000
1601744.000000
4748063.000000
9996154.000000
3573091.000000
1921640.000000
4812931.000000
11925011.000000
2955266.000000
102272.000000
4297790.000000
1914990.000000
6790592.000000
216909.000000
9509066.000000
5414753.000000
6605910.000000
10213623.000000
1074488.000000
1698221.000000
6416974.000000
5535987.000000
1674443.000000
6760575.000000
11739687.000000
6704601.000000
87237.000000
5901231.000000
8757545.000000
2686004.000000
399768.000000
1224796.000000
421269.000000
816909.000000
911832.000000
7603806.000000
8320270.000000
5328687.000000
5655123.000000
3261112.000000
5776181.000000
9847908.000000
837164.000000
8817186.000000
7661951.000000
6070083.000000
6523906.000000
6864938.000000
8819250.000000
3381158.000000
5766201.000000
2582759.000000
11603139.000000
7620941.000000
8233367.000000
10424731.000000
11169430.000000
7364170.000000
8034196.000000
4935590.000000
9808438.000000
10270335.000000
9254409.000000
782472.000000
11134871.000000
4501574.000000
3526111.000000
9576424.000000
194380.000000
2449539.000000
503206.000000
8866924.000000
3953272.000000
10079928.000000
6325393.000000
4170965.000000
7796280.000000
583270.000000
360677.000000
5654763.000000
7521624.000000
5663785.000000
5915299.000000
6146453.000000
5248080.000000
4287517.000000
3226477.000000
235116.000000
558158.000000
3341745.000000
3222307.000000
4442416.000000
746450.000000
1227502.000000
4784404.000000
1288181.000000
5777449.000000
10178850.000000
271786.000000
8042596.000000
10537236.000000
3776120.000000
981553.000000
1384362.000000
5977978.000000
5976319.000000
12081365.000000
5599675.000000
10414097.000000
2470426.000000
6334368.000000
12031012.000000
5426467.000000
4666096.000000
7334060.000000
4809849.000000
1839765.000000
9221674.000000
7916463.000000
4219725.000000
5362292.000000
7727308.000000
2089740.000000
1433362.000000
4872581.000000
10036222.000000
4936110.000000
8954012.000000
7407182.000000
3470818.000000
4908483.000000
4929416.000000
4267032.000000
7188217.000000
2288965.000000
611820.000000
2650309.000000
1775020.000000
11298444.000000
6263823.000000
3512955.000000
8782704.000000
6967440.000000
207438.000000
2951972.000000
6695525.000000
7523092.000000
11446169.000000
2335043.000000
3726203.000000
6030160.000000
135743.000000
11221771.000000
5730142.000000
10803917.000000
9513785.000000
1130571.000000
871791.000000
6065857.000000
3672158.000000
2139242.000000
4704122.000000
12039427.000000
3981728.000000
8470672.000000
539221.000000
3000672.000000
2594239.000000
9782313.000000
9260480.000000
5691339.000000
1854200.000000
6730225.000000
7274926.000000
9701818.000000
3823927.000000
10835234.000000
12149676.000000
1174490.000000
1475680.000000
69102.000000
1949621.000000
9185577.000000
5157544.000000
6554321.000000
1250043.000000
3165297.000000
9141332.000000
96007.000000
1646801.000000
8909559.000000
8287577.000000
11410679.000000
5272841.000000
584457.000000
8357296.000000
2127250.000000
11373628.000000
3429841.000000
5603577.000000
7408628.000000
10247577.000000
2368346.000000
600347.000000
113328.000000
9060676.000000
6696533.000000
5267794.000000
71742.000000
3453664.000000
10109522.000000
1376373.000000
667803.000000
5554810.000000
9200129.000000
2278204.000000
3395947.000000
2399183.000000
6813333.000000
5228487.000000
5865385.000000
2450400.000000
1325226.000000
6145234.000000
5135834.000000
9826980.000000
2025669.000000
3922396.000000
5254753.000000
855892.000000
9765205.000000
1075286.000000
5781711.000000
1198243.000000
2467368.000000
3856078.000000
7083786.000000
9503647.000000
5432040.000000
9596474.000000
6317145.000000
10262121.000000
1774465.000000
9655654.000000
1828881.000000
3553562.000000
608171.000000
6586497.000000
8536172.000000
354282.000000
7997786.000000
646115.000000
4967914.000000
701601.000000
7054161.000000
8608115.000000
4530401.000000
3954351.000000
10117899.000000
2390805.000000
2311192.000000
2384014.000000
6421763.000000
6168924.000000
424857.000000
11553189.000000
3759319.000000
583557.000000
685468.000000
7293171.000000
6141807.000000
1430043.000000
10663776.000000
10624768.000000
6378220.000000
88299.000000
260521.000000
5680330.000000
8351711.000000
5598037.000000
10570389.000000
6768456.000000
5267802.000000
6443936.000000
9940867.000000
1656920.000000
5558507.000000
9648147.000000
3224818.000000
1300090.000000
4258421.000000
4898655.000000
8988801.000000
8378653.000000
3655516.000000
422853.000000
10621560.000000
2413764.000000
5407363.000000
3494210.000000
11179351.000000
7861770.000000
6359451.000000
1051991.000000
137418.000000
9696354.000000
141318.000000
3220211.000000
12028528.000000
6740636.000000
9938134.000000
9657183.000000
7291731.000000
638023.000000
668291.000000
7056633.000000
9176605.000000
1544051.000000
2682869.000000
2027822.000000
6751664.000000
4729351.000000
2922065.000000
5355271.000000
11574926.000000
2496485.000000
7033600.000000
7917977.000000
5932000.000000
63951.000000
9732533.000000
7348359.000000
7293200.000000
8359179.000000
7355458.000000
3938225.000000
3559737.000000
6232541.000000
3843729.000000
2327432.000000
771177.000000
3474429.000000
5983900.000000
11672299.000000
6207151.000000
5382936.000000
5483367.000000
6188249.000000
7547214.000000
4436079.000000
6958996.000000
6926730.000000
11198991.000000
6914293.000000
2748183.000000
97308.000000
871102.000000
8112409.000000
4169936.000000
448594.000000
4112415.000000
9855451.000000
3708633.000000
3449352.000000
11136167.000000
5915122.000000
8788510.000000
4613845.000000
4830433.000000
5612442.000000
11600464.000000
4302457.000000
3397227.000000
7333384.000000
2969516.000000
1243720.000000
8349666.000000
3167918.000000
7797129.000000
6879500.000000
3312704.000000
1428220.000000
9900503.000000
5548920.000000
11325124.000000
2870583.000000
7310656.000000
4979050.000000
3443952.000000
548505.000000
2812726.000000
1318975.000000
9623153.000000
814848.000000
133979.000000
1302163.000000
7349485.000000
2684520.000000
6606319.000000
10012922.000000
6583265.000000
1276713.000000
4814644.000000
6393041.000000
1404094.000000
310600.000000
6386315.000000
7432240.000000
6669634.000000
5118190.000000
4265155.000000
3193836.000000
2422293.000000
2449658.000000
1038858.000000
8592952.000000
8287098.000000
7575120.000000
373782.000000
2841131.000000
5411087.000000
104111.000000
291478.000000
3399892.000000
7220790.000000
4379500.000000
209040.000000
6335844.000000
6271377.000000
4868257.000000
452874.000000
8151957.000000
7781249.000000
5561618.000000
8037489.000000
1921900.000000
1370583.000000
10981808.000000
840909.000000
9593445.000000
5124956.000000
2337258.000000
766640.000000
4596163.000000
1862736.000000
9693855.000000
4821948.000000
7796396.000000
6005915.000000
916852.000000
6173374.000000
6115602.000000
8858472.000000
5314829.000000
4927794.000000
8163837.000000
3331018.000000
7624438.000000
2278949.000000
6154577.000000
2031774.000000
9595128.000000
8353099.000000
223384.000000
9388370.000000
951665.000000
9894170.000000
980630.000000
8053391.000000
4554567.000000
8459997.000000
8326527.000000
10498541.000000
6985167.000000
7770686.000000
2919464.000000
2180713.000000
9201961.000000
433854.000000
10214787.000000
9780329.000000
1317959.000000
10075668.000000
1386177.000000
9654244.000000
6833216.000000
4401487.000000
367056.000000
7849540.000000
3531971.000000
4045433.000000
5314136.000000
5394667.000000
11071172.000000
3906943.000000
1561440.000000
11458700.000000
5721328.000000
10541925.000000
7174199.000000
619613.000000
563265.000000
6079381.000000
1509132.000000
5113247.000000
10776768.000000
4677015.000000
448954.000000
5490906.000000
7192912.000000
7944866.000000
10752674.000000
4869786.000000
6891450.000000
2734861.000000
863327.000000
868480.000000
5719052.000000
5565832.000000
4555756.000000
1455287.000000
8643735.000000
121769.000000
4097653.000000
2984022.000000
11422282.000000
6532601.000000
9363133.000000
6480850.000000
1451788.000000
620789.000000
10747100.000000
7869535.000000
6483831.000000
1295778.000000
7948117.000000
3399037.000000
6607493.000000
1230701.000000
577124.000000
8902620.000000
7644245.000000
558265.000000
7567518.000000
149824.000000
7102072.000000
7075446.000000
8733982.000000
7583677.000000
311835.000000
1613711.000000
2957702.000000
5272598.000000
7491376.000000
2492799.000000
5725786.000000
5661736.000000
5031171.000000
7974327.000000
9034920.000000
520597.000000
4067062.000000
7126522.000000
561163.000000
5398148.000000
4477564.000000
10877596.000000
4891908.000000
11494159.000000
1634133.000000
5738950.000000
554119.000000
6656039.000000
1481474.000000
7722629.000000
2605464.000000
3496053.000000
7911672.000000
6819763.000000
7753854.000000
505898.000000
11576021.000000
2259606.000000
1965746.000000
7067201.000000
5683273.000000
4315121.000000
190683.000000
3191809.000000
1614244.000000
497462.000000
9899973.000000
692775.000000
3782752.000000
3743714.000000
7191406.000000
5056237.000000
151375.000000
442752.000000
4127137.000000
6842087.000000
3900014.000000
8497928.000000
125464.000000
10758991.000000
10247773.000000
8095925.000000
3295489.000000
10258531.000000
8203629.000000
