0.000000
0.000000
0.000000
0.000000
0.000000
0.000000
0.000000
0.000000
0.000000
0.000000
0.000000
0.000000
0.000000
0.000000
0.000000
0.000000
0.000000
0.000000
0.000000
0.000000
0.000000
0.000000
0.000000
0.000000
0.000000
0.000000
0.000000
0.000000
0.000000
0.000000
0.000000
0.000000
0.000000
0.000000
0.000000
0.000000
0.000000
0.000000
0.000000
0.000000
0.000000
0.000000
0.000000
0.000000
0.000000
0.000000
0.000000
0.000000
0.000000
0.000000
0.000000
0.000000
0.000000
0.000000
0.000000
0.000000
0.000000
0.000000
0.000000
0.000000
0.000000
0.000000
0.000000
0.000000
0.000000
0.000000
0.000000
0.000000
0.000000
0.000000
0.000000
0.000000
0.000000
0.000000
0.000000
0.000000
0.000000
0.000000
0.000000
0.000000
0.000000
0.000000
0.000000
0.000000
0.000000
0.000000
0.000000
0.000000
0.000000
0.000000
0.000000
0.000000
0.000000
0.000000
0.000000
0.000000
0.000000
0.000000
0.000000
0.000000
0.000000
0.000000
0.000000
0.000000
0.000000
0.000000
0.000000
0.000000
0.000000
0.000000
0.000000
0.000000
0.000000
0.000000
0.000000
0.000000
0.000000
0.000000
0.000000
0.000000
0.000000
0.000000
0.000000
0.000000
0.000000
0.000000
0.000000
0.000000
0.000000
0.000000
0.000000
0.000000
0.000000
0.000000
0.000000
0.000000
15970640.000000
4486748.000000
1337520.000000
3324426.000000
5618906.000000
2363260.000000
238698.000000
1621486.000000
4539748.000000
9350959.000000
7219119.000000
5954495.000000
1892899.000000
3308118.000000
4940536.000000
4715996.000000
7360539.000000
5817300.000000
5524087.000000
8129689.000000
540002.000000
7462382.000000
7610903.000000
4780759.000000
7366105.000000
2688259.000000
2183819.000000
2346762.000000
426268.000000
7704001.000000
6843510.000000
4973390.000000
1661796.000000
6925468.000000
6036008.000000
1314214.000000
1888194.000000
5030825.000000
2077030.000000
2565531.000000
3929143.000000
3385626.000000
7846137.000000
3948149.000000
8277898.000000
6294774.000000
5849311.000000
5185515.000000
5414907.000000
148917.000000
1901767.000000
7220444.000000
7318135.000000
3831220.000000
96043.000000
3921351.000000
6951465.000000
3890104.000000
5091244.000000
3360010.000000
1509612.000000
813057.000000
3190969.000000
8169723.000000
1532167.000000
6566201.000000
2746623.000000
554535.000000
7559269.000000
1407810.000000
2841449.000000
4507094.000000
6339926.000000
1725107.000000
7827225.000000
4206852.000000
4359355.000000
753913.000000
6356674.000000
9460099.000000
1581389.000000
6744326.000000
7058245.000000
7191713.000000
4901321.000000
978773.000000
1916437.000000
947335.000000
5527060.000000
8670049.000000
6122980.000000
6895218.000000
4330828.000000
6167145.000000
5783822.000000
7539143.000000
6705159.000000
4685724.000000
7314751.000000
429317.000000
2189179.000000
4006727.000000
9536273.000000
1081186.000000
1577012.000000
4168727.000000
6346550.000000
7738184.000000
6241305.000000
7781693.000000
1419836.000000
4224739.000000
5611583.000000
1874335.000000
138158.000000
9463271.000000
6003782.000000
4164076.000000
4947484.000000
1066627.000000
5814035.000000
3439686.000000
4932530.000000
1694774.000000
6235839.000000
5008501.000000
4170645.000000
5509061.000000
2880033.000000
5793073.000000
492087.000000
3561517.000000
6883853.000000
5644889.000000
5302606.000000
7965166.000000
1911182.000000
6135199.000000
1215892.000000
1489820.000000
4941988.000000
7224461.000000
3500161.000000
1534033.000000
4030021.000000
8661107.000000
2430755.000000
143875.000000
4342674.000000
1718087.000000
5307509.000000
189417.000000
7205611.000000
4885893.000000
5434811.000000
7787195.000000
862613.000000
1942698.000000
4898771.000000
5205003.000000
1646021.000000
5981605.000000
9662341.000000
4729301.000000
104681.000000
5148060.000000
7623304.000000
2383959.000000
416785.000000
1176104.000000
499722.000000
646425.000000
1048044.000000
6649476.000000
7036919.000000
4888591.000000
5169083.000000
3718613.000000
5082504.000000
7922861.000000
881868.000000
6966656.000000
6680768.000000
5438830.000000
5077631.000000
5406436.000000
7490173.000000
3149614.000000
5980134.000000
2522771.000000
10025281.000000
5745066.000000
7083013.000000
8512299.000000
7890083.000000
5834627.000000
7728095.000000
4616975.000000
6716544.000000
6419880.000000
7128430.000000
773103.000000
8306109.000000
4479743.000000
3003087.000000
7467874.000000
176972.000000
2842674.000000
429589.000000
7308933.000000
3340564.000000
7881143.000000
5168444.000000
4561052.000000
6832099.000000
705004.000000
332156.000000
5581031.000000
6104403.000000
5003705.000000
5620065.000000
5443275.000000
5104237.000000
4171853.000000
3733414.000000
241610.000000
544449.000000
3193000.000000
2917119.000000
3771773.000000
585477.000000
1102576.000000
4576940.000000
1349080.000000
5304513.000000
7553279.000000
235855.000000
6803367.000000
6801594.000000
3970149.000000
896006.000000
1152292.000000
4478209.000000
4719830.000000
8708634.000000
5481795.000000
6982002.000000
2902312.000000
4836231.000000
8024816.000000
5320823.000000
4431045.000000
6433254.000000
3641037.000000
1674246.000000
6863083.000000
7387458.000000
3877603.000000
4739938.000000
7424479.000000
1901620.000000
1070008.000000
4641740.000000
7980936.000000
4233729.000000
6623874.000000
6031959.000000
3166820.000000
4048238.000000
4785584.000000
3953997.000000
5736223.000000
2180760.000000
674177.000000
2582425.000000
1716956.000000
9437611.000000
5617634.000000
3354716.000000
7528346.000000
4908974.000000
211340.000000
2365471.000000
6230915.000000
6547198.000000
8246096.000000
2419071.000000
3711150.000000
6464371.000000
148610.000000
8537475.000000
5446260.000000
7306963.000000
7392799.000000
1156274.000000
893447.000000
4544436.000000
3801842.000000
2226947.000000
3880004.000000
8009786.000000
3850741.000000
6772106.000000
531600.000000
2316459.000000
2506957.000000
9120582.000000
6963963.000000
4459184.000000
1644783.000000
6819507.000000
6843318.000000
7321704.000000
3586043.000000
8692513.000000
9306835.000000
1228600.000000
1451331.000000
70643.000000
1966698.000000
7529331.000000
4756065.000000
5019423.000000
1210237.000000
2857156.000000
6349253.000000
72908.000000
1401999.000000
7581795.000000
6847743.000000
8533388.000000
4480574.000000
509026.000000
6432935.000000
1948814.000000
7146276.000000
3256801.000000
5174123.000000
4991617.000000
8448443.000000
2246781.000000
663309.000000
95420.000000
7433701.000000
5150263.000000
5163540.000000
76158.000000
2978316.000000
7324473.000000
1229611.000000
707639.000000
4611873.000000
8015976.000000
2806074.000000
3380829.000000
2416832.000000
5281964.000000
4931890.000000
5543930.000000
2449183.000000
1117997.000000
4781377.000000
4516998.000000
8201212.000000
2151486.000000
3708796.000000
4327293.000000
680099.000000
7971697.000000
1066883.000000
5862051.000000
1405401.000000
2350831.000000
3289785.000000
5086605.000000
7146359.000000
4512500.000000
7782992.000000
4721887.000000
7777401.000000
2128856.000000
6536175.000000
1509356.000000
2918272.000000
623714.000000
5204821.000000
7881801.000000
304808.000000
6742809.000000
487424.000000
4756423.000000
843158.000000
5438538.000000
7802183.000000
4708024.000000
4718348.000000
7060908.000000
2220402.000000
2290553.000000
2451579.000000
5814216.000000
4880716.000000
360210.000000
9267515.000000
3629353.000000
426301.000000
683892.000000
5613002.000000
4709801.000000
1280656.000000
7789757.000000
8474578.000000
4817581.000000
86637.000000
276687.000000
6007660.000000
6763728.000000
4827823.000000
7480385.000000
5296692.000000
4224058.000000
5835215.000000
7092022.000000
1637312.000000
4805744.000000
7030269.000000
3157818.000000
1192609.000000
3765974.000000
4112483.000000
6220518.000000
7203902.000000
3241258.000000
350471.000000
8338159.000000
1697146.000000
4899141.000000
2483650.000000
7441705.000000
6058822.000000
5070755.000000
1057383.000000
111597.000000
8270113.000000
137935.000000
2643559.000000
8147127.000000
5802482.000000
8586788.000000
7706729.000000
7291198.000000
617517.000000
724664.000000
6100532.000000
6880578.000000
1723317.000000
2682844.000000
1965912.000000
4891777.000000
4252309.000000
2981743.000000
5195468.000000
9745657.000000
2502355.000000
6553605.000000
6230390.000000
5735687.000000
70281.000000
7886702.000000
5445853.000000
6172950.000000
6465974.000000
6260605.000000
3919530.000000
3038378.000000
5408819.000000
3864775.000000
2056279.000000
784824.000000
3611138.000000
4742906.000000
7505250.000000
5052585.000000
5510593.000000
4582503.000000
5930380.000000
5942052.000000
4181156.000000
5599547.000000
5842682.000000
9219094.000000
5566703.000000
2868107.000000
117387.000000
742739.000000
6052779.000000
3854207.000000
460759.000000
4097617.000000
7076942.000000
3583701.000000
3023214.000000
8367615.000000
4505224.000000
6613723.000000
4392954.000000
4199288.000000
5158823.000000
6461453.000000
4540768.000000
3539264.000000
6570184.000000
2960149.000000
1196606.000000
7218132.000000
3248662.000000
7369355.000000
5697061.000000
2938282.000000
1143724.000000
8437258.000000
4795863.000000
9818382.000000
3484761.000000
5852637.000000
4501706.000000
3326623.000000
586232.000000
2924168.000000
1366227.000000
7634155.000000
809384.000000
105472.000000
1445304.000000
6145064.000000
2124560.000000
4978134.000000
8426376.000000
5371091.000000
1327626.000000
4678629.000000
5470430.000000
1282073.000000
405262.000000
4788913.000000
5476429.000000
5646999.000000
4991316.000000
3679173.000000
2795922.000000
2409550.000000
2668679.000000
1212810.000000
7823873.000000
6036232.000000
6201608.000000
318054.000000
2665030.000000
4719335.000000
115695.000000
294020.000000
3344667.000000
6916331.000000
3954999.000000
222188.000000
6133240.000000
5120768.000000
4079065.000000
445475.000000
6709202.000000
6259234.000000
5028969.000000
6781493.000000
1631816.000000
1251124.000000
7732548.000000
773594.000000
8394694.000000
4226262.000000
2742554.000000
871068.000000
3758835.000000
1890636.000000
7277433.000000
4608716.000000
6796065.000000
4820395.000000
895438.000000
5465555.000000
5457285.000000
6599784.000000
4533962.000000
5311507.000000
5727487.000000
2797433.000000
6458568.000000
1728172.000000
5385643.000000
2658931.000000
7368668.000000
7016281.000000
299752.000000
6918773.000000
992544.000000
7368258.000000
1033224.000000
6083592.000000
3982955.000000
7756614.000000
7068410.000000
8330553.000000
5586457.000000
6244945.000000
2911171.000000
2007166.000000
7461664.000000
350430.000000
8317258.000000
7337006.000000
1657472.000000
6576905.000000
1363042.000000
7134478.000000
6107872.000000
4491915.000000
309209.000000
6177443.000000
3483991.000000
3332647.000000
4482110.000000
4135366.000000
8126656.000000
3432734.000000
1793240.000000
9067172.000000
5652061.000000
7221249.000000
5423040.000000
749358.000000
476833.000000
4815781.000000
1394586.000000
4720549.000000
7308631.000000
4092143.000000
463421.000000
5696721.000000
5762475.000000
7362667.000000
7135103.000000
4989747.000000
4994408.000000
2671870.000000
742748.000000
1030274.000000
5052810.000000
5226642.000000
4207300.000000
1709661.000000
7729967.000000
129976.000000
3550774.000000
3854648.000000
8385656.000000
4832108.000000
7577736.000000
5031471.000000
1583697.000000
587128.000000
8059897.000000
6273339.000000
6005776.000000
1509011.000000
6305027.000000
3671853.000000
5932420.000000
1156866.000000
466105.000000
7049357.000000
6260554.000000
560422.000000
6584070.000000
168417.000000
6396939.000000
5802821.000000
7229389.000000
5873909.000000
387181.000000
1223676.000000
3177211.000000
4137302.000000
6023236.000000
2549907.000000
5151273.000000
5251737.000000
4186688.000000
6794690.000000
7471295.000000
567901.000000
4701067.000000
6310206.000000
627169.000000
4747616.000000
4594877.000000
8807936.000000
3780941.000000
7124476.000000
1745058.000000
5185530.000000
651509.000000
5141260.000000
1174019.000000
6740173.000000
2530844.000000
3595894.000000
7449263.000000
5616422.000000
5430947.000000
423975.000000
8294589.000000
2628312.000000
2166397.000000
5747471.000000
4272704.000000
3428636.000000
151628.000000
2707272.000000
1556403.000000
409820.000000
7513327.000000
660844.000000
3477462.000000
3316004.000000
6751392.000000
4877095.000000
205095.000000
415917.000000
2992461.000000
6156004.000000
3191009.000000
6497726.000000
149357.000000
8758548.000000
7798011.000000
6084013.000000
3299048.000000
7067323.000000
7467676.000000
