0.000000
0.000000
0.000000
0.000000
0.000000
0.000000
0.000000
0.000000
0.000000
0.000000
0.000000
0.000000
0.000000
0.000000
0.000000
0.000000
0.000000
0.000000
0.000000
0.000000
0.000000
0.000000
0.000000
0.000000
0.000000
0.000000
0.000000
0.000000
0.000000
0.000000
0.000000
0.000000
0.000000
0.000000
0.000000
0.000000
0.000000
0.000000
0.000000
0.000000
0.000000
0.000000
0.000000
0.000000
0.000000
0.000000
0.000000
0.000000
0.000000
0.000000
0.000000
0.000000
0.000000
0.000000
0.000000
0.000000
0.000000
0.000000
0.000000
0.000000
0.000000
0.000000
0.000000
0.000000
0.000000
0.000000
0.000000
0.000000
0.000000
0.000000
0.000000
0.000000
0.000000
0.000000
0.000000
0.000000
0.000000
0.000000
0.000000
0.000000
0.000000
0.000000
0.000000
0.000000
0.000000
0.000000
0.000000
0.000000
0.000000
0.000000
0.000000
0.000000
0.000000
0.000000
0.000000
0.000000
0.000000
0.000000
0.000000
0.000000
0.000000
0.000000
0.000000
0.000000
0.000000
0.000000
0.000000
0.000000
0.000000
0.000000
0.000000
0.000000
0.000000
0.000000
0.000000
0.000000
0.000000
0.000000
0.000000
0.000000
0.000000
0.000000
0.000000
0.000000
0.000000
0.000000
0.000000
0.000000
0.000000
0.000000
0.000000
0.000000
0.000000
0.000000
0.000000
0.000000
0.000000
0.000000
0.000000
0.000000
0.000000
0.000000
0.000000
0.000000
0.000000
0.000000
0.000000
14914515.000000
2268913.000000
3452212.000000
4959355.000000
5156367.000000
7406671.000000
6681949.000000
5859551.000000
6444002.000000
642468.000000
8236199.000000
8528791.000000
4088160.000000
7983765.000000
2641563.000000
1996463.000000
2480476.000000
549272.000000
7521423.000000
6561671.000000
4644976.000000
1737751.000000
8135339.000000
8044446.000000
1477474.000000
1628502.000000
4726211.000000
2172058.000000
2697550.000000
3724151.000000
4105281.000000
6442911.000000
3478315.000000
8097655.000000
8670652.000000
4182632.000000
5160313.000000
6489493.000000
267009.000000
1706467.000000
6453152.000000
7186903.000000
3902134.000000
134637.000000
3925016.000000
7315860.000000
3821650.000000
5198555.000000
3124231.000000
1322758.000000
966640.000000
3274060.000000
7552111.000000
1540893.000000
6184899.000000
2346091.000000
278925.000000
6576314.000000
1555304.000000
2705989.000000
5235682.000000
5615584.000000
1908083.000000
8680056.000000
4790157.000000
5332952.000000
749507.000000
5987401.000000
8461707.000000
1220942.000000
7999796.000000
7993018.000000
6226814.000000
6150776.000000
1336552.000000
1367377.000000
856591.000000
4306383.000000
8217398.000000
6168207.000000
5875172.000000
3172351.000000
5391258.000000
6031052.000000
7737615.000000
6577645.000000
4183817.000000
8599855.000000
302601.000000
1965135.000000
4358679.000000
7209167.000000
1443852.000000
1914599.000000
4796155.000000
5515852.000000
8630373.000000
5737655.000000
5532946.000000
1537607.000000
4073775.000000
5202732.000000
2152927.000000
211875.000000
7564689.000000
5934098.000000
4101712.000000
4606682.000000
816079.000000
5890679.000000
5003504.000000
5954250.000000
2029805.000000
7346916.000000
4585119.000000
4579774.000000
6470009.000000
2974094.000000
5118322.000000
643827.000000
3721189.000000
7616593.000000
5468618.000000
5925511.000000
7967026.000000
1965053.000000
4975599.000000
1538331.000000
1636010.000000
4801813.000000
8505087.000000
3630595.000000
1626249.000000
4822323.000000
8209424.000000
2573032.000000
76625.000000
3538863.000000
2192113.000000
5647254.000000
200878.000000
8564763.000000
5090846.000000
6151320.000000
8048399.000000
1016670.000000
1913886.000000
5371914.000000
5036681.000000
1405804.000000
5874030.000000
8144030.000000
5727417.000000
100690.000000
5419466.000000
7255498.000000
2805745.000000
294059.000000
1414253.000000
365347.000000
703610.000000
830747.000000
5377777.000000
6834786.000000
4710661.000000
4941737.000000
3057386.000000
4767812.000000
8164115.000000
905814.000000
7114776.000000
5703734.000000
4948869.000000
5322960.000000
5806410.000000
6352556.000000
3220891.000000
5138299.000000
2172996.000000
8277868.000000
6335212.000000
6480937.000000
8428327.000000
9044513.000000
6088916.000000
6320513.000000
5150485.000000
7935232.000000
8137677.000000
7157747.000000
729646.000000
8488830.000000
5118513.000000
3376134.000000
8302442.000000
176170.000000
2170203.000000
480292.000000
6869799.000000
4042589.000000
7514007.000000
5755215.000000
3052815.000000
5818911.000000
388015.000000
318730.000000
5315524.000000
5471241.000000
5418402.000000
5191976.000000
4879541.000000
4544057.000000
4077402.000000
3240197.000000
200278.000000
502601.000000
3003364.000000
3166691.000000
4467211.000000
708297.000000
1232559.000000
4782842.000000
1252242.000000
4401871.000000
7834647.000000
210705.000000
6910646.000000
8219351.000000
4354645.000000
1039238.000000
1331191.000000
5469225.000000
5362027.000000
9358248.000000
5348816.000000
8497548.000000
2122896.000000
5672552.000000
8518361.000000
5200509.000000
3470197.000000
6262269.000000
3714623.000000
1798704.000000
7482754.000000
5647047.000000
3381879.000000
4944185.000000
5871435.000000
1863100.000000
1503855.000000
4414846.000000
7966967.000000
4113040.000000
8255003.000000
6221498.000000
2951717.000000
4312864.000000
4626749.000000
4020194.000000
6265453.000000
2058359.000000
611781.000000
2173524.000000
1903596.000000
8293049.000000
5524054.000000
3012135.000000
7025783.000000
5956211.000000
196709.000000
2743594.000000
5996809.000000
5764770.000000
8503228.000000
2457382.000000
2693637.000000
4686696.000000
118783.000000
8915981.000000
5307829.000000
8707921.000000
7660543.000000
1124328.000000
829652.000000
5235654.000000
3591531.000000
2434852.000000
4366076.000000
8975024.000000
3186333.000000
7033159.000000
475319.000000
2817157.000000
2361140.000000
7019207.000000
7185518.000000
4960134.000000
1695999.000000
5418942.000000
6071797.000000
7756901.000000
3526325.000000
9003203.000000
8014726.000000
1159588.000000
1294656.000000
63600.000000
2171994.000000
7443394.000000
5603751.000000
5657637.000000
1288745.000000
3276031.000000
7565194.000000
80276.000000
1727952.000000
7494091.000000
6529477.000000
8358747.000000
3834133.000000
600335.000000
6979744.000000
1791840.000000
8773524.000000
3767835.000000
4635337.000000
6521957.000000
7885287.000000
2444137.000000
548982.000000
103350.000000
6482694.000000
5900306.000000
3409637.000000
70095.000000
3220011.000000
7614157.000000
1124546.000000
629885.000000
4476573.000000
7185420.000000
1972684.000000
3115409.000000
2305911.000000
5732138.000000
4279014.000000
5362753.000000
2075995.000000
1383025.000000
5223593.000000
4343534.000000
7629181.000000
1995940.000000
3632876.000000
5272003.000000
680236.000000
7689573.000000
908416.000000
4405613.000000
1037300.000000
2546400.000000
3418056.000000
6263579.000000
7655882.000000
4640148.000000
7666902.000000
5598761.000000
7197487.000000
1816372.000000
7794519.000000
1527033.000000
3559050.000000
592576.000000
5768526.000000
6755802.000000
302007.000000
6683948.000000
594673.000000
4448290.000000
663238.000000
6387094.000000
6910465.000000
3344536.000000
4029450.000000
7699579.000000
2381231.000000
2727650.000000
2082334.000000
5166065.000000
5778131.000000
443542.000000
8904229.000000
4369814.000000
557132.000000
630299.000000
6810171.000000
4994020.000000
1472414.000000
7528839.000000
8141394.000000
5643414.000000
100687.000000
214628.000000
4662559.000000
8206607.000000
5099166.000000
8465574.000000
5919503.000000
4746749.000000
4952512.000000
8526985.000000
1567540.000000
5181233.000000
8915156.000000
3270031.000000
1313375.000000
4256042.000000
4647566.000000
7868772.000000
6982422.000000
3353739.000000
489004.000000
7485444.000000
2368579.000000
4873934.000000
3281773.000000
8222103.000000
6387645.000000
5714265.000000
1121845.000000
152489.000000
8013934.000000
110338.000000
2781365.000000
8764012.000000
5737239.000000
7167248.000000
7281599.000000
5696432.000000
821054.000000
675029.000000
5782060.000000
8500820.000000
1443309.000000
2592767.000000
2056264.000000
5936997.000000
4407296.000000
2901644.000000
5330340.000000
8315211.000000
2473617.000000
6160416.000000
6285883.000000
4875995.000000
55429.000000
8600937.000000
6128988.000000
6031847.000000
6900089.000000
5895154.000000
3128499.000000
3311630.000000
5417803.000000
2680598.000000
2706721.000000
864012.000000
2954679.000000
5422864.000000
8909146.000000
4803150.000000
4584746.000000
4483517.000000
4842956.000000
6338654.000000
4426946.000000
6214625.000000
6351421.000000
7722031.000000
5776184.000000
3056736.000000
82213.000000
977502.000000
14055979.000000
3973040.000000
417281.000000
2953726.000000
7519509.000000
3383486.000000
3730508.000000
8744344.000000
5407371.000000
6901152.000000
4775644.000000
4792823.000000
4604687.000000
8494903.000000
3370274.000000
2989392.000000
5920974.000000
2835848.000000
1209536.000000
6557124.000000
2725184.000000
5741499.000000
5068670.000000
2656415.000000
1312575.000000
7523939.000000
4684874.000000
8125457.000000
2271281.000000
7001840.000000
4597722.000000
2567217.000000
520881.000000
2654689.000000
1446768.000000
7857154.000000
767829.000000
112292.000000
1281577.000000
6313848.000000
2472047.000000
5734338.000000
7444122.000000
5572334.000000
1532222.000000
4909186.000000
4796800.000000
1353638.000000
308210.000000
6075434.000000
6404389.000000
5922576.000000
4966315.000000
3355622.000000
3032210.000000
2715738.000000
1966735.000000
1036768.000000
6341184.000000
6930601.000000
5876048.000000
346017.000000
2889288.000000
4859994.000000
87182.000000
199014.000000
3804611.000000
5619561.000000
4229658.000000
215374.000000
5293455.000000
5495475.000000
4782429.000000
392629.000000
6670037.000000
6233388.000000
4874253.000000
6567818.000000
1866333.000000
1250524.000000
8444795.000000
869708.000000
7168953.000000
4952128.000000
2404895.000000
704647.000000
3977749.000000
2008686.000000
8377345.000000
3760242.000000
6126522.000000
5762752.000000
802928.000000
5658461.000000
4386049.000000
7150091.000000
4921229.000000
4423123.000000
7065216.000000
3020326.000000
5826170.000000
2369324.000000
5631702.000000
1699487.000000
7917146.000000
6631289.000000
266461.000000
7846552.000000
935972.000000
7792335.000000
884080.000000
7274896.000000
4052374.000000
5923100.000000
6121422.000000
7544792.000000
6178674.000000
6180958.000000
1591596.000000
2162559.000000
7190742.000000
492099.000000
7992584.000000
9246873.000000
1201296.000000
8182182.000000
1464620.000000
7623315.000000
6213455.000000
3725920.000000
290373.000000
6550724.000000
3227526.000000
4096754.000000
5125680.000000
4792325.000000
8464031.000000
3882821.000000
1337753.000000
8058732.000000
5054954.000000
8240706.000000
6243910.000000
571729.000000
547404.000000
5690353.000000
1326486.000000
4671866.000000
8356534.000000
3906646.000000
421977.000000
5458473.000000
6027407.000000
6446333.000000
8481049.000000
4926157.000000
6210727.000000
3332797.000000
806148.000000
807101.000000
4783237.000000
4327295.000000
4455446.000000
1309812.000000
6466032.000000
106613.000000
3628578.000000
2596739.000000
9679144.000000
5449216.000000
6414557.000000
5744241.000000
1461136.000000
531996.000000
8865189.000000
6662488.000000
5429737.000000
1310764.000000
6662142.000000
2687126.000000
6053479.000000
1058239.000000
504020.000000
6509881.000000
6557732.000000
407197.000000
6198124.000000
162549.000000
6270581.000000
5585834.000000
6762216.000000
6411234.000000
284315.000000
1514650.000000
2591569.000000
4675754.000000
6744347.000000
2517282.000000
5605992.000000
5389500.000000
4708791.000000
6358692.000000
7881274.000000
568958.000000
3220094.000000
6371192.000000
668613.000000
6111028.000000
4066241.000000
7948788.000000
4365370.000000
8399613.000000
1602632.000000
4068090.000000
581201.000000
5206965.000000
1505294.000000
6316795.000000
2718527.000000
3874659.000000
5743316.000000
6066050.000000
6676407.000000
474892.000000
8066230.000000
2205367.000000
2258430.000000
6393470.000000
5163869.000000
3801338.000000
203007.000000
2967279.000000
1612201.000000
510121.000000
7189739.000000
695777.000000
3832560.000000
3747947.000000
5371786.000000
4261090.000000
126569.000000
424207.000000
3607907.000000
5602838.000000
4113241.000000
6873743.000000
125655.000000
7031132.000000
7820155.000000
6406783.000000
3214422.000000
8390830.000000
6000749.000000
