0.000000
0.000000
0.000000
0.000000
0.000000
0.000000
0.000000
0.000000
0.000000
0.000000
0.000000
0.000000
0.000000
0.000000
0.000000
0.000000
0.000000
0.000000
0.000000
0.000000
0.000000
0.000000
0.000000
0.000000
0.000000
0.000000
0.000000
0.000000
0.000000
0.000000
0.000000
0.000000
0.000000
0.000000
0.000000
0.000000
0.000000
0.000000
0.000000
0.000000
0.000000
0.000000
0.000000
0.000000
0.000000
0.000000
0.000000
0.000000
0.000000
0.000000
0.000000
0.000000
0.000000
0.000000
0.000000
0.000000
0.000000
0.000000
0.000000
0.000000
0.000000
0.000000
0.000000
0.000000
0.000000
0.000000
0.000000
0.000000
0.000000
0.000000
0.000000
0.000000
0.000000
0.000000
0.000000
0.000000
0.000000
0.000000
0.000000
0.000000
0.000000
0.000000
0.000000
0.000000
0.000000
0.000000
0.000000
0.000000
0.000000
0.000000
0.000000
0.000000
0.000000
0.000000
0.000000
0.000000
0.000000
0.000000
0.000000
0.000000
0.000000
0.000000
0.000000
0.000000
0.000000
0.000000
0.000000
0.000000
0.000000
0.000000
0.000000
0.000000
0.000000
0.000000
0.000000
0.000000
0.000000
0.000000
0.000000
0.000000
0.000000
0.000000
0.000000
0.000000
0.000000
0.000000
0.000000
0.000000
0.000000
0.000000
0.000000
0.000000
0.000000
0.000000
0.000000
0.000000
0.000000
0.000000
0.000000
0.000000
0.000000
0.000000
0.000000
0.000000
0.000000
0.000000
0.000000
0.000000
0.000000
0.000000
0.000000
11745140.000000
6158248.000000
5958771.000000
6156641.000000
5309098.000000
593203.000000
7027930.000000
7090375.000000
3260350.000000
6466394.000000
1921288.000000
1758821.000000
2058950.000000
456732.000000
5284024.000000
5889325.000000
3829322.000000
1463326.000000
7227790.000000
6674666.000000
1363245.000000
1637145.000000
4249014.000000
1643070.000000
2591433.000000
3610283.000000
3325167.000000
5597547.000000
3351954.000000
5847226.000000
7622266.000000
3480885.000000
4372434.000000
6089539.000000
228549.000000
1503637.000000
5270067.000000
6742858.000000
3587020.000000
114577.000000
3780310.000000
6521396.000000
3356492.000000
3790967.000000
2938413.000000
1142650.000000
932291.000000
3422535.000000
6315779.000000
1471009.000000
5969973.000000
1930495.000000
284596.000000
5814031.000000
1384199.000000
2411473.000000
5207291.000000
4318302.000000
1914374.000000
6797041.000000
3907146.000000
4997168.000000
673060.000000
5256652.000000
7014495.000000
999415.000000
6796607.000000
7121873.000000
4900769.000000
6429896.000000
1104803.000000
1197541.000000
878208.000000
3227937.000000
7252240.000000
5673719.000000
4489082.000000
2393751.000000
4454335.000000
5859513.000000
6840871.000000
5303777.000000
4440536.000000
6606870.000000
262949.000000
1682224.000000
4266097.000000
6606119.000000
939061.000000
1688486.000000
4955821.000000
4465187.000000
6670002.000000
5164081.000000
4350640.000000
1497662.000000
3336486.000000
4812947.000000
1922500.000000
112712.000000
5768354.000000
5357104.000000
3966222.000000
4502793.000000
850665.000000
5150206.000000
4180093.000000
5602859.000000
1682676.000000
6541284.000000
3907518.000000
4511801.000000
5228910.000000
2291581.000000
4223280.000000
503063.000000
3836577.000000
6375507.000000
5011857.000000
4982064.000000
6836430.000000
1769932.000000
3888093.000000
1353183.000000
1628209.000000
3924237.000000
7195149.000000
3345419.000000
1522222.000000
4588677.000000
7270001.000000
2654047.000000
96472.000000
3125648.000000
2112117.000000
5071397.000000
232269.000000
6833662.000000
4952277.000000
5266042.000000
6299756.000000
1134802.000000
1481690.000000
5097535.000000
4964471.000000
1295501.000000
4990865.000000
5477049.000000
5165157.000000
106138.000000
4537939.000000
5700545.000000
2820074.000000
382581.000000
1269684.000000
350568.000000
782436.000000
785347.000000
3863633.000000
5901869.000000
3448759.000000
4153538.000000
2637713.000000
4050145.000000
6861295.000000
721882.000000
6619827.000000
4546840.000000
3784027.000000
5361631.000000
5678844.000000
6112045.000000
3629299.000000
4196415.000000
2077753.000000
5734187.000000
6074984.000000
5954299.000000
6866828.000000
6621534.000000
5775440.000000
4903109.000000
4836458.000000
6831538.000000
6933068.000000
6610363.000000
717596.000000
7041721.000000
4758525.000000
3342914.000000
6198795.000000
128914.000000
1903759.000000
515563.000000
6021570.000000
3327687.000000
7386314.000000
5342790.000000
2468194.000000
4785063.000000
380369.000000
271141.000000
3813219.000000
5011379.000000
4975074.000000
4760191.000000
4583704.000000
3360213.000000
3412001.000000
2991945.000000
143459.000000
434168.000000
2438860.000000
2942333.000000
4361245.000000
792672.000000
1264615.000000
3107530.000000
1311998.000000
3868604.000000
6707591.000000
228585.000000
5732663.000000
7624712.000000
3851521.000000
894104.000000
1335147.000000
5299788.000000
5171040.000000
7563663.000000
4611201.000000
7783106.000000
1863821.000000
5304322.000000
6272285.000000
4409003.000000
3205285.000000
5307045.000000
3071450.000000
1702927.000000
6915775.000000
4152337.000000
2746981.000000
4826058.000000
4310926.000000
1810935.000000
1387950.000000
3952443.000000
7305290.000000
4084279.000000
6259831.000000
6057810.000000
2099841.000000
3080810.000000
3115990.000000
3629777.000000
4942320.000000
2176040.000000
408075.000000
1850348.000000
1706187.000000
6592313.000000
4574268.000000
2625661.000000
5828211.000000
6279549.000000
184759.000000
3057956.000000
5096059.000000
4746799.000000
7287989.000000
2061405.000000
2573844.000000
3302654.000000
117892.000000
6251428.000000
4746725.000000
7447154.000000
6646174.000000
967120.000000
773781.000000
5099330.000000
2888790.000000
2257213.000000
3949970.000000
7344533.000000
2900860.000000
6348902.000000
474402.000000
2813666.000000
2551165.000000
5841680.000000
6529868.000000
4472187.000000
1724390.000000
3326067.000000
4850517.000000
6715636.000000
2858527.000000
6839629.000000
5658438.000000
1109008.000000
1080189.000000
69672.000000
2176013.000000
5275805.000000
4124103.000000
5873782.000000
1480059.000000
2908090.000000
6694957.000000
81598.000000
1691399.000000
7668513.000000
6143892.000000
6202965.000000
3357828.000000
605223.000000
6255145.000000
1465586.000000
7495188.000000
3407201.000000
4190380.000000
5734460.000000
5891869.000000
2195862.000000
645196.000000
101373.000000
5779109.000000
5495895.000000
2423589.000000
68513.000000
2609066.000000
7017562.000000
1294660.000000
605787.000000
4335285.000000
5795264.000000
1533314.000000
2930531.000000
2242949.000000
5250858.000000
3861741.000000
4098390.000000
1809955.000000
1575122.000000
5651483.000000
3799483.000000
5251606.000000
1736552.000000
3865895.000000
4244454.000000
769063.000000
6772071.000000
766740.000000
3351121.000000
1129334.000000
1837958.000000
3478558.000000
5757278.000000
6569339.000000
4809375.000000
5877898.000000
5384033.000000
5873154.000000
1494066.000000
7338294.000000
1527219.000000
3331741.000000
448352.000000
4514127.000000
4863044.000000
306584.000000
4553611.000000
505298.000000
3977488.000000
568536.000000
6096858.000000
5131179.000000
2429673.000000
3662713.000000
7638217.000000
2369104.000000
2913825.000000
1600373.000000
4601214.000000
5348069.000000
371633.000000
6530048.000000
3513787.000000
520830.000000
714703.000000
6077014.000000
4505241.000000
1305384.000000
6534305.000000
7575284.000000
5642755.000000
100312.000000
202260.000000
3711904.000000
6080019.000000
3754839.000000
6994664.000000
5863577.000000
4182878.000000
3880848.000000
7727479.000000
1462440.000000
4657486.000000
6248797.000000
2942253.000000
1048116.000000
4159491.000000
4388436.000000
7172789.000000
5358892.000000
3555104.000000
392727.000000
6514639.000000
2476939.000000
3883057.000000
2681450.000000
6999554.000000
5723351.000000
4878479.000000
1070914.000000
155962.000000
6841420.000000
123457.000000
2392311.000000
6791729.000000
4648404.000000
5018678.000000
6809818.000000
3931300.000000
579484.000000
555192.000000
3907458.000000
7005107.000000
1367098.000000
2452460.000000
1870201.000000
5761304.000000
3700527.000000
2728953.000000
4336441.000000
6332579.000000
1984992.000000
5382417.000000
6200615.000000
4119485.000000
61201.000000
6964802.000000
5886323.000000
5491688.000000
6480906.000000
5196056.000000
2328245.000000
3158650.000000
5452850.000000
2510513.000000
2275623.000000
768315.000000
2886356.000000
4324962.000000
6811367.000000
4300410.000000
3206072.000000
4640726.000000
3580499.000000
5557534.000000
4116799.000000
5583579.000000
5619307.000000
5962560.000000
4717043.000000
2624413.000000
82967.000000
814537.000000
5181006.000000
3198349.000000
397518.000000
2704035.000000
6729690.000000
3082518.000000
3292100.000000
7610716.000000
4974957.000000
6254792.000000
4715567.000000
4381580.000000
3568371.000000
7798701.000000
2685205.000000
2544257.000000
3910667.000000
2413513.000000
951880.000000
5799539.000000
2529917.000000
5038605.000000
3907691.000000
2768471.000000
1301049.000000
6320652.000000
4232798.000000
7338407.000000
1645020.000000
5670773.000000
3729121.000000
2191761.000000
441219.000000
2167073.000000
1244619.000000
6493135.000000
716532.000000
98364.000000
1149470.000000
4968030.000000
2271753.000000
5043525.000000
6883833.000000
4753580.000000
1186136.000000
4186261.000000
4079258.000000
1474781.000000
289739.000000
5600123.000000
5668575.000000
5013882.000000
4866802.000000
2950105.000000
3131228.000000
2451153.000000
1589574.000000
808352.000000
5163844.000000
6523127.000000
5535371.000000
384650.000000
2925882.000000
4414008.000000
118448.000000
163337.000000
3628189.000000
4215389.000000
3538488.000000
183356.000000
4002701.000000
5087623.000000
4326850.000000
391032.000000
5882495.000000
5861772.000000
4433560.000000
5281923.000000
1592248.000000
1066301.000000
7593197.000000
765641.000000
5636053.000000
4772078.000000
2226709.000000
547914.000000
3856189.000000
1817958.000000
7001860.000000
3394550.000000
4765964.000000
4559335.000000
827948.000000
5047936.000000
3727970.000000
6180538.000000
4058377.000000
3691938.000000
6774919.000000
3419927.000000
4756200.000000
2490465.000000
4505066.000000
1265502.000000
7163648.000000
6200293.000000
249821.000000
6125212.000000
905952.000000
7002919.000000
910283.000000
5526822.000000
3669273.000000
4099114.000000
5007879.000000
5821775.000000
5824841.000000
5524101.000000
1440899.000000
2217382.000000
6186016.000000
479026.000000
7037860.000000
6302581.000000
1000974.000000
7159312.000000
1322271.000000
6986669.000000
5432859.000000
3097782.000000
363904.000000
6258240.000000
2742578.000000
4085753.000000
4853707.000000
4685806.000000
6860614.000000
3840282.000000
1094595.000000
5865783.000000
3923002.000000
6758804.000000
5618137.000000
467837.000000
570749.000000
4875425.000000
1209214.000000
4074419.000000
7851776.000000
3308993.000000
425657.000000
4499373.000000
4437016.000000
4998809.000000
7484031.000000
4653767.000000
5659478.000000
2493907.000000
783218.000000
804828.000000
4035731.000000
4249949.000000
4404961.000000
1085497.000000
4686069.000000
116286.000000
3248870.000000
1928814.000000
6827466.000000
4908517.000000
5194483.000000
5227320.000000
1301907.000000
459240.000000
6405923.000000
5865755.000000
4667617.000000
1089326.000000
5823502.000000
2594809.000000
4951404.000000
1458081.000000
484906.000000
6122846.000000
5536452.000000
367827.000000
4851667.000000
152435.000000
5169549.000000
4874288.000000
5651693.000000
5696095.000000
234388.000000
1192145.000000
2182528.000000
4212548.000000
5590608.000000
2131814.000000
4355121.000000
4512124.000000
4806733.000000
5559089.000000
5874365.000000
506449.000000
3294308.000000
4528123.000000
562478.000000
4147594.000000
3351470.000000
7493727.000000
4740389.000000
7293879.000000
1547704.000000
3631905.000000
509833.000000
5118357.000000
1400846.000000
5264158.000000
2769225.000000
3484531.000000
3853346.000000
5097828.000000
6556247.000000
537783.000000
6772073.000000
1586511.000000
1854856.000000
5674938.000000
4675156.000000
3858589.000000
195041.000000
2437567.000000
1443370.000000
542527.000000
6617393.000000
665179.000000
3912388.000000
3557536.000000
4251784.000000
4406755.000000
136259.000000
417790.000000
3323467.000000
4620614.000000
3703836.000000
6018976.000000
103673.000000
5573035.000000
6934053.000000
5828619.000000
2936975.000000
7689444.000000
4486327.000000
