0.000000
0.000000
0.000000
0.000000
0.000000
0.000000
0.000000
0.000000
0.000000
0.000000
0.000000
0.000000
0.000000
0.000000
0.000000
0.000000
0.000000
0.000000
0.000000
0.000000
0.000000
0.000000
0.000000
0.000000
0.000000
0.000000
0.000000
0.000000
0.000000
0.000000
0.000000
0.000000
0.000000
0.000000
0.000000
0.000000
0.000000
0.000000
0.000000
0.000000
0.000000
0.000000
0.000000
0.000000
0.000000
0.000000
0.000000
0.000000
0.000000
0.000000
0.000000
0.000000
0.000000
0.000000
0.000000
0.000000
0.000000
0.000000
0.000000
0.000000
0.000000
0.000000
0.000000
0.000000
0.000000
0.000000
0.000000
0.000000
0.000000
0.000000
0.000000
0.000000
0.000000
0.000000
0.000000
0.000000
0.000000
0.000000
0.000000
0.000000
0.000000
0.000000
0.000000
0.000000
0.000000
0.000000
0.000000
0.000000
0.000000
0.000000
0.000000
0.000000
0.000000
0.000000
0.000000
0.000000
0.000000
0.000000
0.000000
0.000000
0.000000
0.000000
0.000000
0.000000
0.000000
0.000000
0.000000
0.000000
0.000000
0.000000
0.000000
0.000000
0.000000
0.000000
0.000000
0.000000
0.000000
0.000000
0.000000
0.000000
0.000000
0.000000
0.000000
0.000000
0.000000
0.000000
0.000000
0.000000
0.000000
0.000000
0.000000
0.000000
0.000000
0.000000
0.000000
0.000000
0.000000
0.000000
0.000000
0.000000
0.000000
0.000000
0.000000
0.000000
0.000000
0.000000
0.000000
0.000000
0.000000
0.000000
0.000000
0.000000
0.000000
0.000000
0.000000
0.000000
0.000000
0.000000
0.000000
0.000000
0.000000
0.000000
0.000000
0.000000
785400.000000
490114.000000
472912.000000
453976.000000
471868.000000
476173.000000
475950.000000
433060.000000
435600.000000
471164.000000
467090.000000
399128.000000
450662.000000
472845.000000
470207.000000
514278.000000
479494.000000
474422.000000
528022.000000
420833.000000
382966.000000
146431.000000
420872.000000
534054.000000
450733.000000
460089.000000
121248.000000
502363.000000
476269.000000
476253.000000
533938.000000
466536.000000
365377.000000
408270.000000
424875.000000
492320.000000
446595.000000
447976.000000
502085.000000
194922.000000
471499.000000
481739.000000
481309.000000
414955.000000
507246.000000
422599.000000
486430.000000
495248.000000
420824.000000
415661.000000
552123.000000
499085.000000
448711.000000
471484.000000
472402.000000
417391.000000
417214.000000
441480.000000
451626.000000
359759.000000
418395.000000
486887.000000
479937.000000
489702.000000
429693.000000
424887.000000
485834.000000
453848.000000
465599.000000
540640.000000
446852.000000
223945.000000
478855.000000
482667.000000
504635.000000
426139.000000
451536.000000
444419.000000
408534.000000
445189.000000
465735.000000
454300.000000
449295.000000
495149.000000
452864.000000
488998.000000
111332.000000
440363.000000
485211.000000
485951.000000
455236.000000
366887.000000
480182.000000
446292.000000
514904.000000
510060.000000
438449.000000
449409.000000
421612.000000
516419.000000
518600.000000
474813.000000
324626.000000
544736.000000
425095.000000
555978.000000
464500.000000
445853.000000
458583.000000
508532.000000
409415.000000
414784.000000
469534.000000
539241.000000
497561.000000
430741.000000
473005.000000
423197.000000
461790.000000
88423.000000
429743.000000
390975.000000
492846.000000
184441.000000
435257.000000
436997.000000
484738.000000
476932.000000
344798.000000
451069.000000
509059.000000
561215.000000
456118.000000
460650.000000
470842.000000
467045.000000
81444.000000
495364.000000
454028.000000
429215.000000
297391.000000
470041.000000
259496.000000
411553.000000
430067.000000
531497.000000
521477.000000
427428.000000
503728.000000
477800.000000
480424.000000
498414.000000
450976.000000
470564.000000
587147.000000
565229.000000
436925.000000
481930.000000
469896.000000
369639.000000
426719.000000
479519.000000
515559.000000
429944.000000
453680.000000
443055.000000
533082.000000
467399.000000
486786.000000
490249.000000
450741.000000
484152.000000
470200.000000
432516.000000
477257.000000
538600.000000
417595.000000
475008.000000
119559.000000
454553.000000
310360.000000
513948.000000
484337.000000
519210.000000
475538.000000
377070.000000
472094.000000
265572.000000
256336.000000
481747.000000
478972.000000
518398.000000
451127.000000
438563.000000
505175.000000
569971.000000
483042.000000
213823.000000
346728.000000
457981.000000
442244.000000
502022.000000
346063.000000
453650.000000
509355.000000
445375.000000
516531.000000
504305.000000
214145.000000
498825.000000
521065.000000
421270.000000
471621.000000
438802.000000
486109.000000
502944.000000
474369.000000
522665.000000
441305.000000
408736.000000
458840.000000
513772.000000
525974.000000
451932.000000
490242.000000
429827.000000
471812.000000
493157.000000
485457.000000
445923.000000
433100.000000
470037.000000
427413.000000
447086.000000
444587.000000
468787.000000
425091.000000
447616.000000
486868.000000
509515.000000
462148.000000
604221.000000
482536.000000
436455.000000
515601.000000
290816.000000
496690.000000
441692.000000
542140.000000
532823.000000
488351.000000
443588.000000
446668.000000
162886.000000
462504.000000
507000.000000
457555.000000
506706.000000
500171.000000
451788.000000
475438.000000
133915.000000
488496.000000
482595.000000
493966.000000
533690.000000
485095.000000
462497.000000
443659.000000
446908.000000
490427.000000
429755.000000
438324.000000
444176.000000
413497.000000
289191.000000
442422.000000
411162.000000
444022.000000
487239.000000
496225.000000
495174.000000
451858.000000
435870.000000
478443.000000
451418.000000
485945.000000
522074.000000
435983.000000
427909.000000
61196.000000
445262.000000
468460.000000
414511.000000
493591.000000
425755.000000
428588.000000
465343.000000
95429.000000
441092.000000
512821.000000
501183.000000
536703.000000
476075.000000
362925.000000
534242.000000
468292.000000
447791.000000
375629.000000
525489.000000
448433.000000
488658.000000
470319.000000
335935.000000
100560.000000
440631.000000
474780.000000
378552.000000
52793.000000
419036.000000
538969.000000
462120.000000
408717.000000
443102.000000
546710.000000
458164.000000
532646.000000
430747.000000
479706.000000
478267.000000
451927.000000
507933.000000
371529.000000
419832.000000
479080.000000
423764.000000
399524.000000
409252.000000
455326.000000
412518.000000
490117.000000
470003.000000
437616.000000
459120.000000
440683.000000
435306.000000
458494.000000
549000.000000
484000.000000
522019.000000
447477.000000
473514.000000
457457.000000
412170.000000
439641.000000
476458.000000
339018.000000
442738.000000
537661.000000
247314.000000
561473.000000
340303.000000
490394.000000
421748.000000
452839.000000
520801.000000
383401.000000
491280.000000
431436.000000
450737.000000
422727.000000
493468.000000
511601.000000
462351.000000
291445.000000
451796.000000
481515.000000
324820.000000
331613.000000
459668.000000
432907.000000
424709.000000
424691.000000
459796.000000
510150.000000
89355.000000
221652.000000
440099.000000
516725.000000
539903.000000
486422.000000
477985.000000
411379.000000
471868.000000
436146.000000
430721.000000
522311.000000
441653.000000
472194.000000
486705.000000
427829.000000
472133.000000
438243.000000
542143.000000
455472.000000
328698.000000
474288.000000
415377.000000
526629.000000
441571.000000
451158.000000
429979.000000
443504.000000
451843.000000
114880.000000
465602.000000
109573.000000
486311.000000
496712.000000
445415.000000
493621.000000
466345.000000
392851.000000
439146.000000
403535.000000
460010.000000
542856.000000
408006.000000
500574.000000
472930.000000
424528.000000
464763.000000
475623.000000
517681.000000
535517.000000
538617.000000
474956.000000
437940.000000
553905.000000
51093.000000
448471.000000
478310.000000
534644.000000
445597.000000
434692.000000
479574.000000
466964.000000
498925.000000
378775.000000
506949.000000
409099.000000
504448.000000
440871.000000
534464.000000
528200.000000
435461.000000
456366.000000
496539.000000
471572.000000
461750.000000
471326.000000
494851.000000
528805.000000
456944.000000
444520.000000
81830.000000
443009.000000
547143.000000
526043.000000
278574.000000
394131.000000
429259.000000
472046.000000
383318.000000
466043.000000
430066.000000
603073.000000
398843.000000
410468.000000
524958.000000
495063.000000
432582.000000
466296.000000
388977.000000
549799.000000
458872.000000
408173.000000
482923.000000
431786.000000
490932.000000
473843.000000
501330.000000
480872.000000
453480.000000
476306.000000
368845.000000
471315.000000
449638.000000
458769.000000
385639.000000
508752.000000
454524.000000
455481.000000
408626.000000
128332.000000
502474.000000
501764.000000
510119.000000
427908.000000
573553.000000
469251.000000
450912.000000
520767.000000
513926.000000
333621.000000
236233.000000
410631.000000
445773.000000
462149.000000
491019.000000
473812.000000
462913.000000
541595.000000
432639.000000
456337.000000
444858.000000
411896.000000
469114.000000
273615.000000
432973.000000
448319.000000
85873.000000
229542.000000
431542.000000
467239.000000
487026.000000
155497.000000
444881.000000
493304.000000
426499.000000
312412.000000
479664.000000
499034.000000
438099.000000
536542.000000
487201.000000
466234.000000
500721.000000
447840.000000
458234.000000
393950.000000
403809.000000
371379.000000
512407.000000
493905.000000
474212.000000
427638.000000
473273.000000
536013.000000
475804.000000
450011.000000
452727.000000
449621.000000
504358.000000
443624.000000
411561.000000
525722.000000
523600.000000
469931.000000
468761.000000
366715.000000
430821.000000
418506.000000
240623.000000
525263.000000
478118.000000
498553.000000
424038.000000
544357.000000
434782.000000
457718.000000
488726.000000
483367.000000
478327.000000
498159.000000
394873.000000
460133.000000
430718.000000
310148.000000
492192.000000
450696.000000
426274.000000
447813.000000
484269.000000
473272.000000
425630.000000
472723.000000
221805.000000
437278.000000
439209.000000
431779.000000
470618.000000
411080.000000
543006.000000
424583.000000
484077.000000
543449.000000
524793.000000
430382.000000
472292.000000
347629.000000
319593.000000
484039.000000
472655.000000
450915.000000
471490.000000
515571.000000
256258.000000
406343.000000
508577.000000
412046.000000
448235.000000
502002.000000
491838.000000
496292.000000
390870.000000
394792.000000
552658.000000
413493.000000
444562.000000
369314.000000
448982.000000
107365.000000
501355.000000
431428.000000
472866.000000
439729.000000
452439.000000
465736.000000
439212.000000
359427.000000
527217.000000
457459.000000
608293.000000
464611.000000
499154.000000
486110.000000
527296.000000
458085.000000
368996.000000
492684.000000
491917.000000
334000.000000
427582.000000
135110.000000
472480.000000
432925.000000
481811.000000
505435.000000
247058.000000
412290.000000
445759.000000
510617.000000
445399.000000
517517.000000
457895.000000
485062.000000
522519.000000
506942.000000
461831.000000
329280.000000
411584.000000
441889.000000
298978.000000
428675.000000
400343.000000
474836.000000
446891.000000
485785.000000
523733.000000
543538.000000
316241.000000
524441.000000
434331.000000
513347.000000
410725.000000
484803.000000
470325.000000
436907.000000
563066.000000
307595.000000
497530.000000
488487.000000
455397.000000
465698.000000
470717.000000
421480.000000
170053.000000
497874.000000
445050.000000
289598.000000
476512.000000
371300.000000
445925.000000
444372.000000
435494.000000
475176.000000
178750.000000
323227.000000
424203.000000
571597.000000
447658.000000
460648.000000
102535.000000
473696.000000
550072.000000
490727.000000
520106.000000
402204.000000
547743.000000
