0.000000
0.000000
0.000000
0.000000
0.000000
0.000000
0.000000
0.000000
0.000000
0.000000
0.000000
0.000000
0.000000
0.000000
0.000000
0.000000
0.000000
0.000000
0.000000
0.000000
0.000000
0.000000
0.000000
0.000000
0.000000
0.000000
0.000000
0.000000
0.000000
0.000000
0.000000
0.000000
0.000000
0.000000
0.000000
0.000000
0.000000
0.000000
0.000000
0.000000
0.000000
0.000000
0.000000
0.000000
0.000000
0.000000
0.000000
0.000000
0.000000
0.000000
0.000000
0.000000
0.000000
0.000000
0.000000
0.000000
0.000000
0.000000
0.000000
0.000000
0.000000
0.000000
0.000000
0.000000
0.000000
0.000000
0.000000
0.000000
0.000000
0.000000
0.000000
0.000000
0.000000
0.000000
0.000000
0.000000
0.000000
0.000000
0.000000
0.000000
0.000000
0.000000
0.000000
0.000000
0.000000
0.000000
0.000000
0.000000
0.000000
0.000000
0.000000
0.000000
0.000000
0.000000
0.000000
0.000000
0.000000
0.000000
0.000000
0.000000
0.000000
0.000000
0.000000
0.000000
0.000000
0.000000
0.000000
0.000000
0.000000
0.000000
0.000000
0.000000
0.000000
0.000000
0.000000
0.000000
0.000000
0.000000
0.000000
0.000000
0.000000
0.000000
0.000000
0.000000
0.000000
0.000000
0.000000
0.000000
0.000000
0.000000
0.000000
0.000000
0.000000
0.000000
0.000000
0.000000
0.000000
0.000000
0.000000
0.000000
0.000000
0.000000
0.000000
0.000000
0.000000
0.000000
0.000000
0.000000
0.000000
0.000000
0.000000
0.000000
0.000000
0.000000
0.000000
0.000000
0.000000
0.000000
0.000000
0.000000
0.000000
0.000000
0.000000
0.000000
0.000000
0.000000
0.000000
0.000000
0.000000
0.000000
0.000000
0.000000
0.000000
0.000000
0.000000
0.000000
0.000000
0.000000
0.000000
6918080.000000
4296231.000000
3834602.000000
3425800.000000
3450929.000000
3579489.000000
205777.000000
1555148.000000
3492481.000000
3941033.000000
2566066.000000
100551.000000
2878522.000000
3986521.000000
2886600.000000
2857179.000000
2475130.000000
1246693.000000
806036.000000
2534830.000000
4032287.000000
1291236.000000
3480290.000000
2154763.000000
405433.000000
3812397.000000
1409437.000000
2351074.000000
3229448.000000
3806569.000000
1577655.000000
3512571.000000
2998871.000000
3182345.000000
604271.000000
3731305.000000
4735963.000000
1051581.000000
3675235.000000
3618857.000000
4186966.000000
3299826.000000
936639.000000
1370076.000000
762784.000000
3248992.000000
3722491.000000
3897665.000000
4063218.000000
2787526.000000
3304544.000000
3524042.000000
3809948.000000
4070943.000000
3193019.000000
3807827.000000
337698.000000
1712802.000000
2969549.000000
4630211.000000
1114931.000000
1673964.000000
3030474.000000
3430779.000000
3831632.000000
3984909.000000
2684406.000000
1218006.000000
2906460.000000
3598249.000000
1358244.000000
121660.000000
3987198.000000
3388679.000000
3087313.000000
3140103.000000
882633.000000
3307562.000000
2612653.000000
3517313.000000
1625577.000000
3399290.000000
3386685.000000
2981012.000000
3254089.000000
2304062.000000
3332721.000000
454997.000000
2841968.000000
3686234.000000
3410353.000000
3431281.000000
4402616.000000
1762015.000000
3745609.000000
1230952.000000
1073864.000000
3268077.000000
3934521.000000
2679264.000000
1587896.000000
2820384.000000
3842542.000000
2315757.000000
115285.000000
2914600.000000
1592240.000000
3244477.000000
193009.000000
4015291.000000
3040983.000000
3444160.000000
4375956.000000
818241.000000
1551114.000000
3132863.000000
3505199.000000
1489790.000000
3603378.000000
3815271.000000
3150805.000000
105807.000000
3375645.000000
3591875.000000
2192730.000000
353157.000000
1057015.000000
375720.000000
627375.000000
997647.000000
3566225.000000
3888914.000000
3335040.000000
3170187.000000
2612789.000000
3501808.000000
4015877.000000
891261.000000
3523401.000000
3665415.000000
3464221.000000
3448625.000000
3666059.000000
3772228.000000
2203341.000000
3407140.000000
2156958.000000
4062951.000000
3303052.000000
3860624.000000
4126831.000000
4031341.000000
3958954.000000
4046192.000000
3255270.000000
3733850.000000
3387684.000000
3240540.000000
789446.000000
3986854.000000
3106033.000000
2390991.000000
3711274.000000
170723.000000
2161439.000000
434485.000000
4198457.000000
2513863.000000
3837460.000000
3286973.000000
2821406.000000
3874436.000000
573910.000000
295651.000000
3478933.000000
3618378.000000
3260350.000000
3904587.000000
3105152.000000
3306289.000000
2825755.000000
2867496.000000
201443.000000
462179.000000
2311620.000000
2391425.000000
3056989.000000
752236.000000
1083887.000000
3023248.000000
1090448.000000
3126493.000000
3987487.000000
221073.000000
3680074.000000
3763669.000000
2780718.000000
825447.000000
983318.000000
3121020.000000
3616678.000000
4259366.000000
3642096.000000
3932645.000000
2252218.000000
3312476.000000
3821206.000000
3482380.000000
3047771.000000
3910059.000000
2691996.000000
1495365.000000
4135185.000000
3968328.000000
2732979.000000
3359611.000000
3578365.000000
1573425.000000
1242772.000000
2966169.000000
3816299.000000
3068103.000000
3666778.000000
3436301.000000
2341949.000000
3062984.000000
3054842.000000
2788075.000000
3874670.000000
1910101.000000
520889.000000
1995522.000000
1485315.000000
4189219.000000
3754663.000000
2383291.000000
3440851.000000
3566276.000000
216441.000000
2335548.000000
3920616.000000
3943174.000000
3575161.000000
2078205.000000
2771069.000000
3444919.000000
131596.000000
4040594.000000
3412422.000000
3753030.000000
4156295.000000
1214092.000000
791069.000000
3102203.000000
2472761.000000
1827447.000000
2633587.000000
4081284.000000
2765094.000000
3637436.000000
468864.000000
2349145.000000
1971939.000000
3853590.000000
4145096.000000
3198258.000000
1727513.000000
3057082.000000
3605599.000000
4157340.000000
2233595.000000
4001054.000000
4206558.000000
1176175.000000
1247248.000000
63944.000000
1904149.000000
3864230.000000
3250117.000000
3004988.000000
1226713.000000
2463075.000000
3670385.000000
71261.000000
1315058.000000
3864166.000000
3936419.000000
4091946.000000
3117715.000000
499459.000000
3538269.000000
1815974.000000
4260771.000000
2617369.000000
3221102.000000
3386305.000000
4100928.000000
1927838.000000
591657.000000
88370.000000
3813712.000000
3377287.000000
2848512.000000
71449.000000
2523497.000000
3363006.000000
1030730.000000
562923.000000
3098481.000000
3502821.000000
1773486.000000
2663363.000000
2043462.000000
3622278.000000
3127399.000000
3670643.000000
1837313.000000
1220446.000000
2596587.000000
3165966.000000
3491055.000000
1782355.000000
2556998.000000
2966829.000000
597133.000000
4076916.000000
1000410.000000
2703550.000000
1048874.000000
1832615.000000
2573846.000000
3360844.000000
3926891.000000
3469175.000000
4167459.000000
3207946.000000
3779805.000000
1578161.000000
3819439.000000
1587252.000000
2420376.000000
507183.000000
3395938.000000
4173494.000000
342928.000000
3687502.000000
499449.000000
3121915.000000
696767.000000
3537687.000000
4027039.000000
3103167.000000
2918398.000000
3546346.000000
1981387.000000
2129473.000000
1966129.000000
3677059.000000
3313108.000000
396457.000000
4276584.000000
2632147.000000
424686.000000
639301.000000
3573316.000000
3129513.000000
1360613.000000
3597490.000000
4142618.000000
3169849.000000
91436.000000
234670.000000
3253679.000000
3947052.000000
3178182.000000
3767346.000000
3577771.000000
3011544.000000
3957990.000000
3760926.000000
1466548.000000
3292775.000000
3733402.000000
2539057.000000
1104115.000000
2955940.000000
3110327.000000
3515914.000000
4428219.000000
2472803.000000
336813.000000
4044755.000000
1910957.000000
3325685.000000
2130220.000000
3722850.000000
3683160.000000
3348367.000000
1038202.000000
120860.000000
3785915.000000
112942.000000
2299953.000000
4421308.000000
3501211.000000
3483457.000000
3795782.000000
3484195.000000
604338.000000
623158.000000
3616538.000000
3885529.000000
1292827.000000
2194104.000000
1900860.000000
3594575.000000
3200994.000000
2434486.000000
3160550.000000
4575874.000000
1875279.000000
3752524.000000
3722174.000000
3493533.000000
62987.000000
3386371.000000
3544331.000000
3507335.000000
3897317.000000
3882635.000000
2528007.000000
2455558.000000
3604694.000000
2621892.000000
1804379.000000
671031.000000
2747472.000000
3298190.000000
4110696.000000
3218295.000000
3343788.000000
3097164.000000
3444338.000000
3468379.000000
2860209.000000
3641998.000000
3574285.000000
4051693.000000
3620266.000000
2205045.000000
87704.000000
690945.000000
3634232.000000
2847322.000000
324694.000000
2845995.000000
3654092.000000
2677431.000000
2407131.000000
4247564.000000
3382338.000000
4190109.000000
3104987.000000
3036295.000000
3327212.000000
3243610.000000
2971210.000000
2487137.000000
3025964.000000
2320745.000000
1147158.000000
3827624.000000
2501963.000000
3676603.000000
3407968.000000
2393360.000000
1169591.000000
4485076.000000
3342527.000000
3443010.000000
2340177.000000
3558839.000000
3157858.000000
2267387.000000
560541.000000
2165898.000000
1128653.000000
3882777.000000
713940.000000
124263.000000
1300553.000000
3746808.000000
2060424.000000
3556546.000000
3727899.000000
3395326.000000
1246961.000000
3008960.000000
3195939.000000
1065618.000000
312582.000000
3330973.000000
3304880.000000
3602712.000000
3368652.000000
2643519.000000
2407512.000000
1889543.000000
2173948.000000
918732.000000
3676753.000000
3780321.000000
3838761.000000
321487.000000
2079903.000000
3486898.000000
115586.000000
236086.000000
2475474.000000
3777692.000000
2918584.000000
195976.000000
3482418.000000
3478492.000000
2914618.000000
353981.000000
3874017.000000
4102366.000000
3351487.000000
3820231.000000
1681422.000000
1224743.000000
4065796.000000
820057.000000
3898709.000000
3053031.000000
2116700.000000
775901.000000
3006165.000000
1615034.000000
3909320.000000
3163841.000000
3723050.000000
3206473.000000
768269.000000
3607484.000000
3520551.000000
4027384.000000
2928845.000000
3278670.000000
3382030.000000
2450013.000000
4259769.000000
1798223.000000
3392644.000000
1817271.000000
3832698.000000
3884726.000000
266952.000000
3760997.000000
1107214.000000
3902500.000000
799710.000000
3954074.000000
2828656.000000
4164924.000000
4127970.000000
4459286.000000
3314452.000000
3510145.000000
1911214.000000
1683608.000000
4017787.000000
391478.000000
4152906.000000
4012962.000000
1395292.000000
3791434.000000
1229894.000000
3761636.000000
3650360.000000
2810360.000000
293325.000000
4061603.000000
2542444.000000
2719586.000000
3048884.000000
3039236.000000
4295484.000000
2533756.000000
1699496.000000
3178651.000000
3409197.000000
4012476.000000
3540090.000000
517580.000000
461403.000000
3296152.000000
1256696.000000
3455292.000000
3656700.000000
2719739.000000
485155.000000
3610431.000000
3435073.000000
3914315.000000
3587057.000000
3391379.000000
3097130.000000
2217709.000000
676131.000000
862839.000000
3207909.000000
3296545.000000
3123132.000000
1381144.000000
3908042.000000
103134.000000
2603504.000000
2217343.000000
4299812.000000
3611157.000000
3800424.000000
3361987.000000
1255985.000000
532986.000000
3704870.000000
3521395.000000
3651689.000000
1301538.000000
3830643.000000
2508053.000000
3631795.000000
1205117.000000
407587.000000
3678538.000000
3783286.000000
466545.000000
3627763.000000
157842.000000
3839688.000000
3544995.000000
3783685.000000
3977792.000000
299756.000000
1195376.000000
2066872.000000
3227037.000000
3742768.000000
1810910.000000
3464098.000000
3447149.000000
2950500.000000
3972463.000000
3677196.000000
505400.000000
2124055.000000
3381789.000000
489312.000000
3332771.000000
2847891.000000
3927570.000000
2808645.000000
3997716.000000
1634465.000000
3150246.000000
516499.000000
3321590.000000
1315079.000000
3818407.000000
2156947.000000
2629980.000000
3486463.000000
3420658.000000
3508594.000000
344709.000000
3790449.000000
1983490.000000
1747178.000000
3594954.000000
3249529.000000
2699209.000000
180514.000000
2279484.000000
1233133.000000
480521.000000
4090568.000000
566445.000000
2715976.000000
2599073.000000
3579292.000000
2898100.000000
145397.000000
381298.000000
2571833.000000
4088485.000000
2663420.000000
3681719.000000
118074.000000
3654876.000000
3980794.000000
3865918.000000
2445093.000000
4007544.000000
3818051.000000
