0.000000
0.000000
0.000000
0.000000
0.000000
0.000000
0.000000
0.000000
0.000000
0.000000
0.000000
0.000000
0.000000
0.000000
0.000000
0.000000
0.000000
0.000000
0.000000
0.000000
0.000000
0.000000
0.000000
0.000000
0.000000
0.000000
0.000000
0.000000
0.000000
0.000000
0.000000
0.000000
0.000000
0.000000
0.000000
0.000000
0.000000
0.000000
0.000000
0.000000
0.000000
0.000000
0.000000
0.000000
0.000000
0.000000
0.000000
0.000000
0.000000
0.000000
0.000000
0.000000
0.000000
0.000000
0.000000
0.000000
0.000000
0.000000
0.000000
0.000000
0.000000
0.000000
0.000000
0.000000
0.000000
0.000000
0.000000
0.000000
0.000000
0.000000
0.000000
0.000000
0.000000
0.000000
0.000000
0.000000
0.000000
0.000000
0.000000
0.000000
0.000000
0.000000
0.000000
0.000000
0.000000
0.000000
0.000000
0.000000
0.000000
0.000000
0.000000
0.000000
0.000000
0.000000
0.000000
0.000000
0.000000
0.000000
0.000000
0.000000
0.000000
0.000000
0.000000
0.000000
0.000000
0.000000
0.000000
0.000000
0.000000
0.000000
0.000000
0.000000
0.000000
0.000000
0.000000
0.000000
0.000000
0.000000
0.000000
0.000000
0.000000
0.000000
0.000000
0.000000
0.000000
0.000000
0.000000
0.000000
0.000000
0.000000
0.000000
0.000000
0.000000
0.000000
0.000000
0.000000
0.000000
0.000000
0.000000
0.000000
0.000000
0.000000
0.000000
0.000000
0.000000
0.000000
0.000000
0.000000
0.000000
0.000000
0.000000
0.000000
0.000000
0.000000
0.000000
0.000000
0.000000
0.000000
0.000000
0.000000
0.000000
0.000000
0.000000
0.000000
0.000000
0.000000
0.000000
0.000000
0.000000
0.000000
0.000000
0.000000
0.000000
0.000000
0.000000
0.000000
0.000000
0.000000
0.000000
0.000000
0.000000
0.000000
0.000000
0.000000
0.000000
0.000000
0.000000
0.000000
0.000000
0.000000
0.000000
0.000000
0.000000
0.000000
0.000000
0.000000
0.000000
0.000000
0.000000
0.000000
0.000000
17391015.000000
2556408.000000
358505.000000
7782504.000000
1362425.000000
2999153.000000
5601306.000000
6265530.000000
1976154.000000
8719832.000000
4741332.000000
5704843.000000
751872.000000
7268995.000000
9464086.000000
1348913.000000
8029979.000000
8165719.000000
6941846.000000
6458191.000000
1136084.000000
1520527.000000
1045887.000000
4950837.000000
8972956.000000
7049023.000000
6736654.000000
3969021.000000
6331484.000000
6557562.000000
8981188.000000
6858091.000000
6092494.000000
8008439.000000
373549.000000
2020280.000000
4537938.000000
9285374.000000
1040429.000000
1693783.000000
5027112.000000
6444127.000000
9164008.000000
6516880.000000
6795151.000000
1602823.000000
4027002.000000
6658882.000000
2162992.000000
131864.000000
8950069.000000
6963053.000000
4779339.000000
7130810.000000
1088486.000000
6461389.000000
4241553.000000
6094353.000000
1910659.000000
7537394.000000
5568505.000000
4962626.000000
6517228.000000
2860856.000000
5675786.000000
490945.000000
4036205.000000
7663656.000000
6135943.000000
6091998.000000
8574986.000000
1730252.000000
5613050.000000
1483468.000000
1606628.000000
4924898.000000
8288648.000000
3499235.000000
1691309.000000
4691850.000000
9249828.000000
2648906.000000
116386.000000
4328503.000000
1924849.000000
5561723.000000
197136.000000
8081882.000000
5355754.000000
6170902.000000
9020813.000000
1076383.000000
2045585.000000
6935547.000000
6533956.000000
1700676.000000
6039394.000000
10027108.000000
5875164.000000
117556.000000
5264373.000000
9002157.000000
3066610.000000
471797.000000
1443264.000000
402746.000000
956005.000000
962044.000000
6264727.000000
7651525.000000
5499221.000000
5242536.000000
3444979.000000
5633809.000000
8848866.000000
813536.000000
7653959.000000
6720873.000000
5544102.000000
5754029.000000
6394614.000000
7925054.000000
3947895.000000
5802708.000000
2689270.000000
9329705.000000
8184238.000000
7972019.000000
9728157.000000
10003719.000000
6660253.000000
7017548.000000
5241296.000000
8355331.000000
8479687.000000
7922123.000000
782333.000000
9705471.000000
5000580.000000
4289054.000000
8226402.000000
141683.000000
2126265.000000
459459.000000
8022450.000000
3919257.000000
8808174.000000
5835302.000000
4204701.000000
6880267.000000
495752.000000
315297.000000
6412486.000000
6658719.000000
5167468.000000
5909084.000000
5719889.000000
5253171.000000
4265689.000000
3478872.000000
231741.000000
548643.000000
3221010.000000
3109084.000000
4286711.000000
822408.000000
1219874.000000
4007277.000000
1319236.000000
5360761.000000
8415503.000000
295745.000000
7142293.000000
8871803.000000
3519026.000000
995247.000000
1658008.000000
5616546.000000
5508972.000000
9310657.000000
5781430.000000
8990504.000000
2746318.000000
5753675.000000
9719427.000000
4968337.000000
3792011.000000
6571865.000000
3938566.000000
1802959.000000
8416466.000000
6999316.000000
3782036.000000
5688043.000000
6879651.000000
2201688.000000
1476435.000000
4633511.000000
9181730.000000
4548927.000000
7988118.000000
7185214.000000
3332480.000000
4288773.000000
4215015.000000
4349721.000000
6485713.000000
2320186.000000
507400.000000
2418162.000000
1893908.000000
10704270.000000
5658091.000000
3482405.000000
7880050.000000
6405142.000000
236076.000000
3117009.000000
6535646.000000
6588995.000000
9253086.000000
2349056.000000
3195736.000000
5827132.000000
123549.000000
9148921.000000
5913089.000000
8913496.000000
8241477.000000
1075602.000000
1008909.000000
5572678.000000
3794136.000000
2801866.000000
4506513.000000
8883288.000000
3378642.000000
7407051.000000
663444.000000
2802576.000000
2252590.000000
9041917.000000
8526816.000000
5065790.000000
1795065.000000
6163216.000000
7004336.000000
8273175.000000
3869859.000000
9338683.000000
9221639.000000
1254180.000000
1350995.000000
71912.000000
2085846.000000
8062124.000000
5004527.000000
6324230.000000
1333437.000000
3207683.000000
7722822.000000
86300.000000
1645677.000000
8503863.000000
7425149.000000
8903401.000000
5171879.000000
646011.000000
7321651.000000
1963010.000000
8859067.000000
4459197.000000
5344619.000000
6525048.000000
8516779.000000
2160451.000000
540675.000000
110512.000000
7773498.000000
5914160.000000
4287814.000000
67393.000000
3585999.000000
10545091.000000
1274281.000000
624416.000000
6129089.000000
7934079.000000
2353477.000000
3504771.000000
2507092.000000
5932728.000000
4639755.000000
5991713.000000
2826588.000000
1265074.000000
7460150.000000
5127959.000000
8433405.000000
2111745.000000
4035894.000000
5183891.000000
699595.000000
8638268.000000
927155.000000
5444833.000000
1339667.000000
2377421.000000
3474933.000000
7883004.000000
8119785.000000
5506719.000000
8239176.000000
5810888.000000
8009905.000000
1926826.000000
8248169.000000
1952970.000000
3016373.000000
582974.000000
5560122.000000
7591781.000000
327370.000000
6893786.000000
609818.000000
5794718.000000
668529.000000
6744810.000000
7269168.000000
3898584.000000
4642962.000000
9545551.000000
2337372.000000
2637805.000000
2169282.000000
5539960.000000
5705846.000000
431348.000000
9862247.000000
3777902.000000
534848.000000
709373.000000
6690872.000000
5739512.000000
1391831.000000
9220270.000000
9617356.000000
6088780.000000
87992.000000
256041.000000
5127670.000000
7711335.000000
4225393.000000
8240753.000000
6522714.000000
4562124.000000
5792182.000000
8349656.000000
1662688.000000
5555167.000000
8355705.000000
2943703.000000
1158199.000000
4325501.000000
4493390.000000
7960758.000000
7527847.000000
3502464.000000
430701.000000
9067303.000000
2404082.000000
4419725.000000
2731620.000000
8687317.000000
6795404.000000
5816871.000000
1119831.000000
126673.000000
8518878.000000
120943.000000
2914773.000000
9374891.000000
6364193.000000
8792269.000000
8578137.000000
6473416.000000
668666.000000
677718.000000
6797823.000000
8253466.000000
1534605.000000
2660609.000000
2125044.000000
6050966.000000
4426977.000000
3136396.000000
4870721.000000
9499940.000000
2720875.000000
6878631.000000
7190279.000000
6025328.000000
68716.000000
8502456.000000
6766208.000000
6666243.000000
7301640.000000
6300080.000000
3382355.000000
3438882.000000
6285309.000000
3559628.000000
2546615.000000
798133.000000
3301356.000000
5373456.000000
9972975.000000
5774986.000000
4907197.000000
5358636.000000
5736557.000000
6525880.000000
4675931.000000
6353323.000000
6694551.000000
9701402.000000
5946876.000000
2927480.000000
94197.000000
888258.000000
6451256.000000
3732038.000000
503155.000000
4496867.000000
10855514.000000
3751837.000000
3492862.000000
10167456.000000
5272156.000000
7841960.000000
4770898.000000
4778602.000000
5064410.000000
9101479.000000
3793323.000000
3192826.000000
6038894.000000
2975713.000000
1179300.000000
7531577.000000
3001220.000000
6987082.000000
5597467.000000
2819703.000000
1185090.000000
8778296.000000
5238875.000000
10077709.000000
2789936.000000
6854689.000000
4860666.000000
2683657.000000
595521.000000
2809602.000000
1449223.000000
7994653.000000
709441.000000
122363.000000
1228141.000000
6171186.000000
2413949.000000
6185657.000000
8731025.000000
5423524.000000
1394955.000000
5067704.000000
5317640.000000
1549765.000000
349500.000000
5917830.000000
6544028.000000
6011686.000000
5769965.000000
3837222.000000
3150444.000000
2593482.000000
2332262.000000
1042890.000000
7527548.000000
6841277.000000
6722159.000000
373774.000000
2700947.000000
5446754.000000
107992.000000
263913.000000
3392151.000000
6335976.000000
4447497.000000
251235.000000
6112135.000000
5443359.000000
5473363.000000
471504.000000
8595999.000000
6840848.000000
5522431.000000
7021805.000000
1859523.000000
1324597.000000
9313933.000000
881360.000000
8501634.000000
5463495.000000
2805551.000000
616574.000000
4322295.000000
2030533.000000
9201074.000000
4915085.000000
6731095.000000
5264550.000000
805156.000000
5832836.000000
5681713.000000
7681686.000000
4307434.000000
4530161.000000
7258628.000000
3269374.000000
6811792.000000
2097363.000000
6166512.000000
1983981.000000
8654526.000000
7104373.000000
256631.000000
7540484.000000
959605.000000
8892453.000000
974093.000000
6752327.000000
4418639.000000
7370261.000000
7412355.000000
8703019.000000
6667768.000000
7168403.000000
2444254.000000
2231660.000000
8064328.000000
425646.000000
8952734.000000
8511855.000000
1442236.000000
9488764.000000
1419592.000000
8710837.000000
6540497.000000
4466239.000000
398497.000000
7155202.000000
3389847.000000
3761682.000000
5148189.000000
4868064.000000
9415608.000000
3428589.000000
1328129.000000
9100748.000000
5399959.000000
9008804.000000
6413366.000000
569840.000000
583521.000000
5582596.000000
1494302.000000
5452532.000000
9065162.000000
4748991.000000
520688.000000
5317464.000000
6252277.000000
7156289.000000
8838729.000000
5399141.000000
6305416.000000
2795019.000000
741018.000000
855594.000000
4868097.000000
5909070.000000
4771941.000000
1486173.000000
7403947.000000
95413.000000
4344974.000000
3403812.000000
9118535.000000
5644761.000000
7827265.000000
5873240.000000
1549928.000000
587924.000000
10183672.000000
7253265.000000
5920863.000000
1522849.000000
9311023.000000
3374780.000000
6215966.000000
1296514.000000
610236.000000
8139309.000000
6533465.000000
519461.000000
6788442.000000
176760.000000
7144763.000000
7312656.000000
7838189.000000
6655143.000000
300733.000000
1509418.000000
3064988.000000
4813999.000000
6994880.000000
2450130.000000
5609393.000000
5745738.000000
4876246.000000
7369662.000000
7533774.000000
563772.000000
4177145.000000
6534944.000000
539066.000000
4953891.000000
3948596.000000
9507109.000000
4641689.000000
9330957.000000
1672254.000000
4932662.000000
518488.000000
5682214.000000
1397809.000000
6517294.000000
2974917.000000
2838608.000000
6485295.000000
6131843.000000
7117138.000000
437062.000000
9395865.000000
2407912.000000
2227828.000000
8104627.000000
5187166.000000
4012252.000000
186855.000000
3169021.000000
1658326.000000
543732.000000
8221759.000000
678779.000000
3748262.000000
3969649.000000
6397860.000000
5712176.000000
169614.000000
466082.000000
3570235.000000
5669729.000000
3881381.000000
7470661.000000
123202.000000
8251297.000000
8955922.000000
6824505.000000
3244904.000000
8834658.000000
7577420.000000
