0.000000
0.000000
0.000000
0.000000
0.000000
0.000000
0.000000
0.000000
0.000000
0.000000
0.000000
0.000000
0.000000
0.000000
0.000000
0.000000
0.000000
0.000000
0.000000
0.000000
0.000000
0.000000
0.000000
0.000000
0.000000
0.000000
0.000000
0.000000
0.000000
0.000000
0.000000
0.000000
0.000000
0.000000
0.000000
0.000000
0.000000
0.000000
0.000000
0.000000
0.000000
0.000000
0.000000
0.000000
0.000000
0.000000
0.000000
0.000000
0.000000
0.000000
0.000000
0.000000
0.000000
0.000000
0.000000
0.000000
0.000000
0.000000
0.000000
0.000000
0.000000
0.000000
0.000000
0.000000
0.000000
0.000000
0.000000
0.000000
0.000000
0.000000
0.000000
0.000000
0.000000
0.000000
0.000000
0.000000
0.000000
0.000000
0.000000
0.000000
0.000000
0.000000
0.000000
0.000000
0.000000
0.000000
0.000000
0.000000
0.000000
0.000000
0.000000
0.000000
0.000000
0.000000
0.000000
0.000000
0.000000
0.000000
0.000000
0.000000
0.000000
0.000000
0.000000
0.000000
0.000000
0.000000
0.000000
0.000000
0.000000
0.000000
0.000000
0.000000
0.000000
0.000000
0.000000
0.000000
0.000000
0.000000
0.000000
0.000000
0.000000
0.000000
0.000000
0.000000
0.000000
0.000000
0.000000
0.000000
0.000000
0.000000
0.000000
0.000000
0.000000
0.000000
0.000000
0.000000
0.000000
0.000000
0.000000
0.000000
0.000000
0.000000
0.000000
0.000000
0.000000
0.000000
0.000000
0.000000
0.000000
0.000000
0.000000
0.000000
0.000000
0.000000
0.000000
0.000000
0.000000
0.000000
0.000000
0.000000
0.000000
0.000000
0.000000
0.000000
0.000000
0.000000
0.000000
0.000000
0.000000
0.000000
0.000000
0.000000
0.000000
0.000000
0.000000
0.000000
0.000000
0.000000
0.000000
0.000000
0.000000
0.000000
0.000000
0.000000
0.000000
0.000000
0.000000
0.000000
0.000000
0.000000
0.000000
0.000000
0.000000
0.000000
0.000000
0.000000
0.000000
0.000000
0.000000
0.000000
0.000000
0.000000
0.000000
0.000000
0.000000
0.000000
0.000000
10634765.000000
4307733.000000
1968941.000000
6858745.000000
4077060.000000
4911753.000000
763125.000000
4848357.000000
6773009.000000
985126.000000
6580190.000000
6032139.000000
4754686.000000
5400095.000000
1264565.000000
1230313.000000
998951.000000
3127059.000000
6172462.000000
5457863.000000
4619816.000000
2350384.000000
4026148.000000
5657546.000000
6457655.000000
5030585.000000
4105486.000000
5777611.000000
256852.000000
1806678.000000
4139979.000000
5644805.000000
1235868.000000
1946917.000000
4821390.000000
4434745.000000
6405505.000000
4953755.000000
4352461.000000
1503813.000000
3393813.000000
4677030.000000
2102765.000000
104314.000000
5199649.000000
4962902.000000
4247260.000000
4295465.000000
717331.000000
4691294.000000
3775250.000000
5544270.000000
2005013.000000
5987525.000000
3866394.000000
4451131.000000
5341893.000000
2527047.000000
4036531.000000
623248.000000
3766843.000000
6340142.000000
4901499.000000
4748832.000000
6171129.000000
1799509.000000
3919509.000000
1626786.000000
1905053.000000
3743238.000000
6547300.000000
3615055.000000
1624439.000000
4550622.000000
6453523.000000
2592177.000000
114074.000000
3095185.000000
1938012.000000
4862269.000000
231641.000000
7189100.000000
4540855.000000
5179104.000000
6586106.000000
1122320.000000
1735192.000000
4829055.000000
4957108.000000
1330185.000000
5058914.000000
5369011.000000
5407244.000000
83524.000000
4582816.000000
5275878.000000
3106060.000000
423862.000000
1448179.000000
312052.000000
699441.000000
721876.000000
3771193.000000
5541160.000000
3720523.000000
3967690.000000
3028289.000000
4089648.000000
6762776.000000
772182.000000
5899733.000000
4728813.000000
3761388.000000
4898748.000000
5372123.000000
5829398.000000
3309042.000000
4125746.000000
2098170.000000
5656429.000000
5464049.000000
5663068.000000
6241682.000000
6375539.000000
5506736.000000
5036056.000000
4748403.000000
6402410.000000
6931904.000000
6005185.000000
850085.000000
6652919.000000
4508530.000000
3278049.000000
6446580.000000
169470.000000
1672080.000000
486595.000000
5927778.000000
3629753.000000
6267082.000000
5368345.000000
2500991.000000
4527944.000000
322758.000000
336254.000000
3889610.000000
4886218.000000
4810850.000000
4358674.000000
4065746.000000
3459193.000000
3419557.000000
3149784.000000
162218.000000
477322.000000
2631480.000000
2824113.000000
4169124.000000
903568.000000
1269548.000000
3057824.000000
1439336.000000
4134346.000000
6816054.000000
185019.000000
5805834.000000
6849679.000000
3774812.000000
1050890.000000
1257792.000000
5177296.000000
4993843.000000
6548106.000000
4433045.000000
7114889.000000
1856349.000000
5107793.000000
6423051.000000
4405530.000000
3283025.000000
5365819.000000
3313380.000000
1717041.000000
6174701.000000
4017117.000000
2960432.000000
4779938.000000
4414618.000000
2029186.000000
1651606.000000
3743473.000000
7053835.000000
3868480.000000
6316217.000000
5637155.000000
2271976.000000
3390467.000000
3230202.000000
3616057.000000
5272416.000000
2257188.000000
425176.000000
1824292.000000
1912036.000000
6431509.000000
4711149.000000
2698697.000000
5509108.000000
5554248.000000
215105.000000
2908263.000000
5304662.000000
4719815.000000
6554886.000000
2121195.000000
2522642.000000
3310975.000000
126868.000000
6309921.000000
4455909.000000
6750877.000000
6385263.000000
941461.000000
802935.000000
5216305.000000
3121272.000000
2309360.000000
4227522.000000
6909933.000000
2948960.000000
5769441.000000
408469.000000
3062920.000000
2454763.000000
5640799.000000
5932085.000000
4619940.000000
1724655.000000
3911653.000000
4671373.000000
6711141.000000
2720974.000000
6811121.000000
5589597.000000
1064633.000000
1074988.000000
57603.000000
2426076.000000
5790029.000000
4248121.000000
5363093.000000
1301355.000000
3057086.000000
6452384.000000
86901.000000
1442510.000000
6374117.000000
5615112.000000
5473872.000000
3674193.000000
723778.000000
5631432.000000
1658566.000000
6757566.000000
3483813.000000
4069756.000000
5948819.000000
6495564.000000
2572059.000000
566238.000000
105735.000000
5483839.000000
5403210.000000
2759925.000000
68977.000000
2851409.000000
6301256.000000
1253714.000000
638910.000000
4144055.000000
5700917.000000
1667090.000000
2719911.000000
2209515.000000
5214424.000000
3932795.000000
4138763.000000
2129481.000000
1617372.000000
5245690.000000
3875239.000000
5796152.000000
1753470.000000
3832712.000000
4531461.000000
758774.000000
6167664.000000
840874.000000
3250214.000000
1154737.000000
1881028.000000
3583946.000000
5355226.000000
6209814.000000
4444729.000000
6394458.000000
5190263.000000
5654224.000000
1611343.000000
6939241.000000
1928263.000000
3442365.000000
573459.000000
4389261.000000
5439184.000000
326330.000000
4678340.000000
685962.000000
4189852.000000
648794.000000
5544898.000000
5296902.000000
2412193.000000
3866629.000000
6160951.000000
2512776.000000
2979515.000000
1784223.000000
4406842.000000
5346506.000000
401383.000000
6629628.000000
3932397.000000
647820.000000
705831.000000
6013682.000000
4497426.000000
1459479.000000
6009799.000000
6968679.000000
5657284.000000
105638.000000
209412.000000
3621698.000000
6075727.000000
4154092.000000
7014468.000000
5737239.000000
4012682.000000
3822501.000000
6303740.000000
1352235.000000
4262666.000000
6327669.000000
3254798.000000
1168031.000000
4179640.000000
4286616.000000
7123289.000000
5536134.000000
3569919.000000
426982.000000
5920252.000000
2690000.000000
3956966.000000
3105110.000000
6999531.000000
5490649.000000
4906975.000000
1058584.000000
159941.000000
6479461.000000
120741.000000
2866500.000000
6536189.000000
4754347.000000
4960199.000000
5634962.000000
3790595.000000
727359.000000
643576.000000
4114762.000000
6807449.000000
1261536.000000
2409173.000000
1919033.000000
5517077.000000
3788173.000000
2488343.000000
4297469.000000
5695525.000000
2002033.000000
5125806.000000
5695127.000000
3984864.000000
63530.000000
6463760.000000
5657942.000000
5099761.000000
6354277.000000
4703979.000000
2476021.000000
3135026.000000
5231368.000000
2584897.000000
2207375.000000
725555.000000
2852402.000000
4560234.000000
6359846.000000
4119829.000000
3141491.000000
4106193.000000
3687958.000000
5677558.000000
4171819.000000
5352659.000000
5369737.000000
5671058.000000
4823279.000000
2728930.000000
85961.000000
1005383.000000
5240623.000000
3385714.000000
434210.000000
2657034.000000
5615819.000000
3095972.000000
3463084.000000
7036344.000000
5019114.000000
6166858.000000
4376938.000000
4504046.000000
3369422.000000
6886617.000000
2661874.000000
2669079.000000
4041892.000000
2642377.000000
1155027.000000
5221771.000000
2724408.000000
4336393.000000
3771832.000000
2836354.000000
1372327.000000
6077084.000000
4480999.000000
6640222.000000
1640671.000000
5263543.000000
3855913.000000
2014389.000000
453327.000000
2106688.000000
1317572.000000
5928746.000000
826220.000000
112566.000000
1317405.000000
5331442.000000
2584869.000000
5016478.000000
5935919.000000
4748412.000000
1182959.000000
4244739.000000
4108515.000000
1331239.000000
279989.000000
5541779.000000
5303232.000000
4892866.000000
4998401.000000
2899874.000000
3242095.000000
2614009.000000
1497917.000000
960648.000000
5237590.000000
6052578.000000
5300375.000000
359754.000000
3102452.000000
4320554.000000
80345.000000
199166.000000
3886246.000000
3980241.000000
3690051.000000
196618.000000
4155846.000000
5009445.000000
4302841.000000
379458.000000
5514967.000000
5651986.000000
4498523.000000
5509341.000000
1683216.000000
1315387.000000
7254151.000000
770411.000000
5434582.000000
4810287.000000
2297938.000000
594048.000000
3779350.000000
2016866.000000
6452337.000000
3416454.000000
4718485.000000
4747128.000000
809383.000000
4935532.000000
3668576.000000
5896092.000000
4014099.000000
3904221.000000
6085090.000000
3091291.000000
4726655.000000
2651979.000000
4479869.000000
1264705.000000
6762331.000000
5929834.000000
259954.000000
6438676.000000
1081280.000000
6366945.000000
1050162.000000
5029810.000000
3817211.000000
4226824.000000
5246176.000000
5351877.000000
5571400.000000
5367872.000000
1420177.000000
2435508.000000
6107960.000000
463154.000000
6408423.000000
6621855.000000
960281.000000
6093639.000000
1581614.000000
6020659.000000
5005513.000000
2980572.000000
370971.000000
6094631.000000
2999753.000000
4110255.000000
4715345.000000
4744479.000000
6242447.000000
3822033.000000
1134918.000000
5696028.000000
3699278.000000
6339582.000000
5680712.000000
518588.000000
650423.000000
4981405.000000
1495610.000000
3926143.000000
6862254.000000
3540818.000000
458870.000000
4413006.000000
4853182.000000
5014762.000000
7396112.000000
4793055.000000
5678417.000000
2691305.000000
734511.000000
916717.000000
4013446.000000
4048063.000000
4512478.000000
969020.000000
4431021.000000
106366.000000
3475244.000000
2128243.000000
6370757.000000
5074717.000000
5016062.000000
5125219.000000
1469704.000000
540389.000000
6395949.000000
5645128.000000
4295522.000000
1136900.000000
5858835.000000
2572546.000000
4902346.000000
1071772.000000
470131.000000
5489885.000000
5875801.000000
369363.000000
4673885.000000
144464.000000
4880501.000000
5032773.000000
5498671.000000
5759276.000000
218868.000000
1476550.000000
2129093.000000
4271491.000000
5660201.000000
2373895.000000
4532899.000000
4245980.000000
4331676.000000
5856436.000000
5927700.000000
521234.000000
2630723.000000
4491005.000000
587188.000000
4278466.000000
3066164.000000
6390761.000000
4328637.000000
6827882.000000
1753427.000000
3464215.000000
544043.000000
5218381.000000
1374871.000000
4976730.000000
2397873.000000
3664851.000000
4050821.000000
5207371.000000
6130605.000000
433197.000000
6239536.000000
1637034.000000
2234970.000000
5499769.000000
4836449.000000
3884350.000000
191749.000000
2590844.000000
1328594.000000
544200.000000
6117568.000000
743396.000000
3966708.000000
3519984.000000
4333756.000000
4275329.000000
168922.000000
390173.000000
3587115.000000
4680662.000000
3464338.000000
6017977.000000
103247.000000
4918029.000000
6728155.000000
5621586.000000
3171971.000000
6487302.000000
4099781.000000
