0.000000
0.000000
0.000000
0.000000
0.000000
0.000000
0.000000
0.000000
0.000000
0.000000
0.000000
0.000000
0.000000
0.000000
0.000000
0.000000
0.000000
0.000000
0.000000
0.000000
0.000000
0.000000
0.000000
0.000000
0.000000
0.000000
0.000000
0.000000
0.000000
0.000000
0.000000
0.000000
0.000000
0.000000
0.000000
0.000000
0.000000
0.000000
0.000000
0.000000
0.000000
0.000000
0.000000
0.000000
0.000000
0.000000
0.000000
0.000000
0.000000
0.000000
0.000000
0.000000
0.000000
0.000000
0.000000
0.000000
0.000000
0.000000
0.000000
0.000000
0.000000
0.000000
0.000000
0.000000
0.000000
0.000000
0.000000
0.000000
0.000000
0.000000
0.000000
0.000000
0.000000
0.000000
0.000000
0.000000
0.000000
0.000000
0.000000
0.000000
0.000000
0.000000
0.000000
0.000000
0.000000
0.000000
0.000000
0.000000
0.000000
0.000000
0.000000
0.000000
0.000000
0.000000
0.000000
0.000000
0.000000
0.000000
0.000000
0.000000
0.000000
0.000000
0.000000
0.000000
0.000000
0.000000
0.000000
0.000000
0.000000
0.000000
0.000000
0.000000
0.000000
0.000000
0.000000
0.000000
0.000000
0.000000
0.000000
0.000000
0.000000
0.000000
0.000000
0.000000
0.000000
0.000000
0.000000
0.000000
0.000000
0.000000
0.000000
0.000000
0.000000
0.000000
0.000000
0.000000
0.000000
0.000000
0.000000
0.000000
0.000000
0.000000
0.000000
0.000000
0.000000
0.000000
0.000000
0.000000
0.000000
0.000000
0.000000
0.000000
0.000000
0.000000
0.000000
0.000000
0.000000
0.000000
0.000000
0.000000
0.000000
0.000000
0.000000
0.000000
0.000000
0.000000
0.000000
0.000000
0.000000
0.000000
0.000000
0.000000
0.000000
0.000000
0.000000
0.000000
0.000000
0.000000
0.000000
0.000000
0.000000
0.000000
0.000000
0.000000
0.000000
0.000000
0.000000
0.000000
0.000000
0.000000
0.000000
0.000000
0.000000
0.000000
0.000000
0.000000
0.000000
0.000000
0.000000
0.000000
0.000000
0.000000
0.000000
0.000000
0.000000
0.000000
0.000000
0.000000
0.000000
0.000000
0.000000
0.000000
0.000000
0.000000
0.000000
0.000000
0.000000
0.000000
0.000000
0.000000
0.000000
0.000000
0.000000
1554330.000000
695365.000000
1008479.000000
1031000.000000
994031.000000
658840.000000
980144.000000
908186.000000
1033793.000000
1106837.000000
1116232.000000
882830.000000
302071.000000
722671.000000
911616.000000
920288.000000
692483.000000
783101.000000
870644.000000
875828.000000
997080.000000
1028781.000000
745222.000000
811702.000000
928032.000000
1038135.000000
798165.000000
120692.000000
945824.000000
977336.000000
993382.000000
1001818.000000
544348.000000
933113.000000
902867.000000
908732.000000
854359.000000
977566.000000
908657.000000
1121129.000000
940144.000000
981793.000000
1030574.000000
440803.000000
890189.000000
964724.000000
968914.000000
910073.000000
1012429.000000
738336.000000
822061.000000
855649.000000
861357.000000
1007054.000000
1007076.000000
1028134.000000
836962.000000
1003575.000000
929698.000000
957915.000000
132008.000000
840171.000000
930807.000000
870623.000000
251720.000000
978088.000000
835444.000000
953427.000000
1160109.000000
728457.000000
715613.000000
799480.000000
976651.000000
757668.000000
943184.000000
847304.000000
969783.000000
106362.000000
1016146.000000
902034.000000
793634.000000
288144.000000
665905.000000
331822.000000
534996.000000
613151.000000
1142258.000000
986716.000000
879727.000000
843269.000000
908512.000000
962931.000000
1009592.000000
562412.000000
1012580.000000
865725.000000
1069093.000000
968274.000000
1023596.000000
963677.000000
924599.000000
920922.000000
820548.000000
1024569.000000
1010518.000000
927544.000000
855105.000000
968163.000000
884776.000000
867783.000000
983492.000000
900460.000000
986997.000000
1024118.000000
601879.000000
1046507.000000
964345.000000
786563.000000
937405.000000
135552.000000
757655.000000
489211.000000
1039450.000000
908853.000000
1109309.000000
977947.000000
798922.000000
947275.000000
344295.000000
263072.000000
933934.000000
951911.000000
921967.000000
896001.000000
856557.000000
808060.000000
964982.000000
888891.000000
187482.000000
436393.000000
686886.000000
959528.000000
1021348.000000
579070.000000
813756.000000
885165.000000
734573.000000
976274.000000
923667.000000
219410.000000
937755.000000
1007660.000000
905715.000000
648503.000000
807903.000000
972271.000000
847838.000000
978742.000000
1012362.000000
966990.000000
749985.000000
928277.000000
937935.000000
959561.000000
890031.000000
989183.000000
873156.000000
916508.000000
919145.000000
933584.000000
966233.000000
893722.000000
1015640.000000
1065751.000000
813281.000000
878500.000000
973223.000000
990933.000000
1086053.000000
1069110.000000
728385.000000
916679.000000
850772.000000
893565.000000
865756.000000
830085.000000
378822.000000
863118.000000
775000.000000
1139818.000000
854180.000000
814181.000000
956083.000000
897653.000000
192809.000000
1031069.000000
1063566.000000
900554.000000
899819.000000
824354.000000
782899.000000
700506.000000
118975.000000
840117.000000
979644.000000
1166824.000000
976057.000000
725718.000000
562411.000000
878607.000000
853162.000000
938192.000000
979233.000000
1005606.000000
1011078.000000
1050212.000000
419886.000000
941627.000000
762899.000000
829242.000000
1069611.000000
951047.000000
915969.000000
819141.000000
879293.000000
972623.000000
900955.000000
863947.000000
1037348.000000
759418.000000
712062.000000
58946.000000
852298.000000
1000380.000000
1047815.000000
865239.000000
823224.000000
855863.000000
987297.000000
71378.000000
821849.000000
1092393.000000
1000340.000000
868099.000000
968245.000000
502817.000000
1015773.000000
706798.000000
964751.000000
877141.000000
915647.000000
1022941.000000
865569.000000
868073.000000
519640.000000
94946.000000
964324.000000
890606.000000
571847.000000
68758.000000
989493.000000
1145604.000000
768161.000000
531457.000000
911262.000000
920762.000000
734717.000000
957669.000000
955827.000000
1032108.000000
910465.000000
906832.000000
786929.000000
742351.000000
924224.000000
848970.000000
931916.000000
741703.000000
1099111.000000
1059253.000000
512418.000000
956445.000000
531050.000000
692722.000000
610218.000000
739729.000000
948375.000000
885407.000000
996709.000000
1085000.000000
985499.000000
977765.000000
1069764.000000
790130.000000
968828.000000
759615.000000
878138.000000
428440.000000
841418.000000
1075911.000000
239243.000000
868589.000000
471138.000000
1057703.000000
462882.000000
978546.000000
936965.000000
664163.000000
974695.000000
1086780.000000
961484.000000
1011785.000000
763055.000000
950072.000000
939720.000000
413461.000000
969753.000000
797786.000000
461009.000000
534762.000000
928754.000000
895321.000000
667576.000000
992501.000000
968401.000000
1038367.000000
96263.000000
230817.000000
985357.000000
1015406.000000
1053361.000000
988131.000000
1188648.000000
857793.000000
865383.000000
966834.000000
803850.000000
985107.000000
863423.000000
1011141.000000
664757.000000
936088.000000
1013940.000000
1025817.000000
935528.000000
828803.000000
375161.000000
886213.000000
924724.000000
929693.000000
878578.000000
1087560.000000
984925.000000
909494.000000
668474.000000
115510.000000
955028.000000
109277.000000
831977.000000
1011232.000000
1091022.000000
867310.000000
923147.000000
1058088.000000
471931.000000
525360.000000
910169.000000
908182.000000
709348.000000
827891.000000
828027.000000
874545.000000
873483.000000
991743.000000
863400.000000
960073.000000
709713.000000
980555.000000
924248.000000
920159.000000
65264.000000
976607.000000
949845.000000
931451.000000
1063828.000000
952710.000000
944721.000000
967252.000000
1015248.000000
797678.000000
918633.000000
529066.000000
831013.000000
924213.000000
1043301.000000
956601.000000
782331.000000
910601.000000
830754.000000
1079355.000000
916389.000000
918488.000000
973232.000000
846216.000000
1057313.000000
822297.000000
95005.000000
584197.000000
914790.000000
926305.000000
344752.000000
761420.000000
951507.000000
853115.000000
1009479.000000
1038531.000000
936581.000000
1029847.000000
878693.000000
873545.000000
891374.000000
952550.000000
593899.000000
885717.000000
844425.000000
861560.000000
742828.000000
1001492.000000
966305.000000
1024131.000000
885345.000000
871237.000000
746430.000000
960773.000000
946126.000000
1016508.000000
472197.000000
884382.000000
959417.000000
836785.000000
396252.000000
808563.000000
756762.000000
1019769.000000
505473.000000
88303.000000
769223.000000
1029178.000000
1084055.000000
979260.000000
1065006.000000
908665.000000
669100.000000
969479.000000
1034552.000000
809852.000000
272780.000000
995590.000000
932196.000000
1111118.000000
919105.000000
927433.000000
960926.000000
940127.000000
605990.000000
470290.000000
699789.000000
1049141.000000
911320.000000
372895.000000
1010359.000000
927292.000000
108935.000000
204992.000000
1038259.000000
819919.000000
962491.000000
245507.000000
857895.000000
984745.000000
1053095.000000
330854.000000
1043718.000000
924558.000000
889753.000000
916448.000000
793607.000000
741541.000000
1120805.000000
619013.000000
926552.000000
958299.000000
986517.000000
411638.000000
933797.000000
853876.000000
1001141.000000
1018837.000000
903202.000000
989581.000000
620327.000000
1000602.000000
891268.000000
895923.000000
1231500.000000
1054043.000000
938497.000000
836951.000000
982445.000000
847727.000000
968875.000000
501888.000000
979876.000000
1138931.000000
232801.000000
892120.000000
668199.000000
851608.000000
691047.000000
871715.000000
911009.000000
956423.000000
816714.000000
867906.000000
954889.000000
1041537.000000
492490.000000
945985.000000
1117798.000000
391995.000000
1000202.000000
962852.000000
567102.000000
1073944.000000
856087.000000
934237.000000
800072.000000
917712.000000
289887.000000
854758.000000
805061.000000
916103.000000
1018699.000000
931852.000000
1169652.000000
930110.000000
640950.000000
909489.000000
940709.000000
973729.000000
1114138.000000
422762.000000
512303.000000
886892.000000
662279.000000
921966.000000
983110.000000
899569.000000
394115.000000
1027362.000000
958123.000000
900032.000000
943449.000000
1050523.000000
926082.000000
961923.000000
517297.000000
520013.000000
1054735.000000
1001257.000000
986392.000000
613635.000000
915618.000000
107168.000000
992101.000000
677189.000000
1095779.000000
968802.000000
885931.000000
1015429.000000
754864.000000
457688.000000
1068353.000000
888464.000000
1056339.000000
614022.000000
1135172.000000
920227.000000
854135.000000
689781.000000
429003.000000
979015.000000
996698.000000
354725.000000
915024.000000
160570.000000
1107174.000000
1079505.000000
847850.000000
993058.000000
238382.000000
779702.000000
782983.000000
865408.000000
878186.000000
1031226.000000
865829.000000
1001974.000000
962106.000000
951500.000000
914400.000000
402034.000000
770321.000000
800222.000000
501524.000000
947535.000000
878621.000000
976930.000000
975195.000000
804498.000000
853465.000000
910229.000000
453165.000000
1007997.000000
801498.000000
1042247.000000
1063600.000000
1055178.000000
800146.000000
890879.000000
1063920.000000
429397.000000
1020211.000000
772153.000000
840809.000000
978301.000000
959469.000000
882442.000000
153293.000000
1001884.000000
789529.000000
444469.000000
784656.000000
544285.000000
1049157.000000
1066335.000000
783534.000000
991776.000000
131932.000000
374067.000000
851667.000000
904616.000000
886546.000000
1045189.000000
123187.000000
893357.000000
991828.000000
1027072.000000
890360.000000
936725.000000
1021903.000000
