0.000000
0.000000
0.000000
0.000000
0.000000
0.000000
0.000000
0.000000
0.000000
0.000000
0.000000
0.000000
0.000000
0.000000
0.000000
0.000000
0.000000
0.000000
0.000000
0.000000
0.000000
0.000000
0.000000
0.000000
0.000000
0.000000
17233125.000000
5122808.000000
8323890.000000
7814272.000000
7533496.000000
5802483.000000
7784012.000000
8676288.000000
1147290.000000
1648220.000000
4860817.000000
174583.000000
7344404.000000
7471899.000000
4712148.000000
5214211.000000
2604301.000000
282292.000000
3250164.000000
9330206.000000
5032927.000000
1055560.000000
4968825.000000
3469117.000000
1946395.000000
3056095.000000
487184.000000
4461174.000000
9542187.000000
7576696.000000
158235.000000
6523469.000000
5298167.000000
161971.000000
5907948.000000
251255.000000
6836443.000000
8140083.000000
4826952.000000
6945133.000000
10521715.000000
1081014.000000
8931984.000000
5046896.000000
9166099.000000
5747745.000000
4083895.000000
4814775.000000
115369.000000
4444868.000000
9211506.000000
4625830.000000
3169881.000000
1856661.000000
5699640.000000
3667607.000000
9171434.000000
3058256.000000
3509114.000000
2898330.000000
7390130.000000
1820295.000000
7434905.000000
8900830.000000
3026749.000000
118139.000000
4846079.000000
6501049.000000
4107900.000000
6091059.000000
1714580.000000
6343709.000000
7657212.000000
149686.000000
8003404.000000
6621729.000000
1678341.000000
3155083.000000
79199.000000
8101554.000000
1458307.000000
7585367.000000
4475593.000000
5923153.000000
7746974.000000
5099961.000000
4510801.000000
5660167.000000
3717293.000000
3402520.000000
8637071.000000
7920193.000000
829096.000000
5757395.000000
4985815.000000
2462726.000000
205497.000000
5185097.000000
5240570.000000
3564402.000000
6262314.000000
2313274.000000
353216.000000
1580502.000000
4698547.000000
6955999.000000
3856916.000000
3302406.000000
4942753.000000
9983591.000000
7045245.000000
4702001.000000
1438007.000000
3417786.000000
5059946.000000
2486966.000000
239828.000000
1788408.000000
5613087.000000
8758172.000000
6647264.000000
6524737.000000
1863667.000000
3085444.000000
5416885.000000
5326062.000000
8375552.000000
6877192.000000
5820195.000000
8156179.000000
751446.000000
8036181.000000
9218762.000000
4545851.000000
8300593.000000
2915130.000000
2177104.000000
2346232.000000
484667.000000
8081545.000000
6943863.000000
5234299.000000
1701931.000000
8283567.000000
7983439.000000
1533668.000000
1540037.000000
4966408.000000
1835823.000000
2314113.000000
3888485.000000
3230820.000000
7493389.000000
3725562.000000
10208446.000000
7691807.000000
5525052.000000
5674523.000000
5858809.000000
318267.000000
1879573.000000
7276217.000000
8277710.000000
3743296.000000
124503.000000
4228675.000000
7893520.000000
3883814.000000
4729665.000000
3299754.000000
1337557.000000
862255.000000
3061916.000000
8455910.000000
1692859.000000
6569420.000000
2422669.000000
489542.000000
7594282.000000
1449706.000000
3106321.000000
5115541.000000
6501804.000000
1603079.000000
8673324.000000
4775130.000000
4924750.000000
749087.000000
6063368.000000
9833369.000000
1564370.000000
7766704.000000
8156027.000000
7199450.000000
5624988.000000
1227657.000000
1767507.000000
840186.000000
4550109.000000
8875003.000000
6608398.000000
6723900.000000
3972715.000000
6080083.000000
6330833.000000
8106123.000000
6816208.000000
5145162.000000
8249403.000000
403646.000000
2107063.000000
4648679.000000
9472772.000000
1263345.000000
1871237.000000
5062112.000000
6161421.000000
9180842.000000
6247863.000000
7036739.000000
1595654.000000
4112940.000000
5711525.000000
1955106.000000
121722.000000
9332354.000000
6548885.000000
3981721.000000
4581063.000000
1037926.000000
6518317.000000
4995163.000000
6107203.000000
1640900.000000
7451731.000000
4734706.000000
4558162.000000
6365763.000000
2564493.000000
5651256.000000
649829.000000
4363208.000000
7778141.000000
5763602.000000
6191966.000000
8533748.000000
2011654.000000
6028679.000000
1572344.000000
1482697.000000
5089063.000000
8819093.000000
3594278.000000
1438659.000000
5001494.000000
9913502.000000
3276746.000000
105456.000000
4016033.000000
1750217.000000
6398433.000000
219446.000000
8373600.000000
5361227.000000
6007432.000000
9079354.000000
975964.000000
2125474.000000
5499214.000000
5645913.000000
1667339.000000
6102783.000000
9357987.000000
5442195.000000
108602.000000
5559438.000000
7474114.000000
2639631.000000
480510.000000
1258204.000000
450122.000000
673408.000000
968073.000000
6013402.000000
7119094.000000
5560734.000000
5060449.000000
3118429.000000
4688038.000000
8546744.000000
930384.000000
7380660.000000
6373270.000000
5663120.000000
5413150.000000
6527255.000000
7422964.000000
3397170.000000
6113530.000000
2797646.000000
9599864.000000
6316974.000000
7573408.000000
8674892.000000
9517983.000000
6593831.000000
7528332.000000
5586354.000000
8007424.000000
8036530.000000
7610321.000000
803972.000000
9301063.000000
4845644.000000
2871670.000000
8623219.000000
154460.000000
2632311.000000
510449.000000
8155618.000000
3665177.000000
8880255.000000
5958085.000000
3790309.000000
6691167.000000
731835.000000
302158.000000
5752054.000000
6179897.000000
5593604.000000
5633639.000000
4894561.000000
5357590.000000
3822741.000000
3731346.000000
266936.000000
430026.000000
3015542.000000
3177051.000000
3980839.000000
788678.000000
1237870.000000
3858920.000000
1141681.000000
5374401.000000
9252243.000000
244800.000000
7576881.000000
8352639.000000
4056750.000000
911634.000000
1171593.000000
5321621.000000
5284652.000000
9715910.000000
5449891.000000
8687965.000000
2571128.000000
5911114.000000
9285658.000000
5293722.000000
4646856.000000
6767672.000000
3310807.000000
1751463.000000
7631890.000000
6918806.000000
3627073.000000
5379321.000000
7430361.000000
1930154.000000
1172028.000000
4501023.000000
9080388.000000
4483784.000000
7987156.000000
6535249.000000
3272614.000000
4872460.000000
4586454.000000
4286022.000000
6305167.000000
2016652.000000
524612.000000
2474817.000000
1809582.000000
9698979.000000
6082372.000000
3116294.000000
7947371.000000
5662257.000000
168085.000000
2757474.000000
6548645.000000
6609218.000000
9608450.000000
2374654.000000
3857741.000000
6247531.000000
151497.000000
9255229.000000
5343318.000000
9152637.000000
7925478.000000
1129238.000000
949100.000000
5032145.000000
3771534.000000
2162104.000000
4202371.000000
8641678.000000
3223359.000000
7509690.000000
481328.000000
2432009.000000
2555871.000000
8605100.000000
7527746.000000
4964205.000000
1720976.000000
6386690.000000
6979935.000000
8523933.000000
2772178.000000
9437563.000000
9916042.000000
1297156.000000
1459284.000000
76664.000000
1816412.000000
7759335.000000
5463241.000000
5337940.000000
1095200.000000
2803348.000000
7483112.000000
95802.000000
1416095.000000
8359995.000000
7217853.000000
9183163.000000
5085345.000000
565314.000000
7053366.000000
2056305.000000
9564466.000000
3311619.000000
5080443.000000
6228852.000000
9015057.000000
2581481.000000
727941.000000
119717.000000
7523675.000000
5862900.000000
4594296.000000
71912.000000
3240335.000000
8408807.000000
1182507.000000
621589.000000
4695186.000000
7415855.000000
2726900.000000
3305088.000000
2765500.000000
6029632.000000
5170628.000000
5719937.000000
2175894.000000
1398899.000000
5080304.000000
4828392.000000
9520991.000000
2298432.000000
3638405.000000
4858151.000000
764891.000000
8480963.000000
1081207.000000
5512772.000000
1268538.000000
2113493.000000
3402422.000000
5557883.000000
7844220.000000
4918755.000000
8691532.000000
5585406.000000
7838230.000000
1714567.000000
8293268.000000
1779444.000000
3435293.000000
663050.000000
5911489.000000
7676922.000000
322974.000000
6896054.000000
659680.000000
4245190.000000
702096.000000
6616294.000000
8074328.000000
4375074.000000
3766523.000000
7904835.000000
2249381.000000
2882824.000000
2309519.000000
5532512.000000
5509380.000000
467153.000000
9397407.000000
3822118.000000
503823.000000
674321.000000
6751119.000000
5260755.000000
1695750.000000
8648000.000000
8960645.000000
5793821.000000
100848.000000
296280.000000
5115333.000000
7564155.000000
5311020.000000
9091094.000000
6014446.000000
4563667.000000
5948716.000000
8766807.000000
1820280.000000
5043421.000000
7926694.000000
3613186.000000
1277905.000000
4515870.000000
4715840.000000
7357128.000000
7310610.000000
3492327.000000
393591.000000
9589090.000000
1995634.000000
5139501.000000
3384302.000000
9530628.000000
6964204.000000
5704460.000000
906209.000000
128202.000000
8422790.000000
129824.000000
2677867.000000
8877219.000000
6054661.000000
7299877.000000
8267211.000000
6523629.000000
654323.000000
593913.000000
6317523.000000
8654133.000000
1445171.000000
2633231.000000
2027987.000000
6068144.000000
4781838.000000
2741663.000000
5165558.000000
10398856.000000
2415719.000000
6634471.000000
6859388.000000
5931191.000000
81828.000000
8328155.000000
6272613.000000
6777406.000000
7516957.000000
6284518.000000
3817989.000000
3434643.000000
6235555.000000
3293640.000000
2033229.000000
814579.000000
3703772.000000
5071105.000000
9861867.000000
5204314.000000
4878434.000000
4523890.000000
5750499.000000
6465662.000000
4059070.000000
6179677.000000
6174587.000000
8753358.000000
5663935.000000
2341306.000000
80922.000000
872616.000000
6696915.000000
3662713.000000
354797.000000
3859291.000000
7950937.000000
3506657.000000
3704576.000000
9601033.000000
5284109.000000
7271894.000000
4842536.000000
4568028.000000
4424193.000000
8446128.000000
4602935.000000
3202919.000000
6544080.000000
2983407.000000
1272094.000000
7610615.000000
3055459.000000
6931742.000000
5415901.000000
3096956.000000
1291495.000000
8573172.000000
5747330.000000
9179165.000000
3214260.000000
6299183.000000
4451562.000000
3129309.000000
554600.000000
2559746.000000
1275245.000000
7818765.000000
755039.000000
134592.000000
1316547.000000
6880191.000000
2677946.000000
5801267.000000
8632142.000000
5527288.000000
1649479.000000
4238934.000000
5442863.000000
1608051.000000
305025.000000
5756481.000000
6215026.000000
5509607.000000
5336743.000000
3706566.000000
2749732.000000
2206952.000000
2966175.000000
1052323.000000
7636510.000000
6777478.000000
6355583.000000
368856.000000
3299721.000000
5212513.000000
111425.000000
287603.000000
3823940.000000
6873635.000000
4198688.000000
211392.000000
6515535.000000
5646090.000000
4319130.000000
401959.000000
6903410.000000
6595296.000000
4978756.000000
7352479.000000
1831543.000000
1238093.000000
9024635.000000
761051.000000
8182357.000000
4682633.000000
2907873.000000
834498.000000
4257668.000000
2009324.000000
8771128.000000
4818483.000000
6556915.000000
5587450.000000
926758.000000
5796531.000000
5762109.000000
7558061.000000
4985351.000000
5465185.000000
6548842.000000
3256499.000000
6467815.000000
1849767.000000
5325349.000000
2175004.000000
7825890.000000
7237931.000000
250762.000000
7677490.000000
1232732.000000
8063428.000000
1006923.000000
7339289.000000
4323838.000000
7467013.000000
7027000.000000
9518162.000000
6403635.000000
7210118.000000
1928434.000000
1906401.000000
7933610.000000
449188.000000
8683209.000000
8511407.000000
1643534.000000
8033475.000000
1423024.000000
8391684.000000
6383321.000000
3680188.000000
319692.000000
6471695.000000
3447360.000000
3966390.000000
4927994.000000
4832177.000000
9377309.000000
3207713.000000
1658828.000000
8717428.000000
4797115.000000
8379758.000000
6537837.000000
585017.000000
479156.000000
5355615.000000
1353638.000000
4924846.000000
8987329.000000
4420893.000000
474405.000000
5975672.000000
6001289.000000
7415668.000000
8735283.000000
5078904.000000
5583336.000000
2810554.000000
776169.000000
1046447.000000
5668688.000000
5183581.000000
4411219.000000
1694012.000000
7173935.000000
107766.000000
4087100.000000
3231568.000000
9540821.000000
5764362.000000
7600552.000000
5554456.000000
1417367.000000
662322.000000
9619546.000000
7174873.000000
6158979.000000
1557330.000000
7100128.000000
3183615.000000
6315399.000000
1163967.000000
506484.000000
7552486.000000
7002456.000000
515535.000000
6761799.000000
197161.000000
6762460.000000
6478891.000000
7607337.000000
6896770.000000
369279.000000
1292614.000000
2202539.000000
4454671.000000
6650519.000000
2271288.000000
5911001.000000
5493654.000000
4833692.000000
7026848.000000
17143438.000000
546807.000000
3587443.000000
6552135.000000
539752.000000
4921294.000000
4046269.000000
9468130.000000
4492923.000000
9673942.000000
1662161.000000
5297313.000000
554811.000000
5995727.000000
1244305.000000
6599098.000000
2936795.000000
3698359.000000
6826951.000000
6048773.000000
6363182.000000
457139.000000
8779176.000000
2334905.000000
2078313.000000
6336649.000000
5137581.000000
4128288.000000
197785.000000
2454686.000000
1503747.000000
538181.000000
8418883.000000
728737.000000
3769926.000000
3669936.000000
6505931.000000
4862872.000000
145818.000000
435107.000000
3971130.000000
6272302.000000
3595430.000000
7223747.000000
118956.000000
8918571.000000
8223926.000000
6596542.000000
3720677.000000
9134566.000000
7197248.000000
