0.000000
0.000000
0.000000
0.000000
0.000000
0.000000
0.000000
0.000000
0.000000
0.000000
0.000000
0.000000
0.000000
0.000000
0.000000
0.000000
0.000000
0.000000
0.000000
0.000000
0.000000
0.000000
0.000000
0.000000
0.000000
0.000000
0.000000
0.000000
0.000000
0.000000
0.000000
0.000000
0.000000
0.000000
0.000000
0.000000
0.000000
0.000000
0.000000
0.000000
0.000000
0.000000
0.000000
0.000000
0.000000
0.000000
0.000000
0.000000
0.000000
0.000000
0.000000
0.000000
0.000000
0.000000
0.000000
0.000000
0.000000
0.000000
0.000000
0.000000
0.000000
0.000000
0.000000
0.000000
0.000000
0.000000
0.000000
0.000000
0.000000
0.000000
0.000000
0.000000
0.000000
0.000000
0.000000
0.000000
0.000000
0.000000
0.000000
0.000000
0.000000
0.000000
0.000000
0.000000
0.000000
0.000000
0.000000
0.000000
0.000000
0.000000
0.000000
0.000000
0.000000
0.000000
0.000000
0.000000
0.000000
0.000000
0.000000
0.000000
0.000000
0.000000
0.000000
0.000000
0.000000
0.000000
0.000000
0.000000
0.000000
0.000000
0.000000
0.000000
0.000000
0.000000
0.000000
0.000000
0.000000
0.000000
0.000000
0.000000
0.000000
0.000000
0.000000
0.000000
0.000000
0.000000
0.000000
0.000000
0.000000
0.000000
0.000000
0.000000
0.000000
0.000000
0.000000
0.000000
0.000000
0.000000
0.000000
0.000000
0.000000
0.000000
0.000000
0.000000
0.000000
0.000000
0.000000
0.000000
0.000000
0.000000
0.000000
0.000000
0.000000
0.000000
0.000000
0.000000
0.000000
0.000000
0.000000
0.000000
0.000000
0.000000
0.000000
0.000000
0.000000
0.000000
0.000000
0.000000
0.000000
0.000000
0.000000
0.000000
0.000000
0.000000
0.000000
0.000000
0.000000
0.000000
0.000000
0.000000
0.000000
0.000000
0.000000
0.000000
0.000000
0.000000
0.000000
0.000000
0.000000
0.000000
0.000000
0.000000
0.000000
0.000000
0.000000
0.000000
0.000000
0.000000
0.000000
0.000000
0.000000
0.000000
0.000000
0.000000
0.000000
0.000000
0.000000
0.000000
0.000000
0.000000
0.000000
0.000000
0.000000
0.000000
0.000000
0.000000
0.000000
0.000000
0.000000
0.000000
0.000000
0.000000
0.000000
0.000000
0.000000
0.000000
0.000000
0.000000
0.000000
0.000000
0.000000
0.000000
0.000000
0.000000
0.000000
0.000000
0.000000
0.000000
0.000000
0.000000
0.000000
0.000000
0.000000
0.000000
0.000000
0.000000
0.000000
0.000000
0.000000
0.000000
0.000000
0.000000
0.000000
0.000000
0.000000
0.000000
0.000000
0.000000
0.000000
0.000000
0.000000
0.000000
0.000000
0.000000
0.000000
0.000000
0.000000
0.000000
0.000000
0.000000
0.000000
0.000000
0.000000
0.000000
0.000000
0.000000
0.000000
0.000000
0.000000
0.000000
0.000000
0.000000
0.000000
0.000000
0.000000
0.000000
0.000000
0.000000
0.000000
0.000000
0.000000
0.000000
0.000000
0.000000
0.000000
0.000000
0.000000
0.000000
0.000000
0.000000
0.000000
0.000000
0.000000
0.000000
0.000000
0.000000
0.000000
0.000000
0.000000
0.000000
0.000000
0.000000
0.000000
0.000000
0.000000
0.000000
0.000000
0.000000
15882300.000000
5584676.000000
4962865.000000
4988624.000000
7335280.000000
3154824.000000
5433173.000000
2353414.000000
7960706.000000
6172472.000000
6825204.000000
8012807.000000
8215176.000000
6294657.000000
7011689.000000
4324836.000000
7297841.000000
7213620.000000
7404997.000000
808328.000000
8699343.000000
4427130.000000
3520424.000000
7850017.000000
205540.000000
2359101.000000
523588.000000
7150648.000000
3436162.000000
8013882.000000
5173277.000000
4153406.000000
6918993.000000
673440.000000
320512.000000
5691994.000000
6024936.000000
4732697.000000
4898604.000000
5239229.000000
4837701.000000
4224992.000000
3478720.000000
226095.000000
475453.000000
3222466.000000
3269293.000000
3784328.000000
721291.000000
1158303.000000
4804588.000000
1203507.000000
4839500.000000
7652936.000000
281327.000000
7241069.000000
7918082.000000
3872603.000000
912940.000000
1286048.000000
4753978.000000
4928652.000000
8355025.000000
5344282.000000
7705737.000000
2667775.000000
4627522.000000
8957661.000000
5429656.000000
4492093.000000
5750871.000000
4003589.000000
1613443.000000
7082280.000000
6851019.000000
3694042.000000
4916091.000000
6379598.000000
2246138.000000
1624532.000000
4851500.000000
8224591.000000
4173655.000000
7023758.000000
5775852.000000
3423940.000000
4517060.000000
4999259.000000
3768724.000000
6330378.000000
2156070.000000
578703.000000
2401090.000000
1737945.000000
9220717.000000
6050333.000000
3469482.000000
8101249.000000
5407466.000000
247560.000000
2770441.000000
5595546.000000
6350455.000000
7550510.000000
2805837.000000
4078192.000000
5509373.000000
148999.000000
9225033.000000
5647610.000000
8822411.000000
7432763.000000
1064970.000000
970103.000000
4816983.000000
3544967.000000
2401968.000000
3948508.000000
7659015.000000
3955913.000000
6676803.000000
638279.000000
2986433.000000
2454082.000000
7509575.000000
8330475.000000
4622314.000000
1723284.000000
5902252.000000
6340746.000000
7492566.000000
3184921.000000
9295989.000000
9494165.000000
1191698.000000
1327456.000000
65672.000000
2190438.000000
8275282.000000
4422664.000000
5303928.000000
1234328.000000
2836054.000000
6605899.000000
67768.000000
1711966.000000
6633144.000000
6581346.000000
9368042.000000
5007512.000000
620672.000000
6214450.000000
1870664.000000
7655129.000000
3574708.000000
4859144.000000
5584853.000000
8281537.000000
2162075.000000
662619.000000
102674.000000
6906669.000000
5224019.000000
3292770.000000
77031.000000
3537416.000000
8364302.000000
1156520.000000
601699.000000
4499758.000000
8393107.000000
2515013.000000
3348655.000000
2311392.000000
5287852.000000
4771473.000000
5723800.000000
2397715.000000
1384789.000000
5328130.000000
4397028.000000
7162285.000000
2016221.000000
3620028.000000
4661770.000000
750337.000000
8014711.000000
1077196.000000
5230420.000000
1075939.000000
2544385.000000
3439412.000000
5763093.000000
6940824.000000
4306820.000000
7543513.000000
4944487.000000
8705937.000000
1695990.000000
7125295.000000
1781445.000000
3083387.000000
684151.000000
5231443.000000
7840135.000000
314404.000000
7138874.000000
571059.000000
4578273.000000
716863.000000
5600995.000000
7602966.000000
4194748.000000
4047552.000000
6914050.000000
2398036.000000
2646932.000000
2128234.000000
6008370.000000
4992636.000000
455682.000000
8220496.000000
3535755.000000
517433.000000
776489.000000
5576314.000000
5751217.000000
1258467.000000
8634464.000000
8361824.000000
5006883.000000
89442.000000
290351.000000
5514961.000000
6723113.000000
4628502.000000
7960703.000000
5530710.000000
4486829.000000
6093512.000000
7331752.000000
1730839.000000
5076769.000000
8005904.000000
2912487.000000
1280107.000000
3970944.000000
3870457.000000
6884019.000000
6645677.000000
3383807.000000
398817.000000
8214302.000000
2627415.000000
4796047.000000
2777519.000000
8842996.000000
6326951.000000
5157048.000000
1046233.000000
147044.000000
7953924.000000
110801.000000
3533282.000000
9222430.000000
5618462.000000
8341813.000000
7975076.000000
6639564.000000
698074.000000
718953.000000
6112599.000000
6809822.000000
1475534.000000
2754187.000000
2141837.000000
5314325.000000
4457707.000000
2596653.000000
5325339.000000
9624635.000000
2918083.000000
6101659.000000
6315627.000000
5229260.000000
63310.000000
7688078.000000
6024538.000000
6061439.000000
6736623.000000
5955261.000000
4385339.000000
3055519.000000
5208409.000000
3542620.000000
2331494.000000
778206.000000
3050879.000000
4959028.000000
8831269.000000
5523029.000000
5387963.000000
4663710.000000
5688321.000000
5834050.000000
3730984.000000
5749533.000000
5949989.000000
9498926.000000
5694883.000000
2741224.000000
105996.000000
1007439.000000
6188489.000000
3944946.000000
401414.000000
4071727.000000
7276640.000000
3879831.000000
3313034.000000
8562176.000000
4896766.000000
7644576.000000
4121866.000000
4111581.000000
5338520.000000
7288872.000000
4099176.000000
3294928.000000
5692582.000000
2918784.000000
1388158.000000
7059370.000000
2939290.000000
7081162.000000
6106657.000000
2739588.000000
1366274.000000
9076845.000000
4730667.000000
8112001.000000
2729671.000000
5639119.000000
4435261.000000
2814403.000000
614292.000000
3075594.000000
1409240.000000
7117300.000000
799065.000000
128370.000000
1170484.000000
6049706.000000
2260887.000000
5259545.000000
7139317.000000
5213109.000000
1292306.000000
4746307.000000
6099698.000000
1575245.000000
398106.000000
5108466.000000
5485858.000000
5281423.000000
4457311.000000
3739267.000000
2964212.000000
2814648.000000
2732403.000000
1161904.000000
6892212.000000
6643086.000000
5925558.000000
409491.000000
2765607.000000
5003208.000000
87589.000000
258614.000000
3481298.000000
6262805.000000
4013186.000000
228714.000000
5268165.000000
5336851.000000
4452336.000000
493180.000000
6941778.000000
6487836.000000
4316093.000000
6447324.000000
2021725.000000
1256456.000000
7407032.000000
854120.000000
8953409.000000
4427979.000000
2287644.000000
838759.000000
3850112.000000
1809398.000000
6591160.000000
4742146.000000
6935831.000000
5477715.000000
771896.000000
5223587.000000
5305633.000000
6927176.000000
4098314.000000
4482443.000000
6318243.000000
2997170.000000
6648045.000000
2445481.000000
5957491.000000
2245540.000000
8189748.000000
6660057.000000
269755.000000
7220648.000000
913760.000000
8448441.000000
830301.000000
6227609.000000
3736309.000000
7310554.000000
6976245.000000
8362393.000000
6018269.000000
6446907.000000
1809976.000000
2125503.000000
7491880.000000
430201.000000
8267634.000000
7601244.000000
1483557.000000
7906151.000000
1591642.000000
7524850.000000
5465398.000000
4093057.000000
384120.000000
6066946.000000
3395303.000000
3667849.000000
4347038.000000
4326604.000000
8493290.000000
4065338.000000
1652946.000000
9418694.000000
5478366.000000
8420740.000000
5702151.000000
507359.000000
525899.000000
4784163.000000
1518277.000000
4280572.000000
6640544.000000
4670921.000000
450477.000000
4746468.000000
6204099.000000
6946448.000000
9215312.000000
4217559.000000
5383858.000000
2568317.000000
682291.000000
936257.000000
4267255.000000
4841183.000000
4405732.000000
1482319.000000
7654682.000000
140285.000000
3612589.000000
3206831.000000
8768506.000000
5366864.000000
8640240.000000
4754177.000000
1386173.000000
551264.000000
9227830.000000
6975313.000000
5317925.000000
1581705.000000
7089598.000000
3172865.000000
6068363.000000
1372035.000000
560107.000000
7040627.000000
5862236.000000
569673.000000
7047185.000000
170696.000000
6663022.000000
5210470.000000
6492356.000000
5708817.000000
376481.000000
1552338.000000
2743569.000000
4537556.000000
6413256.000000
3012338.000000
5657376.000000
5452694.000000
4043338.000000
6670232.000000
7079448.000000
561205.000000
3621282.000000
5904077.000000
563844.000000
4877397.000000
4364853.000000
8725455.000000
4421384.000000
8391845.000000
1834054.000000
4914378.000000
584894.000000
5214203.000000
1607009.000000
6901639.000000
2851612.000000
3110104.000000
7172296.000000
5779081.000000
5882473.000000
503323.000000
9423136.000000
2477885.000000
2051471.000000
6035749.000000
5144025.000000
3567974.000000
175301.000000
3123582.000000
1580426.000000
539075.000000
7445661.000000
704493.000000
3748039.000000
3399613.000000
5918144.000000
4499350.000000
137957.000000
382545.000000
3213993.000000
5863667.000000
3360232.000000
6340733.000000
105321.000000
8876154.000000
8577308.000000
6600998.000000
3313158.000000
7307516.000000
7427937.000000
