0.000000
0.000000
0.000000
0.000000
0.000000
0.000000
0.000000
0.000000
0.000000
0.000000
0.000000
0.000000
0.000000
0.000000
0.000000
0.000000
0.000000
0.000000
0.000000
0.000000
0.000000
0.000000
0.000000
0.000000
0.000000
0.000000
0.000000
0.000000
0.000000
0.000000
0.000000
0.000000
0.000000
0.000000
0.000000
0.000000
0.000000
0.000000
0.000000
0.000000
0.000000
0.000000
0.000000
0.000000
0.000000
0.000000
0.000000
0.000000
0.000000
0.000000
0.000000
0.000000
0.000000
0.000000
0.000000
0.000000
0.000000
0.000000
0.000000
0.000000
0.000000
0.000000
0.000000
0.000000
0.000000
0.000000
0.000000
0.000000
0.000000
0.000000
0.000000
0.000000
0.000000
0.000000
0.000000
0.000000
0.000000
0.000000
0.000000
0.000000
0.000000
0.000000
0.000000
0.000000
0.000000
0.000000
0.000000
0.000000
0.000000
0.000000
0.000000
0.000000
0.000000
0.000000
0.000000
0.000000
0.000000
0.000000
0.000000
0.000000
0.000000
0.000000
0.000000
0.000000
0.000000
0.000000
0.000000
0.000000
0.000000
0.000000
0.000000
0.000000
0.000000
0.000000
0.000000
0.000000
0.000000
0.000000
0.000000
0.000000
0.000000
0.000000
0.000000
0.000000
0.000000
0.000000
0.000000
0.000000
0.000000
0.000000
0.000000
0.000000
0.000000
0.000000
0.000000
0.000000
0.000000
0.000000
0.000000
0.000000
0.000000
0.000000
0.000000
0.000000
0.000000
0.000000
0.000000
0.000000
0.000000
0.000000
0.000000
0.000000
0.000000
0.000000
0.000000
0.000000
0.000000
0.000000
0.000000
0.000000
0.000000
0.000000
0.000000
0.000000
0.000000
0.000000
0.000000
0.000000
0.000000
0.000000
0.000000
0.000000
0.000000
0.000000
0.000000
0.000000
0.000000
0.000000
0.000000
0.000000
0.000000
0.000000
0.000000
0.000000
0.000000
0.000000
0.000000
0.000000
0.000000
0.000000
0.000000
0.000000
0.000000
0.000000
0.000000
0.000000
0.000000
0.000000
0.000000
0.000000
0.000000
0.000000
0.000000
0.000000
0.000000
0.000000
0.000000
0.000000
0.000000
0.000000
0.000000
0.000000
0.000000
0.000000
0.000000
0.000000
0.000000
0.000000
0.000000
0.000000
0.000000
0.000000
0.000000
0.000000
0.000000
0.000000
0.000000
0.000000
0.000000
0.000000
0.000000
0.000000
0.000000
0.000000
0.000000
0.000000
0.000000
0.000000
0.000000
0.000000
0.000000
0.000000
0.000000
0.000000
0.000000
0.000000
0.000000
0.000000
0.000000
0.000000
0.000000
0.000000
0.000000
0.000000
0.000000
0.000000
0.000000
0.000000
0.000000
0.000000
0.000000
0.000000
0.000000
0.000000
0.000000
0.000000
0.000000
0.000000
0.000000
0.000000
0.000000
0.000000
0.000000
0.000000
0.000000
0.000000
0.000000
0.000000
0.000000
0.000000
0.000000
0.000000
0.000000
0.000000
0.000000
0.000000
0.000000
0.000000
0.000000
0.000000
0.000000
0.000000
0.000000
0.000000
0.000000
0.000000
0.000000
0.000000
0.000000
0.000000
0.000000
0.000000
0.000000
0.000000
0.000000
0.000000
0.000000
0.000000
0.000000
0.000000
0.000000
0.000000
0.000000
0.000000
0.000000
0.000000
0.000000
0.000000
0.000000
0.000000
0.000000
0.000000
18926880.000000
3741094.000000
5973240.000000
2454403.000000
10272497.000000
7306105.000000
8025248.000000
9987338.000000
9808066.000000
7044198.000000
7931225.000000
5084434.000000
8764336.000000
9131094.000000
8721511.000000
717448.000000
10160852.000000
5664967.000000
3663048.000000
9129366.000000
182271.000000
2589490.000000
503557.000000
8441415.000000
3791219.000000
9815583.000000
6603637.000000
4163090.000000
7320637.000000
563054.000000
384853.000000
5959456.000000
6780598.000000
5764699.000000
5852971.000000
5994946.000000
5098620.000000
4353361.000000
3811344.000000
229530.000000
469526.000000
3002636.000000
2749202.000000
4606681.000000
791747.000000
1096857.000000
4539464.000000
1414229.000000
5520692.000000
9612611.000000
279151.000000
7990010.000000
9991646.000000
4299604.000000
900829.000000
1228065.000000
5927596.000000
6065375.000000
10372245.000000
5522524.000000
9280702.000000
2980883.000000
6045177.000000
11078642.000000
5796675.000000
5448833.000000
7028156.000000
4284583.000000
2101254.000000
8165010.000000
7460421.000000
3538546.000000
5736938.000000
7443155.000000
2034594.000000
1492730.000000
4889371.000000
9417202.000000
5170526.000000
8110182.000000
7167469.000000
3566179.000000
5574814.000000
4447917.000000
4137416.000000
6942046.000000
2337097.000000
534030.000000
2456514.000000
1911897.000000
10823911.000000
6907363.000000
3550022.000000
8289226.000000
6983855.000000
206845.000000
3150655.000000
6887479.000000
7263123.000000
9874649.000000
2517523.000000
4566899.000000
5306192.000000
137709.000000
9406231.000000
6252427.000000
10576632.000000
8855640.000000
1013425.000000
832999.000000
5840365.000000
3594919.000000
2483184.000000
4655075.000000
10010465.000000
3622237.000000
8345851.000000
558681.000000
3102119.000000
2419650.000000
9157429.000000
9135699.000000
5588408.000000
1987372.000000
6307842.000000
7187934.000000
8500813.000000
4425484.000000
9915889.000000
10120344.000000
1280347.000000
1228769.000000
74350.000000
2381551.000000
8428879.000000
5170650.000000
6587113.000000
1441234.000000
2869139.000000
8322533.000000
77633.000000
1598330.000000
8391828.000000
7623107.000000
10600646.000000
5265403.000000
667374.000000
7757341.000000
1634931.000000
9863738.000000
3827151.000000
5479726.000000
6933119.000000
9360526.000000
2124124.000000
692215.000000
115813.000000
8014005.000000
6454534.000000
4054894.000000
81021.000000
3250642.000000
9898105.000000
1235108.000000
665406.000000
5550993.000000
8693431.000000
2392929.000000
3389574.000000
2961332.000000
6263196.000000
5187005.000000
6249107.000000
2652125.000000
1570006.000000
6687967.000000
4786770.000000
8143057.000000
2268030.000000
4571195.000000
4776700.000000
712868.000000
9362726.000000
832684.000000
5339174.000000
1176487.000000
2348300.000000
3295531.000000
6741379.000000
8442315.000000
5983110.000000
8866858.000000
6227105.000000
8783663.000000
1857666.000000
9007249.000000
2069030.000000
3644368.000000
566502.000000
5942682.000000
8260450.000000
321613.000000
7186945.000000
540831.000000
5544415.000000
679256.000000
7126558.000000
8361801.000000
4721200.000000
4766371.000000
8898320.000000
2526327.000000
2895050.000000
2167829.000000
6361931.000000
6070607.000000
468635.000000
10332017.000000
3598397.000000
505693.000000
712462.000000
7056774.000000
6053657.000000
1297204.000000
10061158.000000
10338889.000000
6589173.000000
84330.000000
237675.000000
5746846.000000
7878105.000000
4865117.000000
9533907.000000
6919727.000000
4318798.000000
6501581.000000
9272951.000000
2051320.000000
6108217.000000
9063620.000000
3314806.000000
1306601.000000
4610536.000000
5058589.000000
8616509.000000
7906861.000000
3425699.000000
381092.000000
9837866.000000
2453573.000000
5034330.000000
2691480.000000
9387479.000000
7469300.000000
6014500.000000
1182135.000000
148911.000000
9353551.000000
136029.000000
2843983.000000
9400898.000000
6468841.000000
9660689.000000
9294002.000000
7037523.000000
730414.000000
632494.000000
6321680.000000
8365580.000000
1722974.000000
2701385.000000
2179528.000000
6575583.000000
4205051.000000
3443847.000000
5809417.000000
10944773.000000
2341851.000000
6757417.000000
7393745.000000
6197128.000000
73615.000000
9377891.000000
7162346.000000
7065355.000000
7909784.000000
6778919.000000
3808137.000000
3474802.000000
6665403.000000
3711569.000000
2377498.000000
783842.000000
3356439.000000
5163352.000000
10330570.000000
6122979.000000
5101666.000000
5665961.000000
6008176.000000
6868163.000000
5035165.000000
6855052.000000
6460481.000000
9357169.000000
6375508.000000
3037295.000000
101886.000000
917292.000000
6677732.000000
3962595.000000
430029.000000
4514342.000000
8844816.000000
4182025.000000
3592387.000000
10328592.000000
5983181.000000
8286849.000000
5968636.000000
4730595.000000
5236211.000000
10245648.000000
3902630.000000
3311598.000000
6485918.000000
2673004.000000
1165620.000000
8678495.000000
2987458.000000
7617252.000000
6118725.000000
2969772.000000
1277974.000000
9806787.000000
5349473.000000
11649390.000000
3410507.000000
6795462.000000
5159840.000000
3280530.000000
641902.000000
2704627.000000
1210407.000000
8770844.000000
722385.000000
140524.000000
1263734.000000
7047721.000000
2519855.000000
5936598.000000
9530672.000000
5914544.000000
1416477.000000
5606353.000000
6340934.000000
1528967.000000
367723.000000
6282231.000000
6579993.000000
6103765.000000
5946093.000000
4186408.000000
2959162.000000
2678174.000000
2445889.000000
1045000.000000
7971400.000000
7492918.000000
7084826.000000
339890.000000
2796060.000000
5741719.000000
121127.000000
279280.000000
3852350.000000
6466098.000000
4459304.000000
252950.000000
6066476.000000
6364322.000000
5381350.000000
411864.000000
7950069.000000
7518028.000000
5373045.000000
7147213.000000
1771747.000000
1223271.000000
10026155.000000
900852.000000
9295380.000000
5480424.000000
2699616.000000
677289.000000
4770406.000000
1918132.000000
9130357.000000
4910749.000000
7226772.000000
5666350.000000
922674.000000
5824044.000000
5730251.000000
8192393.000000
4901533.000000
5305937.000000
7590300.000000
3343260.000000
7424093.000000
2761125.000000
6512095.000000
1999492.000000
9283237.000000
7743964.000000
304348.000000
8179883.000000
969262.000000
9769906.000000
1008963.000000
6879121.000000
4466808.000000
7517321.000000
7786593.000000
9285262.000000
7241997.000000
7374997.000000
2243907.000000
2303773.000000
8428646.000000
460873.000000
9724718.000000
9092826.000000
1295428.000000
9037837.000000
1407674.000000
9065815.000000
6761665.000000
3847178.000000
338400.000000
7430311.000000
3439258.000000
4380479.000000
5437149.000000
5083397.000000
9913593.000000
4102661.000000
1721284.000000
10743820.000000
5613391.000000
9663623.000000
6682894.000000
561578.000000
572144.000000
5839019.000000
1530275.000000
5802864.000000
10030279.000000
4649152.000000
532005.000000
5560770.000000
6396083.000000
7610132.000000
10316980.000000
5788711.000000
6757443.000000
2626963.000000
656326.000000
1084306.000000
5290243.000000
5802258.000000
5643907.000000
1470897.000000
7942543.000000
111112.000000
4083496.000000
3472360.000000
10155825.000000
6180401.000000
8413490.000000
5979686.000000
1521527.000000
593810.000000
10069194.000000
7731886.000000
6444329.000000
1452471.000000
7790178.000000
3494652.000000
6775007.000000
1217021.000000
570222.000000
8131991.000000
7163760.000000
463545.000000
7320383.000000
180967.000000
7285917.000000
6177950.000000
7841948.000000
7013368.000000
276347.000000
1430682.000000
3018126.000000
4868294.000000
7379875.000000
2722936.000000
6019241.000000
6163427.000000
5219725.000000
7564021.000000
8504309.000000
533768.000000
4975413.000000
6609097.000000
622940.000000
5684524.000000
4495366.000000
10306847.000000
5126760.000000
10760420.000000
1923439.000000
5204179.000000
607682.000000
6238835.000000
1450231.000000
7374937.000000
3047699.000000
3615872.000000
7044162.000000
6551684.000000
7188162.000000
491915.000000
10675305.000000
1928298.000000
2090621.000000
7300901.000000
5752243.000000
3665609.000000
150589.000000
2972233.000000
1513459.000000
429671.000000
8958513.000000
632183.000000
4162520.000000
3899996.000000
6825875.000000
5525131.000000
169718.000000
527972.000000
3974461.000000
6304713.000000
3896680.000000
7523341.000000
135216.000000
9578448.000000
9457610.000000
7459478.000000
3416922.000000
9651724.000000
7866068.000000
