0.000000
0.000000
0.000000
0.000000
0.000000
0.000000
0.000000
0.000000
0.000000
0.000000
0.000000
0.000000
0.000000
0.000000
0.000000
0.000000
0.000000
0.000000
0.000000
0.000000
0.000000
0.000000
0.000000
0.000000
0.000000
0.000000
0.000000
0.000000
0.000000
0.000000
0.000000
0.000000
0.000000
0.000000
0.000000
0.000000
0.000000
0.000000
0.000000
0.000000
0.000000
0.000000
0.000000
0.000000
0.000000
0.000000
0.000000
0.000000
0.000000
0.000000
0.000000
0.000000
0.000000
0.000000
0.000000
0.000000
0.000000
0.000000
0.000000
0.000000
0.000000
0.000000
0.000000
0.000000
0.000000
0.000000
0.000000
0.000000
0.000000
0.000000
0.000000
0.000000
0.000000
0.000000
0.000000
0.000000
0.000000
0.000000
0.000000
0.000000
0.000000
0.000000
0.000000
0.000000
0.000000
0.000000
0.000000
0.000000
0.000000
0.000000
0.000000
0.000000
0.000000
0.000000
0.000000
0.000000
0.000000
0.000000
0.000000
0.000000
0.000000
0.000000
0.000000
0.000000
0.000000
0.000000
0.000000
0.000000
0.000000
0.000000
0.000000
0.000000
0.000000
0.000000
0.000000
0.000000
0.000000
0.000000
0.000000
0.000000
0.000000
0.000000
0.000000
0.000000
0.000000
0.000000
0.000000
0.000000
0.000000
0.000000
0.000000
0.000000
0.000000
0.000000
0.000000
0.000000
0.000000
0.000000
0.000000
0.000000
0.000000
0.000000
0.000000
0.000000
0.000000
0.000000
0.000000
0.000000
0.000000
0.000000
0.000000
0.000000
0.000000
0.000000
0.000000
0.000000
0.000000
0.000000
0.000000
0.000000
0.000000
0.000000
0.000000
0.000000
0.000000
0.000000
0.000000
0.000000
0.000000
0.000000
0.000000
0.000000
0.000000
0.000000
0.000000
0.000000
0.000000
0.000000
0.000000
0.000000
0.000000
0.000000
0.000000
0.000000
0.000000
0.000000
0.000000
0.000000
0.000000
0.000000
0.000000
0.000000
0.000000
0.000000
0.000000
0.000000
0.000000
0.000000
0.000000
0.000000
0.000000
0.000000
0.000000
0.000000
0.000000
0.000000
0.000000
0.000000
0.000000
0.000000
0.000000
0.000000
0.000000
0.000000
0.000000
0.000000
0.000000
0.000000
0.000000
0.000000
0.000000
0.000000
0.000000
0.000000
0.000000
0.000000
0.000000
0.000000
0.000000
0.000000
0.000000
0.000000
0.000000
0.000000
0.000000
0.000000
0.000000
0.000000
0.000000
0.000000
0.000000
0.000000
0.000000
0.000000
0.000000
0.000000
0.000000
0.000000
0.000000
0.000000
0.000000
0.000000
0.000000
0.000000
0.000000
0.000000
0.000000
0.000000
0.000000
0.000000
0.000000
0.000000
0.000000
0.000000
0.000000
0.000000
0.000000
0.000000
0.000000
0.000000
0.000000
0.000000
0.000000
0.000000
0.000000
0.000000
0.000000
0.000000
0.000000
0.000000
0.000000
0.000000
0.000000
0.000000
0.000000
0.000000
0.000000
0.000000
0.000000
0.000000
0.000000
0.000000
0.000000
0.000000
0.000000
0.000000
0.000000
0.000000
0.000000
0.000000
0.000000
0.000000
0.000000
0.000000
0.000000
0.000000
0.000000
0.000000
0.000000
0.000000
0.000000
0.000000
0.000000
0.000000
0.000000
0.000000
0.000000
0.000000
0.000000
0.000000
0.000000
0.000000
0.000000
0.000000
0.000000
0.000000
35184380.000000
8085266.000000
10111489.000000
13250686.000000
14884634.000000
8230700.000000
10604496.000000
6125438.000000
11696724.000000
11407731.000000
10789420.000000
756303.000000
13284789.000000
4440788.000000
3431878.000000
11578248.000000
192719.000000
2860076.000000
507971.000000
10736058.000000
3855415.000000
12768850.000000
6849844.000000
5083026.000000
8444032.000000
635162.000000
363909.000000
7441265.000000
8190594.000000
5924458.000000
6357465.000000
6678073.000000
5834963.000000
4456468.000000
3793636.000000
213787.000000
505811.000000
3146775.000000
3135641.000000
4629266.000000
646847.000000
1158259.000000
4724648.000000
1345465.000000
5774370.000000
12001966.000000
246729.000000
10542963.000000
12458208.000000
3988194.000000
978635.000000
1167611.000000
6800386.000000
6193495.000000
14498274.000000
6350974.000000
12117108.000000
3191534.000000
8060191.000000
15274821.000000
6111460.000000
5553864.000000
8811619.000000
4208442.000000
1771163.000000
10980505.000000
9682364.000000
4091733.000000
5414340.000000
9150546.000000
2116393.000000
1266608.000000
5084597.000000
12285665.000000
5051998.000000
10232512.000000
8142171.000000
3695846.000000
5232669.000000
4606393.000000
4797476.000000
7570882.000000
2199843.000000
623109.000000
2815370.000000
1598319.000000
14463872.000000
8498615.000000
3610287.000000
11069374.000000
7041558.000000
202988.000000
3101910.000000
8146531.000000
9204480.000000
14286742.000000
2663276.000000
4291673.000000
7977988.000000
158850.000000
13285087.000000
6268169.000000
13282766.000000
11414201.000000
1156613.000000
894927.000000
5642974.000000
3985614.000000
2482010.000000
4167908.000000
13325969.000000
3679384.000000
10136054.000000
612652.000000
2750460.000000
2147624.000000
13283973.000000
10620835.000000
5284942.000000
2013337.000000
7988670.000000
9477574.000000
11664492.000000
4547954.000000
13490080.000000
15412871.000000
1251932.000000
1629301.000000
77199.000000
1838141.000000
11687947.000000
5919586.000000
6669163.000000
1419911.000000
2717781.000000
10271059.000000
82996.000000
1368494.000000
11613040.000000
9515721.000000
15093881.000000
5884860.000000
547960.000000
10004000.000000
2096566.000000
13405135.000000
3504158.000000
6446966.000000
8357102.000000
13130570.000000
2382317.000000
638343.000000
96721.000000
10123555.000000
7184058.000000
5809333.000000
79311.000000
3101658.000000
12055765.000000
1180329.000000
657246.000000
5578188.000000
10633417.000000
2633773.000000
3491431.000000
2511463.000000
7558541.000000
5870926.000000
6572557.000000
2609829.000000
1181507.000000
6383483.000000
5140015.000000
14035438.000000
2241706.000000
3783655.000000
5566992.000000
732526.000000
11698205.000000
1005519.000000
7278660.000000
1365990.000000
2537508.000000
3103079.000000
6531613.000000
11034440.000000
5394992.000000
11346497.000000
5926389.000000
11299255.000000
1974686.000000
10706222.000000
1741480.000000
2851660.000000
623652.000000
6338097.000000
10341364.000000
335394.000000
8678717.000000
499058.000000
4929446.000000
821834.000000
7835683.000000
10956001.000000
5839833.000000
4751090.000000
11335391.000000
2541784.000000
2667163.000000
2616653.000000
6559741.000000
6354980.000000
451784.000000
15224858.000000
4136584.000000
419274.000000
767804.000000
8733194.000000
5065819.000000
1594682.000000
12722935.000000
13069303.000000
7360301.000000
98145.000000
295462.000000
6648698.000000
11088511.000000
5666516.000000
12600125.000000
7622562.000000
4715423.000000
7005774.000000
11903255.000000
1776895.000000
5513759.000000
11121312.000000
2885765.000000
1101965.000000
4423640.000000
5047025.000000
10311801.000000
9994064.000000
3406464.000000
411557.000000
14046912.000000
2107305.000000
5625851.000000
2870544.000000
13602619.000000
8920115.000000
6330533.000000
1032363.000000
122934.000000
12921376.000000
133437.000000
3033466.000000
13582645.000000
7949846.000000
12743111.000000
11207565.000000
9592786.000000
578951.000000
700697.000000
7520750.000000
11119851.000000
1537821.000000
2695098.000000
1901451.000000
6941503.000000
5347486.000000
3305063.000000
6261837.000000
15311626.000000
2636981.000000
7771588.000000
8885297.000000
6873364.000000
80527.000000
12002022.000000
7989875.000000
8472310.000000
9183751.000000
8706185.000000
3839934.000000
3418715.000000
6737511.000000
4132037.000000
2219390.000000
845295.000000
3812499.000000
5638535.000000
14801676.000000
5590336.000000
6092574.000000
5497999.000000
7391490.000000
8138918.000000
3834802.000000
6826761.000000
7552679.000000
15020258.000000
8150534.000000
2821226.000000
108556.000000
909030.000000
8815778.000000
4160280.000000
401767.000000
5056857.000000
11519369.000000
4230071.000000
3701301.000000
13721158.000000
6770969.000000
9159826.000000
5164414.000000
4870983.000000
6217380.000000
12735705.000000
4960548.000000
3575799.000000
9377392.000000
2996715.000000
1287141.000000
10988892.000000
3316293.000000
9602452.000000
7027941.000000
3670301.000000
1435202.000000
11752489.000000
6024370.000000
15582861.000000
3810291.000000
7887238.000000
4791600.000000
3742019.000000
618687.000000
3040790.000000
1340903.000000
11722162.000000
790164.000000
127382.000000
1654977.000000
9238698.000000
2238124.000000
6718578.000000
12624235.000000
5915846.000000
1397791.000000
4634367.000000
6139444.000000
1366464.000000
340991.000000
6910016.000000
8100210.000000
7453660.000000
5545599.000000
3933369.000000
3060677.000000
2226960.000000
3033074.000000
1224434.000000
10243705.000000
9018106.000000
8316997.000000
363432.000000
3333747.000000
5340930.000000
104569.000000
306019.000000
3596864.000000
8368359.000000
4255273.000000
224460.000000
8291551.000000
6309974.000000
4419830.000000
490475.000000
8956084.000000
8457489.000000
6270248.000000
8602217.000000
1828518.000000
1344520.000000
13573060.000000
859305.000000
11792831.000000
5131419.000000
2540284.000000
707880.000000
4061366.000000
1736797.000000
11804319.000000
5295479.000000
8075815.000000
6893213.000000
992812.000000
6798905.000000
6276672.000000
10304168.000000
5691529.000000
5844506.000000
8383967.000000
3235938.000000
8021063.000000
2162451.000000
6800114.000000
2243676.000000
12024656.000000
9188180.000000
296989.000000
10487620.000000
968834.000000
11593461.000000
975803.000000
9223148.000000
4438209.000000
11370166.000000
9284821.000000
14232087.000000
7214338.000000
9566410.000000
2682307.000000
1968023.000000
11147337.000000
454191.000000
12568904.000000
12000650.000000
1686625.000000
11445831.000000
1217139.000000
11558281.000000
8981097.000000
4558487.000000
333967.000000
8782862.000000
3790757.000000
4559217.000000
5902407.000000
5162418.000000
14018199.000000
3877138.000000
1962437.000000
14305625.000000
6341559.000000
12025787.000000
7832364.000000
653814.000000
481584.000000
5192117.000000
1328920.000000
5890755.000000
13072968.000000
4842494.000000
439786.000000
7154759.000000
6724666.000000
10417921.000000
12678155.000000
5470636.000000
7226358.000000
3241279.000000
774778.000000
1071215.000000
6051126.000000
6091397.000000
4740741.000000
1633885.000000
10995088.000000
99117.000000
4146044.000000
3652870.000000
13824112.000000
6119219.000000
10729308.000000
7264583.000000
1731541.000000
612624.000000
13262919.000000
9063752.000000
7518817.000000
1732643.000000
9319153.000000
3821738.000000
6979671.000000
1116303.000000
419782.000000
10328151.000000
8583231.000000
502349.000000
8285922.000000
165801.000000
9359401.000000
8373394.000000
10813018.000000
8356286.000000
350323.000000
1521543.000000
3125469.000000
5336731.000000
8733214.000000
2285512.000000
6393471.000000
5551850.000000
4929879.000000
9879220.000000
12067217.000000
535001.000000
4906205.000000
8502272.000000
611438.000000
5525858.000000
4696450.000000
14068219.000000
4670339.000000
13410456.000000
1900536.000000
5342166.000000
557838.000000
7275520.000000
1442863.000000
9243398.000000
2673296.000000
3256767.000000
9561226.000000
6833777.000000
8240211.000000
469644.000000
14072893.000000
2368179.000000
2025101.000000
8007753.000000
5865286.000000
4107956.000000
165059.000000
3340764.000000
1724200.000000
474052.000000
11854354.000000
602872.000000
3920796.000000
3603552.000000
8953387.000000
5818567.000000
182824.000000
450458.000000
3894151.000000
8001170.000000
3801999.000000
9743936.000000
121578.000000
13365239.000000
12545235.000000
8873026.000000
3683880.000000
12114630.000000
10891140.000000
