0.000000
0.000000
0.000000
0.000000
0.000000
0.000000
0.000000
0.000000
0.000000
0.000000
0.000000
0.000000
0.000000
0.000000
0.000000
0.000000
0.000000
0.000000
0.000000
0.000000
0.000000
0.000000
0.000000
0.000000
0.000000
0.000000
0.000000
0.000000
0.000000
0.000000
0.000000
0.000000
19161480.000000
9713653.000000
1056125.000000
1656597.000000
5066356.000000
240342.000000
8011484.000000
8779972.000000
5000030.000000
5849131.000000
2816202.000000
269348.000000
3462788.000000
10217115.000000
5413675.000000
909159.000000
5889595.000000
3395730.000000
2195066.000000
3295501.000000
555177.000000
5037264.000000
10864748.000000
8454265.000000
139876.000000
7583198.000000
6333305.000000
178963.000000
6794771.000000
252542.000000
7572297.000000
9466614.000000
5146587.000000
8820036.000000
10522536.000000
1367823.000000
9981470.000000
5706350.000000
11430687.000000
6269012.000000
4772165.000000
5215103.000000
156590.000000
4778008.000000
10019967.000000
5474080.000000
4197650.000000
1926438.000000
6057657.000000
4058166.000000
9667252.000000
2878736.000000
3697016.000000
3666147.000000
9279609.000000
2524712.000000
8598025.000000
10327482.000000
3460038.000000
112374.000000
5718375.000000
7436695.000000
3918318.000000
6702415.000000
1747584.000000
6549042.000000
8485551.000000
200824.000000
10001524.000000
7287976.000000
1902358.000000
3512417.000000
67297.000000
8679613.000000
1608331.000000
8589313.000000
5074229.000000
6619575.000000
8210306.000000
5787349.000000
4603246.000000
5758005.000000
3928449.000000
3985747.000000
9538557.000000
8751735.000000
949984.000000
6354487.000000
5599331.000000
2750994.000000
193860.000000
5661397.000000
5726801.000000
3699060.000000
7334231.000000
2466076.000000
306848.000000
1170740.000000
5106403.000000
8323526.000000
3497632.000000
3117271.000000
5249053.000000
10838445.000000
7140997.000000
5602125.000000
1842352.000000
3606339.000000
5613519.000000
2907382.000000
218605.000000
1838754.000000
6534299.000000
9257407.000000
7202821.000000
7227182.000000
2189035.000000
3623462.000000
5344842.000000
6454882.000000
8621905.000000
7836777.000000
7272298.000000
8534856.000000
722028.000000
9269155.000000
9854198.000000
4984738.000000
9366410.000000
2933514.000000
2133072.000000
2398819.000000
473060.000000
8660205.000000
8325403.000000
5461924.000000
1947901.000000
8995863.000000
9514255.000000
1577797.000000
1942607.000000
5939118.000000
2110902.000000
2886302.000000
4725659.000000
3572739.000000
8404180.000000
3927424.000000
9710706.000000
9772624.000000
5527005.000000
5490484.000000
7248731.000000
278337.000000
1797611.000000
7965036.000000
9492510.000000
3934531.000000
155443.000000
4804724.000000
8623859.000000
4269575.000000
5928848.000000
3789982.000000
1516290.000000
1003562.000000
3955089.000000
9917827.000000
1864937.000000
7994737.000000
2867084.000000
445238.000000
8282784.000000
1531935.000000
3164755.000000
5996566.000000
6771179.000000
2256546.000000
9524278.000000
5381064.000000
5967336.000000
672483.000000
7162650.000000
11170933.000000
1503419.000000
8878089.000000
9283830.000000
7625482.000000
7289356.000000
1570387.000000
1593759.000000
1071725.000000
5616490.000000
9981723.000000
7461955.000000
7405158.000000
4008603.000000
6747460.000000
7070607.000000
9744651.000000
7631894.000000
5673658.000000
9062784.000000
416370.000000
2048192.000000
5483924.000000
10942534.000000
1400713.000000
1956745.000000
5897254.000000
7303751.000000
10648338.000000
6906160.000000
7066124.000000
1529546.000000
4651766.000000
6299166.000000
2223242.000000
130139.000000
10588907.000000
6985572.000000
4733970.000000
6186754.000000
1074218.000000
6883662.000000
4050055.000000
6610536.000000
2002581.000000
8523539.000000
5439642.000000
5708486.000000
7127707.000000
3186757.000000
6329036.000000
611202.000000
4160732.000000
9101788.000000
6712282.000000
6794727.000000
9320304.000000
1949978.000000
6040691.000000
1705950.000000
1656742.000000
5531212.000000
9959550.000000
3929570.000000
1790860.000000
5639281.000000
10772206.000000
3059306.000000
107357.000000
4638223.000000
2260215.000000
6459578.000000
234092.000000
9506645.000000
5979729.000000
7282787.000000
9578326.000000
1280726.000000
1800436.000000
6483770.000000
6454596.000000
1601408.000000
7228205.000000
9770145.000000
6523964.000000
103173.000000
5883823.000000
8459087.000000
3163788.000000
382792.000000
1481875.000000
389368.000000
825319.000000
885902.000000
6701169.000000
8230098.000000
5197155.000000
5803965.000000
3665908.000000
5776566.000000
9402440.000000
926536.000000
8610671.000000
7197678.000000
6360938.000000
6392394.000000
6969535.000000
8298687.000000
3868148.000000
6430794.000000
2602970.000000
10084483.000000
7538842.000000
8026255.000000
9127187.000000
10735369.000000
7639375.000000
8085811.000000
6205164.000000
9517613.000000
10200346.000000
8545836.000000
888036.000000
10570344.000000
5297220.000000
3774245.000000
9058296.000000
169823.000000
2355009.000000
513593.000000
8481790.000000
4264495.000000
9504779.000000
6450440.000000
4482331.000000
7297123.000000
545211.000000
329900.000000
6206937.000000
7206344.000000
6162439.000000
5930567.000000
5780249.000000
5079218.000000
4166423.000000
3709685.000000
273418.000000
540817.000000
3656755.000000
3078750.000000
4755175.000000
796963.000000
1423373.000000
4497699.000000
1212898.000000
5215374.000000
10000199.000000
256488.000000
8070941.000000
10138489.000000
4446043.000000
1246090.000000
1402791.000000
6029903.000000
5767838.000000
10674856.000000
6472431.000000
9842610.000000
2647447.000000
6263289.000000
10426791.000000
5723554.000000
3940958.000000
7242224.000000
4704357.000000
2048034.000000
8890049.000000
7483416.000000
4339830.000000
6013766.000000
7187024.000000
2166295.000000
1554590.000000
5432573.000000
10514390.000000
4302405.000000
8936229.000000
7285885.000000
3394982.000000
4975685.000000
4880909.000000
4659678.000000
7198185.000000
2305122.000000
615023.000000
2406097.000000
2204559.000000
10263761.000000
6663074.000000
3690338.000000
8463721.000000
7248481.000000
221699.000000
3250407.000000
7252490.000000
6751200.000000
10948236.000000
2505508.000000
3440897.000000
6076212.000000
147032.000000
9825844.000000
6586223.000000
9830223.000000
9006659.000000
1231203.000000
1011571.000000
6224487.000000
4192295.000000
2460792.000000
4729508.000000
10636419.000000
3879543.000000
8607804.000000
521765.000000
3379732.000000
2558119.000000
8931223.000000
9083418.000000
5551706.000000
1815310.000000
6505824.000000
7360270.000000
9516755.000000
3759111.000000
10234331.000000
10014038.000000
1398809.000000
1423504.000000
70415.000000
2136664.000000
8772589.000000
5663028.000000
6674431.000000
1519296.000000
3545302.000000
8768935.000000
95467.000000
1678636.000000
9256066.000000
8474854.000000
10007473.000000
5345167.000000
616640.000000
8092523.000000
1926826.000000
11115637.000000
3878865.000000
5592602.000000
7308017.000000
9580046.000000
2382776.000000
725654.000000
105790.000000
8117457.000000
6854651.000000
4493736.000000
102412.000000
3168386.000000
10071316.000000
1407629.000000
873062.000000
5301711.000000
9057257.000000
2335494.000000
3438872.000000
2734874.000000
6399898.000000
5294916.000000
6113140.000000
2442202.000000
1537593.000000
6708269.000000
4959803.000000
9095283.000000
2233186.000000
4248581.000000
5805116.000000
812028.000000
9539768.000000
1081640.000000
5847535.000000
1265718.000000
2398890.000000
3865692.000000
6542966.000000
9101308.000000
6019049.000000
8923580.000000
6227543.000000
9048863.000000
2037746.000000
9357159.000000
1722450.000000
3772760.000000
647315.000000
6297764.000000
7973594.000000
339771.000000
7779578.000000
689470.000000
5201048.000000
713645.000000
7289840.000000
8006068.000000
4403022.000000
4871570.000000
9420636.000000
2835904.000000
3041860.000000
2357492.000000
6140632.000000
6600132.000000
440988.000000
10802467.000000
4376785.000000
556142.000000
738439.000000
7631787.000000
6200126.000000
1682794.000000
10767037.000000
10021399.000000
6483438.000000
105056.000000
274585.000000
5562066.000000
8241135.000000
5551654.000000
9979256.000000
7084100.000000
5281229.000000
6380787.000000
9746800.000000
1815421.000000
6111341.000000
9421978.000000
3399339.000000
1381156.000000
4800160.000000
5216126.000000
9003001.000000
7701945.000000
3629771.000000
447592.000000
9937667.000000
2925024.000000
5431101.000000
3322366.000000
10524352.000000
7547309.000000
6557301.000000
1271738.000000
165562.000000
9841789.000000
124764.000000
3225541.000000
9313208.000000
6608548.000000
9014416.000000
8794197.000000
6825338.000000
675450.000000
806185.000000
6390474.000000
9597327.000000
1553631.000000
3090081.000000
2110231.000000
6868288.000000
5153001.000000
3159611.000000
5925674.000000
11306604.000000
2329916.000000
7242614.000000
7839033.000000
6204000.000000
68176.000000
9610137.000000
7114028.000000
7001106.000000
8046604.000000
7001226.000000
3971971.000000
3761979.000000
6744316.000000
3813244.000000
2362414.000000
761163.000000
3531622.000000
6218659.000000
11253528.000000
5997325.000000
5290142.000000
5589448.000000
6011571.000000
7134704.000000
4991994.000000
6992507.000000
7354032.000000
10053594.000000
6512094.000000
3190697.000000
89399.000000
1013601.000000
7408800.000000
4198177.000000
484577.000000
3880497.000000
9325840.000000
4154182.000000
3759325.000000
10972864.000000
5977327.000000
8660103.000000
5306399.000000
5324198.000000
5547627.000000
10703532.000000
4503419.000000
3155668.000000
6555444.000000
3041111.000000
1466230.000000
8022534.000000
3404771.000000
7512704.000000
6212843.000000
2988115.000000
1583488.000000
9275991.000000
5485958.000000
11772961.000000
2889836.000000
6983568.000000
5466683.000000
3225890.000000
588672.000000
2613008.000000
1600837.000000
8913207.000000
849834.000000
117915.000000
1603154.000000
7108643.000000
2652296.000000
6926168.000000
9364527.000000
6105661.000000
1590998.000000
5430662.000000
6512864.000000
1620116.000000
350279.000000
6943040.000000
6754075.000000
6288678.000000
5835693.000000
4330757.000000
3359031.000000
2612843.000000
2601883.000000
1272354.000000
7883662.000000
7819526.000000
7398566.000000
349439.000000
2709197.000000
5988348.000000
107263.000000
255898.000000
4430259.000000
6732165.000000
4376454.000000
192995.000000
6197913.000000
6447566.000000
4951970.000000
459219.000000
8266471.000000
7480622.000000
5518141.000000
7503810.000000
2084324.000000
1535572.000000
9939350.000000
872101.000000
8893437.000000
5921374.000000
2604145.000000
783311.000000
4780987.000000
2045466.000000
9032194.000000
5062739.000000
7248964.000000
6124124.000000
1031009.000000
6634780.000000
5667178.000000
8389235.000000
5494059.000000
5075770.000000
8105696.000000
3465475.000000
7326172.000000
2909974.000000
6403664.000000
1765055.000000
9153981.000000
7936175.000000
316954.000000
8787943.000000
1120069.000000
9520187.000000
1033919.000000
7812421.000000
4342436.000000
7680250.000000
7725553.000000
9685150.000000
7338829.000000
7949100.000000
1987719.000000
2357876.000000
8580434.000000
530490.000000
9929543.000000
9282138.000000
1234872.000000
9709150.000000
1572255.000000
9232221.000000
7043988.000000
4085726.000000
396261.000000
7674925.000000
3746320.000000
4379653.000000
5848125.000000
5595711.000000
10479107.000000
4560771.000000
1694629.000000
9813922.000000
5980503.000000
10047923.000000
7295828.000000
594333.000000
619056.000000
6240113.000000
1651814.000000
5830821.000000
11057374.000000
5607358.000000
438880.000000
6013447.000000
7169278.000000
7752413.000000
10912445.000000
5846454.000000
6909282.000000
2806865.000000
846478.000000
983995.000000
5598662.000000
5581597.000000
5361131.000000
1419969.000000
7909591.000000
124993.000000
3818677.000000
3519408.000000
11086409.000000
6593068.000000
8585292.000000
6716413.000000
1518946.000000
651254.000000
9929416.000000
7883955.000000
6557582.000000
1504062.000000
7723601.000000
3241047.000000
6706864.000000
1133926.000000
778630.000000
8072480.000000
7343661.000000
539573.000000
7472773.000000
197692.000000
7180593.000000
6727053.000000
7966313.000000
7513684.000000
298218.000000
1629234.000000
2600472.000000
5515886.000000
7678743.000000
2718283.000000
6467160.000000
6447111.000000
5307061.000000
7972768.000000
8544544.000000
539005.000000
4098940.000000
6609155.000000
598135.000000
5699836.000000
4315124.000000
10714260.000000
5054558.000000
11283207.000000
1877147.000000
5330685.000000
672581.000000
6634638.000000
1559021.000000
7502098.000000
2906622.000000
3773949.000000
7341999.000000
7050001.000000
7557522.000000
506399.000000
10810007.000000
2264601.000000
2475298.000000
7324030.000000
5653843.000000
4946623.000000
189998.000000
3395619.000000
1569426.000000
526750.000000
9175273.000000
678864.000000
4428680.000000
3910041.000000
6650361.000000
5876351.000000
160021.000000
495023.000000
3734290.000000
6929188.000000
4024058.000000
8068664.000000
131349.000000
9213032.000000
10323577.000000
7767899.000000
3382117.000000
10055812.000000
7645189.000000
