0.000000
0.000000
0.000000
0.000000
0.000000
0.000000
0.000000
0.000000
0.000000
0.000000
0.000000
0.000000
0.000000
0.000000
0.000000
0.000000
0.000000
0.000000
0.000000
0.000000
0.000000
0.000000
0.000000
0.000000
0.000000
0.000000
0.000000
0.000000
0.000000
0.000000
0.000000
0.000000
0.000000
0.000000
0.000000
0.000000
0.000000
0.000000
0.000000
0.000000
0.000000
0.000000
0.000000
0.000000
0.000000
0.000000
0.000000
0.000000
0.000000
0.000000
0.000000
0.000000
0.000000
0.000000
0.000000
0.000000
0.000000
0.000000
0.000000
0.000000
0.000000
0.000000
0.000000
0.000000
0.000000
0.000000
0.000000
0.000000
0.000000
0.000000
0.000000
0.000000
0.000000
0.000000
0.000000
0.000000
0.000000
0.000000
0.000000
0.000000
0.000000
0.000000
0.000000
0.000000
0.000000
0.000000
0.000000
0.000000
0.000000
0.000000
0.000000
0.000000
0.000000
0.000000
0.000000
0.000000
0.000000
0.000000
0.000000
0.000000
0.000000
0.000000
0.000000
0.000000
0.000000
0.000000
0.000000
0.000000
0.000000
0.000000
0.000000
0.000000
0.000000
0.000000
0.000000
0.000000
0.000000
0.000000
0.000000
0.000000
0.000000
0.000000
0.000000
0.000000
0.000000
0.000000
0.000000
0.000000
0.000000
0.000000
0.000000
0.000000
0.000000
0.000000
0.000000
0.000000
0.000000
0.000000
0.000000
0.000000
0.000000
0.000000
0.000000
0.000000
0.000000
0.000000
0.000000
0.000000
0.000000
0.000000
0.000000
0.000000
0.000000
0.000000
0.000000
0.000000
0.000000
0.000000
0.000000
0.000000
0.000000
0.000000
0.000000
0.000000
0.000000
0.000000
0.000000
0.000000
0.000000
0.000000
0.000000
0.000000
0.000000
0.000000
0.000000
0.000000
0.000000
0.000000
0.000000
0.000000
0.000000
0.000000
0.000000
0.000000
0.000000
0.000000
0.000000
0.000000
0.000000
0.000000
0.000000
0.000000
0.000000
0.000000
0.000000
0.000000
0.000000
0.000000
0.000000
0.000000
0.000000
0.000000
0.000000
0.000000
0.000000
0.000000
0.000000
0.000000
0.000000
0.000000
0.000000
0.000000
0.000000
0.000000
0.000000
0.000000
0.000000
0.000000
0.000000
0.000000
0.000000
0.000000
0.000000
0.000000
0.000000
0.000000
0.000000
0.000000
0.000000
0.000000
0.000000
0.000000
0.000000
0.000000
0.000000
0.000000
0.000000
0.000000
0.000000
0.000000
0.000000
0.000000
0.000000
0.000000
0.000000
0.000000
0.000000
0.000000
0.000000
0.000000
0.000000
0.000000
0.000000
0.000000
0.000000
0.000000
0.000000
0.000000
0.000000
0.000000
0.000000
0.000000
0.000000
0.000000
0.000000
0.000000
0.000000
0.000000
0.000000
0.000000
0.000000
0.000000
0.000000
0.000000
0.000000
0.000000
0.000000
0.000000
0.000000
0.000000
0.000000
0.000000
0.000000
0.000000
0.000000
0.000000
0.000000
0.000000
0.000000
0.000000
0.000000
0.000000
0.000000
0.000000
0.000000
0.000000
0.000000
0.000000
0.000000
0.000000
0.000000
0.000000
0.000000
0.000000
0.000000
0.000000
0.000000
0.000000
0.000000
0.000000
0.000000
0.000000
0.000000
0.000000
0.000000
0.000000
0.000000
0.000000
0.000000
0.000000
0.000000
0.000000
0.000000
0.000000
0.000000
0.000000
0.000000
0.000000
0.000000
0.000000
0.000000
0.000000
0.000000
0.000000
0.000000
0.000000
0.000000
0.000000
0.000000
0.000000
5955980.000000
4703324.000000
164820.000000
1703121.000000
560875.000000
3171101.000000
2928583.000000
3524943.000000
3072274.000000
2370115.000000
3446265.000000
490290.000000
324578.000000
3719276.000000
3027013.000000
3366975.000000
3261253.000000
3255389.000000
2797249.000000
2905306.000000
2346010.000000
199396.000000
418912.000000
2388246.000000
2407368.000000
2971903.000000
854430.000000
1137685.000000
2836932.000000
1077071.000000
2957915.000000
3349373.000000
205859.000000
3520092.000000
3748581.000000
2582649.000000
866663.000000
1438759.000000
3220940.000000
3238742.000000
3869474.000000
3349068.000000
3799193.000000
1950891.000000
3233067.000000
4295769.000000
3447264.000000
2388671.000000
3856709.000000
2768417.000000
1689781.000000
3514392.000000
2922598.000000
2627981.000000
3144015.000000
2596732.000000
1849400.000000
1446544.000000
3112714.000000
3508195.000000
2660871.000000
3656047.000000
3978816.000000
2180347.000000
2709608.000000
2812441.000000
2581483.000000
3329683.000000
1866749.000000
466993.000000
1929716.000000
1754059.000000
4503586.000000
3394427.000000
2303792.000000
3557543.000000
3688204.000000
187659.000000
2313999.000000
3524773.000000
3589173.000000
4459257.000000
1992467.000000
2138705.000000
2297992.000000
96525.000000
3869445.000000
3614092.000000
3674218.000000
3594647.000000
1038725.000000
895861.000000
3255338.000000
2461538.000000
2393362.000000
3040866.000000
3780840.000000
2646207.000000
3516996.000000
557410.000000
2404257.000000
2036398.000000
3003530.000000
4191218.000000
3116604.000000
1631241.000000
3117970.000000
3452579.000000
3632147.000000
2142305.000000
3798671.000000
3917144.000000
1062551.000000
1088790.000000
63245.000000
1986522.000000
3412257.000000
2818438.000000
3687143.000000
1248504.000000
2303581.000000
3771970.000000
74627.000000
1503809.000000
3443563.000000
3969020.000000
3488533.000000
2981824.000000
583251.000000
3583131.000000
1386518.000000
3709100.000000
3215568.000000
3156052.000000
3466369.000000
3797689.000000
1941371.000000
552672.000000
103306.000000
3988576.000000
3400092.000000
1891186.000000
70841.000000
2430264.000000
4599962.000000
1190545.000000
549417.000000
3978336.000000
3895277.000000
1815880.000000
2312828.000000
1799418.000000
3649214.000000
3131954.000000
3127583.000000
2097900.000000
1319955.000000
3774643.000000
3005045.000000
2770602.000000
1802583.000000
2777375.000000
3196848.000000
789058.000000
4455285.000000
954494.000000
2410065.000000
1108901.000000
2114601.000000
2644215.000000
4375091.000000
3449884.000000
3117290.000000
3682074.000000
3319147.000000
3719556.000000
1526991.000000
3494151.000000
2384145.000000
2535029.000000
489623.000000
3255452.000000
3778940.000000
312699.000000
3600512.000000
654857.000000
3461097.000000
546140.000000
3264951.000000
3835662.000000
1855571.000000
3204842.000000
4699740.000000
1920893.000000
2189814.000000
1700135.000000
3371282.000000
3516685.000000
452965.000000
3675980.000000
2575949.000000
484357.000000
594017.000000
3303706.000000
3553159.000000
1369697.000000
4292646.000000
3991934.000000
3576629.000000
84671.000000
206496.000000
2826811.000000
3563244.000000
3228228.000000
3487763.000000
3439254.000000
3024514.000000
2995099.000000
3618779.000000
1486224.000000
3273604.000000
3794291.000000
2381564.000000
1287584.000000
3014639.000000
3165670.000000
3848039.000000
3705043.000000
2687850.000000
459001.000000
3678328.000000
2158189.000000
3146789.000000
2247648.000000
3717334.000000
3613384.000000
3438476.000000
947793.000000
131143.000000
3610412.000000
112787.000000
2366141.000000
4013860.000000
3116269.000000
3143186.000000
3599411.000000
2999416.000000
643071.000000
581828.000000
4015682.000000
3723128.000000
1305689.000000
2100451.000000
1860023.000000
3618634.000000
2688156.000000
2126498.000000
3287276.000000
3655650.000000
2174473.000000
3693482.000000
3459471.000000
3084862.000000
73863.000000
3591138.000000
3929821.000000
3605605.000000
3653525.000000
3779436.000000
2496423.000000
2509982.000000
3112119.000000
2317468.000000
1999952.000000
771090.000000
2427856.000000
3210330.000000
3551509.000000
3096220.000000
2708110.000000
3010065.000000
3005604.000000
3652608.000000
2593356.000000
3813500.000000
3861919.000000
3098252.000000
3480860.000000
2306121.000000
81607.000000
963050.000000
3368950.000000
2944663.000000
364738.000000
2414118.000000
3717370.000000
2470222.000000
2663740.000000
4772284.000000
3300117.000000
4196305.000000
3034113.000000
2983410.000000
3230484.000000
3718466.000000
2190635.000000
2432038.000000
2663686.000000
2305979.000000
1039465.000000
3738728.000000
2103377.000000
3066614.000000
3199561.000000
2275020.000000
1379219.000000
3790603.000000
2874259.000000
4027036.000000
1401855.000000
3260926.000000
3186208.000000
2107653.000000
568927.000000
2106488.000000
1284581.000000
3517374.000000
730906.000000
104367.000000
1027871.000000
3402952.000000
2087846.000000
3436711.000000
4269123.000000
3495757.000000
1432578.000000
3267464.000000
3261835.000000
1161933.000000
303360.000000
3285771.000000
3296868.000000
3525238.000000
3153926.000000
2521324.000000
2382063.000000
2200129.000000
1525919.000000
1019480.000000
3224986.000000
3460855.000000
3411497.000000
372647.000000
2106338.000000
3117970.000000
112173.000000
225516.000000
2792304.000000
2835812.000000
2835897.000000
181596.000000
2921841.000000
3539377.000000
3511568.000000
412018.000000
4085155.000000
4056498.000000
3187602.000000
3652223.000000
1499816.000000
1191511.000000
3774955.000000
902383.000000
3821077.000000
2956898.000000
1897169.000000
695162.000000
2765939.000000
1869002.000000
4790683.000000
2788592.000000
3721916.000000
3453605.000000
790014.000000
3513335.000000
2607379.000000
3663730.000000
3014469.000000
2917647.000000
3700578.000000
2460412.000000
3382771.000000
2077184.000000
3235309.000000
1437364.000000
4097728.000000
3915033.000000
279223.000000
3619632.000000
919040.000000
3604287.000000
753171.000000
3829215.000000
2823113.000000
2939878.000000
3431733.000000
2998490.000000
3934555.000000
3623668.000000
1291083.000000
1981138.000000
3706373.000000
476317.000000
4163300.000000
3497961.000000
1046149.000000
4143572.000000
1285232.000000
3707248.000000
3609137.000000
2504078.000000
276849.000000
3783524.000000
2415606.000000
2801132.000000
3201645.000000
3127642.000000
3181348.000000
2904573.000000
1054900.000000
3561319.000000
3218604.000000
3590364.000000
3457044.000000
463304.000000
499584.000000
3051857.000000
1299119.000000
3210321.000000
4576056.000000
3017112.000000
380199.000000
3155981.000000
3571844.000000
2933788.000000
3899128.000000
3057764.000000
3283107.000000
2126639.000000
667607.000000
870461.000000
2947319.000000
3318404.000000
3120256.000000
1132001.000000
3573354.000000
122283.000000
2761916.000000
1893786.000000
3844470.000000
3514021.000000
3610375.000000
3498604.000000
1442961.000000
498667.000000
4574191.000000
3616721.000000
3430338.000000
1073697.000000
4480024.000000
2248206.000000
3751815.000000
1153939.000000
467121.000000
3614404.000000
3623058.000000
451208.000000
3306756.000000
203346.000000
3862927.000000
3693268.000000
3555384.000000
3619516.000000
254463.000000
1402315.000000
1972681.000000
3025712.000000
3645482.000000
2197331.000000
3450963.000000
3340861.000000
3258452.000000
3664056.000000
3470058.000000
476999.000000
2014525.000000
2913849.000000
534659.000000
3256338.000000
2728233.000000
3731681.000000
3080012.000000
3965101.000000
1581585.000000
2616053.000000
527333.000000
3476183.000000
1332160.000000
3363569.000000
2197346.000000
2700392.000000
3628532.000000
3807008.000000
3749507.000000
469392.000000
3600954.000000
1885512.000000
2063672.000000
4741547.000000
3182900.000000
2767416.000000
169962.000000
2274691.000000
1450906.000000
462008.000000
3376833.000000
663130.000000
2891642.000000
2633789.000000
2911113.000000
3000704.000000
128632.000000
344268.000000
2610098.000000
3522150.000000
2667379.000000
3469665.000000
117452.000000
3188448.000000
4012350.000000
3504104.000000
2422111.000000
3725793.000000
3134391.000000
