0.000000
0.000000
0.000000
0.000000
0.000000
0.000000
0.000000
0.000000
0.000000
0.000000
0.000000
0.000000
0.000000
0.000000
0.000000
0.000000
0.000000
0.000000
0.000000
0.000000
0.000000
0.000000
0.000000
0.000000
0.000000
0.000000
0.000000
0.000000
0.000000
0.000000
0.000000
0.000000
0.000000
0.000000
0.000000
0.000000
0.000000
0.000000
0.000000
0.000000
0.000000
0.000000
0.000000
0.000000
0.000000
0.000000
0.000000
0.000000
0.000000
0.000000
0.000000
0.000000
0.000000
0.000000
0.000000
0.000000
0.000000
0.000000
0.000000
0.000000
0.000000
0.000000
0.000000
0.000000
0.000000
0.000000
0.000000
0.000000
0.000000
0.000000
0.000000
0.000000
0.000000
0.000000
0.000000
0.000000
0.000000
0.000000
0.000000
0.000000
0.000000
0.000000
0.000000
0.000000
0.000000
0.000000
0.000000
0.000000
0.000000
0.000000
0.000000
0.000000
0.000000
0.000000
0.000000
0.000000
0.000000
0.000000
0.000000
0.000000
0.000000
0.000000
0.000000
0.000000
0.000000
0.000000
0.000000
0.000000
0.000000
0.000000
0.000000
0.000000
0.000000
0.000000
0.000000
0.000000
0.000000
0.000000
0.000000
0.000000
0.000000
0.000000
0.000000
0.000000
0.000000
0.000000
0.000000
0.000000
0.000000
0.000000
0.000000
0.000000
0.000000
0.000000
0.000000
0.000000
0.000000
0.000000
0.000000
0.000000
0.000000
0.000000
0.000000
0.000000
0.000000
0.000000
0.000000
0.000000
0.000000
0.000000
0.000000
0.000000
0.000000
0.000000
0.000000
0.000000
0.000000
0.000000
0.000000
0.000000
0.000000
0.000000
0.000000
0.000000
0.000000
0.000000
0.000000
0.000000
0.000000
0.000000
0.000000
0.000000
0.000000
0.000000
0.000000
0.000000
0.000000
0.000000
0.000000
0.000000
0.000000
0.000000
0.000000
0.000000
0.000000
0.000000
0.000000
0.000000
0.000000
0.000000
0.000000
0.000000
0.000000
0.000000
0.000000
0.000000
0.000000
0.000000
0.000000
0.000000
0.000000
0.000000
0.000000
0.000000
0.000000
0.000000
0.000000
0.000000
0.000000
0.000000
0.000000
0.000000
0.000000
0.000000
0.000000
0.000000
0.000000
0.000000
0.000000
0.000000
0.000000
0.000000
0.000000
0.000000
0.000000
0.000000
0.000000
0.000000
0.000000
0.000000
0.000000
0.000000
0.000000
0.000000
0.000000
0.000000
0.000000
0.000000
0.000000
0.000000
0.000000
0.000000
0.000000
0.000000
0.000000
0.000000
0.000000
0.000000
0.000000
0.000000
0.000000
0.000000
0.000000
0.000000
0.000000
0.000000
0.000000
0.000000
0.000000
0.000000
0.000000
0.000000
0.000000
0.000000
0.000000
0.000000
0.000000
0.000000
0.000000
0.000000
0.000000
0.000000
0.000000
0.000000
0.000000
0.000000
0.000000
0.000000
0.000000
0.000000
0.000000
0.000000
0.000000
0.000000
0.000000
0.000000
0.000000
0.000000
0.000000
0.000000
0.000000
0.000000
0.000000
0.000000
0.000000
0.000000
0.000000
0.000000
0.000000
0.000000
0.000000
0.000000
0.000000
0.000000
0.000000
0.000000
0.000000
0.000000
0.000000
0.000000
0.000000
0.000000
0.000000
0.000000
0.000000
0.000000
0.000000
0.000000
0.000000
0.000000
0.000000
0.000000
0.000000
0.000000
0.000000
0.000000
0.000000
0.000000
0.000000
0.000000
0.000000
0.000000
0.000000
0.000000
0.000000
0.000000
0.000000
0.000000
0.000000
0.000000
0.000000
0.000000
0.000000
0.000000
0.000000
0.000000
0.000000
0.000000
0.000000
0.000000
0.000000
0.000000
0.000000
0.000000
0.000000
0.000000
0.000000
0.000000
0.000000
0.000000
0.000000
0.000000
0.000000
0.000000
0.000000
0.000000
1290605.000000
714071.000000
761860.000000
629773.000000
779183.000000
837924.000000
154030.000000
770004.000000
955827.000000
817611.000000
536599.000000
632215.000000
800834.000000
841800.000000
835904.000000
754861.000000
959479.000000
587215.000000
815195.000000
681759.000000
818713.000000
693958.000000
881436.000000
739049.000000
673120.000000
889526.000000
603996.000000
694164.000000
846733.000000
578365.000000
789053.000000
722743.000000
783307.000000
787169.000000
598926.000000
800118.000000
784610.000000
640837.000000
709846.000000
692604.000000
848269.000000
932267.000000
749277.000000
240191.000000
636574.000000
768897.000000
817133.000000
861900.000000
731188.000000
722277.000000
848413.000000
215948.000000
789058.000000
860513.000000
712338.000000
857018.000000
665101.000000
597604.000000
498893.000000
88892.000000
969698.000000
875609.000000
835597.000000
804926.000000
606449.000000
457151.000000
857298.000000
784621.000000
806571.000000
822661.000000
885197.000000
755896.000000
978888.000000
325594.000000
798085.000000
636640.000000
908883.000000
843182.000000
812833.000000
612709.000000
634699.000000
715587.000000
847755.000000
580775.000000
818335.000000
975697.000000
570070.000000
515364.000000
50725.000000
724398.000000
777212.000000
827227.000000
916577.000000
652480.000000
839266.000000
822654.000000
71712.000000
686107.000000
865776.000000
793695.000000
846733.000000
660765.000000
453062.000000
919065.000000
561481.000000
810906.000000
770101.000000
764754.000000
872034.000000
781529.000000
755532.000000
380886.000000
96296.000000
665075.000000
819872.000000
396946.000000
60544.000000
746075.000000
837911.000000
663074.000000
446175.000000
797588.000000
874610.000000
618807.000000
763503.000000
653947.000000
878198.000000
808199.000000
768720.000000
729849.000000
684462.000000
792769.000000
789346.000000
658280.000000
620610.000000
796768.000000
783502.000000
487173.000000
785591.000000
391361.000000
451243.000000
571723.000000
703085.000000
851878.000000
857090.000000
827866.000000
658414.000000
733599.000000
972270.000000
857891.000000
507363.000000
865055.000000
646232.000000
919685.000000
311491.000000
742921.000000
790690.000000
231870.000000
778866.000000
458023.000000
775339.000000
351462.000000
876332.000000
789032.000000
364786.000000
809050.000000
839198.000000
721153.000000
780994.000000
599722.000000
880112.000000
870000.000000
342567.000000
816502.000000
782683.000000
411146.000000
453792.000000
838168.000000
798269.000000
545539.000000
776789.000000
802898.000000
921760.000000
87388.000000
131531.000000
595204.000000
944223.000000
745635.000000
785514.000000
806104.000000
822210.000000
795097.000000
926790.000000
567361.000000
790273.000000
668215.000000
887777.000000
602189.000000
821580.000000
820017.000000
870348.000000
828950.000000
790092.000000
347269.000000
821042.000000
804566.000000
801061.000000
910966.000000
877416.000000
806124.000000
959537.000000
497649.000000
119041.000000
788319.000000
102913.000000
820636.000000
883766.000000
756260.000000
646043.000000
897253.000000
520069.000000
459136.000000
411653.000000
654342.000000
917932.000000
559770.000000
781384.000000
715015.000000
863700.000000
706994.000000
651281.000000
724289.000000
707027.000000
804170.000000
968737.000000
804834.000000
757811.000000
50749.000000
925611.000000
849299.000000
803224.000000
827158.000000
669931.000000
742748.000000
776861.000000
850318.000000
584275.000000
761678.000000
400378.000000
716355.000000
807592.000000
823856.000000
721610.000000
439235.000000
778373.000000
782962.000000
801916.000000
754996.000000
804324.000000
940248.000000
647509.000000
834591.000000
692725.000000
88245.000000
563575.000000
707441.000000
847109.000000
309748.000000
523460.000000
890189.000000
686884.000000
775910.000000
878525.000000
783090.000000
935890.000000
820732.000000
922062.000000
859124.000000
836038.000000
429240.000000
553395.000000
477607.000000
717395.000000
606536.000000
797737.000000
673439.000000
762372.000000
843264.000000
688748.000000
714089.000000
854158.000000
774573.000000
744428.000000
242799.000000
797996.000000
769120.000000
636498.000000
355753.000000
682163.000000
661212.000000
830997.000000
439979.000000
87106.000000
591765.000000
655800.000000
712068.000000
717644.000000
840039.000000
859467.000000
623334.000000
767050.000000
749106.000000
770151.000000
197561.000000
802958.000000
921288.000000
826072.000000
950622.000000
771430.000000
826965.000000
747300.000000
572589.000000
405113.000000
664525.000000
934728.000000
738142.000000
296546.000000
756082.000000
719037.000000
70701.000000
122968.000000
851091.000000
700641.000000
780880.000000
175253.000000
618805.000000
852232.000000
853164.000000
277793.000000
753740.000000
855598.000000
819460.000000
727148.000000
562148.000000
669190.000000
867453.000000
532516.000000
833124.000000
883636.000000
760342.000000
310399.000000
654678.000000
784510.000000
951875.000000
813759.000000
777490.000000
871293.000000
474048.000000
788939.000000
595907.000000
931179.000000
661626.000000
749769.000000
922590.000000
935057.000000
953206.000000
825039.000000
820226.000000
414375.000000
956688.000000
903051.000000
209317.000000
856288.000000
495358.000000
868843.000000
529860.000000
842226.000000
807411.000000
564720.000000
705864.000000
656961.000000
840470.000000
797902.000000
227202.000000
762961.000000
743414.000000
336639.000000
847544.000000
902192.000000
364660.000000
844708.000000
697037.000000
773682.000000
649080.000000
673557.000000
271928.000000
763442.000000
623887.000000
932928.000000
987126.000000
764186.000000
780791.000000
801421.000000
377194.000000
934134.000000
829411.000000
882451.000000
866213.000000
324864.000000
439645.000000
971730.000000
657814.000000
894491.000000
825880.000000
889757.000000
335207.000000
788012.000000
730663.000000
637010.000000
933390.000000
876515.000000
774687.000000
700526.000000
502959.000000
423544.000000
742863.000000
671488.000000
849448.000000
344055.000000
683265.000000
91688.000000
858425.000000
445807.000000
845921.000000
777446.000000
746646.000000
836159.000000
637317.000000
392661.000000
815453.000000
882354.000000
760988.000000
473573.000000
808407.000000
631091.000000
858094.000000
614980.000000
409762.000000
773446.000000
775426.000000
266561.000000
860057.000000
112826.000000
824593.000000
822430.000000
734941.000000
828616.000000
150487.000000
719083.000000
637076.000000
843482.000000
785570.000000
888845.000000
781850.000000
746167.000000
847560.000000
717532.000000
753530.000000
311144.000000
402677.000000
634444.000000
393316.000000
858545.000000
729528.000000
743587.000000
944210.000000
845800.000000
712427.000000
645134.000000
455988.000000
824521.000000
789564.000000
880808.000000
744904.000000
792321.000000
607592.000000
757875.000000
909609.000000
356253.000000
848744.000000
683810.000000
663378.000000
897601.000000
933848.000000
897403.000000
154889.000000
611744.000000
711284.000000
385001.000000
903535.000000
560686.000000
837099.000000
838332.000000
686506.000000
844352.000000
128660.000000
323858.000000
797980.000000
793605.000000
808519.000000
801985.000000
115186.000000
715144.000000
840338.000000
921528.000000
808930.000000
787701.000000
596570.000000
