0.000000
0.000000
0.000000
0.000000
0.000000
0.000000
0.000000
0.000000
0.000000
0.000000
0.000000
0.000000
0.000000
0.000000
0.000000
0.000000
0.000000
0.000000
0.000000
0.000000
0.000000
0.000000
0.000000
0.000000
0.000000
0.000000
0.000000
0.000000
0.000000
0.000000
0.000000
0.000000
0.000000
0.000000
0.000000
0.000000
0.000000
0.000000
0.000000
0.000000
0.000000
0.000000
0.000000
0.000000
0.000000
0.000000
0.000000
0.000000
0.000000
0.000000
0.000000
0.000000
0.000000
0.000000
0.000000
0.000000
0.000000
0.000000
0.000000
0.000000
0.000000
0.000000
0.000000
0.000000
0.000000
0.000000
0.000000
0.000000
0.000000
0.000000
0.000000
0.000000
0.000000
0.000000
0.000000
0.000000
0.000000
0.000000
0.000000
0.000000
0.000000
0.000000
0.000000
0.000000
0.000000
0.000000
0.000000
0.000000
0.000000
0.000000
0.000000
0.000000
0.000000
0.000000
0.000000
0.000000
0.000000
0.000000
0.000000
0.000000
0.000000
0.000000
0.000000
0.000000
0.000000
0.000000
0.000000
0.000000
0.000000
0.000000
0.000000
0.000000
0.000000
0.000000
0.000000
0.000000
0.000000
0.000000
0.000000
0.000000
0.000000
0.000000
0.000000
0.000000
0.000000
0.000000
0.000000
0.000000
0.000000
0.000000
0.000000
0.000000
0.000000
0.000000
0.000000
0.000000
0.000000
0.000000
0.000000
0.000000
0.000000
0.000000
0.000000
0.000000
0.000000
0.000000
0.000000
0.000000
0.000000
0.000000
0.000000
0.000000
0.000000
0.000000
0.000000
0.000000
0.000000
0.000000
0.000000
0.000000
0.000000
0.000000
0.000000
0.000000
0.000000
0.000000
0.000000
0.000000
0.000000
0.000000
0.000000
0.000000
0.000000
0.000000
0.000000
0.000000
0.000000
0.000000
0.000000
0.000000
0.000000
0.000000
0.000000
0.000000
0.000000
0.000000
0.000000
0.000000
0.000000
0.000000
0.000000
0.000000
0.000000
0.000000
0.000000
0.000000
0.000000
0.000000
0.000000
0.000000
0.000000
0.000000
0.000000
0.000000
0.000000
0.000000
0.000000
0.000000
0.000000
0.000000
0.000000
0.000000
0.000000
0.000000
0.000000
0.000000
0.000000
0.000000
0.000000
0.000000
0.000000
0.000000
0.000000
0.000000
0.000000
0.000000
0.000000
0.000000
0.000000
0.000000
0.000000
0.000000
0.000000
0.000000
0.000000
0.000000
0.000000
0.000000
0.000000
0.000000
0.000000
0.000000
0.000000
0.000000
0.000000
0.000000
0.000000
0.000000
0.000000
0.000000
0.000000
0.000000
0.000000
0.000000
0.000000
0.000000
0.000000
0.000000
0.000000
0.000000
0.000000
0.000000
0.000000
0.000000
0.000000
0.000000
0.000000
0.000000
0.000000
0.000000
0.000000
0.000000
0.000000
0.000000
0.000000
0.000000
0.000000
0.000000
0.000000
0.000000
0.000000
0.000000
0.000000
0.000000
0.000000
0.000000
0.000000
0.000000
0.000000
0.000000
0.000000
0.000000
0.000000
0.000000
0.000000
0.000000
0.000000
0.000000
0.000000
0.000000
0.000000
0.000000
0.000000
0.000000
0.000000
0.000000
0.000000
0.000000
0.000000
0.000000
0.000000
0.000000
0.000000
0.000000
0.000000
0.000000
0.000000
0.000000
0.000000
0.000000
0.000000
0.000000
0.000000
0.000000
0.000000
0.000000
0.000000
0.000000
0.000000
0.000000
0.000000
0.000000
0.000000
0.000000
0.000000
0.000000
0.000000
0.000000
0.000000
0.000000
0.000000
0.000000
0.000000
0.000000
0.000000
0.000000
0.000000
0.000000
0.000000
0.000000
0.000000
0.000000
0.000000
0.000000
0.000000
0.000000
0.000000
0.000000
0.000000
0.000000
0.000000
0.000000
0.000000
0.000000
0.000000
0.000000
0.000000
0.000000
0.000000
0.000000
0.000000
0.000000
0.000000
0.000000
32643455.000000
4639016.000000
1043158.000000
1464685.000000
6937834.000000
6569545.000000
14046674.000000
6566731.000000
13742057.000000
2096025.000000
8773806.000000
13992168.000000
5269107.000000
3980281.000000
7978387.000000
3976999.000000
1834933.000000
11348836.000000
7596292.000000
3361516.000000
6346204.000000
6989569.000000
1978685.000000
1373588.000000
4609497.000000
14086388.000000
4201299.000000
11314428.000000
8542683.000000
3093141.000000
4361581.000000
4142733.000000
4056241.000000
8634372.000000
2406984.000000
523038.000000
2268287.000000
1776096.000000
13007979.000000
7355993.000000
2865528.000000
10230512.000000
9188541.000000
231430.000000
3122825.000000
7897438.000000
7747482.000000
15102803.000000
2484374.000000
3329277.000000
5574647.000000
156255.000000
12050849.000000
6693049.000000
13772054.000000
11447640.000000
1138722.000000
911314.000000
7557574.000000
3769027.000000
2447412.000000
4813850.000000
14582737.000000
3673612.000000
10886104.000000
593518.000000
3124403.000000
2432179.000000
9738634.000000
12491871.000000
6398370.000000
1755725.000000
6046754.000000
8323216.000000
12925966.000000
3827728.000000
13573260.000000
12432637.000000
1146657.000000
1151994.000000
58257.000000
2345105.000000
10781673.000000
5489287.000000
8059275.000000
1352486.000000
3113357.000000
12120890.000000
99090.000000
1491773.000000
11777554.000000
9334711.000000
12619433.000000
4294412.000000
572920.000000
10291511.000000
1794890.000000
16528219.000000
3913017.000000
5152868.000000
10019566.000000
11954155.000000
2589827.000000
542945.000000
117837.000000
9980593.000000
8547361.000000
3514922.000000
65025.000000
2931458.000000
12673593.000000
1270796.000000
648386.000000
4545008.000000
10381178.000000
2267385.000000
3038587.000000
2699641.000000
7675261.000000
4860680.000000
6509508.000000
2341827.000000
1484765.000000
8684845.000000
4620386.000000
10726201.000000
1827237.000000
4295262.000000
6207004.000000
744996.000000
10768350.000000
994939.000000
4922786.000000
1107705.000000
2155547.000000
3616909.000000
7312805.000000
11742128.000000
5808275.000000
10533251.000000
7254213.000000
10088268.000000
1844477.000000
12947915.000000
2386583.000000
3724956.000000
513335.000000
6552995.000000
9363726.000000
298226.000000
7957434.000000
609598.000000
4622944.000000
676458.000000
9173048.000000
8986000.000000
3547374.000000
4277477.000000
13045886.000000
2584195.000000
3437623.000000
2206192.000000
5818702.000000
8194735.000000
437882.000000
13029145.000000
4511869.000000
566640.000000
687834.000000
9098286.000000
6390887.000000
1312200.000000
12311189.000000
12649705.000000
7909073.000000
98988.000000
282920.000000
4644678.000000
9974584.000000
5668878.000000
13446679.000000
7482659.000000
4894464.000000
6006124.000000
13480036.000000
1465892.000000
5831595.000000
12217282.000000
3552757.000000
1206016.000000
4710751.000000
4961615.000000
11940187.000000
9086672.000000
3915386.000000
401851.000000
12822406.000000
2455872.000000
5267187.000000
3548224.000000
14737483.000000
8276843.000000
6943337.000000
1128495.000000
132127.000000
13021716.000000
125011.000000
2676947.000000
13390673.000000
6986962.000000
10753505.000000
10780730.000000
6265989.000000
590645.000000
729990.000000
5357654.000000
12508452.000000
1348862.000000
3023365.000000
1811786.000000
8625157.000000
4315313.000000
2804789.000000
6114270.000000
13453941.000000
2489071.000000
7744492.000000
9391462.000000
5792761.000000
75873.000000
12263507.000000
9747526.000000
7453906.000000
10708897.000000
7331942.000000
3194319.000000
3646002.000000
7808722.000000
3320711.000000
2277335.000000
798159.000000
3069522.000000
6070555.000000
14023941.000000
5838648.000000
4410651.000000
6503895.000000
5148059.000000
8334103.000000
5095987.000000
7808284.000000
7436338.000000
12407463.000000
7303021.000000
2381750.000000
100431.000000
974266.000000
8659420.000000
3597428.000000
424439.000000
3410621.000000
12412616.000000
3625492.000000
3944291.000000
13576332.000000
8019338.000000
10914368.000000
5756536.000000
5265803.000000
4824577.000000
16050819.000000
3788140.000000
2931261.000000
6852185.000000
2802074.000000
1061565.000000
8768057.000000
2911586.000000
8145924.000000
5759290.000000
3175727.000000
1228077.000000
11500992.000000
5810903.000000
14927272.000000
2211273.000000
7484334.000000
4698963.000000
2740291.000000
571441.000000
2195695.000000
1158964.000000
13082247.000000
686760.000000
130041.000000
1191246.000000
8550028.000000
2868233.000000
7001720.000000
11722880.000000
6417334.000000
1064745.000000
5129138.000000
5309708.000000
1520296.000000
315398.000000
8511323.000000
8512230.000000
6746679.000000
7241042.000000
3054375.000000
3660557.000000
2417487.000000
2149991.000000
992065.000000
8260325.000000
10020121.000000
8005115.000000
419177.000000
3114757.000000
6191762.000000
104420.000000
227182.000000
4435909.000000
7107826.000000
4377797.000000
238301.000000
6305811.000000
6584827.000000
4770754.000000
392483.000000
9726461.000000
8537936.000000
6117627.000000
9197039.000000
1830582.000000
1181773.000000
15619793.000000
910635.000000
10363472.000000
6100620.000000
2613972.000000
568882.000000
5499884.000000
2041806.000000
12875777.000000
4299129.000000
6403252.000000
6765378.000000
982322.000000
6790485.000000
5208489.000000
10166779.000000
5777345.000000
5072271.000000
9980293.000000
3554890.000000
7702812.000000
2735937.000000
6160514.000000
1545608.000000
12864974.000000
10120999.000000
291345.000000
11168047.000000
828601.000000
12090571.000000
868811.000000
8326831.000000
4152503.000000
7406594.000000
8783495.000000
11735888.000000
7793231.000000
8687155.000000
1859543.000000
2346007.000000
9864541.000000
443705.000000
12247322.000000
12547329.000000
1140048.000000
12296811.000000
1480335.000000
11863704.000000
8352569.000000
3440547.000000
323528.000000
10076860.000000
3536299.000000
4884304.000000
4652067.000000
6228338.000000
13050096.000000
4240591.000000
1111057.000000
13098561.000000
5327268.000000
13655941.000000
8532416.000000
507285.000000
579985.000000
6598934.000000
1379320.000000
4875836.000000
16076140.000000
4257737.000000
508614.000000
6570839.000000
6959753.000000
8553932.000000
14652575.000000
6011704.000000
8452571.000000
2593784.000000
692328.000000
874335.000000
5768771.000000
5885549.000000
4824543.000000
1277244.000000
7953149.000000
125990.000000
4300769.000000
2669905.000000
14450441.000000
6558782.000000
8862698.000000
7711819.000000
1580273.000000
608288.000000
12771678.000000
9679043.000000
6650391.000000
1114784.000000
8896762.000000
3266935.000000
7557000.000000
1365088.000000
506022.000000
9300129.000000
8559065.000000
473899.000000
7695880.000000
152388.000000
7345962.000000
7996444.000000
8917741.000000
8448581.000000
280042.000000
1581003.000000
2646053.000000
5259987.000000
8088256.000000
2456260.000000
6948242.000000
6661691.000000
5755649.000000
9102371.000000
9991400.000000
531392.000000
3998608.000000
7363570.000000
605559.000000
5937169.000000
3859933.000000
12593933.000000
5832947.000000
15251985.000000
1784064.000000
4880536.000000
608458.000000
6666788.000000
1624889.000000
7390530.000000
3069938.000000
4660117.000000
7344809.000000
8225175.000000
9394594.000000
451358.000000
14030978.000000
2146758.000000
2107758.000000
8094641.000000
6252638.000000
4912558.000000
197153.000000
3073896.000000
1669404.000000
565329.000000
11996107.000000
622657.000000
4474127.000000
3952070.000000
6775934.000000
5984898.000000
127813.000000
410293.000000
4507598.000000
6146017.000000
4162465.000000
9557988.000000
126476.000000
10739397.000000
12997578.000000
10127590.000000
3532319.000000
14217204.000000
7571468.000000
