0.000000
0.000000
0.000000
0.000000
0.000000
0.000000
0.000000
0.000000
0.000000
0.000000
0.000000
0.000000
0.000000
0.000000
0.000000
0.000000
0.000000
0.000000
0.000000
0.000000
0.000000
0.000000
0.000000
0.000000
0.000000
0.000000
0.000000
0.000000
0.000000
0.000000
0.000000
0.000000
0.000000
0.000000
0.000000
0.000000
0.000000
0.000000
0.000000
0.000000
0.000000
0.000000
0.000000
0.000000
0.000000
0.000000
0.000000
0.000000
0.000000
0.000000
0.000000
0.000000
0.000000
0.000000
0.000000
0.000000
0.000000
0.000000
0.000000
0.000000
0.000000
0.000000
0.000000
0.000000
0.000000
0.000000
0.000000
0.000000
0.000000
0.000000
0.000000
0.000000
0.000000
0.000000
0.000000
0.000000
0.000000
0.000000
0.000000
0.000000
0.000000
0.000000
0.000000
0.000000
0.000000
0.000000
0.000000
0.000000
0.000000
0.000000
0.000000
0.000000
0.000000
0.000000
0.000000
0.000000
0.000000
0.000000
0.000000
0.000000
0.000000
0.000000
0.000000
0.000000
0.000000
0.000000
0.000000
0.000000
0.000000
0.000000
0.000000
0.000000
0.000000
0.000000
0.000000
0.000000
0.000000
0.000000
0.000000
0.000000
0.000000
0.000000
0.000000
0.000000
0.000000
0.000000
0.000000
0.000000
0.000000
0.000000
0.000000
0.000000
0.000000
0.000000
0.000000
0.000000
0.000000
0.000000
0.000000
0.000000
0.000000
0.000000
0.000000
0.000000
0.000000
0.000000
0.000000
0.000000
0.000000
0.000000
0.000000
0.000000
0.000000
0.000000
0.000000
0.000000
0.000000
0.000000
0.000000
0.000000
0.000000
0.000000
0.000000
0.000000
0.000000
0.000000
0.000000
0.000000
0.000000
0.000000
0.000000
0.000000
0.000000
0.000000
0.000000
0.000000
0.000000
0.000000
0.000000
0.000000
0.000000
0.000000
0.000000
0.000000
0.000000
0.000000
0.000000
0.000000
0.000000
0.000000
0.000000
0.000000
0.000000
0.000000
0.000000
0.000000
0.000000
0.000000
0.000000
0.000000
0.000000
0.000000
0.000000
0.000000
0.000000
0.000000
0.000000
0.000000
0.000000
0.000000
0.000000
0.000000
0.000000
0.000000
0.000000
0.000000
0.000000
0.000000
0.000000
0.000000
0.000000
0.000000
0.000000
0.000000
0.000000
0.000000
0.000000
0.000000
0.000000
0.000000
0.000000
0.000000
0.000000
0.000000
0.000000
0.000000
0.000000
0.000000
0.000000
0.000000
0.000000
0.000000
0.000000
0.000000
0.000000
0.000000
0.000000
0.000000
0.000000
0.000000
0.000000
0.000000
0.000000
0.000000
0.000000
0.000000
0.000000
0.000000
0.000000
0.000000
0.000000
0.000000
0.000000
0.000000
0.000000
0.000000
0.000000
0.000000
0.000000
0.000000
0.000000
0.000000
0.000000
0.000000
0.000000
0.000000
0.000000
0.000000
0.000000
0.000000
0.000000
0.000000
0.000000
0.000000
0.000000
0.000000
0.000000
0.000000
0.000000
0.000000
0.000000
0.000000
0.000000
0.000000
0.000000
0.000000
0.000000
0.000000
0.000000
0.000000
0.000000
0.000000
0.000000
0.000000
0.000000
0.000000
0.000000
0.000000
0.000000
0.000000
0.000000
0.000000
0.000000
0.000000
0.000000
0.000000
0.000000
0.000000
0.000000
0.000000
0.000000
0.000000
0.000000
0.000000
0.000000
0.000000
0.000000
0.000000
0.000000
0.000000
0.000000
0.000000
0.000000
0.000000
0.000000
0.000000
0.000000
0.000000
0.000000
0.000000
0.000000
0.000000
0.000000
0.000000
0.000000
0.000000
0.000000
0.000000
0.000000
0.000000
0.000000
0.000000
0.000000
0.000000
0.000000
0.000000
0.000000
0.000000
0.000000
0.000000
0.000000
0.000000
0.000000
0.000000
0.000000
0.000000
0.000000
0.000000
0.000000
0.000000
0.000000
0.000000
0.000000
0.000000
0.000000
0.000000
0.000000
0.000000
0.000000
0.000000
0.000000
0.000000
0.000000
0.000000
0.000000
0.000000
0.000000
0.000000
0.000000
0.000000
2967525.000000
1646690.000000
1707045.000000
1567582.000000
1585544.000000
1462933.000000
1466155.000000
1069135.000000
1683728.000000
1764505.000000
1912248.000000
1868482.000000
1631273.000000
1445168.000000
1735658.000000
1611097.000000
1688325.000000
1889422.000000
1387764.000000
547133.000000
1451625.000000
1420625.000000
2014967.000000
1884362.000000
1567510.000000
1826894.000000
1596006.000000
202587.000000
1590005.000000
1795101.000000
1755102.000000
1828929.000000
1413274.000000
1652830.000000
1402042.000000
132973.000000
1720038.000000
1752129.000000
1737550.000000
1965068.000000
997321.000000
851358.000000
1659287.000000
1672858.000000
1529531.000000
1680475.000000
1761151.000000
1579393.000000
1884765.000000
541831.000000
1681045.000000
1522037.000000
1570554.000000
1669719.000000
2039651.000000
1307613.000000
1648875.000000
1756379.000000
1702464.000000
1536319.000000
1659315.000000
1935127.000000
1121619.000000
1085068.000000
66274.000000
1350154.000000
1607783.000000
1741258.000000
1844516.000000
1129221.000000
1513051.000000
1875832.000000
78450.000000
1240301.000000
1797961.000000
1655926.000000
1710230.000000
1936092.000000
623920.000000
1908844.000000
1309371.000000
1738227.000000
1836901.000000
1930708.000000
1557775.000000
1980329.000000
1447397.000000
665443.000000
104400.000000
1907767.000000
1888123.000000
985827.000000
64631.000000
1577708.000000
1818437.000000
962800.000000
640071.000000
1720520.000000
1766515.000000
1379708.000000
1728263.000000
1532070.000000
1934807.000000
1905104.000000
1605726.000000
1503524.000000
1162424.000000
1441230.000000
1774516.000000
1619407.000000
1320893.000000
1784750.000000
1778443.000000
807248.000000
2029107.000000
888763.000000
1275916.000000
1185156.000000
1377428.000000
1797918.000000
1725277.000000
2023731.000000
1581886.000000
1935745.000000
1690990.000000
1894575.000000
1245232.000000
1870259.000000
1249099.000000
1665535.000000
661876.000000
1607079.000000
1898486.000000
359225.000000
1738609.000000
562398.000000
1854315.000000
595411.000000
1752525.000000
1828855.000000
1169206.000000
1981933.000000
1978203.000000
1432418.000000
1561339.000000
1212024.000000
1677997.000000
1960965.000000
422429.000000
1928387.000000
1760289.000000
580311.000000
702008.000000
1834660.000000
1746828.000000
1014161.000000
1724874.000000
1905109.000000
1697321.000000
93452.000000
202435.000000
1690471.000000
1906390.000000
1585225.000000
1728703.000000
1940041.000000
1585056.000000
1699698.000000
1766903.000000
1164150.000000
1893938.000000
1900121.000000
1797290.000000
968744.000000
1621373.000000
1710885.000000
1821160.000000
1681795.000000
1788379.000000
435170.000000
1798155.000000
1464355.000000
1782862.000000
1401901.000000
1765172.000000
1895480.000000
1565194.000000
962153.000000
114477.000000
1830431.000000
111356.000000
1574733.000000
1785091.000000
1570516.000000
1545250.000000
1824898.000000
1842075.000000
675799.000000
682979.000000
1582712.000000
1695081.000000
1177817.000000
1455739.000000
1480546.000000
1721905.000000
1688237.000000
1645839.000000
1895162.000000
1778913.000000
1407911.000000
1984893.000000
1716473.000000
1602662.000000
61925.000000
1883273.000000
1616671.000000
1897558.000000
1699092.000000
1711371.000000
1728790.000000
1679730.000000
1725390.000000
1671408.000000
1382520.000000
729020.000000
1809780.000000
1645095.000000
2125673.000000
1836650.000000
1759935.000000
1686220.000000
1666565.000000
1896285.000000
1715088.000000
1846578.000000
1762379.000000
1716004.000000
1804832.000000
1700003.000000
85194.000000
901959.000000
1793602.000000
1724093.000000
376121.000000
1576727.000000
1784489.000000
1663974.000000
1473821.000000
1727721.000000
1758862.000000
1899952.000000
1754604.000000
1770612.000000
1685946.000000
1646455.000000
1345777.000000
1684391.000000
1535326.000000
1380627.000000
1000865.000000
1933203.000000
1487566.000000
1691073.000000
1745631.000000
1581112.000000
956376.000000
1982267.000000
1681716.000000
2069652.000000
827206.000000
1946344.000000
1903843.000000
1695167.000000
603350.000000
1382938.000000
1079380.000000
1757267.000000
775789.000000
126472.000000
1198662.000000
1968536.000000
1490214.000000
2008608.000000
1987776.000000
1751112.000000
1067892.000000
1561125.000000
1877526.000000
1080137.000000
325006.000000
1558375.000000
1783315.000000
1831302.000000
1789367.000000
1701445.000000
1640433.000000
1503536.000000
1133072.000000
922089.000000
1804629.000000
1830293.000000
1607122.000000
380689.000000
1574151.000000
1621705.000000
112963.000000
225433.000000
1754334.000000
1637956.000000
1744323.000000
215213.000000
1958630.000000
1761223.000000
2040884.000000
466194.000000
1613725.000000
1681433.000000
1765007.000000
1770963.000000
1313827.000000
1003449.000000
1854260.000000
781445.000000
2004950.000000
1884085.000000
1475893.000000
614858.000000
1604425.000000
1330635.000000
1841308.000000
1934100.000000
1615321.000000
1844250.000000
771488.000000
1850822.000000
1586189.000000
1816852.000000
1660648.000000
1909878.000000
1805774.000000
1681072.000000
1879209.000000
1495497.000000
1617092.000000
1175511.000000
1758928.000000
1860599.000000
281541.000000
1720533.000000
943096.000000
1873318.000000
916274.000000
1849516.000000
1917326.000000
1713227.000000
1651248.000000
1623146.000000
1587479.000000
1792157.000000
1122965.000000
1466271.000000
1847931.000000
443678.000000
2019674.000000
1610740.000000
1012991.000000
1596377.000000
1136939.000000
1933028.000000
1716705.000000
1460111.000000
340480.000000
1695391.000000
1518582.000000
1782788.000000
1748890.000000
1566068.000000
1823778.000000
1597298.000000
1081170.000000
1870976.000000
1864626.000000
1713852.000000
1640458.000000
559661.000000
558159.000000
1820276.000000
1165851.000000
1975835.000000
1781497.000000
1864243.000000
488457.000000
1769922.000000
1817063.000000
1629575.000000
1705010.000000
1895036.000000
1573659.000000
1557019.000000
750471.000000
771954.000000
1813137.000000
1698119.000000
1684288.000000
1021516.000000
1760165.000000
107922.000000
1775739.000000
1414064.000000
2000607.000000
1688069.000000
1993893.000000
1592221.000000
1192654.000000
576970.000000
1733853.000000
1844189.000000
1878702.000000
1048767.000000
1984071.000000
1698930.000000
1867261.000000
1041767.000000
548341.000000
1789359.000000
1923411.000000
496196.000000
1769598.000000
161493.000000
1715521.000000
1950496.000000
1935251.000000
1922487.000000
243774.000000
1144446.000000
1475172.000000
1631295.000000
1685878.000000
1535282.000000
1830100.000000
1598599.000000
1879856.000000
1885500.000000
1889560.000000
637702.000000
1346905.000000
1416110.000000
563650.000000
1776693.000000
1912803.000000
1899762.000000
1904440.000000
1728764.000000
1310914.000000
1598230.000000
604489.000000
1850143.000000
1086940.000000
1673202.000000
1628619.000000
1463643.000000
1375376.000000
1836271.000000
1676416.000000
452460.000000
1751874.000000
1296872.000000
1360265.000000
1764575.000000
1821673.000000
1677236.000000
182650.000000
1598358.000000
1190464.000000
500175.000000
1854832.000000
686693.000000
1900905.000000
1654957.000000
1791066.000000
1696060.000000
155440.000000
416248.000000
1697340.000000
1891002.000000
1803732.000000
2082092.000000
101239.000000
1666832.000000
1920871.000000
1817896.000000
1518921.000000
1956492.000000
1866342.000000
