0.000000
0.000000
0.000000
0.000000
0.000000
0.000000
0.000000
0.000000
0.000000
0.000000
0.000000
0.000000
0.000000
0.000000
0.000000
0.000000
0.000000
0.000000
0.000000
0.000000
0.000000
0.000000
0.000000
0.000000
0.000000
0.000000
0.000000
0.000000
0.000000
0.000000
0.000000
0.000000
0.000000
0.000000
0.000000
0.000000
0.000000
0.000000
0.000000
0.000000
0.000000
0.000000
0.000000
0.000000
0.000000
0.000000
0.000000
0.000000
0.000000
0.000000
0.000000
0.000000
0.000000
0.000000
0.000000
0.000000
0.000000
0.000000
0.000000
0.000000
0.000000
0.000000
0.000000
0.000000
0.000000
0.000000
0.000000
0.000000
0.000000
0.000000
0.000000
0.000000
0.000000
0.000000
0.000000
0.000000
0.000000
0.000000
0.000000
0.000000
0.000000
0.000000
0.000000
0.000000
0.000000
0.000000
0.000000
0.000000
0.000000
0.000000
0.000000
0.000000
0.000000
0.000000
0.000000
0.000000
0.000000
0.000000
0.000000
0.000000
0.000000
0.000000
0.000000
0.000000
0.000000
0.000000
0.000000
0.000000
0.000000
0.000000
0.000000
0.000000
0.000000
0.000000
0.000000
0.000000
0.000000
0.000000
0.000000
0.000000
0.000000
0.000000
0.000000
0.000000
0.000000
0.000000
0.000000
0.000000
0.000000
0.000000
0.000000
0.000000
0.000000
0.000000
0.000000
0.000000
0.000000
0.000000
0.000000
0.000000
0.000000
0.000000
0.000000
0.000000
0.000000
0.000000
0.000000
0.000000
0.000000
0.000000
0.000000
0.000000
0.000000
0.000000
0.000000
0.000000
0.000000
0.000000
0.000000
0.000000
0.000000
0.000000
0.000000
0.000000
0.000000
0.000000
0.000000
0.000000
0.000000
0.000000
0.000000
0.000000
0.000000
0.000000
0.000000
0.000000
0.000000
0.000000
0.000000
0.000000
0.000000
0.000000
0.000000
0.000000
0.000000
0.000000
0.000000
0.000000
0.000000
0.000000
0.000000
0.000000
0.000000
0.000000
0.000000
0.000000
0.000000
0.000000
0.000000
0.000000
0.000000
0.000000
0.000000
0.000000
0.000000
0.000000
0.000000
0.000000
0.000000
0.000000
0.000000
0.000000
0.000000
0.000000
0.000000
0.000000
0.000000
0.000000
0.000000
0.000000
0.000000
0.000000
0.000000
0.000000
0.000000
0.000000
0.000000
0.000000
0.000000
0.000000
0.000000
0.000000
0.000000
0.000000
0.000000
0.000000
0.000000
0.000000
0.000000
0.000000
0.000000
0.000000
0.000000
0.000000
0.000000
0.000000
0.000000
0.000000
0.000000
0.000000
0.000000
0.000000
0.000000
0.000000
0.000000
0.000000
0.000000
0.000000
0.000000
0.000000
0.000000
0.000000
0.000000
0.000000
0.000000
0.000000
0.000000
0.000000
0.000000
0.000000
0.000000
0.000000
0.000000
0.000000
0.000000
0.000000
0.000000
0.000000
0.000000
0.000000
0.000000
0.000000
0.000000
0.000000
0.000000
0.000000
0.000000
0.000000
0.000000
0.000000
0.000000
0.000000
0.000000
0.000000
0.000000
0.000000
0.000000
0.000000
0.000000
0.000000
0.000000
0.000000
0.000000
0.000000
0.000000
0.000000
0.000000
0.000000
0.000000
0.000000
0.000000
0.000000
0.000000
0.000000
0.000000
0.000000
0.000000
0.000000
0.000000
0.000000
0.000000
0.000000
0.000000
0.000000
0.000000
0.000000
0.000000
0.000000
0.000000
0.000000
0.000000
0.000000
0.000000
0.000000
0.000000
0.000000
0.000000
0.000000
0.000000
0.000000
0.000000
0.000000
0.000000
0.000000
0.000000
0.000000
0.000000
0.000000
0.000000
0.000000
0.000000
0.000000
0.000000
0.000000
0.000000
0.000000
0.000000
0.000000
0.000000
0.000000
0.000000
0.000000
0.000000
0.000000
0.000000
0.000000
0.000000
0.000000
0.000000
0.000000
0.000000
0.000000
0.000000
0.000000
0.000000
0.000000
0.000000
0.000000
0.000000
0.000000
0.000000
0.000000
0.000000
0.000000
0.000000
0.000000
0.000000
0.000000
0.000000
0.000000
0.000000
0.000000
17115180.000000
3968314.000000
4589923.000000
7654212.000000
2230963.000000
1149513.000000
4715371.000000
7562274.000000
4276018.000000
6932943.000000
6096626.000000
3939658.000000
4649370.000000
4861055.000000
4004392.000000
6135736.000000
2233979.000000
604263.000000
2824746.000000
1614965.000000
9668416.000000
5697410.000000
3678311.000000
7875439.000000
4530723.000000
183064.000000
2766442.000000
6126825.000000
6819157.000000
8230995.000000
2533228.000000
4033871.000000
6737864.000000
159665.000000
9015274.000000
5624532.000000
8238935.000000
7578870.000000
1055537.000000
991240.000000
4095944.000000
3317431.000000
2295697.000000
3457745.000000
7513026.000000
3684789.000000
6408057.000000
604678.000000
2774820.000000
2280266.000000
9565342.000000
7405512.000000
4440195.000000
1901035.000000
7287430.000000
7281497.000000
7330580.000000
4091574.000000
9353007.000000
9667328.000000
1291367.000000
1528468.000000
74184.000000
1663041.000000
8341569.000000
5073349.000000
4853042.000000
1212913.000000
2613277.000000
6193378.000000
78124.000000
1494789.000000
6990565.000000
6849267.000000
9139491.000000
4706102.000000
511387.000000
6540031.000000
2416203.000000
7604955.000000
2797464.000000
4674778.000000
5024036.000000
8566363.000000
2252476.000000
701374.000000
98521.000000
7429026.000000
4914870.000000
5306779.000000
83044.000000
3187571.000000
8309454.000000
1122813.000000
672498.000000
4578354.000000
8413179.000000
2364612.000000
3359439.000000
2388134.000000
5157658.000000
5075775.000000
6147066.000000
2483615.000000
1182857.000000
4512503.000000
4744246.000000
8603866.000000
2288596.000000
3454285.000000
4439663.000000
693591.000000
8500887.000000
1035184.000000
6249375.000000
1271111.000000
2741796.000000
3028909.000000
5258939.000000
7316141.000000
4814779.000000
8036429.000000
4489601.000000
8922371.000000
2170448.000000
6649722.000000
1535620.000000
2758174.000000
671197.000000
4494864.000000
8562242.000000
329390.000000
7285481.000000
646104.000000
4400723.000000
826397.000000
5430046.000000
8218714.000000
4679127.000000
4166685.000000
6870803.000000
2246276.000000
2465068.000000
2588919.000000
6005770.000000
4509334.000000
467714.000000
9184245.000000
2878340.000000
486374.000000
717843.000000
5249243.000000
5057888.000000
1531781.000000
8675445.000000
8716678.000000
4510163.000000
89165.000000
304194.000000
5859716.000000
6512832.000000
4462702.000000
8128191.000000
5299923.000000
4567382.000000
6104210.000000
7400530.000000
1890043.000000
5157122.000000
7612908.000000
3007785.000000
1156687.000000
3768849.000000
4052063.000000
6581019.000000
7260368.000000
2933276.000000
466370.000000
9078167.000000
2059430.000000
5102376.000000
2546947.000000
7759304.000000
6120952.000000
4984892.000000
1029978.000000
102547.000000
8126171.000000
142942.000000
2797094.000000
8594595.000000
5837664.000000
9375529.000000
7819371.000000
7928203.000000
663308.000000
624677.000000
6833106.000000
7079697.000000
1681083.000000
2677102.000000
2117190.000000
5030162.000000
4610287.000000
2829909.000000
5409020.000000
10560830.000000
2436704.000000
6511567.000000
6348255.000000
5848823.000000
76630.000000
7379032.000000
5361443.000000
6472492.000000
6284707.000000
6252028.000000
4271269.000000
3108654.000000
5185989.000000
4134609.000000
2006808.000000
624943.000000
3912019.000000
4749643.000000
8837388.000000
5688576.000000
5501966.000000
4533468.000000
6346914.000000
5919823.000000
3648053.000000
5630487.000000
5714843.000000
9574432.000000
5829929.000000
2955638.000000
83942.000000
726625.000000
6022801.000000
3736681.000000
379840.000000
4801478.000000
7164134.000000
3003737.000000
2998832.000000
9009744.000000
4109869.000000
6854680.000000
4135194.000000
4037822.000000
5716055.000000
6788560.000000
4517498.000000
3442612.000000
6758109.000000
3262152.000000
1152668.000000
8037899.000000
3254386.000000
7842991.000000
6311692.000000
3008188.000000
1163590.000000
8708270.000000
4554564.000000
9447574.000000
3956534.000000
5835628.000000
4362303.000000
3645595.000000
684346.000000
3118560.000000
1491595.000000
7630742.000000
702327.000000
130060.000000
1416232.000000
6368647.000000
2373315.000000
4784487.000000
8405025.000000
5192957.000000
1237857.000000
4483572.000000
5820631.000000
1448265.000000
412372.000000
4445694.000000
5521822.000000
5695806.000000
4680525.000000
3927773.000000
2904256.000000
2291198.000000
2839175.000000
1286317.000000
8036323.000000
5960223.000000
6094432.000000
354729.000000
2431611.000000
4875711.000000
110023.000000
276588.000000
2980251.000000
7196887.000000
3887534.000000
232830.000000
6458104.000000
5154714.000000
4085130.000000
481857.000000
6838616.000000
6180433.000000
4519384.000000
6779511.000000
1896564.000000
1148338.000000
8104779.000000
851521.000000
8826659.000000
3996771.000000
2433610.000000
808698.000000
4071430.000000
1846880.000000
7218871.000000
4524739.000000
6998513.000000
5028552.000000
1042195.000000
5313975.000000
5951021.000000
7005373.000000
4441460.000000
4808139.000000
5593490.000000
2836772.000000
6770209.000000
1993468.000000
5636351.000000
2269458.000000
7484969.000000
6647320.000000
244731.000000
6999869.000000
1042035.000000
7505415.000000
948125.000000
6026727.000000
4140962.000000
8489673.000000
7328384.000000
8517621.000000
5541704.000000
6532489.000000
2852700.000000
2033549.000000
7787013.000000
349459.000000
8256539.000000
6826217.000000
1617384.000000
7313478.000000
1278450.000000
7147055.000000
5924152.000000
4466921.000000
297718.000000
5969140.000000
3732262.000000
3359525.000000
4466888.000000
3787171.000000
9161997.000000
3309912.000000
1985103.000000
9421442.000000
5719169.000000
7548072.000000
5104598.000000
605519.000000
448811.000000
4729423.000000
1617607.000000
4975790.000000
7001816.000000
3505230.000000
476577.000000
5443737.000000
6472097.000000
7810906.000000
7494115.000000
4301803.000000
5166565.000000
2697003.000000
912215.000000
1031169.000000
5309313.000000
5126606.000000
4216130.000000
1783948.000000
8132756.000000
94646.000000
3183437.000000
3828004.000000
7637857.000000
5106127.000000
8355444.000000
4893825.000000
1603360.000000
647400.000000
8950769.000000
6682901.000000
6416011.000000
1717185.000000
6576018.000000
3499874.000000
5873798.000000
1265858.000000
555310.000000
7275204.000000
6151288.000000
630222.000000
7084103.000000
171204.000000
6606385.000000
6201077.000000
7287518.000000
5860240.000000
389476.000000
1616452.000000
2857732.000000
3851460.000000
5986727.000000
2434540.000000
5404466.000000
5239596.000000
3743268.000000
6867843.000000
7885645.000000
625128.000000
3828906.000000
7021210.000000
546299.000000
4816021.000000
4249728.000000
9678566.000000
3718920.000000
7771236.000000
1772607.000000
5380802.000000
559058.000000
5172329.000000
1353809.000000
6912120.000000
2752759.000000
3408885.000000
7742383.000000
5884697.000000
5472398.000000
465543.000000
8888006.000000
2738935.000000
1844786.000000
6122368.000000
4385867.000000
3205518.000000
150934.000000
2929079.000000
1582150.000000
472647.000000
7612411.000000
655178.000000
3213554.000000
3179035.000000
6950830.000000
4775713.000000
155085.000000
405654.000000
2937713.000000
6225927.000000
3003295.000000
6378424.000000
134955.000000
9445190.000000
7827959.000000
5981890.000000
3176390.000000
7245527.000000
8297835.000000
