0.000000
0.000000
0.000000
0.000000
0.000000
0.000000
0.000000
0.000000
0.000000
0.000000
0.000000
0.000000
0.000000
0.000000
0.000000
0.000000
0.000000
0.000000
0.000000
0.000000
0.000000
0.000000
0.000000
0.000000
0.000000
0.000000
0.000000
0.000000
0.000000
0.000000
0.000000
0.000000
0.000000
0.000000
0.000000
0.000000
0.000000
0.000000
0.000000
0.000000
0.000000
0.000000
0.000000
0.000000
0.000000
0.000000
0.000000
0.000000
0.000000
0.000000
0.000000
0.000000
0.000000
0.000000
0.000000
0.000000
0.000000
0.000000
0.000000
0.000000
0.000000
0.000000
0.000000
0.000000
0.000000
0.000000
0.000000
0.000000
0.000000
0.000000
0.000000
0.000000
0.000000
0.000000
0.000000
0.000000
0.000000
0.000000
0.000000
0.000000
0.000000
0.000000
0.000000
0.000000
0.000000
0.000000
0.000000
0.000000
0.000000
0.000000
0.000000
0.000000
0.000000
0.000000
0.000000
0.000000
0.000000
0.000000
0.000000
0.000000
0.000000
0.000000
0.000000
0.000000
0.000000
0.000000
0.000000
0.000000
0.000000
0.000000
0.000000
0.000000
0.000000
0.000000
0.000000
0.000000
0.000000
0.000000
0.000000
0.000000
0.000000
0.000000
0.000000
0.000000
0.000000
0.000000
0.000000
0.000000
0.000000
0.000000
0.000000
0.000000
0.000000
0.000000
0.000000
0.000000
0.000000
0.000000
0.000000
0.000000
0.000000
0.000000
0.000000
0.000000
0.000000
0.000000
0.000000
0.000000
0.000000
0.000000
0.000000
0.000000
0.000000
0.000000
0.000000
0.000000
0.000000
0.000000
0.000000
0.000000
0.000000
0.000000
0.000000
0.000000
0.000000
0.000000
0.000000
0.000000
0.000000
0.000000
0.000000
0.000000
0.000000
0.000000
0.000000
0.000000
0.000000
0.000000
0.000000
0.000000
0.000000
0.000000
0.000000
0.000000
0.000000
0.000000
0.000000
0.000000
0.000000
0.000000
0.000000
0.000000
0.000000
0.000000
0.000000
0.000000
0.000000
0.000000
0.000000
0.000000
0.000000
0.000000
0.000000
0.000000
0.000000
0.000000
0.000000
0.000000
0.000000
0.000000
0.000000
0.000000
0.000000
0.000000
0.000000
0.000000
0.000000
0.000000
0.000000
0.000000
0.000000
0.000000
0.000000
0.000000
0.000000
0.000000
0.000000
0.000000
0.000000
0.000000
0.000000
0.000000
0.000000
0.000000
0.000000
0.000000
0.000000
0.000000
0.000000
0.000000
0.000000
0.000000
0.000000
0.000000
0.000000
0.000000
0.000000
0.000000
0.000000
0.000000
0.000000
0.000000
0.000000
0.000000
0.000000
0.000000
0.000000
0.000000
0.000000
0.000000
0.000000
0.000000
0.000000
0.000000
0.000000
0.000000
0.000000
0.000000
0.000000
0.000000
0.000000
0.000000
0.000000
0.000000
0.000000
0.000000
0.000000
0.000000
0.000000
0.000000
0.000000
0.000000
0.000000
0.000000
0.000000
0.000000
0.000000
0.000000
0.000000
0.000000
0.000000
0.000000
0.000000
0.000000
0.000000
0.000000
0.000000
0.000000
0.000000
0.000000
0.000000
0.000000
0.000000
0.000000
0.000000
0.000000
0.000000
0.000000
0.000000
0.000000
0.000000
0.000000
0.000000
0.000000
0.000000
0.000000
0.000000
0.000000
0.000000
0.000000
0.000000
0.000000
0.000000
0.000000
0.000000
0.000000
0.000000
0.000000
0.000000
0.000000
0.000000
0.000000
0.000000
0.000000
0.000000
0.000000
0.000000
0.000000
0.000000
0.000000
0.000000
0.000000
0.000000
0.000000
0.000000
0.000000
0.000000
0.000000
0.000000
0.000000
0.000000
0.000000
0.000000
0.000000
0.000000
0.000000
0.000000
0.000000
0.000000
0.000000
0.000000
0.000000
0.000000
0.000000
0.000000
0.000000
0.000000
0.000000
0.000000
0.000000
0.000000
0.000000
0.000000
0.000000
0.000000
0.000000
0.000000
0.000000
0.000000
0.000000
0.000000
0.000000
0.000000
0.000000
0.000000
0.000000
0.000000
0.000000
0.000000
0.000000
0.000000
0.000000
0.000000
0.000000
0.000000
0.000000
0.000000
0.000000
0.000000
0.000000
0.000000
0.000000
0.000000
0.000000
0.000000
0.000000
0.000000
0.000000
3822330.000000
532441.000000
1638522.000000
1446479.000000
2251745.000000
2238293.000000
1806847.000000
2100416.000000
2187552.000000
226856.000000
1876621.000000
2261975.000000
2221985.000000
2221658.000000
1696266.000000
1729470.000000
2088456.000000
139288.000000
2419898.000000
2390738.000000
2413291.000000
2413222.000000
964548.000000
906710.000000
1962063.000000
1921750.000000
1593924.000000
2150505.000000
2193496.000000
1992973.000000
2240738.000000
517737.000000
1802542.000000
1623738.000000
2414133.000000
2262566.000000
2222503.000000
1377031.000000
2068054.000000
2058535.000000
2250395.000000
1808863.000000
2413380.000000
2524607.000000
1104750.000000
1224958.000000
60467.000000
1662093.000000
2020582.000000
2163690.000000
2171920.000000
1155606.000000
1920905.000000
2263869.000000
88195.000000
1398817.000000
2460363.000000
2383161.000000
2330035.000000
1935064.000000
578157.000000
2349763.000000
1379754.000000
2319501.000000
2100201.000000
2050620.000000
2215299.000000
2494876.000000
1616209.000000
595972.000000
102103.000000
2186454.000000
2385302.000000
1465465.000000
75779.000000
1954624.000000
2290775.000000
1133323.000000
683706.000000
2446361.000000
2447577.000000
1534494.000000
1853450.000000
1681549.000000
2414575.000000
2195192.000000
2069666.000000
1613033.000000
1103927.000000
2177217.000000
2056597.000000
2151983.000000
1475930.000000
2192511.000000
1979347.000000
733148.000000
2515451.000000
894555.000000
1552737.000000
1232153.000000
1591788.000000
2149255.000000
2417079.000000
2194392.000000
2331350.000000
2219004.000000
2404354.000000
2363115.000000
1268623.000000
2453334.000000
1327081.000000
2047068.000000
527210.000000
2160862.000000
2254349.000000
337230.000000
2298924.000000
622722.000000
2227673.000000
726662.000000
2272771.000000
2152684.000000
1471808.000000
2286003.000000
2182305.000000
1676026.000000
1817546.000000
1412486.000000
2286809.000000
2262032.000000
421844.000000
2328133.000000
2038267.000000
516464.000000
680602.000000
2244761.000000
2086592.000000
1178545.000000
2142916.000000
2527880.000000
2438171.000000
98917.000000
191421.000000
2043699.000000
2211530.000000
2068552.000000
2074383.000000
2365328.000000
2132395.000000
2092703.000000
2449239.000000
1293730.000000
2161886.000000
2247376.000000
1892407.000000
1107866.000000
2119327.000000
2257062.000000
2228231.000000
2339193.000000
2014904.000000
487738.000000
2451132.000000
1600658.000000
2194931.000000
1648335.000000
2276987.000000
2352937.000000
2171985.000000
985459.000000
148179.000000
2263309.000000
161785.000000
1756150.000000
2282762.000000
1953138.000000
2328941.000000
2472122.000000
2004506.000000
626789.000000
664580.000000
2116488.000000
2090302.000000
1239131.000000
1727114.000000
1642926.000000
2611258.000000
1973293.000000
1822224.000000
2153646.000000
2321723.000000
1599027.000000
2503799.000000
2394755.000000
1965257.000000
63871.000000
2193619.000000
2207806.000000
2297023.000000
2231482.000000
2231605.000000
1827720.000000
1878688.000000
2182068.000000
1891091.000000
1675101.000000
741546.000000
2046285.000000
2231371.000000
2103595.000000
2169241.000000
2002721.000000
2090049.000000
1921817.000000
2386736.000000
2109598.000000
2210086.000000
2544226.000000
2224949.000000
2397954.000000
1810876.000000
87573.000000
900997.000000
2099274.000000
2020982.000000
401538.000000
1729668.000000
2340493.000000
1981802.000000
1890506.000000
2217023.000000
2163516.000000
2300238.000000
2145780.000000
2150918.000000
2043587.000000
2161476.000000
1579796.000000
1771355.000000
1955917.000000
1840234.000000
1173928.000000
2378529.000000
1807222.000000
2444291.000000
2045971.000000
1816782.000000
1185732.000000
2191386.000000
2081711.000000
2428177.000000
1143556.000000
2369999.000000
2248402.000000
1694926.000000
590778.000000
1545095.000000
1145960.000000
2406053.000000
718491.000000
106691.000000
1189554.000000
2215900.000000
1830303.000000
2395642.000000
2658539.000000
2321303.000000
1158678.000000
2078026.000000
2214528.000000
1202486.000000
270340.000000
1996953.000000
2181943.000000
2550252.000000
2123886.000000
1907007.000000
1861324.000000
1676332.000000
1262468.000000
922676.000000
2312042.000000
2070273.000000
2295211.000000
391800.000000
1771903.000000
2178751.000000
100233.000000
274571.000000
2084774.000000
2033190.000000
2257646.000000
191653.000000
1988029.000000
2131598.000000
1936664.000000
413399.000000
2266980.000000
2208293.000000
2390039.000000
2443505.000000
1439411.000000
1214234.000000
2327909.000000
847751.000000
2434067.000000
2187211.000000
1755950.000000
605128.000000
2074217.000000
1454943.000000
2325927.000000
2189855.000000
2504783.000000
2153961.000000
881810.000000
2482661.000000
2089666.000000
2308192.000000
2234740.000000
2000575.000000
2242561.000000
1915872.000000
2331492.000000
1706649.000000
2384241.000000
1250177.000000
2176006.000000
2374259.000000
308175.000000
2030206.000000
950072.000000
2228242.000000
856045.000000
2190217.000000
2217748.000000
2005722.000000
2119210.000000
2207955.000000
2192770.000000
2204753.000000
1166482.000000
1696362.000000
2198802.000000
498230.000000
2263476.000000
2243145.000000
1027340.000000
2250373.000000
1326194.000000
2273993.000000
2215344.000000
1962333.000000
347893.000000
2318259.000000
2061327.000000
1907771.000000
2403114.000000
2023737.000000
2307376.000000
2012724.000000
1133113.000000
2378408.000000
2040000.000000
2256001.000000
2261902.000000
545595.000000
563715.000000
2114106.000000
1309398.000000
2335457.000000
2156825.000000
1993864.000000
400203.000000
2277261.000000
2409308.000000
2332468.000000
2291721.000000
2140265.000000
2575886.000000
1706265.000000
788922.000000
873527.000000
2171707.000000
2082474.000000
2258692.000000
1071244.000000
2384475.000000
103927.000000
2081697.000000
1667567.000000
2078662.000000
2474425.000000
2189290.000000
2254171.000000
1265225.000000
579067.000000
2249156.000000
2241570.000000
2127010.000000
1131878.000000
2324181.000000
1967659.000000
2260937.000000
1208942.000000
493837.000000
2350836.000000
2407831.000000
467929.000000
2145452.000000
166115.000000
2083215.000000
2451397.000000
2257481.000000
2354395.000000
288650.000000
1168559.000000
1673000.000000
2319790.000000
2548865.000000
1649446.000000
2217182.000000
2127743.000000
2047714.000000
2373522.000000
2238247.000000
503467.000000
1418742.000000
2295493.000000
505716.000000
2072363.000000
1958997.000000
2398816.000000
2075269.000000
2363270.000000
1409895.000000
1884398.000000
540252.000000
2164137.000000
1301324.000000
2269691.000000
1784266.000000
2003261.000000
1718851.000000
2355914.000000
2337018.000000
443453.000000
2634936.000000
1443688.000000
1500621.000000
2543631.000000
2156016.000000
1898398.000000
190231.000000
1924780.000000
1320144.000000
539674.000000
2382216.000000
756377.000000
2109101.000000
2179697.000000
2161130.000000
2215716.000000
163104.000000
415887.000000
1853869.000000
2253103.000000
2164286.000000
2176795.000000
112346.000000
2335787.000000
2369752.000000
2429671.000000
1856039.000000
2435955.000000
2235803.000000
