0.000000
0.000000
0.000000
0.000000
0.000000
0.000000
0.000000
0.000000
0.000000
0.000000
0.000000
0.000000
0.000000
0.000000
0.000000
0.000000
0.000000
0.000000
0.000000
0.000000
0.000000
0.000000
0.000000
0.000000
0.000000
0.000000
0.000000
0.000000
0.000000
0.000000
0.000000
0.000000
0.000000
0.000000
0.000000
0.000000
0.000000
0.000000
0.000000
0.000000
0.000000
0.000000
0.000000
0.000000
0.000000
0.000000
0.000000
0.000000
0.000000
0.000000
0.000000
0.000000
0.000000
0.000000
0.000000
0.000000
0.000000
0.000000
0.000000
0.000000
0.000000
0.000000
0.000000
0.000000
0.000000
0.000000
0.000000
0.000000
0.000000
0.000000
0.000000
0.000000
0.000000
0.000000
0.000000
0.000000
0.000000
0.000000
0.000000
0.000000
0.000000
0.000000
0.000000
0.000000
0.000000
0.000000
0.000000
0.000000
0.000000
0.000000
0.000000
0.000000
0.000000
0.000000
0.000000
0.000000
0.000000
0.000000
0.000000
0.000000
0.000000
0.000000
0.000000
0.000000
0.000000
0.000000
0.000000
0.000000
0.000000
0.000000
0.000000
0.000000
0.000000
0.000000
0.000000
0.000000
0.000000
0.000000
0.000000
0.000000
0.000000
0.000000
0.000000
0.000000
0.000000
0.000000
0.000000
0.000000
0.000000
0.000000
0.000000
0.000000
0.000000
0.000000
0.000000
0.000000
0.000000
0.000000
0.000000
0.000000
0.000000
0.000000
0.000000
0.000000
0.000000
0.000000
0.000000
0.000000
0.000000
0.000000
0.000000
0.000000
0.000000
0.000000
0.000000
0.000000
0.000000
0.000000
0.000000
0.000000
0.000000
0.000000
0.000000
0.000000
0.000000
0.000000
0.000000
0.000000
0.000000
0.000000
0.000000
0.000000
0.000000
0.000000
0.000000
0.000000
0.000000
0.000000
0.000000
0.000000
0.000000
0.000000
0.000000
0.000000
0.000000
0.000000
0.000000
0.000000
0.000000
0.000000
0.000000
0.000000
0.000000
0.000000
0.000000
0.000000
0.000000
0.000000
0.000000
0.000000
0.000000
0.000000
0.000000
0.000000
0.000000
0.000000
0.000000
0.000000
0.000000
0.000000
0.000000
0.000000
0.000000
0.000000
0.000000
0.000000
0.000000
0.000000
0.000000
0.000000
0.000000
0.000000
0.000000
0.000000
0.000000
0.000000
0.000000
0.000000
0.000000
0.000000
0.000000
0.000000
0.000000
0.000000
0.000000
0.000000
0.000000
0.000000
0.000000
0.000000
0.000000
0.000000
0.000000
0.000000
0.000000
0.000000
0.000000
0.000000
0.000000
0.000000
0.000000
0.000000
0.000000
0.000000
0.000000
0.000000
0.000000
0.000000
0.000000
0.000000
0.000000
0.000000
0.000000
0.000000
0.000000
0.000000
0.000000
0.000000
0.000000
0.000000
0.000000
0.000000
0.000000
0.000000
0.000000
0.000000
0.000000
0.000000
0.000000
0.000000
0.000000
0.000000
0.000000
0.000000
0.000000
0.000000
0.000000
0.000000
0.000000
0.000000
0.000000
0.000000
0.000000
0.000000
0.000000
0.000000
0.000000
0.000000
0.000000
0.000000
0.000000
0.000000
0.000000
0.000000
0.000000
0.000000
0.000000
0.000000
0.000000
0.000000
0.000000
0.000000
0.000000
0.000000
0.000000
0.000000
0.000000
0.000000
0.000000
0.000000
0.000000
0.000000
0.000000
0.000000
0.000000
0.000000
0.000000
0.000000
0.000000
0.000000
0.000000
0.000000
0.000000
0.000000
0.000000
0.000000
0.000000
0.000000
0.000000
0.000000
0.000000
0.000000
0.000000
0.000000
0.000000
0.000000
0.000000
0.000000
0.000000
0.000000
0.000000
0.000000
0.000000
0.000000
0.000000
0.000000
0.000000
0.000000
0.000000
0.000000
0.000000
0.000000
0.000000
0.000000
0.000000
0.000000
0.000000
0.000000
0.000000
0.000000
0.000000
0.000000
0.000000
0.000000
0.000000
0.000000
0.000000
0.000000
0.000000
0.000000
0.000000
0.000000
0.000000
0.000000
0.000000
0.000000
0.000000
0.000000
0.000000
0.000000
0.000000
0.000000
0.000000
0.000000
0.000000
0.000000
0.000000
0.000000
0.000000
0.000000
0.000000
0.000000
0.000000
0.000000
0.000000
0.000000
0.000000
0.000000
0.000000
0.000000
0.000000
0.000000
0.000000
0.000000
0.000000
0.000000
0.000000
0.000000
0.000000
0.000000
0.000000
0.000000
0.000000
0.000000
0.000000
0.000000
0.000000
0.000000
0.000000
0.000000
0.000000
0.000000
0.000000
0.000000
0.000000
0.000000
0.000000
0.000000
0.000000
0.000000
0.000000
0.000000
0.000000
24063765.000000
5360572.000000
1874118.000000
5732796.000000
7533173.000000
10569527.000000
3283348.000000
11612559.000000
10801489.000000
1212898.000000
1254212.000000
68457.000000
2532219.000000
10205390.000000
5375239.000000
6937105.000000
1471447.000000
3045056.000000
9784849.000000
94784.000000
1572201.000000
9493336.000000
7996212.000000
11534934.000000
4531449.000000
587636.000000
8911849.000000
1871294.000000
12180983.000000
3572672.000000
4911674.000000
7321998.000000
10487428.000000
2408988.000000
525785.000000
114174.000000
9336207.000000
6554673.000000
3828073.000000
90786.000000
3059530.000000
11458439.000000
1057316.000000
674534.000000
4882077.000000
10226526.000000
2475884.000000
3052279.000000
2322923.000000
6417089.000000
5207779.000000
6527112.000000
2070970.000000
1286631.000000
7787904.000000
5055977.000000
8999818.000000
1849978.000000
4206223.000000
5417826.000000
660854.000000
10507124.000000
919269.000000
5309679.000000
1154137.000000
2126920.000000
3927995.000000
6945817.000000
9655767.000000
5507331.000000
9719349.000000
6722843.000000
10188849.000000
1686773.000000
10133091.000000
2221289.000000
3401584.000000
589487.000000
6257485.000000
9081784.000000
290722.000000
7926041.000000
557978.000000
3941889.000000
748275.000000
7309601.000000
8417101.000000
3889607.000000
4660374.000000
10320798.000000
2518137.000000
3217189.000000
2515707.000000
6779348.000000
6281365.000000
469408.000000
11125535.000000
3824453.000000
554022.000000
588199.000000
7589856.000000
6663904.000000
1325301.000000
11134452.000000
11249244.000000
6452332.000000
90674.000000
221676.000000
5581805.000000
8308738.000000
5439864.000000
11178985.000000
6653129.000000
5103198.000000
6122912.000000
10487541.000000
1450742.000000
5700423.000000
10344507.000000
3605550.000000
1183244.000000
4163999.000000
5539286.000000
10161435.000000
8026142.000000
4244576.000000
357761.000000
10652030.000000
2520433.000000
4823743.000000
2805495.000000
11425784.000000
8103066.000000
5644545.000000
1070605.000000
142843.000000
11715101.000000
135856.000000
2752726.000000
12815804.000000
6704382.000000
10182609.000000
10043881.000000
7321865.000000
706739.000000
489237.000000
6166119.000000
9794265.000000
1373398.000000
2968682.000000
3287369.000000
6999827.000000
5050584.000000
2863812.000000
5647508.000000
12004334.000000
2205589.000000
7807125.000000
7972102.000000
6027066.000000
64946.000000
10164548.000000
8294872.000000
7227184.000000
8753744.000000
7480295.000000
3759709.000000
3670834.000000
6226116.000000
3221195.000000
2219519.000000
759745.000000
3672056.000000
5875213.000000
12508216.000000
6726518.000000
4492529.000000
5663701.000000
5320897.000000
7674819.000000
4863111.000000
8071282.000000
7492894.000000
11430746.000000
6724537.000000
2529146.000000
92981.000000
904212.000000
7297379.000000
4358358.000000
414128.000000
4164186.000000
10422841.000000
3980023.000000
3651980.000000
12239840.000000
6090963.000000
9226867.000000
5165572.000000
5227602.000000
5744850.000000
12220122.000000
3949852.000000
3118200.000000
6699104.000000
2875091.000000
1097198.000000
8659859.000000
2777844.000000
8599945.000000
6848155.000000
2780014.000000
1386637.000000
11311667.000000
4931589.000000
12800417.000000
2445786.000000
6708098.000000
5112919.000000
2992222.000000
555792.000000
2646597.000000
1043385.000000
11131881.000000
758583.000000
115592.000000
1126040.000000
7376731.000000
2483072.000000
6721973.000000
10242807.000000
6164210.000000
1115583.000000
4866607.000000
6736432.000000
1432211.000000
312241.000000
7024027.000000
7403239.000000
6900001.000000
5860201.000000
3507909.000000
3428686.000000
2455654.000000
2251323.000000
1032744.000000
8323670.000000
8234577.000000
6991857.000000
357028.000000
2801435.000000
5649494.000000
118350.000000
249500.000000
4173599.000000
7178963.000000
4096473.000000
220230.000000
6045898.000000
6514240.000000
5495010.000000
411912.000000
9114036.000000
8586062.000000
5799316.000000
7947064.000000
2083405.000000
1252300.000000
12301135.000000
739969.000000
10017181.000000
5354696.000000
2422003.000000
664821.000000
4590835.000000
2030776.000000
10396640.000000
4765842.000000
7564461.000000
6628577.000000
910683.000000
6210618.000000
5590099.000000
8904638.000000
5432678.000000
4448308.000000
8379249.000000
3206466.000000
7167192.000000
2405928.000000
6584746.000000
1754599.000000
11149079.000000
8771668.000000
274187.000000
9737374.000000
854562.000000
10518755.000000
925824.000000
7810580.000000
3873536.000000
8046179.000000
7811112.000000
10385151.000000
6767556.000000
8237286.000000
2304851.000000
2140783.000000
7725334.000000
470842.000000
10521273.000000
10435802.000000
1351650.000000
10935712.000000
1357627.000000
9812188.000000
6801413.000000
4558739.000000
324808.000000
8189374.000000
3731498.000000
4238994.000000
3976352.000000
5721296.000000
10653381.000000
4463235.000000
1527635.000000
12014883.000000
5842380.000000
11150836.000000
7497657.000000
538377.000000
569177.000000
6069069.000000
1337163.000000
5064706.000000
13382638.000000
3966643.000000
456490.000000
5352263.000000
7188217.000000
7920422.000000
12385048.000000
5500275.000000
6967054.000000
2667130.000000
652498.000000
715747.000000
4863603.000000
5365506.000000
4689609.000000
1268173.000000
8864842.000000
142639.000000
3290971.000000
3092340.000000
11955754.000000
5882065.000000
9708516.000000
6688387.000000
1352782.000000
504396.000000
10817457.000000
8811508.000000
6191036.000000
1335903.000000
8588443.000000
3062007.000000
6845877.000000
1255990.000000
526913.000000
8233700.000000
7557183.000000
467566.000000
7674897.000000
179095.000000
8001267.000000
6370994.000000
8536134.000000
7493699.000000
287838.000000
1444199.000000
2577894.000000
5336981.000000
7793919.000000
2385006.000000
6378992.000000
5685728.000000
5239916.000000
7983185.000000
8982173.000000
622695.000000
3684042.000000
6686612.000000
490411.000000
5573411.000000
4144077.000000
11176213.000000
5204535.000000
12801121.000000
1568165.000000
5317659.000000
518422.000000
6416988.000000
1511782.000000
7869435.000000
2830840.000000
3979729.000000
8133732.000000
7344483.000000
8805017.000000
510901.000000
12195279.000000
2355193.000000
2006455.000000
8111683.000000
5570189.000000
4409483.000000
173050.000000
2826799.000000
1403361.000000
587282.000000
9746310.000000
709024.000000
4252338.000000
3815366.000000
6677164.000000
5580805.000000
155028.000000
441542.000000
4079637.000000
7033211.000000
3686456.000000
8254196.000000
115866.000000
10074167.000000
11036751.000000
8385692.000000
3183194.000000
10743197.000000
8021601.000000
