0.000000
0.000000
0.000000
0.000000
0.000000
0.000000
0.000000
0.000000
0.000000
0.000000
0.000000
0.000000
0.000000
0.000000
0.000000
0.000000
0.000000
0.000000
0.000000
0.000000
0.000000
0.000000
0.000000
0.000000
0.000000
0.000000
0.000000
0.000000
0.000000
0.000000
0.000000
0.000000
0.000000
0.000000
0.000000
0.000000
0.000000
0.000000
0.000000
0.000000
0.000000
0.000000
0.000000
0.000000
0.000000
0.000000
0.000000
0.000000
0.000000
0.000000
0.000000
0.000000
0.000000
0.000000
0.000000
0.000000
0.000000
0.000000
0.000000
0.000000
0.000000
0.000000
0.000000
0.000000
0.000000
0.000000
0.000000
0.000000
0.000000
0.000000
0.000000
0.000000
0.000000
0.000000
0.000000
0.000000
0.000000
0.000000
0.000000
0.000000
0.000000
0.000000
0.000000
0.000000
0.000000
0.000000
0.000000
0.000000
0.000000
0.000000
0.000000
0.000000
0.000000
0.000000
0.000000
0.000000
0.000000
0.000000
0.000000
0.000000
0.000000
0.000000
0.000000
0.000000
0.000000
0.000000
0.000000
0.000000
0.000000
0.000000
0.000000
0.000000
0.000000
0.000000
0.000000
0.000000
0.000000
0.000000
0.000000
0.000000
0.000000
0.000000
0.000000
0.000000
0.000000
0.000000
0.000000
0.000000
0.000000
0.000000
0.000000
0.000000
0.000000
0.000000
0.000000
0.000000
0.000000
0.000000
0.000000
0.000000
0.000000
0.000000
0.000000
0.000000
0.000000
0.000000
0.000000
0.000000
0.000000
0.000000
0.000000
0.000000
0.000000
0.000000
0.000000
0.000000
0.000000
0.000000
0.000000
0.000000
0.000000
0.000000
0.000000
0.000000
0.000000
0.000000
0.000000
0.000000
0.000000
0.000000
0.000000
0.000000
0.000000
0.000000
0.000000
0.000000
0.000000
0.000000
0.000000
0.000000
0.000000
0.000000
0.000000
0.000000
0.000000
0.000000
0.000000
0.000000
0.000000
0.000000
0.000000
0.000000
0.000000
0.000000
0.000000
0.000000
0.000000
0.000000
0.000000
0.000000
0.000000
0.000000
0.000000
0.000000
0.000000
0.000000
0.000000
0.000000
0.000000
0.000000
0.000000
0.000000
0.000000
0.000000
0.000000
0.000000
0.000000
0.000000
0.000000
0.000000
0.000000
0.000000
0.000000
0.000000
0.000000
0.000000
0.000000
0.000000
0.000000
0.000000
0.000000
0.000000
0.000000
0.000000
0.000000
0.000000
0.000000
0.000000
0.000000
0.000000
0.000000
0.000000
0.000000
0.000000
0.000000
0.000000
0.000000
0.000000
0.000000
0.000000
0.000000
0.000000
0.000000
0.000000
0.000000
0.000000
0.000000
0.000000
0.000000
0.000000
0.000000
0.000000
0.000000
0.000000
0.000000
0.000000
0.000000
0.000000
0.000000
0.000000
0.000000
0.000000
0.000000
0.000000
0.000000
0.000000
0.000000
0.000000
0.000000
0.000000
0.000000
0.000000
0.000000
0.000000
0.000000
0.000000
0.000000
0.000000
0.000000
0.000000
0.000000
0.000000
0.000000
0.000000
0.000000
0.000000
0.000000
0.000000
0.000000
0.000000
0.000000
0.000000
0.000000
0.000000
0.000000
0.000000
0.000000
0.000000
0.000000
0.000000
0.000000
0.000000
0.000000
0.000000
0.000000
0.000000
0.000000
0.000000
0.000000
0.000000
0.000000
0.000000
0.000000
0.000000
0.000000
0.000000
0.000000
0.000000
0.000000
0.000000
0.000000
0.000000
0.000000
0.000000
0.000000
0.000000
0.000000
0.000000
0.000000
0.000000
0.000000
0.000000
0.000000
0.000000
0.000000
0.000000
0.000000
0.000000
0.000000
0.000000
0.000000
0.000000
0.000000
0.000000
0.000000
0.000000
0.000000
0.000000
0.000000
0.000000
0.000000
0.000000
0.000000
0.000000
0.000000
0.000000
0.000000
0.000000
0.000000
0.000000
0.000000
0.000000
0.000000
0.000000
0.000000
0.000000
0.000000
0.000000
0.000000
0.000000
0.000000
0.000000
0.000000
0.000000
0.000000
0.000000
0.000000
0.000000
0.000000
0.000000
0.000000
0.000000
0.000000
0.000000
0.000000
0.000000
0.000000
0.000000
0.000000
0.000000
0.000000
0.000000
0.000000
0.000000
0.000000
0.000000
0.000000
0.000000
0.000000
0.000000
0.000000
0.000000
0.000000
0.000000
0.000000
0.000000
0.000000
0.000000
0.000000
0.000000
0.000000
0.000000
0.000000
0.000000
0.000000
0.000000
0.000000
0.000000
0.000000
0.000000
0.000000
0.000000
0.000000
0.000000
0.000000
0.000000
0.000000
0.000000
0.000000
0.000000
0.000000
0.000000
0.000000
0.000000
0.000000
0.000000
0.000000
0.000000
0.000000
0.000000
0.000000
0.000000
0.000000
0.000000
0.000000
0.000000
0.000000
0.000000
0.000000
0.000000
0.000000
0.000000
0.000000
0.000000
0.000000
0.000000
0.000000
9001265.000000
671042.000000
4436479.000000
1919368.000000
4876206.000000
2878848.000000
4020480.000000
3793183.000000
5318480.000000
2385003.000000
529475.000000
101453.000000
4820694.000000
4003656.000000
3255358.000000
75600.000000
3009984.000000
4541124.000000
1163345.000000
669986.000000
3848286.000000
5466856.000000
2535722.000000
2991507.000000
2131700.000000
4139104.000000
3982969.000000
4605036.000000
2432406.000000
1361248.000000
3732233.000000
3704746.000000
5298547.000000
2034198.000000
3104801.000000
3772289.000000
723810.000000
6196316.000000
1101441.000000
3713767.000000
1441422.000000
2336454.000000
2712548.000000
4114225.000000
4567135.000000
3852501.000000
5239016.000000
4151284.000000
5406901.000000
1661522.000000
4616313.000000
1679754.000000
2642001.000000
658033.000000
4509649.000000
4708691.000000
360618.000000
4784247.000000
563879.000000
3470256.000000
743701.000000
4522002.000000
5498098.000000
3520606.000000
3703763.000000
4610952.000000
1957412.000000
2327418.000000
2325386.000000
4329364.000000
4062790.000000
472953.000000
5619322.000000
2749931.000000
515674.000000
714479.000000
3664021.000000
4234962.000000
1410335.000000
5890522.000000
5095749.000000
4139274.000000
109276.000000
268864.000000
4258345.000000
4829438.000000
3986672.000000
4960188.000000
4374524.000000
3451879.000000
4674470.000000
4427651.000000
2022270.000000
4292666.000000
5443524.000000
3012917.000000
1233820.000000
3201849.000000
3571725.000000
5150191.000000
5423628.000000
2754005.000000
465643.000000
5915061.000000
2094669.000000
4092808.000000
2525260.000000
4630008.000000
4778132.000000
4352126.000000
1241142.000000
135504.000000
5600444.000000
144601.000000
2859892.000000
6052554.000000
4557729.000000
5119295.000000
5336278.000000
5195567.000000
724032.000000
673587.000000
4653477.000000
4579477.000000
1690593.000000
2675822.000000
2193578.000000
4023653.000000
3689455.000000
2843741.000000
4175737.000000
5743777.000000
2452703.000000
4867637.000000
4343809.000000
4466377.000000
63636.000000
4951276.000000
4551136.000000
4897762.000000
5119838.000000
4577849.000000
3310436.000000
2999759.000000
3926118.000000
3787376.000000
2266017.000000
861576.000000
3160993.000000
3930675.000000
5377537.000000
3935899.000000
4425528.000000
3559857.000000
4408896.000000
4768385.000000
3424678.000000
4500886.000000
4556387.000000
5888092.000000
4416109.000000
2565318.000000
89006.000000
872558.000000
4022133.000000
3390218.000000
419474.000000
3477269.000000
4080231.000000
3026459.000000
2769701.000000
5252415.000000
3733730.000000
5350808.000000
3683518.000000
3531102.000000
4082149.000000
4842186.000000
3496806.000000
2767083.000000
4489696.000000
2849378.000000
1248983.000000
5259095.000000
2965327.000000
5045515.000000
4377229.000000
2713865.000000
1338470.000000
5249460.000000
3535510.000000
5443786.000000
2309722.000000
4458631.000000
3730901.000000
2958063.000000
658505.000000
2587484.000000
1529422.000000
4963369.000000
830471.000000
128050.000000
1402567.000000
4466687.000000
2318444.000000
3852790.000000
5370200.000000
4380910.000000
1253884.000000
3531010.000000
4390142.000000
1334680.000000
397292.000000
3775253.000000
4191028.000000
4236958.000000
3825873.000000
3289235.000000
2645466.000000
2355983.000000
2380910.000000
1133606.000000
5346790.000000
4486616.000000
4195250.000000
312987.000000
2639690.000000
3921972.000000
124100.000000
299171.000000
2929614.000000
4375014.000000
3277594.000000
196093.000000
4461613.000000
3969706.000000
3463815.000000
455037.000000
5309796.000000
4689450.000000
3742197.000000
5062591.000000
2156530.000000
1406837.000000
5062992.000000
757365.000000
5534060.000000
3461617.000000
2358755.000000
754933.000000
3205605.000000
1695426.000000
4786052.000000
3813275.000000
4938316.000000
4249216.000000
923628.000000
4161413.000000
4188211.000000
4743079.000000
3581334.000000
4038946.000000
4467039.000000
2544002.000000
4703083.000000
2007900.000000
4496247.000000
1927951.000000
4965115.000000
4863082.000000
300635.000000
5443539.000000
1171229.000000
5251705.000000
1061719.000000
5117395.000000
3232268.000000
5104958.000000
5252498.000000
5347219.000000
4094430.000000
4873692.000000
2500161.000000
1868155.000000
5040242.000000
479206.000000
5607032.000000
5210667.000000
1325776.000000
4899590.000000
1645529.000000
4882090.000000
4021441.000000
3319555.000000
325244.000000
4665153.000000
3160249.000000
2986122.000000
3580589.000000
3331361.000000
5770442.000000
3105699.000000
1819434.000000
6059341.000000
4119522.000000
4586512.000000
4088253.000000
687281.000000
491247.000000
4072731.000000
1384589.000000
3781764.000000
4568719.000000
3581572.000000
492430.000000
3854050.000000
4670596.000000
4990756.000000
5302748.000000
3648292.000000
4121617.000000
2909991.000000
909532.000000
1036970.000000
3786964.000000
4015267.000000
3602591.000000
1642316.000000
5176535.000000
114605.000000
3186002.000000
2993955.000000
4928571.000000
4342434.000000
5236317.000000
3932095.000000
1535760.000000
682158.000000
5099773.000000
4791612.000000
4626577.000000
1548320.000000
4932974.000000
2767661.000000
4475471.000000
1332158.000000
430839.000000
4455595.000000
4668952.000000
562389.000000
4897759.000000
157736.000000
4689756.000000
4717169.000000
5266548.000000
3798863.000000
321250.000000
1437459.000000
2611450.000000
3454004.000000
4735983.000000
2530865.000000
4505169.000000
4338871.000000
3329422.000000
5116714.000000
5292437.000000
566782.000000
2948573.000000
4577632.000000
476420.000000
3835947.000000
3574411.000000
5597534.000000
3383894.000000
4640410.000000
1902844.000000
3863497.000000
687308.000000
3932894.000000
1461038.000000
4418236.000000
2488433.000000
2868542.000000
4924567.000000
4369965.000000
4181716.000000
455190.000000
5092699.000000
2413252.000000
2168626.000000
4712343.000000
3753775.000000
3067592.000000
167221.000000
2891669.000000
1741334.000000
460757.000000
4961149.000000
643533.000000
3145914.000000
2955013.000000
4746923.000000
3837906.000000
150534.000000
564664.000000
2943647.000000
4631394.000000
3081794.000000
4604269.000000
122293.000000
5183524.000000
5075014.000000
5290338.000000
2992013.000000
5159293.000000
4888238.000000
