0.000000
0.000000
0.000000
0.000000
0.000000
0.000000
0.000000
0.000000
0.000000
0.000000
0.000000
0.000000
0.000000
0.000000
0.000000
0.000000
0.000000
0.000000
0.000000
0.000000
0.000000
0.000000
0.000000
0.000000
0.000000
0.000000
0.000000
0.000000
0.000000
0.000000
0.000000
0.000000
0.000000
0.000000
0.000000
0.000000
0.000000
0.000000
0.000000
0.000000
0.000000
0.000000
0.000000
0.000000
0.000000
0.000000
0.000000
0.000000
0.000000
0.000000
0.000000
0.000000
0.000000
0.000000
0.000000
0.000000
0.000000
0.000000
0.000000
0.000000
0.000000
0.000000
0.000000
0.000000
0.000000
0.000000
0.000000
0.000000
0.000000
0.000000
0.000000
0.000000
0.000000
0.000000
0.000000
0.000000
0.000000
0.000000
0.000000
0.000000
0.000000
0.000000
0.000000
0.000000
0.000000
0.000000
0.000000
0.000000
0.000000
0.000000
0.000000
0.000000
0.000000
0.000000
0.000000
0.000000
0.000000
0.000000
0.000000
0.000000
0.000000
0.000000
0.000000
0.000000
0.000000
0.000000
0.000000
0.000000
0.000000
0.000000
0.000000
0.000000
0.000000
0.000000
0.000000
0.000000
0.000000
0.000000
0.000000
0.000000
0.000000
0.000000
0.000000
0.000000
0.000000
0.000000
0.000000
0.000000
0.000000
0.000000
0.000000
0.000000
0.000000
0.000000
0.000000
0.000000
0.000000
0.000000
0.000000
0.000000
0.000000
0.000000
0.000000
0.000000
0.000000
0.000000
0.000000
0.000000
0.000000
0.000000
0.000000
0.000000
0.000000
0.000000
0.000000
0.000000
0.000000
0.000000
0.000000
0.000000
0.000000
0.000000
0.000000
0.000000
0.000000
0.000000
0.000000
0.000000
0.000000
0.000000
0.000000
0.000000
0.000000
0.000000
0.000000
0.000000
0.000000
0.000000
0.000000
0.000000
0.000000
0.000000
0.000000
0.000000
0.000000
0.000000
0.000000
0.000000
0.000000
0.000000
0.000000
0.000000
0.000000
0.000000
0.000000
0.000000
0.000000
0.000000
0.000000
0.000000
0.000000
0.000000
0.000000
0.000000
0.000000
0.000000
0.000000
0.000000
0.000000
0.000000
0.000000
0.000000
0.000000
0.000000
0.000000
0.000000
0.000000
0.000000
0.000000
0.000000
0.000000
0.000000
0.000000
0.000000
0.000000
0.000000
0.000000
0.000000
0.000000
0.000000
0.000000
0.000000
0.000000
0.000000
0.000000
0.000000
0.000000
0.000000
0.000000
0.000000
0.000000
0.000000
0.000000
0.000000
0.000000
0.000000
0.000000
0.000000
0.000000
0.000000
0.000000
0.000000
0.000000
0.000000
0.000000
0.000000
0.000000
0.000000
0.000000
0.000000
0.000000
0.000000
0.000000
0.000000
0.000000
0.000000
0.000000
0.000000
0.000000
0.000000
0.000000
0.000000
0.000000
0.000000
0.000000
0.000000
0.000000
0.000000
0.000000
0.000000
0.000000
0.000000
0.000000
0.000000
0.000000
0.000000
0.000000
0.000000
0.000000
0.000000
0.000000
0.000000
0.000000
0.000000
0.000000
0.000000
0.000000
0.000000
0.000000
0.000000
0.000000
0.000000
0.000000
0.000000
0.000000
0.000000
0.000000
0.000000
0.000000
0.000000
0.000000
0.000000
0.000000
0.000000
0.000000
0.000000
0.000000
0.000000
0.000000
0.000000
0.000000
0.000000
0.000000
0.000000
0.000000
0.000000
0.000000
0.000000
0.000000
0.000000
0.000000
0.000000
0.000000
0.000000
0.000000
0.000000
0.000000
0.000000
0.000000
0.000000
0.000000
0.000000
0.000000
0.000000
0.000000
0.000000
0.000000
0.000000
0.000000
0.000000
0.000000
0.000000
0.000000
0.000000
0.000000
0.000000
0.000000
0.000000
0.000000
0.000000
0.000000
0.000000
0.000000
0.000000
0.000000
0.000000
0.000000
0.000000
0.000000
0.000000
0.000000
0.000000
0.000000
0.000000
0.000000
0.000000
0.000000
0.000000
0.000000
0.000000
0.000000
0.000000
0.000000
0.000000
0.000000
0.000000
0.000000
0.000000
0.000000
0.000000
0.000000
0.000000
0.000000
0.000000
0.000000
0.000000
0.000000
0.000000
0.000000
0.000000
0.000000
0.000000
0.000000
0.000000
0.000000
0.000000
0.000000
0.000000
0.000000
0.000000
0.000000
0.000000
0.000000
0.000000
0.000000
0.000000
0.000000
0.000000
0.000000
0.000000
0.000000
0.000000
0.000000
0.000000
0.000000
0.000000
0.000000
0.000000
0.000000
0.000000
0.000000
0.000000
0.000000
0.000000
0.000000
0.000000
0.000000
0.000000
0.000000
0.000000
0.000000
0.000000
0.000000
0.000000
0.000000
0.000000
0.000000
0.000000
0.000000
0.000000
0.000000
0.000000
0.000000
0.000000
0.000000
0.000000
0.000000
0.000000
0.000000
0.000000
0.000000
0.000000
0.000000
0.000000
0.000000
0.000000
0.000000
0.000000
0.000000
0.000000
0.000000
0.000000
0.000000
0.000000
0.000000
0.000000
0.000000
0.000000
156875.000000
123655.000000
105209.000000
92558.000000
57265.000000
106351.000000
95468.000000
102988.000000
94762.000000
110455.000000
120333.000000
84846.000000
96701.000000
107141.000000
103384.000000
103979.000000
101899.000000
79667.000000
112691.000000
94106.000000
105230.000000
82548.000000
98483.000000
94429.000000
99572.000000
102969.000000
124774.000000
84844.000000
85810.000000
92250.000000
97798.000000
107566.000000
106670.000000
113347.000000
109627.000000
102076.000000
122039.000000
96143.000000
87983.000000
108777.000000
93072.000000
94848.000000
71906.000000
100373.000000
100907.000000
91814.000000
111615.000000
99076.000000
111510.000000
88979.000000
113574.000000
95271.000000
97318.000000
111990.000000
102521.000000
96435.000000
95897.000000
95241.000000
88684.000000
116027.000000
88947.000000
106869.000000
94798.000000
102575.000000
91148.000000
115156.000000
109438.000000
98977.000000
110406.000000
109663.000000
107521.000000
62113.000000
56097.000000
84306.000000
103929.000000
102864.000000
129793.000000
101154.000000
99324.000000
97016.000000
97814.000000
98483.000000
109011.000000
106381.000000
114601.000000
107299.000000
102504.000000
128508.000000
104911.000000
99020.000000
98762.000000
96407.000000
107303.000000
95031.000000
108649.000000
111132.000000
107841.000000
113908.000000
116974.000000
104144.000000
75379.000000
111213.000000
80045.000000
97126.000000
95098.000000
106357.000000
106337.000000
106223.000000
109329.000000
94552.000000
108822.000000
88633.000000
116362.000000
98483.000000
113403.000000
101382.000000
95056.000000
103847.000000
88128.000000
104637.000000
98690.000000
92906.000000
124124.000000
103169.000000
108160.000000
52616.000000
110284.000000
111152.000000
112913.000000
112331.000000
90988.000000
93392.000000
103833.000000
95173.000000
83648.000000
107895.000000
75841.000000
95453.000000
81843.000000
104572.000000
114877.000000
78550.000000
102870.000000
100328.000000
95956.000000
113081.000000
93266.000000
108070.000000
112269.000000
99920.000000
125327.000000
66471.000000
92427.000000
102198.000000
106726.000000
95841.000000
111255.000000
108435.000000
108976.000000
98085.000000
101278.000000
107282.000000
110581.000000
111125.000000
112543.000000
109462.000000
105275.000000
88324.000000
105287.000000
95404.000000
128874.000000
100143.000000
84759.000000
95775.000000
103177.000000
100273.000000
101686.000000
98922.000000
116274.000000
106003.000000
104369.000000
80622.000000
108241.000000
102891.000000
84289.000000
110886.000000
103757.000000
106774.000000
117426.000000
109613.000000
68543.000000
98146.000000
114300.000000
98138.000000
102488.000000
94887.000000
119774.000000
97427.000000
116549.000000
93594.000000
87366.000000
65450.000000
88046.000000
102541.000000
106153.000000
94790.000000
111257.000000
99720.000000
122983.000000
94615.000000
64910.000000
100169.000000
116949.000000
120848.000000
95328.000000
113513.000000
120805.000000
56207.000000
64227.000000
97175.000000
108112.000000
110945.000000
78495.000000
100102.000000
107291.000000
121073.000000
110705.000000
110808.000000
84366.000000
92009.000000
110667.000000
88337.000000
102421.000000
107807.000000
113535.000000
89706.000000
97206.000000
113274.000000
81716.000000
109672.000000
93310.000000
97148.000000
95116.000000
101996.000000
102376.000000
95882.000000
129357.000000
90248.000000
108214.000000
96813.000000
83906.000000
97169.000000
105213.000000
94677.000000
105227.000000
90477.000000
81267.000000
98975.000000
113875.000000
107933.000000
100611.000000
88709.000000
108589.000000
92408.000000
108694.000000
108528.000000
106527.000000
109307.000000
105052.000000
96647.000000
88257.000000
63192.000000
111412.000000
111828.000000
89218.000000
105737.000000
109590.000000
104826.000000
113594.000000
98150.000000
115321.000000
88118.000000
83292.000000
81241.000000
118596.000000
102525.000000
111791.000000
123334.000000
102083.000000
112056.000000
98613.000000
86674.000000
117320.000000
109549.000000
103970.000000
107547.000000
84362.000000
94604.000000
94965.000000
100511.000000
103224.000000
96253.000000
109576.000000
99907.000000
110995.000000
94127.000000
95223.000000
111364.000000
105637.000000
114005.000000
116698.000000
82879.000000
94738.000000
112822.000000
95528.000000
111743.000000
94819.000000
93694.000000
66580.000000
111866.000000
73450.000000
108014.000000
103038.000000
104485.000000
125446.000000
105774.000000
102635.000000
100596.000000
90977.000000
106328.000000
88361.000000
101992.000000
98382.000000
109143.000000
92301.000000
109464.000000
104429.000000
96958.000000
84709.000000
103819.000000
83128.000000
105278.000000
105862.000000
114966.000000
91318.000000
62305.000000
93731.000000
98627.000000
95266.000000
102258.000000
87444.000000
102615.000000
94164.000000
119026.000000
113381.000000
88788.000000
97455.000000
86882.000000
76100.000000
116842.000000
109936.000000
105436.000000
103790.000000
118146.000000
106617.000000
109011.000000
96450.000000
104210.000000
100956.000000
108909.000000
88684.000000
102094.000000
104728.000000
86313.000000
108085.000000
100083.000000
98223.000000
103810.000000
108738.000000
108272.000000
98807.000000
104499.000000
105719.000000
93354.000000
95883.000000
97276.000000
98258.000000
95530.000000
106393.000000
107680.000000
110755.000000
104068.000000
100639.000000
75570.000000
97356.000000
109962.000000
93977.000000
110228.000000
113470.000000
76054.000000
92356.000000
117814.000000
121454.000000
94766.000000
92612.000000
121476.000000
