0.000000
0.000000
0.000000
0.000000
0.000000
0.000000
0.000000
0.000000
0.000000
0.000000
0.000000
0.000000
0.000000
0.000000
0.000000
0.000000
0.000000
0.000000
0.000000
0.000000
0.000000
0.000000
0.000000
0.000000
0.000000
0.000000
0.000000
0.000000
0.000000
0.000000
0.000000
0.000000
0.000000
0.000000
0.000000
0.000000
0.000000
0.000000
0.000000
0.000000
0.000000
0.000000
0.000000
0.000000
0.000000
0.000000
0.000000
0.000000
0.000000
0.000000
0.000000
0.000000
0.000000
0.000000
0.000000
0.000000
0.000000
0.000000
0.000000
0.000000
0.000000
0.000000
0.000000
0.000000
0.000000
0.000000
0.000000
0.000000
0.000000
0.000000
0.000000
0.000000
0.000000
0.000000
0.000000
0.000000
0.000000
0.000000
0.000000
0.000000
0.000000
0.000000
0.000000
0.000000
0.000000
0.000000
0.000000
0.000000
0.000000
0.000000
0.000000
0.000000
0.000000
0.000000
0.000000
0.000000
0.000000
0.000000
0.000000
0.000000
0.000000
0.000000
0.000000
0.000000
0.000000
0.000000
0.000000
0.000000
0.000000
0.000000
0.000000
0.000000
0.000000
0.000000
0.000000
0.000000
0.000000
0.000000
0.000000
0.000000
0.000000
0.000000
0.000000
0.000000
0.000000
0.000000
0.000000
0.000000
0.000000
0.000000
0.000000
0.000000
0.000000
0.000000
0.000000
0.000000
0.000000
0.000000
0.000000
0.000000
0.000000
0.000000
0.000000
0.000000
0.000000
0.000000
0.000000
0.000000
0.000000
0.000000
0.000000
0.000000
0.000000
0.000000
0.000000
0.000000
0.000000
0.000000
0.000000
0.000000
0.000000
0.000000
0.000000
0.000000
0.000000
0.000000
0.000000
0.000000
0.000000
0.000000
0.000000
0.000000
0.000000
0.000000
0.000000
0.000000
0.000000
0.000000
0.000000
0.000000
0.000000
0.000000
0.000000
0.000000
0.000000
0.000000
0.000000
0.000000
0.000000
0.000000
0.000000
0.000000
0.000000
0.000000
0.000000
0.000000
0.000000
0.000000
0.000000
0.000000
0.000000
0.000000
0.000000
0.000000
0.000000
0.000000
0.000000
0.000000
0.000000
0.000000
0.000000
0.000000
0.000000
0.000000
0.000000
0.000000
0.000000
0.000000
0.000000
0.000000
0.000000
0.000000
0.000000
0.000000
0.000000
0.000000
0.000000
0.000000
0.000000
0.000000
0.000000
0.000000
0.000000
0.000000
0.000000
0.000000
0.000000
0.000000
0.000000
0.000000
0.000000
0.000000
0.000000
0.000000
0.000000
0.000000
0.000000
0.000000
0.000000
0.000000
0.000000
0.000000
0.000000
0.000000
0.000000
0.000000
0.000000
0.000000
0.000000
0.000000
0.000000
0.000000
0.000000
0.000000
0.000000
0.000000
0.000000
0.000000
0.000000
0.000000
0.000000
0.000000
0.000000
0.000000
0.000000
0.000000
0.000000
0.000000
0.000000
0.000000
0.000000
0.000000
0.000000
0.000000
0.000000
0.000000
0.000000
0.000000
0.000000
0.000000
0.000000
0.000000
0.000000
0.000000
0.000000
0.000000
0.000000
0.000000
0.000000
0.000000
0.000000
0.000000
0.000000
0.000000
0.000000
0.000000
0.000000
0.000000
0.000000
0.000000
0.000000
0.000000
0.000000
0.000000
0.000000
0.000000
0.000000
0.000000
0.000000
0.000000
0.000000
0.000000
0.000000
0.000000
0.000000
0.000000
0.000000
0.000000
0.000000
0.000000
0.000000
0.000000
0.000000
0.000000
0.000000
0.000000
0.000000
0.000000
0.000000
0.000000
0.000000
0.000000
0.000000
0.000000
0.000000
0.000000
0.000000
0.000000
0.000000
0.000000
0.000000
0.000000
0.000000
0.000000
0.000000
0.000000
0.000000
0.000000
0.000000
0.000000
0.000000
0.000000
0.000000
0.000000
0.000000
0.000000
0.000000
0.000000
0.000000
0.000000
0.000000
0.000000
0.000000
0.000000
0.000000
0.000000
0.000000
0.000000
0.000000
0.000000
0.000000
0.000000
0.000000
0.000000
0.000000
0.000000
0.000000
0.000000
0.000000
0.000000
0.000000
0.000000
0.000000
0.000000
0.000000
0.000000
0.000000
0.000000
0.000000
0.000000
0.000000
0.000000
0.000000
0.000000
0.000000
0.000000
0.000000
0.000000
0.000000
0.000000
0.000000
0.000000
0.000000
0.000000
0.000000
0.000000
0.000000
0.000000
0.000000
0.000000
0.000000
0.000000
0.000000
0.000000
0.000000
0.000000
0.000000
0.000000
0.000000
0.000000
0.000000
0.000000
0.000000
0.000000
0.000000
0.000000
0.000000
0.000000
0.000000
0.000000
0.000000
0.000000
0.000000
0.000000
0.000000
0.000000
0.000000
0.000000
0.000000
0.000000
0.000000
0.000000
0.000000
0.000000
0.000000
0.000000
0.000000
0.000000
0.000000
0.000000
0.000000
0.000000
0.000000
0.000000
0.000000
0.000000
0.000000
0.000000
0.000000
0.000000
0.000000
0.000000
0.000000
0.000000
0.000000
0.000000
0.000000
0.000000
0.000000
0.000000
0.000000
0.000000
0.000000
0.000000
0.000000
0.000000
0.000000
0.000000
0.000000
0.000000
0.000000
0.000000
12282180.000000
4503467.000000
4891088.000000
2098413.000000
1459791.000000
4991748.000000
4193223.000000
6299068.000000
2050259.000000
3883755.000000
5007850.000000
746617.000000
7144852.000000
988561.000000
3690705.000000
1164121.000000
2230452.000000
3481345.000000
5474170.000000
7067361.000000
4552474.000000
6783099.000000
5283223.000000
6503789.000000
1695144.000000
7132863.000000
1962240.000000
3440112.000000
552005.000000
5226487.000000
6061844.000000
325950.000000
5428884.000000
588714.000000
4397034.000000
605079.000000
5920787.000000
6342559.000000
3164868.000000
4451261.000000
6925006.000000
2808297.000000
3091062.000000
1963792.000000
5208445.000000
5532001.000000
462545.000000
7048169.000000
4127189.000000
609036.000000
731493.000000
6050878.000000
5039866.000000
1450514.000000
7091436.000000
7235408.000000
5673790.000000
114090.000000
180482.000000
4246192.000000
6545471.000000
4950592.000000
7841414.000000
5829069.000000
4770995.000000
4594568.000000
7972251.000000
1660090.000000
4621522.000000
7342552.000000
3201799.000000
1144597.000000
4509116.000000
4768602.000000
7368491.000000
6030729.000000
3853837.000000
491628.000000
6971194.000000
2723862.000000
4843969.000000
3335365.000000
7863975.000000
6229241.000000
5484441.000000
1102615.000000
133210.000000
7211217.000000
120429.000000
2934708.000000
7131251.000000
5284291.000000
5537899.000000
6480215.000000
4620513.000000
724175.000000
708505.000000
4915332.000000
7557926.000000
1321907.000000
2494694.000000
2191311.000000
5429719.000000
4272214.000000
2915179.000000
4855852.000000
6769956.000000
2232890.000000
5976716.000000
6275027.000000
4785938.000000
70009.000000
7054641.000000
6172413.000000
5910909.000000
6916605.000000
5486530.000000
3062402.000000
3363378.000000
5488704.000000
3042422.000000
2631072.000000
752679.000000
3248104.000000
5142524.000000
7762275.000000
4591225.000000
3747799.000000
4517899.000000
4586210.000000
5627197.000000
4489200.000000
6092022.000000
6101080.000000
6826018.000000
5507595.000000
3003328.000000
95691.000000
992464.000000
5846985.000000
3736691.000000
434350.000000
3203606.000000
6183376.000000
3377479.000000
3609935.000000
7177254.000000
5279362.000000
6614905.000000
4419699.000000
4963420.000000
4329900.000000
7837908.000000
3433234.000000
3089232.000000
5072648.000000
2760421.000000
1202699.000000
6296769.000000
2872851.000000
5335473.000000
4551491.000000
2528199.000000
1329231.000000
6230831.000000
4718922.000000
7762646.000000
2090562.000000
5515464.000000
4548099.000000
2777669.000000
687511.000000
2138913.000000
1407475.000000
6520641.000000
795028.000000
104412.000000
1282230.000000
5934677.000000
2619277.000000
5325396.000000
6798047.000000
5498217.000000
1185042.000000
4407969.000000
4840775.000000
1452243.000000
239704.000000
5749542.000000
6004128.000000
5477629.000000
4975170.000000
3367197.000000
3432143.000000
2643810.000000
1857256.000000
1013742.000000
5988903.000000
6210972.000000
5726189.000000
431044.000000
3049457.000000
4656928.000000
113143.000000
222655.000000
3636443.000000
5458371.000000
4036931.000000
198398.000000
4767320.000000
5315471.000000
4548188.000000
454722.000000
6359302.000000
6306198.000000
4899523.000000
6290622.000000
1998139.000000
1303802.000000
7276603.000000
971143.000000
6487578.000000
4819034.000000
2400237.000000
622618.000000
4124152.000000
1979893.000000
7008306.000000
4007026.000000
5917020.000000
5564001.000000
857247.000000
5172137.000000
4173309.000000
6560494.000000
4595676.000000
4412606.000000
6605276.000000
3257414.000000
5612390.000000
2613895.000000
5195296.000000
1321243.000000
7403870.000000
6158154.000000
245768.000000
6926069.000000
904352.000000
6759118.000000
1040851.000000
6377373.000000
4111860.000000
5290648.000000
5778566.000000
7096629.000000
5643126.000000
5986612.000000
1552127.000000
2419666.000000
6665362.000000
490132.000000
7900641.000000
6887892.000000
1229101.000000
7100690.000000
1578091.000000
6992130.000000
5719307.000000
3446241.000000
337886.000000
6480031.000000
3449542.000000
4371828.000000
5081849.000000
4704081.000000
7377130.000000
4206474.000000
1337793.000000
7085340.000000
4379027.000000
7297180.000000
6009450.000000
490121.000000
650185.000000
5190719.000000
1476276.000000
4612382.000000
7818971.000000
4148191.000000
463066.000000
5083471.000000
5691759.000000
5820791.000000
7704789.000000
4963255.000000
6003328.000000
2713875.000000
684935.000000
830293.000000
4771103.000000
4421921.000000
4487187.000000
1058057.000000
5643781.000000
117427.000000
3811786.000000
2664013.000000
7966812.000000
5364527.000000
5703294.000000
5534255.000000
1431142.000000
609158.000000
6973760.000000
6324427.000000
5308181.000000
1285817.000000
6086759.000000
2855301.000000
5661686.000000
1300012.000000
532489.000000
5760809.000000
6315168.000000
435158.000000
5490829.000000
164238.000000
5653511.000000
5546290.000000
6686760.000000
6307329.000000
256173.000000
1592408.000000
2672547.000000
4671650.000000
6174534.000000
2670000.000000
5273542.000000
4936982.000000
4630209.000000
5908531.000000
6595020.000000
614133.000000
2978446.000000
5280034.000000
644124.000000
4807123.000000
3972127.000000
7724371.000000
4681574.000000
7435899.000000
1673121.000000
4138977.000000
580264.000000
5592879.000000
1563168.000000
5463229.000000
2757194.000000
3457912.000000
5010605.000000
5911606.000000
6270020.000000
514491.000000
6875390.000000
1812559.000000
2170688.000000
5930166.000000
5273331.000000
4506960.000000
195780.000000
2998462.000000
1580260.000000
579113.000000
7164513.000000
728545.000000
3929348.000000
3770592.000000
5222689.000000
4622017.000000
147398.000000
377364.000000
4046428.000000
5372078.000000
3906736.000000
6795876.000000
114108.000000
6124369.000000
7208291.000000
6007640.000000
3494968.000000
7133551.000000
5309060.000000
