0.000000
0.000000
0.000000
0.000000
0.000000
0.000000
0.000000
0.000000
0.000000
0.000000
0.000000
0.000000
0.000000
0.000000
0.000000
0.000000
0.000000
0.000000
0.000000
0.000000
0.000000
0.000000
0.000000
0.000000
0.000000
0.000000
0.000000
0.000000
0.000000
0.000000
0.000000
0.000000
0.000000
0.000000
0.000000
0.000000
0.000000
0.000000
0.000000
0.000000
0.000000
0.000000
0.000000
0.000000
0.000000
0.000000
0.000000
0.000000
0.000000
0.000000
0.000000
0.000000
0.000000
0.000000
0.000000
0.000000
0.000000
0.000000
0.000000
0.000000
0.000000
0.000000
0.000000
0.000000
0.000000
0.000000
0.000000
0.000000
0.000000
0.000000
0.000000
0.000000
0.000000
0.000000
0.000000
0.000000
0.000000
0.000000
0.000000
0.000000
0.000000
0.000000
0.000000
0.000000
0.000000
0.000000
0.000000
0.000000
0.000000
0.000000
0.000000
0.000000
0.000000
0.000000
0.000000
0.000000
0.000000
0.000000
0.000000
0.000000
0.000000
0.000000
0.000000
0.000000
0.000000
0.000000
0.000000
0.000000
0.000000
0.000000
0.000000
0.000000
0.000000
0.000000
0.000000
0.000000
0.000000
0.000000
0.000000
0.000000
0.000000
0.000000
0.000000
0.000000
0.000000
0.000000
0.000000
0.000000
0.000000
0.000000
0.000000
0.000000
0.000000
0.000000
0.000000
0.000000
0.000000
0.000000
0.000000
0.000000
0.000000
0.000000
0.000000
0.000000
0.000000
0.000000
0.000000
0.000000
0.000000
0.000000
0.000000
0.000000
0.000000
0.000000
0.000000
0.000000
0.000000
0.000000
0.000000
0.000000
0.000000
0.000000
0.000000
0.000000
0.000000
0.000000
0.000000
0.000000
0.000000
0.000000
0.000000
0.000000
0.000000
0.000000
0.000000
0.000000
0.000000
0.000000
0.000000
0.000000
0.000000
0.000000
0.000000
0.000000
0.000000
0.000000
0.000000
0.000000
0.000000
0.000000
0.000000
0.000000
0.000000
0.000000
0.000000
0.000000
0.000000
0.000000
0.000000
0.000000
0.000000
0.000000
0.000000
0.000000
0.000000
0.000000
0.000000
0.000000
0.000000
0.000000
0.000000
0.000000
0.000000
0.000000
0.000000
0.000000
0.000000
0.000000
0.000000
0.000000
0.000000
0.000000
0.000000
0.000000
0.000000
0.000000
0.000000
0.000000
0.000000
0.000000
0.000000
0.000000
0.000000
0.000000
0.000000
0.000000
0.000000
0.000000
0.000000
0.000000
0.000000
0.000000
0.000000
0.000000
0.000000
0.000000
0.000000
0.000000
0.000000
0.000000
0.000000
0.000000
0.000000
0.000000
0.000000
0.000000
0.000000
0.000000
0.000000
0.000000
0.000000
0.000000
0.000000
0.000000
0.000000
0.000000
0.000000
0.000000
0.000000
0.000000
0.000000
0.000000
0.000000
0.000000
0.000000
0.000000
0.000000
0.000000
0.000000
0.000000
0.000000
0.000000
0.000000
0.000000
0.000000
0.000000
0.000000
0.000000
0.000000
0.000000
0.000000
0.000000
0.000000
0.000000
0.000000
0.000000
0.000000
0.000000
0.000000
0.000000
0.000000
0.000000
0.000000
0.000000
0.000000
0.000000
0.000000
0.000000
0.000000
0.000000
0.000000
0.000000
0.000000
0.000000
0.000000
0.000000
0.000000
0.000000
0.000000
0.000000
0.000000
0.000000
0.000000
0.000000
0.000000
0.000000
0.000000
0.000000
0.000000
0.000000
0.000000
0.000000
0.000000
0.000000
0.000000
0.000000
0.000000
0.000000
0.000000
0.000000
0.000000
0.000000
0.000000
0.000000
0.000000
0.000000
0.000000
0.000000
0.000000
0.000000
0.000000
0.000000
0.000000
0.000000
0.000000
0.000000
0.000000
0.000000
0.000000
0.000000
0.000000
0.000000
0.000000
0.000000
0.000000
0.000000
0.000000
0.000000
0.000000
0.000000
0.000000
0.000000
0.000000
0.000000
0.000000
0.000000
0.000000
0.000000
0.000000
0.000000
0.000000
0.000000
0.000000
0.000000
0.000000
0.000000
0.000000
0.000000
0.000000
0.000000
0.000000
0.000000
0.000000
0.000000
0.000000
0.000000
0.000000
0.000000
0.000000
0.000000
0.000000
0.000000
0.000000
0.000000
0.000000
0.000000
0.000000
0.000000
0.000000
0.000000
0.000000
0.000000
0.000000
0.000000
0.000000
0.000000
0.000000
0.000000
0.000000
0.000000
0.000000
0.000000
0.000000
0.000000
0.000000
0.000000
0.000000
0.000000
0.000000
0.000000
0.000000
0.000000
0.000000
0.000000
0.000000
0.000000
0.000000
0.000000
0.000000
0.000000
0.000000
0.000000
0.000000
0.000000
0.000000
0.000000
0.000000
0.000000
0.000000
0.000000
0.000000
0.000000
0.000000
0.000000
0.000000
0.000000
0.000000
0.000000
0.000000
0.000000
0.000000
0.000000
0.000000
0.000000
0.000000
0.000000
0.000000
0.000000
0.000000
0.000000
0.000000
0.000000
0.000000
0.000000
0.000000
0.000000
0.000000
0.000000
0.000000
0.000000
0.000000
0.000000
0.000000
0.000000
0.000000
0.000000
0.000000
0.000000
0.000000
0.000000
0.000000
0.000000
0.000000
0.000000
0.000000
0.000000
2244390.000000
1545248.000000
1454553.000000
1176986.000000
1126217.000000
1443422.000000
1457284.000000
642228.000000
1540573.000000
610887.000000
904667.000000
779571.000000
994537.000000
1476393.000000
1493523.000000
1596283.000000
1081548.000000
1376527.000000
1417550.000000
1272578.000000
932852.000000
1568548.000000
1020484.000000
1591049.000000
419721.000000
1177685.000000
1235907.000000
298540.000000
1364185.000000
449685.000000
1572603.000000
513675.000000
1443216.000000
1345691.000000
709262.000000
1354143.000000
1504258.000000
1156253.000000
1429030.000000
880796.000000
1330751.000000
1733697.000000
421449.000000
1695085.000000
1236739.000000
425160.000000
589055.000000
1352065.000000
1375727.000000
768720.000000
1494065.000000
1804977.000000
1386051.000000
84494.000000
176997.000000
1427297.000000
1489197.000000
1342730.000000
1633995.000000
1515103.000000
1109750.000000
1277553.000000
1213493.000000
858098.000000
1470774.000000
1609912.000000
1373905.000000
745954.000000
1241438.000000
1479195.000000
1910681.000000
1257379.000000
1388439.000000
418831.000000
1326813.000000
1366241.000000
1325272.000000
1320658.000000
1270407.000000
1604564.000000
1355242.000000
735041.000000
135846.000000
1368615.000000
115514.000000
1374990.000000
1466484.000000
1313023.000000
1118442.000000
1572957.000000
1406300.000000
543224.000000
516309.000000
1093237.000000
1304352.000000
867535.000000
1221215.000000
979105.000000
1569339.000000
1215827.000000
1043244.000000
1298327.000000
1406638.000000
1010284.000000
1297625.000000
1454036.000000
1155406.000000
56654.000000
1245965.000000
1300434.000000
1380733.000000
1466416.000000
1460530.000000
1203182.000000
1438659.000000
1514648.000000
1116783.000000
1132524.000000
542851.000000
1299360.000000
1314166.000000
1351078.000000
1360226.000000
904625.000000
1313615.000000
1086087.000000
1250479.000000
1458492.000000
1578382.000000
1487314.000000
1017222.000000
1608428.000000
994830.000000
94446.000000
712161.000000
1422868.000000
1306367.000000
470208.000000
960962.000000
1533709.000000
1084601.000000
1226315.000000
1514335.000000
1542640.000000
1588752.000000
1673860.000000
1536403.000000
1137247.000000
1341763.000000
730596.000000
1141630.000000
1084617.000000
1103357.000000
796558.000000
1727256.000000
1000742.000000
1230670.000000
1186321.000000
1006558.000000
828275.000000
1668082.000000
1433941.000000
1482377.000000
536019.000000
1661777.000000
1222638.000000
1052490.000000
433322.000000
1009539.000000
841657.000000
1506239.000000
585935.000000
119287.000000
854203.000000
1454689.000000
1290318.000000
1250559.000000
1165192.000000
1614790.000000
822477.000000
1519376.000000
1599502.000000
933619.000000
275605.000000
1426308.000000
1440833.000000
1331690.000000
1352994.000000
1361524.000000
1597680.000000
1135403.000000
788422.000000
603550.000000
1137651.000000
1658299.000000
1348499.000000
345766.000000
1297618.000000
1528448.000000
78623.000000
139911.000000
1448238.000000
989376.000000
1342316.000000
155903.000000
1366203.000000
1651772.000000
1642671.000000
332911.000000
1574439.000000
1519312.000000
1510884.000000
1178168.000000
942095.000000
874017.000000
1759230.000000
671502.000000
1464303.000000
1499245.000000
1097115.000000
509258.000000
1137340.000000
1011728.000000
1431394.000000
1338165.000000
1220713.000000
1529492.000000
588189.000000
1671134.000000
981887.000000
1270416.000000
1437800.000000
1455390.000000
1499632.000000
1361456.000000
1108212.000000
1311277.000000
1415022.000000
732016.000000
1461571.000000
1320413.000000
286164.000000
1460195.000000
713150.000000
1539705.000000
703569.000000
1260434.000000
1537126.000000
1155580.000000
1147417.000000
1445824.000000
1626499.000000
1471753.000000
635894.000000
1210150.000000
1469319.000000
372998.000000
1503578.000000
1267820.000000
662698.000000
1366889.000000
933767.000000
1453701.000000
1464265.000000
1119743.000000
350796.000000
1542132.000000
1042155.000000
1522277.000000
1418901.000000
1269430.000000
1350531.000000
1421243.000000
679305.000000
1193940.000000
1208431.000000
1388553.000000
1746748.000000
502136.000000
532338.000000
1513147.000000
866154.000000
1103967.000000
1507578.000000
1221388.000000
399067.000000
1288748.000000
1304055.000000
1523057.000000
1276487.000000
1459290.000000
1416190.000000
1030274.000000
584336.000000
627399.000000
1320394.000000
1550324.000000
1425261.000000
635598.000000
1241621.000000
100944.000000
1560789.000000
808892.000000
1515676.000000
1256517.000000
1499780.000000
1729137.000000
871080.000000
482064.000000
1495647.000000
1411565.000000
1290058.000000
643602.000000
1658437.000000
1053091.000000
1354701.000000
814543.000000
438368.000000
1447694.000000
1039827.000000
377531.000000
1435648.000000
160283.000000
1481749.000000
1534338.000000
1232621.000000
1574029.000000
239371.000000
966575.000000
1065859.000000
1496913.000000
1718660.000000
1146396.000000
1147875.000000
1212665.000000
1582586.000000
1322207.000000
1212139.000000
492442.000000
1208218.000000
960183.000000
573042.000000
1401561.000000
1344678.000000
1502061.000000
1548516.000000
1510282.000000
958591.000000
1448242.000000
466334.000000
1233822.000000
960172.000000
1428687.000000
1263943.000000
1430788.000000
918214.000000
1309157.000000
1438359.000000
443681.000000
1394369.000000
941317.000000
1150344.000000
1361567.000000
1442330.000000
1474959.000000
162436.000000
1059114.000000
959110.000000
437275.000000
1138461.000000
641386.000000
1477387.000000
1196633.000000
1221531.000000
1360779.000000
141303.000000
360898.000000
1360619.000000
1352135.000000
1581257.000000
1460437.000000
133947.000000
1135805.000000
1645516.000000
1570945.000000
1190545.000000
1509339.000000
1094379.000000
