0.000000
0.000000
0.000000
0.000000
0.000000
0.000000
0.000000
0.000000
0.000000
0.000000
0.000000
0.000000
0.000000
0.000000
0.000000
0.000000
0.000000
0.000000
0.000000
0.000000
0.000000
0.000000
0.000000
0.000000
0.000000
0.000000
0.000000
0.000000
0.000000
0.000000
0.000000
0.000000
0.000000
0.000000
0.000000
0.000000
0.000000
0.000000
0.000000
0.000000
0.000000
0.000000
0.000000
0.000000
0.000000
0.000000
0.000000
0.000000
0.000000
0.000000
0.000000
0.000000
0.000000
0.000000
0.000000
0.000000
0.000000
0.000000
0.000000
0.000000
0.000000
0.000000
0.000000
0.000000
0.000000
0.000000
0.000000
0.000000
0.000000
0.000000
0.000000
0.000000
0.000000
0.000000
0.000000
0.000000
0.000000
0.000000
0.000000
0.000000
0.000000
0.000000
0.000000
0.000000
0.000000
0.000000
0.000000
0.000000
0.000000
0.000000
0.000000
0.000000
0.000000
0.000000
0.000000
0.000000
0.000000
0.000000
0.000000
0.000000
0.000000
0.000000
0.000000
0.000000
0.000000
0.000000
0.000000
0.000000
0.000000
0.000000
0.000000
0.000000
0.000000
0.000000
0.000000
0.000000
0.000000
0.000000
0.000000
0.000000
0.000000
0.000000
0.000000
0.000000
0.000000
0.000000
0.000000
0.000000
0.000000
0.000000
0.000000
0.000000
0.000000
0.000000
0.000000
0.000000
0.000000
0.000000
0.000000
0.000000
0.000000
0.000000
0.000000
0.000000
0.000000
0.000000
0.000000
0.000000
0.000000
0.000000
0.000000
0.000000
0.000000
0.000000
0.000000
0.000000
0.000000
0.000000
0.000000
0.000000
0.000000
0.000000
0.000000
0.000000
0.000000
0.000000
0.000000
0.000000
0.000000
0.000000
0.000000
0.000000
0.000000
0.000000
0.000000
0.000000
0.000000
0.000000
0.000000
0.000000
0.000000
0.000000
0.000000
0.000000
0.000000
0.000000
0.000000
0.000000
0.000000
0.000000
0.000000
0.000000
0.000000
0.000000
0.000000
0.000000
0.000000
0.000000
0.000000
0.000000
0.000000
0.000000
0.000000
0.000000
0.000000
0.000000
0.000000
0.000000
0.000000
0.000000
0.000000
0.000000
0.000000
0.000000
0.000000
0.000000
0.000000
0.000000
0.000000
0.000000
0.000000
0.000000
0.000000
0.000000
0.000000
0.000000
0.000000
0.000000
0.000000
0.000000
0.000000
0.000000
0.000000
0.000000
0.000000
0.000000
0.000000
0.000000
0.000000
0.000000
0.000000
0.000000
0.000000
0.000000
0.000000
0.000000
0.000000
0.000000
0.000000
0.000000
0.000000
0.000000
0.000000
0.000000
0.000000
0.000000
0.000000
0.000000
0.000000
0.000000
0.000000
0.000000
0.000000
0.000000
0.000000
0.000000
0.000000
0.000000
0.000000
0.000000
0.000000
0.000000
0.000000
0.000000
0.000000
0.000000
0.000000
0.000000
0.000000
0.000000
0.000000
0.000000
0.000000
0.000000
0.000000
0.000000
0.000000
0.000000
0.000000
0.000000
0.000000
0.000000
0.000000
0.000000
0.000000
0.000000
0.000000
0.000000
0.000000
0.000000
0.000000
0.000000
0.000000
0.000000
0.000000
0.000000
0.000000
0.000000
0.000000
0.000000
0.000000
0.000000
0.000000
0.000000
0.000000
0.000000
0.000000
0.000000
0.000000
0.000000
0.000000
0.000000
0.000000
0.000000
0.000000
0.000000
0.000000
0.000000
0.000000
0.000000
0.000000
0.000000
0.000000
0.000000
0.000000
0.000000
0.000000
0.000000
0.000000
0.000000
0.000000
0.000000
0.000000
0.000000
0.000000
0.000000
0.000000
0.000000
0.000000
0.000000
0.000000
0.000000
0.000000
0.000000
0.000000
0.000000
0.000000
0.000000
0.000000
0.000000
0.000000
0.000000
0.000000
0.000000
0.000000
0.000000
0.000000
0.000000
0.000000
0.000000
0.000000
0.000000
0.000000
0.000000
0.000000
0.000000
0.000000
0.000000
0.000000
0.000000
0.000000
0.000000
0.000000
0.000000
0.000000
0.000000
0.000000
0.000000
0.000000
0.000000
0.000000
0.000000
0.000000
0.000000
0.000000
0.000000
0.000000
0.000000
0.000000
0.000000
0.000000
0.000000
0.000000
0.000000
0.000000
0.000000
0.000000
0.000000
0.000000
0.000000
0.000000
0.000000
0.000000
0.000000
0.000000
0.000000
0.000000
0.000000
0.000000
0.000000
0.000000
0.000000
0.000000
0.000000
0.000000
0.000000
0.000000
0.000000
0.000000
0.000000
0.000000
0.000000
0.000000
0.000000
0.000000
0.000000
0.000000
0.000000
0.000000
0.000000
0.000000
0.000000
0.000000
0.000000
0.000000
0.000000
0.000000
0.000000
0.000000
0.000000
0.000000
0.000000
0.000000
0.000000
0.000000
0.000000
0.000000
0.000000
0.000000
0.000000
0.000000
0.000000
0.000000
0.000000
0.000000
0.000000
0.000000
0.000000
0.000000
0.000000
0.000000
0.000000
0.000000
0.000000
0.000000
0.000000
0.000000
0.000000
0.000000
0.000000
0.000000
0.000000
0.000000
0.000000
0.000000
0.000000
0.000000
0.000000
0.000000
0.000000
0.000000
0.000000
0.000000
0.000000
0.000000
0.000000
0.000000
0.000000
0.000000
0.000000
0.000000
0.000000
0.000000
0.000000
0.000000
0.000000
0.000000
0.000000
0.000000
0.000000
0.000000
0.000000
0.000000
0.000000
0.000000
0.000000
0.000000
0.000000
0.000000
0.000000
0.000000
0.000000
0.000000
0.000000
0.000000
0.000000
0.000000
1219755.000000
612618.000000
825842.000000
726081.000000
608058.000000
631596.000000
521452.000000
523622.000000
874219.000000
661874.000000
682073.000000
310718.000000
853894.000000
568646.000000
350087.000000
444599.000000
615306.000000
617070.000000
540446.000000
769924.000000
655984.000000
542041.000000
82784.000000
225657.000000
754530.000000
672072.000000
617900.000000
698500.000000
644387.000000
649507.000000
717140.000000
606698.000000
800350.000000
697842.000000
622083.000000
635414.000000
613849.000000
625052.000000
640516.000000
660416.000000
864225.000000
589971.000000
360212.000000
825678.000000
529515.000000
772255.000000
548714.000000
613374.000000
658013.000000
700003.000000
589628.000000
122603.000000
766037.000000
115860.000000
698264.000000
630768.000000
766893.000000
731599.000000
691055.000000
829169.000000
474442.000000
476542.000000
646442.000000
676791.000000
652968.000000
689942.000000
711571.000000
597045.000000
758267.000000
745450.000000
733895.000000
769776.000000
599460.000000
806403.000000
705384.000000
877911.000000
86203.000000
591505.000000
574763.000000
707003.000000
675939.000000
803942.000000
669919.000000
691841.000000
638897.000000
799806.000000
654885.000000
471381.000000
742466.000000
586580.000000
707782.000000
757766.000000
730869.000000
634669.000000
814350.000000
825137.000000
653638.000000
662113.000000
667957.000000
868252.000000
708125.000000
803464.000000
84504.000000
473277.000000
692151.000000
702848.000000
361272.000000
672718.000000
701820.000000
703322.000000
562125.000000
736056.000000
551042.000000
677381.000000
581005.000000
606481.000000
725517.000000
580757.000000
721372.000000
722918.000000
651223.000000
599607.000000
513129.000000
726503.000000
867911.000000
703438.000000
683790.000000
749732.000000
573085.000000
800579.000000
703549.000000
716523.000000
550295.000000
642430.000000
703949.000000
715072.000000
448647.000000
754759.000000
690904.000000
677609.000000
545725.000000
129629.000000
751065.000000
612185.000000
683766.000000
631610.000000
701693.000000
567125.000000
672042.000000
560042.000000
802046.000000
462878.000000
346449.000000
529502.000000
647903.000000
679708.000000
596443.000000
845558.000000
794819.000000
568735.000000
746402.000000
607682.000000
840739.000000
521336.000000
750797.000000
266564.000000
586594.000000
564883.000000
89962.000000
205180.000000
557084.000000
758277.000000
633841.000000
199816.000000
750498.000000
619265.000000
540925.000000
367693.000000
675946.000000
655327.000000
638130.000000
715525.000000
762145.000000
614145.000000
829749.000000
539295.000000
755444.000000
676643.000000
638384.000000
506581.000000
673602.000000
669685.000000
677247.000000
813081.000000
720126.000000
619217.000000
618401.000000
744894.000000
783326.000000
616280.000000
640184.000000
748777.000000
564872.000000
603346.000000
691601.000000
504321.000000
727636.000000
685465.000000
605244.000000
793943.000000
234197.000000
645947.000000
605745.000000
645734.000000
561693.000000
671490.000000
667705.000000
787878.000000
710643.000000
777019.000000
599659.000000
756223.000000
652676.000000
545366.000000
771408.000000
289323.000000
722942.000000
592226.000000
640917.000000
588517.000000
546263.000000
619819.000000
739707.000000
671150.000000
248485.000000
690949.000000
777318.000000
518060.000000
610360.000000
493123.000000
726192.000000
550436.000000
778478.000000
762843.000000
679525.000000
658527.000000
577928.000000
478155.000000
289667.000000
640049.000000
666249.000000
669300.000000
555123.000000
775594.000000
324766.000000
826412.000000
758432.000000
675953.000000
563457.000000
623721.000000
587194.000000
819576.000000
498937.000000
585596.000000
674472.000000
671586.000000
544406.000000
668533.000000
717082.000000
129832.000000
678458.000000
762948.000000
658422.000000
628338.000000
768645.000000
684002.000000
669948.000000
419550.000000
700837.000000
739374.000000
867174.000000
652497.000000
686872.000000
727743.000000
722739.000000
598636.000000
423950.000000
715170.000000
779137.000000
455207.000000
720692.000000
173425.000000
778627.000000
699874.000000
738962.000000
633893.000000
321094.000000
554831.000000
719742.000000
622448.000000
685124.000000
717613.000000
628313.000000
712597.000000
625660.000000
704344.000000
782443.000000
447644.000000
654519.000000
725901.000000
342820.000000
633082.000000
880688.000000
709799.000000
542286.000000
601222.000000
654278.000000
798819.000000
383828.000000
668065.000000
577916.000000
807050.000000
588578.000000
692081.000000
690438.000000
570221.000000
709666.000000
336800.000000
727671.000000
700271.000000
627390.000000
621822.000000
617141.000000
555169.000000
131906.000000
669836.000000
714138.000000
308766.000000
665403.000000
401304.000000
589629.000000
616772.000000
741130.000000
742635.000000
147847.000000
363460.000000
599760.000000
693985.000000
659630.000000
717045.000000
110639.000000
801854.000000
719982.000000
660779.000000
672300.000000
600235.000000
792660.000000
