0.000000
0.000000
0.000000
0.000000
0.000000
0.000000
0.000000
0.000000
0.000000
0.000000
0.000000
0.000000
0.000000
0.000000
0.000000
0.000000
0.000000
0.000000
0.000000
0.000000
0.000000
0.000000
0.000000
0.000000
0.000000
0.000000
0.000000
0.000000
0.000000
0.000000
0.000000
0.000000
0.000000
0.000000
0.000000
0.000000
0.000000
0.000000
0.000000
0.000000
0.000000
0.000000
0.000000
0.000000
0.000000
0.000000
0.000000
0.000000
0.000000
0.000000
0.000000
0.000000
0.000000
0.000000
0.000000
0.000000
0.000000
0.000000
0.000000
0.000000
0.000000
0.000000
0.000000
0.000000
0.000000
0.000000
0.000000
0.000000
0.000000
0.000000
0.000000
0.000000
0.000000
0.000000
0.000000
0.000000
0.000000
0.000000
0.000000
0.000000
0.000000
0.000000
0.000000
0.000000
0.000000
0.000000
0.000000
0.000000
0.000000
0.000000
0.000000
0.000000
0.000000
0.000000
0.000000
0.000000
0.000000
0.000000
0.000000
0.000000
0.000000
0.000000
0.000000
0.000000
0.000000
0.000000
0.000000
0.000000
0.000000
0.000000
0.000000
0.000000
0.000000
0.000000
0.000000
0.000000
0.000000
0.000000
0.000000
0.000000
0.000000
0.000000
0.000000
0.000000
0.000000
0.000000
0.000000
0.000000
0.000000
0.000000
0.000000
0.000000
0.000000
0.000000
0.000000
0.000000
0.000000
0.000000
0.000000
0.000000
0.000000
0.000000
0.000000
0.000000
0.000000
0.000000
0.000000
0.000000
0.000000
0.000000
0.000000
0.000000
0.000000
0.000000
0.000000
0.000000
0.000000
0.000000
0.000000
0.000000
0.000000
0.000000
0.000000
0.000000
0.000000
0.000000
0.000000
0.000000
0.000000
0.000000
0.000000
0.000000
0.000000
0.000000
0.000000
0.000000
0.000000
0.000000
0.000000
0.000000
0.000000
0.000000
0.000000
0.000000
0.000000
0.000000
0.000000
0.000000
0.000000
0.000000
0.000000
0.000000
0.000000
0.000000
0.000000
0.000000
0.000000
0.000000
0.000000
0.000000
0.000000
0.000000
0.000000
0.000000
0.000000
0.000000
0.000000
0.000000
0.000000
0.000000
0.000000
0.000000
0.000000
0.000000
0.000000
0.000000
0.000000
0.000000
0.000000
0.000000
0.000000
0.000000
0.000000
0.000000
0.000000
0.000000
0.000000
0.000000
0.000000
0.000000
0.000000
0.000000
0.000000
0.000000
0.000000
0.000000
0.000000
0.000000
0.000000
0.000000
0.000000
0.000000
0.000000
0.000000
0.000000
0.000000
0.000000
0.000000
0.000000
0.000000
0.000000
0.000000
0.000000
0.000000
0.000000
0.000000
0.000000
0.000000
0.000000
0.000000
0.000000
0.000000
0.000000
0.000000
0.000000
0.000000
0.000000
0.000000
0.000000
0.000000
0.000000
0.000000
0.000000
0.000000
0.000000
0.000000
0.000000
0.000000
0.000000
0.000000
0.000000
0.000000
0.000000
0.000000
0.000000
0.000000
0.000000
0.000000
0.000000
0.000000
0.000000
0.000000
0.000000
0.000000
0.000000
0.000000
0.000000
0.000000
0.000000
0.000000
0.000000
0.000000
0.000000
0.000000
0.000000
0.000000
0.000000
0.000000
0.000000
0.000000
0.000000
0.000000
0.000000
0.000000
0.000000
0.000000
0.000000
0.000000
0.000000
0.000000
0.000000
0.000000
0.000000
0.000000
0.000000
0.000000
0.000000
0.000000
0.000000
0.000000
0.000000
0.000000
0.000000
0.000000
0.000000
0.000000
0.000000
0.000000
0.000000
0.000000
0.000000
0.000000
0.000000
0.000000
0.000000
0.000000
0.000000
0.000000
0.000000
0.000000
0.000000
0.000000
0.000000
0.000000
0.000000
0.000000
0.000000
0.000000
0.000000
0.000000
0.000000
0.000000
0.000000
0.000000
0.000000
0.000000
0.000000
0.000000
0.000000
0.000000
0.000000
0.000000
0.000000
0.000000
0.000000
0.000000
0.000000
0.000000
0.000000
0.000000
0.000000
0.000000
0.000000
0.000000
0.000000
0.000000
0.000000
0.000000
0.000000
0.000000
0.000000
0.000000
0.000000
0.000000
0.000000
0.000000
0.000000
0.000000
0.000000
0.000000
0.000000
0.000000
0.000000
0.000000
0.000000
0.000000
0.000000
0.000000
0.000000
0.000000
0.000000
0.000000
0.000000
0.000000
0.000000
0.000000
0.000000
0.000000
0.000000
0.000000
0.000000
0.000000
0.000000
0.000000
0.000000
0.000000
0.000000
0.000000
0.000000
0.000000
0.000000
0.000000
0.000000
0.000000
0.000000
0.000000
0.000000
0.000000
0.000000
0.000000
0.000000
0.000000
0.000000
0.000000
0.000000
0.000000
0.000000
0.000000
0.000000
0.000000
0.000000
0.000000
0.000000
0.000000
0.000000
0.000000
0.000000
0.000000
0.000000
0.000000
0.000000
0.000000
0.000000
0.000000
0.000000
0.000000
0.000000
0.000000
0.000000
0.000000
0.000000
0.000000
0.000000
0.000000
0.000000
0.000000
0.000000
0.000000
0.000000
0.000000
0.000000
0.000000
0.000000
0.000000
0.000000
0.000000
0.000000
0.000000
0.000000
0.000000
0.000000
0.000000
0.000000
0.000000
0.000000
0.000000
0.000000
0.000000
0.000000
0.000000
0.000000
0.000000
0.000000
0.000000
0.000000
0.000000
0.000000
0.000000
0.000000
0.000000
0.000000
0.000000
0.000000
0.000000
0.000000
0.000000
0.000000
0.000000
0.000000
0.000000
0.000000
0.000000
0.000000
0.000000
0.000000
0.000000
0.000000
0.000000
0.000000
0.000000
0.000000
0.000000
0.000000
0.000000
0.000000
0.000000
0.000000
0.000000
0.000000
0.000000
0.000000
0.000000
0.000000
0.000000
0.000000
0.000000
0.000000
27547700.000000
7630903.000000
106293.000000
284026.000000
6818141.000000
9663150.000000
5425187.000000
12417232.000000
7911023.000000
4825378.000000
7381599.000000
11926256.000000
1808717.000000
7102943.000000
11112619.000000
3897918.000000
1457760.000000
4937731.000000
5443312.000000
10940576.000000
9356320.000000
4378762.000000
484525.000000
12032053.000000
2995505.000000
6005131.000000
3633817.000000
13048013.000000
9002657.000000
7468192.000000
1109010.000000
146408.000000
12193401.000000
155528.000000
3205089.000000
13116616.000000
7529407.000000
11705698.000000
11316900.000000
8567423.000000
702171.000000
759430.000000
8206714.000000
11338524.000000
1578689.000000
2942664.000000
2577211.000000
8176145.000000
5316867.000000
3381324.000000
6262414.000000
13567226.000000
2711385.000000
8150006.000000
9726518.000000
7226561.000000
77343.000000
11517491.000000
8846413.000000
8728434.000000
9832520.000000
7536917.000000
3871531.000000
3375042.000000
7905844.000000
4238954.000000
2469278.000000
854181.000000
4074981.000000
6488465.000000
14097916.000000
6953718.000000
6081377.000000
5510477.000000
6641708.000000
8573308.000000
5261078.000000
8309458.000000
8627776.000000
12896050.000000
7793353.000000
2934985.000000
97287.000000
1077463.000000
8333497.000000
3995490.000000
490637.000000
4355113.000000
11576656.000000
4009640.000000
3774696.000000
13722890.000000
6085153.000000
10194798.000000
6283534.000000
5974468.000000
5794522.000000
13706132.000000
4411742.000000
3528010.000000
7619413.000000
2942644.000000
1420296.000000
10140872.000000
3205490.000000
9333845.000000
6999674.000000
3282494.000000
1495673.000000
11264912.000000
5480971.000000
14936279.000000
2917999.000000
8037513.000000
5380314.000000
3300146.000000
624940.000000
2516855.000000
1391292.000000
10891959.000000
852088.000000
121137.000000
1458988.000000
8479387.000000
3125369.000000
7257238.000000
11819593.000000
6906865.000000
1370043.000000
5889084.000000
6814937.000000
1562146.000000
365600.000000
7221973.000000
8099053.000000
7216917.000000
6794609.000000
4389846.000000
3337784.000000
2852014.000000
2397336.000000
1176019.000000
10331108.000000
9311393.000000
8577124.000000
417412.000000
3080378.000000
6290540.000000
119827.000000
291818.000000
4107763.000000
8069193.000000
4177805.000000
235379.000000
7622910.000000
7207801.000000
5571827.000000
422359.000000
9927529.000000
9004549.000000
5700317.000000
9121474.000000
2035502.000000
1550363.000000
13608261.000000
1028543.000000
11457634.000000
6579762.000000
2708219.000000
732592.000000
4516436.000000
1900168.000000
11740325.000000
4963488.000000
8498729.000000
6638638.000000
1068858.000000
7156056.000000
6578096.000000
9907520.000000
5925152.000000
6003249.000000
9896921.000000
3390386.000000
8707452.000000
2858208.000000
7432069.000000
2098516.000000
11360099.000000
9758843.000000
289748.000000
10889077.000000
1165922.000000
11957022.000000
1044597.000000
9152719.000000
5058225.000000
8929386.000000
9621307.000000
12175395.000000
8781617.000000
9062669.000000
2547203.000000
2353258.000000
10396224.000000
486427.000000
12126871.000000
11293766.000000
1290471.000000
11598034.000000
1541519.000000
11462107.000000
8224699.000000
4756209.000000
348525.000000
9718448.000000
3828792.000000
4878356.000000
5354710.000000
6456749.000000
13189494.000000
4478720.000000
1539923.000000
12932521.000000
6103061.000000
11731253.000000
8325343.000000
533221.000000
545789.000000
6903379.000000
1722133.000000
5570719.000000
12066519.000000
5008572.000000
511045.000000
6803113.000000
7952587.000000
9509354.000000
13430092.000000
6840561.000000
8412081.000000
2855786.000000
758629.000000
1076759.000000
5566125.000000
6642933.000000
5389381.000000
1265625.000000
9759091.000000
126289.000000
3928039.000000
3844011.000000
12746339.000000
7495192.000000
10036881.000000
7607835.000000
1422163.000000
610915.000000
12591948.000000
9454330.000000
7972032.000000
1389601.000000
9479008.000000
3621936.000000
7944428.000000
1329510.000000
562301.000000
9731831.000000
8194842.000000
482519.000000
8822562.000000
175184.000000
8807348.000000
7967036.000000
10160827.000000
8954676.000000
298041.000000
1676525.000000
2839852.000000
5858699.000000
8733942.000000
2795085.000000
7368779.000000
6257453.000000
5762228.000000
9308224.000000
9931863.000000
615678.000000
5211178.000000
8253314.000000
649480.000000
5949020.000000
5033472.000000
13508927.000000
6024549.000000
13154069.000000
1879832.000000
5501991.000000
628287.000000
7260731.000000
1586260.000000
9054191.000000
3342016.000000
3354785.000000
9022660.000000
8068659.000000
8902769.000000
504226.000000
13681188.000000
2308964.000000
2413432.000000
9166743.000000
6128474.000000
4966589.000000
178002.000000
3429682.000000
1634572.000000
516375.000000
11109052.000000
616525.000000
4615724.000000
4316964.000000
7842423.000000
5428496.000000
193189.000000
468904.000000
3852656.000000
8095305.000000
4557229.000000
9825436.000000
146506.000000
11824193.000000
12256320.000000
8595382.000000
3691962.000000
11984995.000000
9612070.000000
