0.000000
0.000000
0.000000
0.000000
0.000000
0.000000
0.000000
0.000000
0.000000
0.000000
0.000000
0.000000
0.000000
0.000000
0.000000
0.000000
0.000000
0.000000
0.000000
0.000000
0.000000
0.000000
0.000000
0.000000
0.000000
0.000000
0.000000
0.000000
0.000000
0.000000
0.000000
0.000000
0.000000
0.000000
0.000000
0.000000
0.000000
0.000000
0.000000
0.000000
0.000000
0.000000
0.000000
0.000000
0.000000
0.000000
0.000000
0.000000
0.000000
0.000000
0.000000
0.000000
0.000000
0.000000
0.000000
0.000000
0.000000
0.000000
0.000000
0.000000
0.000000
0.000000
0.000000
0.000000
0.000000
0.000000
0.000000
0.000000
0.000000
0.000000
0.000000
0.000000
0.000000
0.000000
0.000000
0.000000
0.000000
0.000000
0.000000
0.000000
0.000000
0.000000
0.000000
0.000000
0.000000
0.000000
0.000000
0.000000
0.000000
0.000000
0.000000
0.000000
0.000000
0.000000
0.000000
0.000000
0.000000
0.000000
0.000000
0.000000
0.000000
0.000000
0.000000
0.000000
0.000000
0.000000
0.000000
0.000000
0.000000
0.000000
0.000000
0.000000
0.000000
0.000000
0.000000
0.000000
0.000000
0.000000
0.000000
0.000000
0.000000
0.000000
0.000000
0.000000
0.000000
0.000000
0.000000
0.000000
0.000000
0.000000
0.000000
0.000000
0.000000
0.000000
0.000000
0.000000
0.000000
0.000000
0.000000
0.000000
0.000000
0.000000
0.000000
0.000000
0.000000
0.000000
0.000000
0.000000
0.000000
0.000000
0.000000
0.000000
0.000000
0.000000
0.000000
0.000000
0.000000
0.000000
0.000000
0.000000
0.000000
0.000000
0.000000
0.000000
0.000000
0.000000
0.000000
0.000000
0.000000
0.000000
0.000000
0.000000
0.000000
0.000000
0.000000
0.000000
0.000000
0.000000
0.000000
0.000000
0.000000
0.000000
0.000000
0.000000
0.000000
0.000000
0.000000
0.000000
0.000000
0.000000
0.000000
0.000000
0.000000
0.000000
0.000000
0.000000
0.000000
0.000000
0.000000
0.000000
0.000000
0.000000
0.000000
0.000000
0.000000
0.000000
0.000000
0.000000
0.000000
0.000000
0.000000
0.000000
0.000000
0.000000
0.000000
0.000000
0.000000
0.000000
0.000000
0.000000
0.000000
0.000000
0.000000
0.000000
0.000000
0.000000
0.000000
0.000000
0.000000
0.000000
0.000000
0.000000
0.000000
0.000000
0.000000
0.000000
0.000000
0.000000
0.000000
0.000000
0.000000
0.000000
0.000000
0.000000
0.000000
0.000000
0.000000
0.000000
0.000000
0.000000
0.000000
0.000000
0.000000
0.000000
0.000000
0.000000
0.000000
0.000000
0.000000
0.000000
0.000000
0.000000
0.000000
0.000000
0.000000
0.000000
0.000000
0.000000
0.000000
0.000000
0.000000
0.000000
0.000000
0.000000
0.000000
0.000000
0.000000
0.000000
0.000000
0.000000
0.000000
0.000000
0.000000
0.000000
0.000000
0.000000
0.000000
0.000000
0.000000
0.000000
0.000000
0.000000
0.000000
0.000000
0.000000
0.000000
0.000000
0.000000
0.000000
0.000000
0.000000
0.000000
0.000000
0.000000
0.000000
0.000000
0.000000
0.000000
0.000000
0.000000
0.000000
0.000000
0.000000
0.000000
0.000000
0.000000
0.000000
0.000000
0.000000
0.000000
0.000000
0.000000
0.000000
0.000000
0.000000
0.000000
0.000000
0.000000
0.000000
0.000000
0.000000
0.000000
0.000000
0.000000
0.000000
0.000000
0.000000
0.000000
0.000000
0.000000
0.000000
0.000000
0.000000
0.000000
0.000000
0.000000
0.000000
0.000000
0.000000
0.000000
0.000000
0.000000
0.000000
0.000000
0.000000
0.000000
0.000000
0.000000
0.000000
0.000000
0.000000
0.000000
0.000000
0.000000
0.000000
0.000000
0.000000
0.000000
0.000000
0.000000
0.000000
0.000000
0.000000
0.000000
0.000000
0.000000
0.000000
0.000000
0.000000
0.000000
0.000000
0.000000
0.000000
0.000000
0.000000
0.000000
0.000000
0.000000
0.000000
0.000000
0.000000
0.000000
0.000000
0.000000
0.000000
0.000000
0.000000
0.000000
0.000000
0.000000
0.000000
0.000000
0.000000
0.000000
0.000000
0.000000
0.000000
0.000000
0.000000
0.000000
0.000000
0.000000
0.000000
0.000000
0.000000
0.000000
0.000000
0.000000
0.000000
0.000000
0.000000
0.000000
0.000000
0.000000
0.000000
0.000000
0.000000
0.000000
0.000000
0.000000
0.000000
0.000000
0.000000
0.000000
0.000000
0.000000
0.000000
0.000000
0.000000
0.000000
0.000000
0.000000
0.000000
0.000000
0.000000
0.000000
0.000000
0.000000
0.000000
0.000000
0.000000
0.000000
0.000000
0.000000
0.000000
0.000000
0.000000
0.000000
0.000000
0.000000
0.000000
0.000000
0.000000
0.000000
0.000000
0.000000
0.000000
0.000000
0.000000
0.000000
0.000000
0.000000
0.000000
0.000000
0.000000
0.000000
0.000000
0.000000
0.000000
0.000000
0.000000
0.000000
0.000000
0.000000
0.000000
0.000000
0.000000
0.000000
0.000000
0.000000
0.000000
0.000000
0.000000
0.000000
0.000000
0.000000
0.000000
0.000000
0.000000
0.000000
0.000000
0.000000
0.000000
0.000000
0.000000
0.000000
0.000000
0.000000
0.000000
0.000000
0.000000
0.000000
0.000000
0.000000
0.000000
0.000000
0.000000
0.000000
0.000000
0.000000
0.000000
0.000000
0.000000
0.000000
0.000000
0.000000
0.000000
0.000000
0.000000
0.000000
0.000000
0.000000
0.000000
0.000000
0.000000
0.000000
0.000000
0.000000
0.000000
0.000000
0.000000
0.000000
0.000000
0.000000
0.000000
0.000000
0.000000
0.000000
12516015.000000
106369.000000
218108.000000
3902192.000000
6922740.000000
4622734.000000
7882077.000000
6098788.000000
4376050.000000
4240473.000000
7330882.000000
1448763.000000
4636378.000000
6630023.000000
3376544.000000
1315370.000000
4717390.000000
4864222.000000
7816458.000000
5903857.000000
3898823.000000
431852.000000
7070762.000000
2513532.000000
4418894.000000
3576905.000000
7594074.000000
6057507.000000
5446679.000000
1000850.000000
130992.000000
7109405.000000
138882.000000
2741931.000000
7371130.000000
5026618.000000
5952165.000000
6823507.000000
3979763.000000
703541.000000
659250.000000
4579820.000000
7324531.000000
1340998.000000
2548646.000000
2121720.000000
6210433.000000
3918453.000000
2699751.000000
4670234.000000
7723255.000000
1976641.000000
5641968.000000
6381457.000000
4255336.000000
60750.000000
7644252.000000
6627721.000000
5517166.000000
6968197.000000
5382231.000000
2865275.000000
3063409.000000
5598241.000000
2874602.000000
2355294.000000
742835.000000
3030637.000000
5117553.000000
7916364.000000
4485283.000000
3417477.000000
4670315.000000
4031934.000000
6161504.000000
4458177.000000
6105064.000000
5782119.000000
6565288.000000
5400972.000000
2731516.000000
87057.000000
1018058.000000
5707018.000000
3525667.000000
396725.000000
2823359.000000
6929624.000000
3321196.000000
4036137.000000
8147546.000000
5660614.000000
6890654.000000
5134946.000000
4885629.000000
3846061.000000
8391102.000000
2905514.000000
2892887.000000
4446705.000000
2408076.000000
1171575.000000
6012304.000000
2672149.000000
5037172.000000
4237409.000000
2958541.000000
1281991.000000
6691183.000000
4816498.000000
7206709.000000
1770294.000000
5794298.000000
4352620.000000
2238843.000000
654203.000000
2279012.000000
1225117.000000
7275032.000000
785748.000000
120458.000000
1189502.000000
6195497.000000
2392670.000000
5625550.000000
6825375.000000
5461100.000000
1217453.000000
4701721.000000
4572901.000000
1485262.000000
279208.000000
5817151.000000
5908351.000000
5662125.000000
5471061.000000
2998735.000000
3430803.000000
2596139.000000
1617163.000000
862025.000000
5755907.000000
6849506.000000
5770995.000000
413945.000000
3430324.000000
4701752.000000
94208.000000
170692.000000
4218559.000000
4666905.000000
3867457.000000
227973.000000
4466622.000000
5518310.000000
4230616.000000
382711.000000
6209543.000000
6316622.000000
4955322.000000
5810381.000000
1791070.000000
1275947.000000
7768622.000000
942181.000000
6165804.000000
5185469.000000
2519008.000000
576999.000000
4067481.000000
1774062.000000
7483990.000000
3520249.000000
5264295.000000
5291120.000000
800077.000000
5405144.000000
3864288.000000
6584663.000000
4687040.000000
4259672.000000
6609314.000000
3206602.000000
5087427.000000
2664032.000000
4891087.000000
1257224.000000
7479744.000000
6545000.000000
293693.000000
7475076.000000
905639.000000
6721365.000000
881643.000000
5996232.000000
3982989.000000
4412995.000000
5828066.000000
6655544.000000
6169673.000000
6418142.000000
1290969.000000
2587954.000000
6593357.000000
466518.000000
7638692.000000
7036323.000000
1092657.000000
8035213.000000
1558463.000000
6937749.000000
5830595.000000
3090577.000000
319235.000000
6888575.000000
2967964.000000
4692201.000000
5259410.000000
5143689.000000
7013161.000000
4308108.000000
1234445.000000
6779381.000000
4043287.000000
8065058.000000
6452245.000000
518579.000000
570890.000000
5341409.000000
1518520.000000
4361268.000000
7674876.000000
3706691.000000
478352.000000
5004420.000000
4972296.000000
5471757.000000
7597885.000000
5200563.000000
6174705.000000
2858172.000000
772063.000000
825245.000000
4512000.000000
4536599.000000
4973408.000000
1065468.000000
4992939.000000
126859.000000
3507127.000000
2090962.000000
7945608.000000
5103540.000000
5445027.000000
5909837.000000
1447430.000000
678606.000000
7818971.000000
6379097.000000
4743383.000000
1192747.000000
6237853.000000
2889905.000000
5337973.000000
1144812.000000
486656.000000
6189428.000000
6306582.000000
388176.000000
5118675.000000
150730.000000
5429334.000000
5453886.000000
6266632.000000
6463881.000000
207162.000000
1564846.000000
2370520.000000
4595574.000000
6193641.000000
2353297.000000
5109145.000000
4513786.000000
4930122.000000
6098850.000000
6764725.000000
539206.000000
3020360.000000
4723038.000000
630010.000000
4927498.000000
3324136.000000
7144828.000000
4738787.000000
7968174.000000
1606414.000000
3815469.000000
575519.000000
5647414.000000
1560194.000000
5427675.000000
2760955.000000
3797037.000000
4524542.000000
5856005.000000
6698953.000000
524408.000000
7351954.000000
1694509.000000
2199863.000000
6117942.000000
5123509.000000
4680443.000000
184512.000000
2952629.000000
1400083.000000
592928.000000
7261232.000000
741622.000000
4325181.000000
3584917.000000
4754354.000000
4443083.000000
142740.000000
400903.000000
4149483.000000
5080092.000000
3895311.000000
6618486.000000
131272.000000
5338551.000000
7413096.000000
6534356.000000
3249380.000000
8017344.000000
4761910.000000
