0.000000
0.000000
0.000000
0.000000
0.000000
0.000000
0.000000
0.000000
0.000000
0.000000
0.000000
0.000000
0.000000
0.000000
0.000000
0.000000
0.000000
0.000000
0.000000
0.000000
0.000000
0.000000
0.000000
0.000000
0.000000
0.000000
0.000000
0.000000
0.000000
0.000000
0.000000
0.000000
0.000000
0.000000
0.000000
0.000000
0.000000
0.000000
0.000000
0.000000
0.000000
0.000000
0.000000
0.000000
0.000000
0.000000
0.000000
0.000000
0.000000
0.000000
0.000000
0.000000
0.000000
0.000000
0.000000
0.000000
0.000000
0.000000
0.000000
0.000000
0.000000
0.000000
0.000000
0.000000
0.000000
0.000000
0.000000
0.000000
0.000000
0.000000
0.000000
0.000000
0.000000
0.000000
0.000000
0.000000
0.000000
0.000000
0.000000
0.000000
0.000000
0.000000
0.000000
0.000000
0.000000
0.000000
0.000000
0.000000
0.000000
0.000000
0.000000
0.000000
0.000000
0.000000
0.000000
0.000000
0.000000
0.000000
0.000000
0.000000
0.000000
0.000000
0.000000
0.000000
0.000000
0.000000
0.000000
0.000000
0.000000
0.000000
0.000000
0.000000
0.000000
0.000000
0.000000
0.000000
0.000000
0.000000
0.000000
0.000000
0.000000
0.000000
0.000000
0.000000
0.000000
0.000000
0.000000
0.000000
0.000000
0.000000
0.000000
0.000000
0.000000
0.000000
0.000000
0.000000
0.000000
0.000000
0.000000
0.000000
0.000000
0.000000
0.000000
0.000000
0.000000
0.000000
0.000000
0.000000
0.000000
0.000000
0.000000
0.000000
0.000000
0.000000
0.000000
0.000000
0.000000
0.000000
0.000000
0.000000
0.000000
0.000000
0.000000
0.000000
0.000000
0.000000
0.000000
0.000000
0.000000
0.000000
0.000000
0.000000
0.000000
0.000000
0.000000
0.000000
0.000000
0.000000
0.000000
0.000000
0.000000
0.000000
0.000000
0.000000
0.000000
0.000000
0.000000
0.000000
0.000000
0.000000
0.000000
0.000000
0.000000
0.000000
0.000000
0.000000
0.000000
0.000000
0.000000
0.000000
0.000000
0.000000
0.000000
0.000000
0.000000
0.000000
0.000000
0.000000
0.000000
0.000000
0.000000
0.000000
0.000000
0.000000
0.000000
0.000000
0.000000
0.000000
0.000000
0.000000
0.000000
0.000000
0.000000
0.000000
0.000000
0.000000
0.000000
0.000000
0.000000
0.000000
0.000000
0.000000
0.000000
0.000000
0.000000
0.000000
0.000000
0.000000
0.000000
0.000000
0.000000
0.000000
0.000000
0.000000
0.000000
0.000000
0.000000
0.000000
0.000000
0.000000
0.000000
0.000000
0.000000
0.000000
0.000000
0.000000
0.000000
0.000000
0.000000
0.000000
0.000000
0.000000
0.000000
0.000000
0.000000
0.000000
0.000000
0.000000
0.000000
0.000000
0.000000
0.000000
0.000000
0.000000
0.000000
0.000000
0.000000
0.000000
0.000000
0.000000
0.000000
0.000000
0.000000
0.000000
0.000000
0.000000
0.000000
0.000000
0.000000
0.000000
0.000000
0.000000
0.000000
0.000000
0.000000
0.000000
0.000000
0.000000
0.000000
0.000000
0.000000
0.000000
0.000000
0.000000
0.000000
0.000000
0.000000
0.000000
0.000000
0.000000
0.000000
0.000000
0.000000
0.000000
0.000000
0.000000
0.000000
0.000000
0.000000
0.000000
0.000000
0.000000
0.000000
0.000000
0.000000
0.000000
0.000000
0.000000
0.000000
0.000000
0.000000
0.000000
0.000000
0.000000
0.000000
0.000000
0.000000
0.000000
0.000000
0.000000
0.000000
0.000000
0.000000
0.000000
0.000000
0.000000
0.000000
0.000000
0.000000
0.000000
0.000000
0.000000
0.000000
0.000000
0.000000
0.000000
0.000000
0.000000
0.000000
0.000000
0.000000
0.000000
0.000000
0.000000
0.000000
0.000000
0.000000
0.000000
0.000000
0.000000
0.000000
0.000000
0.000000
0.000000
0.000000
0.000000
0.000000
0.000000
0.000000
0.000000
0.000000
0.000000
0.000000
0.000000
0.000000
0.000000
0.000000
0.000000
0.000000
0.000000
0.000000
0.000000
0.000000
0.000000
0.000000
0.000000
0.000000
0.000000
0.000000
0.000000
0.000000
0.000000
0.000000
0.000000
0.000000
0.000000
0.000000
0.000000
0.000000
0.000000
0.000000
0.000000
0.000000
0.000000
0.000000
0.000000
0.000000
0.000000
0.000000
0.000000
0.000000
0.000000
0.000000
0.000000
0.000000
0.000000
0.000000
0.000000
0.000000
0.000000
0.000000
0.000000
0.000000
0.000000
0.000000
0.000000
0.000000
0.000000
0.000000
0.000000
0.000000
0.000000
0.000000
0.000000
0.000000
0.000000
0.000000
0.000000
0.000000
0.000000
0.000000
0.000000
0.000000
0.000000
0.000000
0.000000
0.000000
0.000000
0.000000
0.000000
0.000000
0.000000
0.000000
0.000000
0.000000
0.000000
0.000000
0.000000
0.000000
0.000000
0.000000
0.000000
0.000000
0.000000
0.000000
0.000000
0.000000
0.000000
0.000000
0.000000
0.000000
0.000000
0.000000
0.000000
0.000000
0.000000
0.000000
0.000000
0.000000
0.000000
0.000000
0.000000
0.000000
0.000000
0.000000
0.000000
0.000000
0.000000
0.000000
0.000000
0.000000
0.000000
0.000000
0.000000
0.000000
0.000000
0.000000
0.000000
0.000000
0.000000
0.000000
0.000000
0.000000
0.000000
0.000000
0.000000
0.000000
0.000000
0.000000
0.000000
0.000000
0.000000
0.000000
0.000000
0.000000
0.000000
0.000000
0.000000
0.000000
0.000000
0.000000
0.000000
0.000000
0.000000
0.000000
0.000000
0.000000
0.000000
0.000000
0.000000
0.000000
0.000000
0.000000
0.000000
0.000000
0.000000
0.000000
0.000000
0.000000
149450.000000
50175.000000
84544.000000
94701.000000
107664.000000
109213.000000
92237.000000
90422.000000
92202.000000
107279.000000
94190.000000
115276.000000
101582.000000
100959.000000
87708.000000
91566.000000
102016.000000
92203.000000
95475.000000
99435.000000
83207.000000
97314.000000
85279.000000
107153.000000
112827.000000
98941.000000
95524.000000
81265.000000
95946.000000
63441.000000
101179.000000
68989.000000
91154.000000
114245.000000
101263.000000
95768.000000
93597.000000
96454.000000
89692.000000
99491.000000
114053.000000
101456.000000
95051.000000
88458.000000
84255.000000
92913.000000
91658.000000
91748.000000
122176.000000
119328.000000
101990.000000
95471.000000
89370.000000
103320.000000
44659.000000
111198.000000
105216.000000
91541.000000
95604.000000
94729.000000
110358.000000
85655.000000
100086.000000
79144.000000
81557.000000
90334.000000
87780.000000
87259.000000
91476.000000
89512.000000
96338.000000
92515.000000
100813.000000
96335.000000
80788.000000
101575.000000
94903.000000
80190.000000
104613.000000
112640.000000
53541.000000
103525.000000
99562.000000
96761.000000
92350.000000
73898.000000
110346.000000
85160.000000
79778.000000
102306.000000
106183.000000
112445.000000
97196.000000
98326.000000
92886.000000
106173.000000
82126.000000
102053.000000
101738.000000
96460.000000
113120.000000
105398.000000
95134.000000
80759.000000
115700.000000
86957.000000
88424.000000
106186.000000
90570.000000
97049.000000
84223.000000
108249.000000
115344.000000
82181.000000
97085.000000
86658.000000
86379.000000
103204.000000
82124.000000
65236.000000
96154.000000
90834.000000
83866.000000
105520.000000
86314.000000
118949.000000
92081.000000
102201.000000
95653.000000
79570.000000
73479.000000
91594.000000
102034.000000
116528.000000
109850.000000
84114.000000
114884.000000
101068.000000
91529.000000
70257.000000
97237.000000
114501.000000
89957.000000
97045.000000
98693.000000
80984.000000
57673.000000
60036.000000
99012.000000
99778.000000
113829.000000
77361.000000
96268.000000
94353.000000
98534.000000
104534.000000
101205.000000
98458.000000
89668.000000
99167.000000
88739.000000
109116.000000
119892.000000
109290.000000
95122.000000
93381.000000
79286.000000
82220.000000
84373.000000
90257.000000
96718.000000
114695.000000
93602.000000
99488.000000
89958.000000
96768.000000
111224.000000
116020.000000
94621.000000
92803.000000
86406.000000
92567.000000
98761.000000
94518.000000
91302.000000
75202.000000
93289.000000
105472.000000
91810.000000
111139.000000
105161.000000
110587.000000
92597.000000
115348.000000
106206.000000
107564.000000
87826.000000
87695.000000
95131.000000
97163.000000
51800.000000
91654.000000
102817.000000
90721.000000
93219.000000
89423.000000
81985.000000
100627.000000
102250.000000
111246.000000
90947.000000
95287.000000
73770.000000
83847.000000
93308.000000
113051.000000
99774.000000
104170.000000
99331.000000
111281.000000
72053.000000
89422.000000
98248.000000
110370.000000
99310.000000
91387.000000
111950.000000
106790.000000
108793.000000
99873.000000
110562.000000
116035.000000
94968.000000
100191.000000
122141.000000
87950.000000
112496.000000
111459.000000
100885.000000
104391.000000
93236.000000
90778.000000
94124.000000
86760.000000
121006.000000
73058.000000
105526.000000
65186.000000
90566.000000
76820.000000
124122.000000
95929.000000
97774.000000
100915.000000
107388.000000
96001.000000
107182.000000
101160.000000
86065.000000
94854.000000
103696.000000
85589.000000
83933.000000
84051.000000
104817.000000
96201.000000
111002.000000
60392.000000
96423.000000
58466.000000
111852.000000
104028.000000
104929.000000
103541.000000
55842.000000
114233.000000
91769.000000
82691.000000
86698.000000
108299.000000
119447.000000
101956.000000
94081.000000
103513.000000
105748.000000
104148.000000
97069.000000
114941.000000
89278.000000
114859.000000
96542.000000
94602.000000
102950.000000
99352.000000
75665.000000
104043.000000
84135.000000
97791.000000
85777.000000
108038.000000
129963.000000
90259.000000
94087.000000
93126.000000
92640.000000
98851.000000
110297.000000
106920.000000
88839.000000
107336.000000
90803.000000
99069.000000
76640.000000
102573.000000
94831.000000
102027.000000
83445.000000
86391.000000
113556.000000
88724.000000
90418.000000
95664.000000
64863.000000
94093.000000
95797.000000
111788.000000
107540.000000
91707.000000
65805.000000
80012.000000
101247.000000
112335.000000
88074.000000
107641.000000
101775.000000
