0.000000
0.000000
0.000000
0.000000
0.000000
0.000000
0.000000
0.000000
0.000000
0.000000
0.000000
0.000000
0.000000
0.000000
0.000000
0.000000
0.000000
0.000000
0.000000
0.000000
0.000000
0.000000
0.000000
0.000000
0.000000
0.000000
0.000000
0.000000
0.000000
0.000000
0.000000
0.000000
0.000000
0.000000
0.000000
0.000000
0.000000
0.000000
0.000000
0.000000
0.000000
0.000000
0.000000
0.000000
0.000000
0.000000
0.000000
0.000000
0.000000
0.000000
0.000000
0.000000
0.000000
0.000000
0.000000
0.000000
0.000000
0.000000
0.000000
0.000000
0.000000
0.000000
0.000000
0.000000
0.000000
0.000000
0.000000
0.000000
0.000000
0.000000
0.000000
0.000000
0.000000
0.000000
0.000000
0.000000
0.000000
0.000000
0.000000
0.000000
0.000000
0.000000
0.000000
0.000000
0.000000
0.000000
0.000000
0.000000
0.000000
0.000000
0.000000
0.000000
0.000000
0.000000
0.000000
0.000000
0.000000
0.000000
0.000000
0.000000
0.000000
0.000000
0.000000
0.000000
0.000000
0.000000
0.000000
0.000000
0.000000
0.000000
0.000000
0.000000
0.000000
0.000000
0.000000
0.000000
0.000000
0.000000
0.000000
0.000000
0.000000
0.000000
0.000000
0.000000
0.000000
0.000000
0.000000
0.000000
0.000000
0.000000
0.000000
0.000000
0.000000
0.000000
0.000000
0.000000
0.000000
0.000000
0.000000
0.000000
0.000000
0.000000
0.000000
0.000000
0.000000
0.000000
0.000000
0.000000
0.000000
0.000000
0.000000
0.000000
0.000000
0.000000
0.000000
0.000000
0.000000
0.000000
0.000000
0.000000
0.000000
0.000000
0.000000
0.000000
0.000000
0.000000
0.000000
0.000000
0.000000
0.000000
0.000000
0.000000
0.000000
0.000000
0.000000
0.000000
0.000000
0.000000
0.000000
0.000000
0.000000
0.000000
0.000000
0.000000
0.000000
0.000000
0.000000
0.000000
0.000000
0.000000
0.000000
0.000000
0.000000
0.000000
0.000000
0.000000
0.000000
0.000000
0.000000
0.000000
0.000000
0.000000
0.000000
0.000000
0.000000
0.000000
0.000000
0.000000
0.000000
0.000000
0.000000
0.000000
0.000000
0.000000
0.000000
0.000000
0.000000
0.000000
0.000000
0.000000
0.000000
0.000000
0.000000
0.000000
0.000000
0.000000
0.000000
0.000000
0.000000
0.000000
0.000000
0.000000
0.000000
0.000000
0.000000
0.000000
0.000000
0.000000
0.000000
0.000000
0.000000
0.000000
0.000000
0.000000
0.000000
0.000000
0.000000
0.000000
0.000000
0.000000
0.000000
0.000000
0.000000
0.000000
0.000000
0.000000
0.000000
0.000000
0.000000
0.000000
0.000000
0.000000
0.000000
0.000000
0.000000
0.000000
0.000000
0.000000
0.000000
0.000000
0.000000
0.000000
0.000000
0.000000
0.000000
0.000000
0.000000
0.000000
0.000000
0.000000
0.000000
0.000000
0.000000
0.000000
0.000000
0.000000
0.000000
0.000000
0.000000
0.000000
0.000000
0.000000
0.000000
0.000000
0.000000
0.000000
0.000000
0.000000
0.000000
0.000000
0.000000
0.000000
0.000000
0.000000
0.000000
0.000000
0.000000
0.000000
0.000000
0.000000
0.000000
0.000000
0.000000
0.000000
0.000000
0.000000
0.000000
0.000000
0.000000
0.000000
0.000000
0.000000
0.000000
0.000000
0.000000
0.000000
0.000000
0.000000
0.000000
0.000000
0.000000
0.000000
0.000000
0.000000
0.000000
0.000000
0.000000
0.000000
0.000000
0.000000
0.000000
0.000000
0.000000
0.000000
0.000000
0.000000
0.000000
0.000000
0.000000
0.000000
0.000000
0.000000
0.000000
0.000000
0.000000
0.000000
0.000000
0.000000
0.000000
0.000000
0.000000
0.000000
0.000000
0.000000
0.000000
0.000000
0.000000
0.000000
0.000000
0.000000
0.000000
0.000000
0.000000
0.000000
0.000000
0.000000
0.000000
0.000000
0.000000
0.000000
0.000000
0.000000
0.000000
0.000000
0.000000
0.000000
0.000000
0.000000
0.000000
0.000000
0.000000
0.000000
0.000000
0.000000
0.000000
0.000000
0.000000
0.000000
0.000000
0.000000
0.000000
0.000000
0.000000
0.000000
0.000000
0.000000
0.000000
0.000000
0.000000
0.000000
0.000000
0.000000
0.000000
0.000000
0.000000
0.000000
0.000000
0.000000
0.000000
0.000000
0.000000
0.000000
0.000000
0.000000
0.000000
0.000000
0.000000
0.000000
0.000000
0.000000
0.000000
0.000000
0.000000
0.000000
0.000000
0.000000
0.000000
0.000000
0.000000
0.000000
0.000000
0.000000
0.000000
0.000000
0.000000
0.000000
0.000000
0.000000
0.000000
0.000000
0.000000
0.000000
0.000000
0.000000
0.000000
0.000000
0.000000
0.000000
0.000000
0.000000
0.000000
0.000000
0.000000
0.000000
0.000000
0.000000
0.000000
0.000000
0.000000
0.000000
0.000000
0.000000
0.000000
0.000000
0.000000
0.000000
0.000000
0.000000
0.000000
0.000000
0.000000
0.000000
0.000000
0.000000
0.000000
0.000000
0.000000
0.000000
0.000000
0.000000
0.000000
0.000000
0.000000
0.000000
0.000000
0.000000
0.000000
0.000000
0.000000
0.000000
0.000000
0.000000
0.000000
0.000000
0.000000
0.000000
0.000000
0.000000
0.000000
0.000000
0.000000
0.000000
0.000000
0.000000
0.000000
0.000000
0.000000
0.000000
0.000000
0.000000
0.000000
0.000000
0.000000
0.000000
0.000000
0.000000
0.000000
0.000000
0.000000
0.000000
0.000000
0.000000
0.000000
0.000000
0.000000
0.000000
0.000000
0.000000
0.000000
0.000000
0.000000
0.000000
0.000000
0.000000
0.000000
0.000000
0.000000
0.000000
0.000000
0.000000
0.000000
11093355.000000
5433566.000000
3855850.000000
5662782.000000
4359095.000000
3538595.000000
4839873.000000
4744136.000000
1903799.000000
4520908.000000
5651972.000000
2863610.000000
1312291.000000
3159156.000000
3497668.000000
4935631.000000
5487575.000000
2708512.000000
446649.000000
6240571.000000
1887110.000000
4264758.000000
2216128.000000
5220908.000000
5014789.000000
4300170.000000
1060727.000000
104153.000000
6409040.000000
131183.000000
2400257.000000
6655410.000000
4940748.000000
7243754.000000
5995093.000000
6039331.000000
557851.000000
714640.000000
5102507.000000
4399001.000000
1532076.000000
2443695.000000
1979166.000000
4370440.000000
4006658.000000
2911832.000000
4301537.000000
6894036.000000
2171473.000000
5535633.000000
5211367.000000
4742454.000000
62166.000000
5827650.000000
4403625.000000
5048668.000000
5246694.000000
4917921.000000
3520674.000000
2969059.000000
4273934.000000
3557816.000000
1699266.000000
712197.000000
3388049.000000
3813635.000000
6403861.000000
4355449.000000
4738154.000000
3770290.000000
5164616.000000
4776985.000000
3423953.000000
4689599.000000
4593882.000000
7566548.000000
4647705.000000
2458369.000000
94755.000000
890452.000000
5022499.000000
3297475.000000
379588.000000
3804772.000000
5220135.000000
3403555.000000
2766505.000000
5768056.000000
3660951.000000
5708072.000000
3847667.000000
3521171.000000
4365848.000000
4408403.000000
3758361.000000
2947906.000000
5191976.000000
3177275.000000
1196891.000000
5955746.000000
2936683.000000
5787267.000000
4734636.000000
3259794.000000
1271558.000000
5494907.000000
3693256.000000
5846920.000000
3241978.000000
4765375.000000
3842052.000000
3170970.000000
617447.000000
2831121.000000
1587420.000000
5194559.000000
714347.000000
128271.000000
1569994.000000
4971654.000000
2349947.000000
4195916.000000
6285591.000000
4440447.000000
1235635.000000
3729007.000000
4767018.000000
1385102.000000
339349.000000
3938962.000000
4348958.000000
4660971.000000
3970637.000000
3674331.000000
2423948.000000
1846846.000000
2431289.000000
1162368.000000
6158853.000000
4967055.000000
5146994.000000
320732.000000
2712207.000000
4233557.000000
111712.000000
260244.000000
2879445.000000
5425112.000000
3219342.000000
219546.000000
4881293.000000
4313751.000000
3547029.000000
378470.000000
5664244.000000
5328329.000000
4173656.000000
5193335.000000
1923334.000000
1174113.000000
5746170.000000
874635.000000
6479963.000000
3549481.000000
2418832.000000
654297.000000
3503016.000000
1706138.000000
5024913.000000
4162520.000000
5567278.000000
4281206.000000
954945.000000
4563212.000000
4505953.000000
5078897.000000
3828218.000000
4508595.000000
4422100.000000
2683651.000000
5633514.000000
2124242.000000
4459846.000000
1980555.000000
5149296.000000
5045966.000000
285462.000000
5452757.000000
986704.000000
6092037.000000
1032818.000000
5525989.000000
3526511.000000
6466336.000000
5465883.000000
7086964.000000
4398121.000000
5510069.000000
2694998.000000
1864761.000000
6054193.000000
467709.000000
6683133.000000
5228727.000000
1529730.000000
5480819.000000
1300378.000000
5327619.000000
4593186.000000
3606848.000000
315058.000000
4787357.000000
3241274.000000
3036350.000000
3822198.000000
3228991.000000
5547007.000000
2913125.000000
1697975.000000
6296823.000000
4676491.000000
4943814.000000
4240835.000000
595072.000000
462909.000000
4146484.000000
1390556.000000
3875117.000000
4965984.000000
3666440.000000
412152.000000
4664011.000000
4723670.000000
5663556.000000
5136849.000000
3842846.000000
3855416.000000
2757228.000000
802801.000000
1008810.000000
4072103.000000
4364068.000000
3554634.000000
1510038.000000
6141887.000000
121212.000000
3264621.000000
3529506.000000
5462472.000000
4380746.000000
6007313.000000
4312066.000000
1488318.000000
568742.000000
5790292.000000
5195645.000000
4898016.000000
1466304.000000
5226601.000000
3232093.000000
4988324.000000
1133644.000000
521097.000000
5459316.000000
5053919.000000
577959.000000
5776401.000000
177210.000000
5174192.000000
4759284.000000
5650121.000000
4698875.000000
379631.000000
1287918.000000
2702548.000000
3603165.000000
4887159.000000
2342878.000000
4700802.000000
4398276.000000
3334462.000000
5539803.000000
6072752.000000
582665.000000
3520150.000000
5191609.000000
516022.000000
3961193.000000
3818810.000000
5880944.000000
3121034.000000
4971366.000000
1843640.000000
4563017.000000
583795.000000
4290272.000000
1268778.000000
5478566.000000
2460211.000000
2970268.000000
5797585.000000
4511685.000000
4081958.000000
375390.000000
6409202.000000
2333198.000000
1907068.000000
4654493.000000
3473575.000000
2938093.000000
143456.000000
2676519.000000
1533033.000000
476733.000000
5572041.000000
624205.000000
3020107.000000
2930509.000000
5193519.000000
4022454.000000
153162.000000
430555.000000
2957545.000000
5087309.000000
2956855.000000
5317106.000000
119815.000000
6430871.000000
5952940.000000
5125008.000000
2858567.000000
5335053.000000
5943251.000000
