0.000000
0.000000
0.000000
0.000000
0.000000
0.000000
0.000000
0.000000
0.000000
0.000000
0.000000
0.000000
0.000000
0.000000
0.000000
0.000000
0.000000
0.000000
0.000000
0.000000
0.000000
0.000000
0.000000
0.000000
0.000000
0.000000
0.000000
0.000000
0.000000
0.000000
0.000000
0.000000
0.000000
0.000000
0.000000
0.000000
0.000000
0.000000
0.000000
0.000000
0.000000
0.000000
0.000000
0.000000
0.000000
0.000000
0.000000
0.000000
0.000000
0.000000
0.000000
0.000000
0.000000
0.000000
0.000000
0.000000
0.000000
0.000000
0.000000
0.000000
0.000000
0.000000
0.000000
0.000000
0.000000
0.000000
0.000000
0.000000
0.000000
0.000000
0.000000
0.000000
0.000000
0.000000
0.000000
0.000000
0.000000
0.000000
0.000000
0.000000
0.000000
0.000000
0.000000
0.000000
0.000000
0.000000
0.000000
0.000000
0.000000
0.000000
0.000000
0.000000
0.000000
0.000000
0.000000
0.000000
0.000000
0.000000
0.000000
0.000000
0.000000
0.000000
0.000000
0.000000
0.000000
0.000000
0.000000
0.000000
0.000000
0.000000
0.000000
0.000000
0.000000
0.000000
0.000000
0.000000
0.000000
0.000000
0.000000
0.000000
0.000000
0.000000
0.000000
0.000000
0.000000
0.000000
0.000000
0.000000
0.000000
0.000000
0.000000
0.000000
0.000000
0.000000
0.000000
0.000000
0.000000
0.000000
0.000000
0.000000
0.000000
0.000000
0.000000
0.000000
0.000000
0.000000
0.000000
0.000000
0.000000
0.000000
0.000000
0.000000
0.000000
0.000000
0.000000
0.000000
0.000000
0.000000
0.000000
0.000000
0.000000
0.000000
0.000000
0.000000
0.000000
0.000000
0.000000
0.000000
0.000000
0.000000
0.000000
0.000000
0.000000
0.000000
0.000000
0.000000
0.000000
0.000000
0.000000
0.000000
0.000000
0.000000
0.000000
0.000000
0.000000
0.000000
0.000000
0.000000
0.000000
0.000000
0.000000
0.000000
0.000000
0.000000
0.000000
0.000000
0.000000
0.000000
0.000000
0.000000
0.000000
0.000000
0.000000
0.000000
0.000000
0.000000
0.000000
0.000000
0.000000
0.000000
0.000000
0.000000
0.000000
0.000000
0.000000
0.000000
0.000000
0.000000
0.000000
0.000000
0.000000
0.000000
0.000000
0.000000
0.000000
0.000000
0.000000
0.000000
0.000000
0.000000
0.000000
0.000000
0.000000
0.000000
0.000000
0.000000
0.000000
0.000000
0.000000
0.000000
0.000000
0.000000
0.000000
0.000000
0.000000
0.000000
0.000000
0.000000
0.000000
0.000000
0.000000
0.000000
0.000000
0.000000
0.000000
0.000000
0.000000
0.000000
0.000000
0.000000
0.000000
0.000000
0.000000
0.000000
0.000000
0.000000
0.000000
0.000000
0.000000
0.000000
0.000000
0.000000
0.000000
0.000000
0.000000
0.000000
0.000000
0.000000
0.000000
0.000000
0.000000
0.000000
0.000000
0.000000
0.000000
0.000000
0.000000
0.000000
0.000000
0.000000
0.000000
0.000000
0.000000
0.000000
0.000000
0.000000
0.000000
0.000000
0.000000
0.000000
0.000000
0.000000
0.000000
0.000000
0.000000
0.000000
0.000000
0.000000
0.000000
0.000000
0.000000
0.000000
0.000000
0.000000
0.000000
0.000000
0.000000
0.000000
0.000000
0.000000
0.000000
0.000000
0.000000
0.000000
0.000000
0.000000
0.000000
0.000000
0.000000
0.000000
0.000000
0.000000
0.000000
0.000000
0.000000
0.000000
0.000000
0.000000
0.000000
0.000000
0.000000
0.000000
0.000000
0.000000
0.000000
0.000000
0.000000
0.000000
0.000000
0.000000
0.000000
0.000000
0.000000
0.000000
0.000000
0.000000
0.000000
0.000000
0.000000
0.000000
0.000000
0.000000
0.000000
0.000000
0.000000
0.000000
0.000000
0.000000
0.000000
0.000000
0.000000
0.000000
0.000000
0.000000
0.000000
0.000000
0.000000
0.000000
0.000000
0.000000
0.000000
0.000000
0.000000
0.000000
0.000000
0.000000
0.000000
0.000000
0.000000
0.000000
0.000000
0.000000
0.000000
0.000000
0.000000
0.000000
0.000000
0.000000
0.000000
0.000000
0.000000
0.000000
0.000000
0.000000
0.000000
0.000000
0.000000
0.000000
0.000000
0.000000
0.000000
0.000000
0.000000
0.000000
0.000000
0.000000
0.000000
0.000000
0.000000
0.000000
0.000000
0.000000
0.000000
0.000000
0.000000
0.000000
0.000000
0.000000
0.000000
0.000000
0.000000
0.000000
0.000000
0.000000
0.000000
0.000000
0.000000
0.000000
0.000000
0.000000
0.000000
0.000000
0.000000
0.000000
0.000000
0.000000
0.000000
0.000000
0.000000
0.000000
0.000000
0.000000
0.000000
0.000000
0.000000
0.000000
0.000000
0.000000
0.000000
0.000000
0.000000
0.000000
0.000000
0.000000
0.000000
0.000000
0.000000
0.000000
0.000000
0.000000
0.000000
0.000000
0.000000
0.000000
0.000000
0.000000
0.000000
0.000000
0.000000
0.000000
0.000000
0.000000
0.000000
0.000000
0.000000
0.000000
0.000000
0.000000
0.000000
0.000000
0.000000
0.000000
0.000000
0.000000
0.000000
0.000000
0.000000
0.000000
0.000000
0.000000
0.000000
0.000000
0.000000
0.000000
0.000000
0.000000
0.000000
0.000000
0.000000
0.000000
0.000000
0.000000
0.000000
0.000000
0.000000
0.000000
0.000000
0.000000
0.000000
0.000000
0.000000
0.000000
0.000000
0.000000
0.000000
0.000000
0.000000
0.000000
0.000000
0.000000
0.000000
0.000000
0.000000
0.000000
0.000000
0.000000
0.000000
0.000000
0.000000
0.000000
0.000000
0.000000
0.000000
0.000000
0.000000
0.000000
0.000000
0.000000
0.000000
0.000000
0.000000
0.000000
0.000000
0.000000
28535655.000000
8479745.000000
6189650.000000
5889105.000000
12482518.000000
1881531.000000
6299524.000000
11352952.000000
3410409.000000
1488713.000000
4797273.000000
5887576.000000
11131456.000000
8615949.000000
4548090.000000
443022.000000
11918080.000000
2270288.000000
5026335.000000
3471523.000000
13448404.000000
8762190.000000
7007811.000000
1115108.000000
134611.000000
12179601.000000
128440.000000
2944892.000000
13511208.000000
7338482.000000
11049550.000000
10480898.000000
7669331.000000
708161.000000
577004.000000
7405830.000000
11495551.000000
1651110.000000
2867742.000000
2276342.000000
8065765.000000
4736115.000000
2884277.000000
6368810.000000
13341109.000000
2435008.000000
8251227.000000
8778022.000000
5902036.000000
68540.000000
11798059.000000
8832691.000000
7868459.000000
10137551.000000
7822091.000000
3196469.000000
3480257.000000
6773516.000000
3642851.000000
2111929.000000
754917.000000
3526594.000000
7170662.000000
13799181.000000
6392716.000000
5172464.000000
6515259.000000
5751078.000000
8152942.000000
4595883.000000
8213581.000000
8187177.000000
13013281.000000
7598205.000000
3034018.000000
97615.000000
983529.000000
8732545.000000
3983101.000000
426936.000000
3546681.000000
11157709.000000
3901046.000000
4283684.000000
13750545.000000
7670477.000000
10048767.000000
5588008.000000
5237995.000000
6202322.000000
14430162.000000
3936104.000000
2955571.000000
7382064.000000
3028675.000000
1316598.000000
9205225.000000
2899860.000000
7944767.000000
6465575.000000
3251230.000000
1256549.000000
11589971.000000
6125504.000000
14680659.000000
2848605.000000
7583728.000000
4841126.000000
2731257.000000
584641.000000
2645569.000000
1469909.000000
11436598.000000
789870.000000
116966.000000
1325488.000000
8304252.000000
3024642.000000
7399379.000000
11192255.000000
7026838.000000
1488862.000000
5277991.000000
6783997.000000
1509909.000000
331862.000000
7529185.000000
7667355.000000
7297741.000000
6162692.000000
3444448.000000
2901246.000000
2540286.000000
2286824.000000
1072285.000000
9019505.000000
9798056.000000
8037454.000000
379288.000000
2910640.000000
5927063.000000
100369.000000
251264.000000
4366019.000000
7938955.000000
4174529.000000
214051.000000
6587944.000000
7066930.000000
5388115.000000
449844.000000
9670326.000000
8681605.000000
6227228.000000
9263227.000000
1739857.000000
1437801.000000
13645661.000000
841418.000000
10329980.000000
5835811.000000
2601434.000000
624141.000000
5001969.000000
2035436.000000
11718729.000000
4460938.000000
8449968.000000
6947448.000000
1016510.000000
6750739.000000
5854124.000000
9654160.000000
6544824.000000
5118754.000000
9824309.000000
3161723.000000
8113406.000000
2346466.000000
6744143.000000
1717782.000000
11652037.000000
9041153.000000
275913.000000
10865997.000000
1167230.000000
11619966.000000
1110790.000000
8761372.000000
4383447.000000
8679487.000000
8653117.000000
11403810.000000
7556347.000000
8981258.000000
2245659.000000
2287112.000000
10012148.000000
488359.000000
11939854.000000
11895660.000000
1400059.000000
11716084.000000
1663856.000000
11179794.000000
7673570.000000
3724883.000000
272288.000000
9241362.000000
3482502.000000
5059866.000000
6101706.000000
5739058.000000
12716409.000000
4289966.000000
1687558.000000
13040429.000000
6110007.000000
12344013.000000
8207327.000000
586778.000000
539255.000000
6384819.000000
1563544.000000
4901025.000000
13743813.000000
4843479.000000
457420.000000
5895408.000000
7190649.000000
8836041.000000
13597450.000000
5894948.000000
7466611.000000
3217920.000000
742460.000000
1063697.000000
6119139.000000
5657240.000000
5241460.000000
1308026.000000
9239308.000000
137522.000000
4131301.000000
2922534.000000
13921338.000000
6814466.000000
9442381.000000
7493345.000000
1584886.000000
660681.000000
12608642.000000
9691222.000000
7010371.000000
1440102.000000
8893438.000000
3322228.000000
7533755.000000
1053816.000000
571299.000000
8822207.000000
9157830.000000
478290.000000
7967028.000000
158792.000000
8518676.000000
7283722.000000
9079628.000000
8464680.000000
248257.000000
1701347.000000
2590340.000000
5867302.000000
8843395.000000
2611771.000000
7061499.000000
5998527.000000
5967927.000000
7931281.000000
10170789.000000
531064.000000
4479602.000000
6854542.000000
624329.000000
6477490.000000
3768125.000000
12732612.000000
5907338.000000
14049291.000000
1974009.000000
4816797.000000
674354.000000
7420684.000000
1642340.000000
8065786.000000
3160019.000000
3946445.000000
8300345.000000
8647541.000000
9620169.000000
458518.000000
13158701.000000
2235629.000000
2377446.000000
9111454.000000
6171949.000000
4829726.000000
179578.000000
3072162.000000
1655271.000000
570941.000000
11267366.000000
660400.000000
4838061.000000
3893900.000000
6970101.000000
5625519.000000
178109.000000
411773.000000
4779729.000000
7104252.000000
4400977.000000
9485526.000000
118782.000000
11243999.000000
12512927.000000
9257469.000000
3335571.000000
12755490.000000
8719056.000000
