0.000000
0.000000
0.000000
0.000000
0.000000
0.000000
0.000000
0.000000
0.000000
0.000000
0.000000
0.000000
0.000000
0.000000
0.000000
0.000000
0.000000
0.000000
0.000000
0.000000
0.000000
0.000000
0.000000
0.000000
0.000000
0.000000
0.000000
0.000000
0.000000
0.000000
0.000000
0.000000
0.000000
0.000000
0.000000
0.000000
0.000000
0.000000
0.000000
0.000000
0.000000
0.000000
0.000000
0.000000
0.000000
0.000000
0.000000
0.000000
0.000000
0.000000
0.000000
0.000000
0.000000
0.000000
0.000000
0.000000
0.000000
0.000000
0.000000
0.000000
0.000000
0.000000
0.000000
0.000000
0.000000
0.000000
0.000000
0.000000
0.000000
0.000000
0.000000
0.000000
0.000000
0.000000
0.000000
0.000000
0.000000
0.000000
0.000000
0.000000
0.000000
0.000000
0.000000
0.000000
0.000000
0.000000
0.000000
0.000000
0.000000
0.000000
0.000000
0.000000
0.000000
0.000000
0.000000
0.000000
0.000000
0.000000
0.000000
0.000000
0.000000
0.000000
0.000000
0.000000
0.000000
0.000000
0.000000
0.000000
0.000000
0.000000
0.000000
0.000000
0.000000
0.000000
0.000000
0.000000
0.000000
0.000000
0.000000
0.000000
0.000000
0.000000
0.000000
0.000000
0.000000
0.000000
0.000000
0.000000
0.000000
0.000000
0.000000
0.000000
0.000000
0.000000
0.000000
0.000000
0.000000
0.000000
0.000000
0.000000
0.000000
0.000000
0.000000
0.000000
0.000000
0.000000
0.000000
0.000000
0.000000
0.000000
0.000000
0.000000
0.000000
0.000000
0.000000
0.000000
0.000000
0.000000
0.000000
0.000000
0.000000
0.000000
0.000000
0.000000
0.000000
0.000000
0.000000
0.000000
0.000000
0.000000
0.000000
0.000000
0.000000
0.000000
0.000000
0.000000
0.000000
0.000000
0.000000
0.000000
0.000000
0.000000
0.000000
0.000000
0.000000
0.000000
0.000000
0.000000
0.000000
0.000000
0.000000
0.000000
0.000000
0.000000
0.000000
0.000000
0.000000
0.000000
0.000000
0.000000
0.000000
0.000000
0.000000
0.000000
0.000000
0.000000
0.000000
0.000000
0.000000
0.000000
0.000000
0.000000
0.000000
0.000000
0.000000
0.000000
0.000000
0.000000
0.000000
0.000000
0.000000
0.000000
0.000000
0.000000
0.000000
0.000000
0.000000
0.000000
0.000000
0.000000
0.000000
0.000000
0.000000
0.000000
0.000000
0.000000
0.000000
0.000000
0.000000
0.000000
0.000000
0.000000
0.000000
0.000000
0.000000
0.000000
0.000000
0.000000
0.000000
0.000000
0.000000
0.000000
0.000000
0.000000
0.000000
0.000000
0.000000
0.000000
0.000000
0.000000
0.000000
0.000000
0.000000
0.000000
0.000000
0.000000
0.000000
0.000000
0.000000
0.000000
0.000000
0.000000
0.000000
0.000000
0.000000
0.000000
0.000000
0.000000
0.000000
0.000000
0.000000
0.000000
0.000000
0.000000
0.000000
0.000000
0.000000
0.000000
0.000000
0.000000
0.000000
0.000000
0.000000
0.000000
0.000000
0.000000
0.000000
0.000000
0.000000
0.000000
0.000000
0.000000
0.000000
0.000000
0.000000
0.000000
0.000000
0.000000
0.000000
0.000000
0.000000
0.000000
0.000000
0.000000
0.000000
0.000000
0.000000
0.000000
0.000000
0.000000
0.000000
0.000000
0.000000
0.000000
0.000000
0.000000
0.000000
0.000000
0.000000
0.000000
0.000000
0.000000
0.000000
0.000000
0.000000
0.000000
0.000000
0.000000
0.000000
0.000000
0.000000
0.000000
0.000000
0.000000
0.000000
0.000000
0.000000
0.000000
0.000000
0.000000
0.000000
0.000000
0.000000
0.000000
0.000000
0.000000
0.000000
0.000000
0.000000
0.000000
0.000000
0.000000
0.000000
0.000000
0.000000
0.000000
0.000000
0.000000
0.000000
0.000000
0.000000
0.000000
0.000000
0.000000
0.000000
0.000000
0.000000
0.000000
0.000000
0.000000
0.000000
0.000000
0.000000
0.000000
0.000000
0.000000
0.000000
0.000000
0.000000
0.000000
0.000000
0.000000
0.000000
0.000000
0.000000
0.000000
0.000000
0.000000
0.000000
0.000000
0.000000
0.000000
0.000000
0.000000
0.000000
0.000000
0.000000
0.000000
0.000000
0.000000
0.000000
0.000000
0.000000
0.000000
0.000000
0.000000
0.000000
0.000000
0.000000
0.000000
0.000000
0.000000
0.000000
0.000000
0.000000
0.000000
0.000000
0.000000
0.000000
0.000000
0.000000
0.000000
0.000000
0.000000
0.000000
0.000000
0.000000
0.000000
0.000000
0.000000
0.000000
0.000000
0.000000
0.000000
0.000000
0.000000
0.000000
0.000000
0.000000
0.000000
0.000000
0.000000
0.000000
0.000000
0.000000
0.000000
0.000000
0.000000
0.000000
0.000000
0.000000
0.000000
0.000000
0.000000
0.000000
0.000000
0.000000
0.000000
0.000000
0.000000
0.000000
0.000000
0.000000
0.000000
0.000000
0.000000
0.000000
0.000000
0.000000
0.000000
0.000000
0.000000
0.000000
0.000000
0.000000
0.000000
0.000000
0.000000
0.000000
0.000000
0.000000
0.000000
0.000000
0.000000
0.000000
0.000000
0.000000
0.000000
0.000000
0.000000
0.000000
0.000000
0.000000
0.000000
0.000000
0.000000
0.000000
0.000000
0.000000
0.000000
0.000000
0.000000
0.000000
0.000000
0.000000
0.000000
0.000000
0.000000
0.000000
0.000000
0.000000
0.000000
0.000000
0.000000
0.000000
0.000000
0.000000
0.000000
0.000000
0.000000
0.000000
0.000000
0.000000
0.000000
0.000000
0.000000
0.000000
0.000000
0.000000
0.000000
0.000000
0.000000
0.000000
0.000000
0.000000
0.000000
0.000000
0.000000
0.000000
0.000000
0.000000
0.000000
0.000000
0.000000
0.000000
0.000000
0.000000
0.000000
0.000000
2945775.000000
1915284.000000
1710559.000000
1664198.000000
908990.000000
1454571.000000
1630890.000000
1445198.000000
1743806.000000
1413352.000000
361733.000000
1851886.000000
1011397.000000
1583966.000000
1323037.000000
1552858.000000
1847344.000000
1416617.000000
873053.000000
117729.000000
1764560.000000
143534.000000
1443109.000000
1789624.000000
1789746.000000
1820527.000000
1741987.000000
1836981.000000
644026.000000
568775.000000
1623344.000000
1466712.000000
1980671.000000
1482803.000000
1449279.000000
1456774.000000
1673158.000000
1721111.000000
1681830.000000
1973738.000000
1421168.000000
1741788.000000
1746929.000000
1971053.000000
53991.000000
1771857.000000
1234905.000000
1791032.000000
1563319.000000
1732769.000000
1616158.000000
1524118.000000
1443389.000000
1585025.000000
1314481.000000
654059.000000
1641757.000000
1542286.000000
1667463.000000
1629545.000000
1908868.000000
1749245.000000
1887294.000000
1530317.000000
1416328.000000
1449453.000000
1599167.000000
1878677.000000
1626241.000000
1562060.000000
95255.000000
655894.000000
1477885.000000
1376596.000000
423081.000000
1677143.000000
1521955.000000
1512525.000000
1233968.000000
1852420.000000
1445706.000000
1618667.000000
1521375.000000
1570493.000000
1577763.000000
1448055.000000
1653484.000000
1609259.000000
1593496.000000
1470379.000000
964938.000000
1779108.000000
1606496.000000
1828912.000000
1660472.000000
1523889.000000
992201.000000
1888853.000000
1814327.000000
1829005.000000
1378218.000000
1533570.000000
1630496.000000
1611422.000000
625675.000000
1505556.000000
1083738.000000
1479446.000000
668684.000000
105825.000000
1156099.000000
1598910.000000
1387764.000000
1447513.000000
1798065.000000
1654481.000000
1037632.000000
1682819.000000
1786481.000000
1011050.000000
382070.000000
1316411.000000
1498544.000000
1759705.000000
1624497.000000
1770214.000000
1400928.000000
1153830.000000
1434988.000000
1014921.000000
2002837.000000
1584136.000000
1837763.000000
325946.000000
1349847.000000
1388352.000000
125204.000000
309981.000000
1340053.000000
1705723.000000
1805468.000000
212497.000000
1797426.000000
1841154.000000
1337829.000000
433849.000000
1793415.000000
1586757.000000
1609604.000000
1793240.000000
1306963.000000
1000767.000000
2031077.000000
870834.000000
1806771.000000
1476424.000000
1346328.000000
767716.000000
1608500.000000
1216216.000000
1551508.000000
1727812.000000
1483601.000000
1477228.000000
913082.000000
1742582.000000
1869184.000000
1574276.000000
1516700.000000
1835727.000000
1550556.000000
1548016.000000
1968603.000000
1243053.000000
1400228.000000
1317052.000000
1567844.000000
1638042.000000
264528.000000
1444106.000000
914007.000000
1757144.000000
892861.000000
1531124.000000
1635766.000000
1776589.000000
1596911.000000
1606447.000000
1585476.000000
1795683.000000
1466643.000000
1270933.000000
1876783.000000
390685.000000
1678081.000000
1522944.000000
1114289.000000
1367192.000000
1033551.000000
1757973.000000
1806806.000000
1591153.000000
258702.000000
1671437.000000
1702358.000000
1358807.000000
1590361.000000
1379660.000000
1917415.000000
1405173.000000
1263684.000000
1764984.000000
1378176.000000
1397510.000000
1503495.000000
645403.000000
461333.000000
1551044.000000
1006880.000000
1602880.000000
1587904.000000
1651457.000000
513446.000000
1973719.000000
1701988.000000
1873906.000000
1532178.000000
1670172.000000
1304350.000000
1412026.000000
643966.000000
854557.000000
1827279.000000
1722863.000000
1589527.000000
1154150.000000
1756034.000000
105165.000000
1529304.000000
1670583.000000
1763275.000000
1587817.000000
1567057.000000
1691645.000000
1032036.000000
497335.000000
1686374.000000
1651024.000000
1766392.000000
1145284.000000
1737360.000000
1719589.000000
1676922.000000
955746.000000
463653.000000
1864935.000000
1800395.000000
561131.000000
1681757.000000
161351.000000
1555279.000000
1999128.000000
1921163.000000
1580179.000000
330083.000000
1028855.000000
1304526.000000
1482029.000000
1884453.000000
1386299.000000
1767407.000000
1756361.000000
1392043.000000
1908366.000000
1913982.000000
583922.000000
1233452.000000
1606209.000000
448697.000000
1532202.000000
1766741.000000
2018084.000000
1468436.000000
1477562.000000
1209291.000000
1950348.000000
583953.000000
1422697.000000
924259.000000
1870082.000000
1448945.000000
1488091.000000
1639690.000000
1596529.000000
1425364.000000
359261.000000
1797159.000000
1222334.000000
1225915.000000
1469532.000000
1497795.000000
1352354.000000
131744.000000
1683274.000000
1140635.000000
429526.000000
1604212.000000
629401.000000
1403496.000000
1450640.000000
1846906.000000
1577394.000000
148507.000000
396507.000000
1374815.000000
1686793.000000
1477135.000000
1420429.000000
114443.000000
1857691.000000
1742931.000000
1846852.000000
1562983.000000
1575387.000000
1793286.000000
