0.000000
0.000000
0.000000
0.000000
0.000000
0.000000
0.000000
0.000000
0.000000
0.000000
0.000000
0.000000
0.000000
0.000000
0.000000
0.000000
0.000000
0.000000
0.000000
0.000000
0.000000
0.000000
0.000000
0.000000
0.000000
0.000000
0.000000
0.000000
0.000000
0.000000
0.000000
0.000000
0.000000
0.000000
0.000000
0.000000
0.000000
0.000000
0.000000
0.000000
0.000000
0.000000
0.000000
0.000000
0.000000
0.000000
0.000000
0.000000
0.000000
0.000000
0.000000
0.000000
0.000000
0.000000
0.000000
0.000000
0.000000
0.000000
0.000000
0.000000
0.000000
0.000000
0.000000
0.000000
0.000000
0.000000
0.000000
0.000000
0.000000
0.000000
0.000000
0.000000
0.000000
0.000000
0.000000
0.000000
0.000000
0.000000
0.000000
0.000000
0.000000
0.000000
0.000000
0.000000
0.000000
0.000000
0.000000
0.000000
0.000000
0.000000
0.000000
0.000000
0.000000
0.000000
0.000000
0.000000
0.000000
0.000000
0.000000
0.000000
0.000000
0.000000
0.000000
0.000000
0.000000
0.000000
0.000000
0.000000
0.000000
0.000000
0.000000
0.000000
0.000000
0.000000
0.000000
0.000000
0.000000
0.000000
0.000000
0.000000
0.000000
0.000000
0.000000
0.000000
0.000000
0.000000
0.000000
0.000000
0.000000
0.000000
0.000000
0.000000
0.000000
0.000000
0.000000
0.000000
0.000000
0.000000
0.000000
0.000000
0.000000
0.000000
0.000000
0.000000
0.000000
0.000000
0.000000
0.000000
0.000000
0.000000
0.000000
0.000000
0.000000
0.000000
0.000000
0.000000
0.000000
0.000000
0.000000
0.000000
0.000000
0.000000
0.000000
0.000000
0.000000
0.000000
0.000000
0.000000
0.000000
0.000000
0.000000
0.000000
0.000000
0.000000
0.000000
0.000000
0.000000
0.000000
0.000000
0.000000
0.000000
0.000000
0.000000
0.000000
0.000000
0.000000
0.000000
0.000000
0.000000
0.000000
0.000000
0.000000
0.000000
0.000000
0.000000
0.000000
0.000000
0.000000
0.000000
0.000000
0.000000
0.000000
0.000000
0.000000
0.000000
0.000000
0.000000
0.000000
0.000000
0.000000
0.000000
0.000000
0.000000
0.000000
0.000000
0.000000
0.000000
0.000000
0.000000
0.000000
0.000000
0.000000
0.000000
0.000000
0.000000
0.000000
0.000000
0.000000
0.000000
0.000000
0.000000
0.000000
0.000000
0.000000
0.000000
0.000000
0.000000
0.000000
0.000000
0.000000
0.000000
0.000000
0.000000
0.000000
0.000000
0.000000
0.000000
0.000000
0.000000
0.000000
0.000000
0.000000
0.000000
0.000000
0.000000
0.000000
0.000000
0.000000
0.000000
0.000000
0.000000
0.000000
0.000000
0.000000
0.000000
0.000000
0.000000
0.000000
0.000000
0.000000
0.000000
0.000000
0.000000
0.000000
0.000000
0.000000
0.000000
0.000000
0.000000
0.000000
0.000000
0.000000
0.000000
0.000000
0.000000
0.000000
0.000000
0.000000
0.000000
0.000000
0.000000
0.000000
0.000000
0.000000
0.000000
0.000000
0.000000
0.000000
0.000000
0.000000
0.000000
0.000000
0.000000
0.000000
0.000000
0.000000
0.000000
0.000000
0.000000
0.000000
0.000000
0.000000
0.000000
0.000000
0.000000
0.000000
0.000000
0.000000
0.000000
0.000000
0.000000
0.000000
0.000000
0.000000
0.000000
0.000000
0.000000
0.000000
0.000000
0.000000
0.000000
0.000000
0.000000
0.000000
0.000000
0.000000
0.000000
0.000000
0.000000
0.000000
0.000000
0.000000
0.000000
0.000000
0.000000
0.000000
0.000000
0.000000
0.000000
0.000000
0.000000
0.000000
0.000000
0.000000
0.000000
0.000000
0.000000
0.000000
0.000000
0.000000
0.000000
0.000000
0.000000
0.000000
0.000000
0.000000
0.000000
0.000000
0.000000
0.000000
0.000000
0.000000
0.000000
0.000000
0.000000
0.000000
0.000000
0.000000
0.000000
0.000000
0.000000
0.000000
0.000000
0.000000
0.000000
0.000000
0.000000
0.000000
0.000000
0.000000
0.000000
0.000000
0.000000
0.000000
0.000000
0.000000
0.000000
0.000000
0.000000
0.000000
0.000000
0.000000
0.000000
0.000000
0.000000
0.000000
0.000000
0.000000
0.000000
0.000000
0.000000
0.000000
0.000000
0.000000
0.000000
0.000000
0.000000
0.000000
0.000000
0.000000
0.000000
0.000000
0.000000
0.000000
0.000000
0.000000
0.000000
0.000000
0.000000
0.000000
0.000000
0.000000
0.000000
0.000000
0.000000
0.000000
0.000000
0.000000
0.000000
0.000000
0.000000
0.000000
0.000000
0.000000
0.000000
0.000000
0.000000
0.000000
0.000000
0.000000
0.000000
0.000000
0.000000
0.000000
0.000000
0.000000
0.000000
0.000000
0.000000
0.000000
0.000000
0.000000
0.000000
0.000000
0.000000
0.000000
0.000000
0.000000
0.000000
0.000000
0.000000
0.000000
0.000000
0.000000
0.000000
0.000000
0.000000
0.000000
0.000000
0.000000
0.000000
0.000000
0.000000
0.000000
0.000000
0.000000
0.000000
0.000000
0.000000
0.000000
0.000000
0.000000
0.000000
0.000000
0.000000
0.000000
0.000000
0.000000
0.000000
0.000000
0.000000
0.000000
0.000000
0.000000
0.000000
0.000000
0.000000
0.000000
0.000000
0.000000
0.000000
0.000000
0.000000
0.000000
0.000000
0.000000
0.000000
0.000000
0.000000
0.000000
0.000000
0.000000
0.000000
0.000000
0.000000
0.000000
0.000000
0.000000
0.000000
0.000000
0.000000
0.000000
0.000000
0.000000
0.000000
0.000000
0.000000
0.000000
0.000000
0.000000
0.000000
0.000000
0.000000
0.000000
0.000000
0.000000
0.000000
0.000000
0.000000
0.000000
0.000000
0.000000
0.000000
0.000000
0.000000
0.000000
0.000000
0.000000
0.000000
0.000000
10155600.000000
5320891.000000
3260115.000000
1134189.000000
3950961.000000
4172513.000000
6015046.000000
5531569.000000
3374642.000000
488832.000000
5713058.000000
2533899.000000
4281694.000000
2707405.000000
5817358.000000
5311292.000000
4726909.000000
1108051.000000
110915.000000
6365195.000000
115170.000000
3024722.000000
6074243.000000
4793336.000000
6333415.000000
6072259.000000
4857782.000000
753922.000000
742592.000000
4764659.000000
5374397.000000
1657138.000000
2935151.000000
2216468.000000
4913731.000000
3964657.000000
2868286.000000
4441407.000000
6207088.000000
2311614.000000
5482084.000000
5312357.000000
4591555.000000
72586.000000
5676233.000000
5222056.000000
5302016.000000
5753924.000000
4921219.000000
3389909.000000
3049004.000000
4909659.000000
3394742.000000
2437364.000000
747606.000000
3093361.000000
4360964.000000
6293843.000000
4527979.000000
4187301.000000
4191150.000000
4584952.000000
5161898.000000
3851109.000000
5084689.000000
5138756.000000
5644875.000000
4809782.000000
3069751.000000
90691.000000
863375.000000
5130409.000000
3600358.000000
485470.000000
3271416.000000
5970673.000000
3172796.000000
3327996.000000
6146677.000000
4418250.000000
5908208.000000
4155527.000000
3999959.000000
4196978.000000
6238044.000000
3360299.000000
3201894.000000
4662203.000000
2859769.000000
1264886.000000
5766963.000000
2769905.000000
5167585.000000
4334070.000000
2908674.000000
1445947.000000
6550923.000000
3781825.000000
5965488.000000
2321584.000000
4895629.000000
3892904.000000
2982125.000000
620780.000000
2769889.000000
1550275.000000
5421563.000000
723281.000000
114450.000000
1292705.000000
4969400.000000
2498881.000000
4720997.000000
6452838.000000
4743947.000000
1542832.000000
4046253.000000
4549406.000000
1365300.000000
330250.000000
4451416.000000
5066215.000000
4714261.000000
4488004.000000
3434614.000000
2865345.000000
2544168.000000
2091974.000000
1186267.000000
5396344.000000
5296921.000000
5226747.000000
322487.000000
3380080.000000
4528491.000000
107765.000000
249500.000000
3555954.000000
4582220.000000
3728550.000000
227807.000000
4703436.000000
4665767.000000
4146056.000000
426350.000000
5745613.000000
5607484.000000
4195507.000000
5569210.000000
1728110.000000
1265843.000000
5751983.000000
842944.000000
6199499.000000
4175139.000000
2411956.000000
673307.000000
3606006.000000
1916844.000000
5859503.000000
3933156.000000
5603143.000000
4675262.000000
881433.000000
4883197.000000
3907395.000000
5841190.000000
3964822.000000
4195278.000000
5572376.000000
3256701.000000
5329626.000000
2487290.000000
4927485.000000
1828275.000000
6616166.000000
5998427.000000
286925.000000
6155052.000000
1096037.000000
5890319.000000
875851.000000
5602602.000000
3813622.000000
4540674.000000
5381140.000000
5280925.000000
5158559.000000
5426327.000000
2158872.000000
2074072.000000
5328507.000000
418466.000000
6364289.000000
5457112.000000
1370507.000000
6014912.000000
1429211.000000
5559385.000000
4529293.000000
3192828.000000
351480.000000
5602067.000000
2930540.000000
3736849.000000
4206549.000000
4049165.000000
5516045.000000
3646091.000000
1325454.000000
5817444.000000
4409793.000000
6456747.000000
5089587.000000
616715.000000
535600.000000
4403422.000000
1403961.000000
4325510.000000
6423561.000000
3899351.000000
463731.000000
4579145.000000
5220842.000000
5831263.000000
6335800.000000
4159362.000000
5147480.000000
2938551.000000
806596.000000
912671.000000
4116985.000000
4405905.000000
4092068.000000
1500863.000000
5673710.000000
124470.000000
3315173.000000
2869414.000000
5667748.000000
4890020.000000
5670638.000000
4570941.000000
1649989.000000
577614.000000
5882570.000000
5348437.000000
4674132.000000
1417923.000000
5673861.000000
3155635.000000
5149748.000000
1131551.000000
510824.000000
5609059.000000
5176174.000000
500225.000000
5424429.000000
169524.000000
5259986.000000
4680590.000000
5584204.000000
5133332.000000
357216.000000
1548251.000000
2891727.000000
4040706.000000
5173436.000000
2613450.000000
4523912.000000
4479734.000000
4043575.000000
5618343.000000
5328953.000000
594656.000000
3317737.000000
4828318.000000
612350.000000
4263634.000000
3620473.000000
6907855.000000
3920930.000000
5832286.000000
2810480.000000
3908652.000000
562630.000000
4612186.000000
1405036.000000
5398862.000000
2752401.000000
3144862.000000
5052909.000000
4839321.000000
5540941.000000
513031.000000
6502528.000000
2390504.000000
2600228.000000
5385344.000000
4181364.000000
3627935.000000
168413.000000
3160331.000000
1564253.000000
509146.000000
6113724.000000
729750.000000
3708291.000000
3412705.000000
4834704.000000
4211871.000000
170670.000000
393202.000000
3578066.000000
4869943.000000
3443079.000000
5438006.000000
140081.000000
5056772.000000
6378976.000000
6028188.000000
3099528.000000
6238513.000000
5149498.000000
