0.000000
0.000000
0.000000
0.000000
0.000000
0.000000
0.000000
0.000000
0.000000
0.000000
0.000000
0.000000
0.000000
0.000000
0.000000
0.000000
0.000000
0.000000
0.000000
0.000000
0.000000
0.000000
0.000000
0.000000
0.000000
0.000000
0.000000
0.000000
0.000000
0.000000
0.000000
0.000000
0.000000
0.000000
0.000000
0.000000
0.000000
0.000000
0.000000
0.000000
0.000000
0.000000
0.000000
0.000000
0.000000
0.000000
0.000000
0.000000
0.000000
0.000000
0.000000
0.000000
0.000000
0.000000
0.000000
0.000000
0.000000
0.000000
0.000000
0.000000
0.000000
0.000000
0.000000
0.000000
0.000000
0.000000
0.000000
0.000000
0.000000
0.000000
0.000000
0.000000
0.000000
0.000000
0.000000
0.000000
0.000000
0.000000
0.000000
0.000000
0.000000
0.000000
0.000000
0.000000
0.000000
0.000000
0.000000
0.000000
0.000000
0.000000
0.000000
0.000000
0.000000
0.000000
0.000000
0.000000
0.000000
0.000000
0.000000
0.000000
0.000000
0.000000
0.000000
0.000000
0.000000
0.000000
0.000000
0.000000
0.000000
0.000000
0.000000
0.000000
0.000000
0.000000
0.000000
0.000000
0.000000
0.000000
0.000000
0.000000
0.000000
0.000000
0.000000
0.000000
0.000000
0.000000
0.000000
0.000000
0.000000
0.000000
0.000000
0.000000
0.000000
0.000000
0.000000
0.000000
0.000000
0.000000
0.000000
0.000000
0.000000
0.000000
0.000000
0.000000
0.000000
0.000000
0.000000
0.000000
0.000000
0.000000
0.000000
0.000000
0.000000
0.000000
0.000000
0.000000
0.000000
0.000000
0.000000
0.000000
0.000000
0.000000
0.000000
0.000000
0.000000
0.000000
0.000000
0.000000
0.000000
0.000000
0.000000
0.000000
0.000000
0.000000
0.000000
0.000000
0.000000
0.000000
0.000000
0.000000
0.000000
0.000000
0.000000
0.000000
0.000000
0.000000
0.000000
0.000000
0.000000
0.000000
0.000000
0.000000
0.000000
0.000000
0.000000
0.000000
0.000000
0.000000
0.000000
0.000000
0.000000
0.000000
0.000000
0.000000
0.000000
0.000000
0.000000
0.000000
0.000000
0.000000
0.000000
0.000000
0.000000
0.000000
0.000000
0.000000
0.000000
0.000000
0.000000
0.000000
0.000000
0.000000
0.000000
0.000000
0.000000
0.000000
0.000000
0.000000
0.000000
0.000000
0.000000
0.000000
0.000000
0.000000
0.000000
0.000000
0.000000
0.000000
0.000000
0.000000
0.000000
0.000000
0.000000
0.000000
0.000000
0.000000
0.000000
0.000000
0.000000
0.000000
0.000000
0.000000
0.000000
0.000000
0.000000
0.000000
0.000000
0.000000
0.000000
0.000000
0.000000
0.000000
0.000000
0.000000
0.000000
0.000000
0.000000
0.000000
0.000000
0.000000
0.000000
0.000000
0.000000
0.000000
0.000000
0.000000
0.000000
0.000000
0.000000
0.000000
0.000000
0.000000
0.000000
0.000000
0.000000
0.000000
0.000000
0.000000
0.000000
0.000000
0.000000
0.000000
0.000000
0.000000
0.000000
0.000000
0.000000
0.000000
0.000000
0.000000
0.000000
0.000000
0.000000
0.000000
0.000000
0.000000
0.000000
0.000000
0.000000
0.000000
0.000000
0.000000
0.000000
0.000000
0.000000
0.000000
0.000000
0.000000
0.000000
0.000000
0.000000
0.000000
0.000000
0.000000
0.000000
0.000000
0.000000
0.000000
0.000000
0.000000
0.000000
0.000000
0.000000
0.000000
0.000000
0.000000
0.000000
0.000000
0.000000
0.000000
0.000000
0.000000
0.000000
0.000000
0.000000
0.000000
0.000000
0.000000
0.000000
0.000000
0.000000
0.000000
0.000000
0.000000
0.000000
0.000000
0.000000
0.000000
0.000000
0.000000
0.000000
0.000000
0.000000
0.000000
0.000000
0.000000
0.000000
0.000000
0.000000
0.000000
0.000000
0.000000
0.000000
0.000000
0.000000
0.000000
0.000000
0.000000
0.000000
0.000000
0.000000
0.000000
0.000000
0.000000
0.000000
0.000000
0.000000
0.000000
0.000000
0.000000
0.000000
0.000000
0.000000
0.000000
0.000000
0.000000
0.000000
0.000000
0.000000
0.000000
0.000000
0.000000
0.000000
0.000000
0.000000
0.000000
0.000000
0.000000
0.000000
0.000000
0.000000
0.000000
0.000000
0.000000
0.000000
0.000000
0.000000
0.000000
0.000000
0.000000
0.000000
0.000000
0.000000
0.000000
0.000000
0.000000
0.000000
0.000000
0.000000
0.000000
0.000000
0.000000
0.000000
0.000000
0.000000
0.000000
0.000000
0.000000
0.000000
0.000000
0.000000
0.000000
0.000000
0.000000
0.000000
0.000000
0.000000
0.000000
0.000000
0.000000
0.000000
0.000000
0.000000
0.000000
0.000000
0.000000
0.000000
0.000000
0.000000
0.000000
0.000000
0.000000
0.000000
0.000000
0.000000
0.000000
0.000000
0.000000
0.000000
0.000000
0.000000
0.000000
0.000000
0.000000
0.000000
0.000000
0.000000
0.000000
0.000000
0.000000
0.000000
0.000000
0.000000
0.000000
0.000000
0.000000
0.000000
0.000000
0.000000
0.000000
0.000000
0.000000
0.000000
0.000000
0.000000
0.000000
0.000000
0.000000
0.000000
0.000000
0.000000
0.000000
0.000000
0.000000
0.000000
0.000000
0.000000
0.000000
0.000000
0.000000
0.000000
0.000000
0.000000
0.000000
0.000000
0.000000
0.000000
0.000000
0.000000
0.000000
0.000000
0.000000
0.000000
0.000000
0.000000
0.000000
0.000000
0.000000
0.000000
0.000000
0.000000
0.000000
0.000000
0.000000
0.000000
0.000000
0.000000
0.000000
0.000000
0.000000
0.000000
0.000000
0.000000
0.000000
0.000000
0.000000
0.000000
0.000000
0.000000
0.000000
0.000000
0.000000
0.000000
0.000000
0.000000
0.000000
0.000000
0.000000
0.000000
0.000000
0.000000
0.000000
0.000000
0.000000
0.000000
0.000000
0.000000
0.000000
0.000000
0.000000
0.000000
0.000000
0.000000
0.000000
0.000000
15073700.000000
5764374.000000
1127398.000000
123890.000000
7939206.000000
122956.000000
2974413.000000
8793425.000000
5891047.000000
6629303.000000
7895306.000000
5783489.000000
721197.000000
618853.000000
5534845.000000
8553665.000000
1582408.000000
2836406.000000
2194810.000000
6325557.000000
4494974.000000
2879045.000000
5248884.000000
9572759.000000
2292359.000000
6707855.000000
6974720.000000
5338950.000000
71325.000000
8517836.000000
6722498.000000
6681495.000000
7320884.000000
6326770.000000
3681622.000000
3587806.000000
5972169.000000
3746808.000000
2532126.000000
817568.000000
3632438.000000
5795925.000000
9090045.000000
5332915.000000
4508689.000000
5077582.000000
5159861.000000
6593136.000000
4677731.000000
6595191.000000
6566943.000000
8061071.000000
6047115.000000
3066211.000000
113220.000000
848119.000000
6650327.000000
4272669.000000
440519.000000
3680830.000000
7664027.000000
3587979.000000
3696683.000000
9054247.000000
5648964.000000
7735547.000000
4907420.000000
5073950.000000
5198027.000000
9798433.000000
3715816.000000
2882880.000000
5838224.000000
2844991.000000
1422118.000000
7079101.000000
3006044.000000
6488345.000000
5561772.000000
2905020.000000
1349618.000000
8389476.000000
4983457.000000
9278758.000000
2615800.000000
6190890.000000
4676424.000000
2757821.000000
546444.000000
2378727.000000
1445013.000000
8344049.000000
835250.000000
113829.000000
1352259.000000
6697481.000000
2931253.000000
5858431.000000
7522092.000000
5650707.000000
1347175.000000
5159010.000000
5571603.000000
1372611.000000
325719.000000
6034815.000000
6368851.000000
5915580.000000
5228305.000000
3649143.000000
3619251.000000
2534674.000000
2311099.000000
1111559.000000
6850005.000000
7126104.000000
6711477.000000
399438.000000
3261619.000000
5060037.000000
108586.000000
257731.000000
4160950.000000
6044968.000000
4183050.000000
200013.000000
5507355.000000
5747571.000000
5104609.000000
412849.000000
7014729.000000
6827821.000000
5184905.000000
6925787.000000
1815617.000000
1495748.000000
8105948.000000
901245.000000
7680001.000000
5364848.000000
2531061.000000
658627.000000
4572784.000000
1904468.000000
8253761.000000
4595058.000000
6481998.000000
5928531.000000
1030806.000000
5838069.000000
4694227.000000
7104871.000000
4862478.000000
4966376.000000
7236093.000000
3493186.000000
6172144.000000
2414178.000000
5784835.000000
1775361.000000
8780417.000000
7059443.000000
316510.000000
8182840.000000
964426.000000
8321648.000000
1012268.000000
7140914.000000
4368538.000000
6459281.000000
6805848.000000
8376887.000000
6421654.000000
6704096.000000
1985171.000000
2399873.000000
7671230.000000
514130.000000
8618173.000000
8117155.000000
1207883.000000
8966831.000000
1456109.000000
8260207.000000
6342688.000000
3544914.000000
308706.000000
6952032.000000
3586469.000000
4488429.000000
5104957.000000
5156082.000000
8718319.000000
4128808.000000
1567813.000000
9024821.000000
5068958.000000
8734333.000000
6548151.000000
614342.000000
568149.000000
5525223.000000
1427229.000000
5265608.000000
8620291.000000
4505247.000000
535181.000000
5411229.000000
6172409.000000
6832450.000000
9600879.000000
5278596.000000
6414880.000000
2765862.000000
879197.000000
905705.000000
4919831.000000
5249436.000000
4810292.000000
1437882.000000
6737240.000000
119104.000000
3918069.000000
2624432.000000
8258951.000000
6024408.000000
7063478.000000
6004532.000000
1346141.000000
649234.000000
8665440.000000
7204809.000000
5629994.000000
1414364.000000
7055557.000000
3197390.000000
6543887.000000
1236754.000000
540114.000000
6837996.000000
6737327.000000
613662.000000
6367092.000000
165412.000000
6534639.000000
6060120.000000
7035945.000000
6776652.000000
258783.000000
1704700.000000
2574057.000000
5076384.000000
6742321.000000
2492533.000000
5809541.000000
5554887.000000
5093975.000000
6877687.000000
7661246.000000
612296.000000
3735265.000000
5763156.000000
514218.000000
5439051.000000
4010834.000000
8419523.000000
5053096.000000
8645472.000000
1873479.000000
4724903.000000
584545.000000
6046358.000000
1449278.000000
6598679.000000
2897493.000000
3576651.000000
6081324.000000
6414534.000000
7111618.000000
426349.000000
8640706.000000
2270956.000000
2131323.000000
6599559.000000
5717384.000000
4579382.000000
160905.000000
3055536.000000
1608050.000000
482631.000000
8461521.000000
749198.000000
4609677.000000
4112932.000000
5930409.000000
5128548.000000
149092.000000
480112.000000
3814359.000000
5891676.000000
4053182.000000
7075989.000000
123446.000000
7355423.000000
8407332.000000
6781521.000000
3456676.000000
8688903.000000
6568041.000000
