0.000000
0.000000
0.000000
0.000000
0.000000
0.000000
0.000000
0.000000
0.000000
0.000000
0.000000
0.000000
0.000000
0.000000
0.000000
0.000000
0.000000
0.000000
0.000000
0.000000
0.000000
0.000000
0.000000
0.000000
0.000000
0.000000
0.000000
0.000000
0.000000
0.000000
0.000000
0.000000
0.000000
0.000000
0.000000
0.000000
0.000000
0.000000
0.000000
0.000000
0.000000
0.000000
0.000000
0.000000
0.000000
0.000000
0.000000
0.000000
0.000000
0.000000
0.000000
0.000000
0.000000
0.000000
0.000000
0.000000
0.000000
0.000000
0.000000
0.000000
0.000000
0.000000
0.000000
0.000000
0.000000
0.000000
0.000000
0.000000
0.000000
0.000000
0.000000
0.000000
0.000000
0.000000
0.000000
0.000000
0.000000
0.000000
0.000000
0.000000
0.000000
0.000000
0.000000
0.000000
0.000000
0.000000
0.000000
0.000000
0.000000
0.000000
0.000000
0.000000
0.000000
0.000000
0.000000
0.000000
0.000000
0.000000
0.000000
0.000000
0.000000
0.000000
0.000000
0.000000
0.000000
0.000000
0.000000
0.000000
0.000000
0.000000
0.000000
0.000000
0.000000
0.000000
0.000000
0.000000
0.000000
0.000000
0.000000
0.000000
0.000000
0.000000
0.000000
0.000000
0.000000
0.000000
0.000000
0.000000
0.000000
0.000000
0.000000
0.000000
0.000000
0.000000
0.000000
0.000000
0.000000
0.000000
0.000000
0.000000
0.000000
0.000000
0.000000
0.000000
0.000000
0.000000
0.000000
0.000000
0.000000
0.000000
0.000000
0.000000
0.000000
0.000000
0.000000
0.000000
0.000000
0.000000
0.000000
0.000000
0.000000
0.000000
0.000000
0.000000
0.000000
0.000000
0.000000
0.000000
0.000000
0.000000
0.000000
0.000000
0.000000
0.000000
0.000000
0.000000
0.000000
0.000000
0.000000
0.000000
0.000000
0.000000
0.000000
0.000000
0.000000
0.000000
0.000000
0.000000
0.000000
0.000000
0.000000
0.000000
0.000000
0.000000
0.000000
0.000000
0.000000
0.000000
0.000000
0.000000
0.000000
0.000000
0.000000
0.000000
0.000000
0.000000
0.000000
0.000000
0.000000
0.000000
0.000000
0.000000
0.000000
0.000000
0.000000
0.000000
0.000000
0.000000
0.000000
0.000000
0.000000
0.000000
0.000000
0.000000
0.000000
0.000000
0.000000
0.000000
0.000000
0.000000
0.000000
0.000000
0.000000
0.000000
0.000000
0.000000
0.000000
0.000000
0.000000
0.000000
0.000000
0.000000
0.000000
0.000000
0.000000
0.000000
0.000000
0.000000
0.000000
0.000000
0.000000
0.000000
0.000000
0.000000
0.000000
0.000000
0.000000
0.000000
0.000000
0.000000
0.000000
0.000000
0.000000
0.000000
0.000000
0.000000
0.000000
0.000000
0.000000
0.000000
0.000000
0.000000
0.000000
0.000000
0.000000
0.000000
0.000000
0.000000
0.000000
0.000000
0.000000
0.000000
0.000000
0.000000
0.000000
0.000000
0.000000
0.000000
0.000000
0.000000
0.000000
0.000000
0.000000
0.000000
0.000000
0.000000
0.000000
0.000000
0.000000
0.000000
0.000000
0.000000
0.000000
0.000000
0.000000
0.000000
0.000000
0.000000
0.000000
0.000000
0.000000
0.000000
0.000000
0.000000
0.000000
0.000000
0.000000
0.000000
0.000000
0.000000
0.000000
0.000000
0.000000
0.000000
0.000000
0.000000
0.000000
0.000000
0.000000
0.000000
0.000000
0.000000
0.000000
0.000000
0.000000
0.000000
0.000000
0.000000
0.000000
0.000000
0.000000
0.000000
0.000000
0.000000
0.000000
0.000000
0.000000
0.000000
0.000000
0.000000
0.000000
0.000000
0.000000
0.000000
0.000000
0.000000
0.000000
0.000000
0.000000
0.000000
0.000000
0.000000
0.000000
0.000000
0.000000
0.000000
0.000000
0.000000
0.000000
0.000000
0.000000
0.000000
0.000000
0.000000
0.000000
0.000000
0.000000
0.000000
0.000000
0.000000
0.000000
0.000000
0.000000
0.000000
0.000000
0.000000
0.000000
0.000000
0.000000
0.000000
0.000000
0.000000
0.000000
0.000000
0.000000
0.000000
0.000000
0.000000
0.000000
0.000000
0.000000
0.000000
0.000000
0.000000
0.000000
0.000000
0.000000
0.000000
0.000000
0.000000
0.000000
0.000000
0.000000
0.000000
0.000000
0.000000
0.000000
0.000000
0.000000
0.000000
0.000000
0.000000
0.000000
0.000000
0.000000
0.000000
0.000000
0.000000
0.000000
0.000000
0.000000
0.000000
0.000000
0.000000
0.000000
0.000000
0.000000
0.000000
0.000000
0.000000
0.000000
0.000000
0.000000
0.000000
0.000000
0.000000
0.000000
0.000000
0.000000
0.000000
0.000000
0.000000
0.000000
0.000000
0.000000
0.000000
0.000000
0.000000
0.000000
0.000000
0.000000
0.000000
0.000000
0.000000
0.000000
0.000000
0.000000
0.000000
0.000000
0.000000
0.000000
0.000000
0.000000
0.000000
0.000000
0.000000
0.000000
0.000000
0.000000
0.000000
0.000000
0.000000
0.000000
0.000000
0.000000
0.000000
0.000000
0.000000
0.000000
0.000000
0.000000
0.000000
0.000000
0.000000
0.000000
0.000000
0.000000
0.000000
0.000000
0.000000
0.000000
0.000000
0.000000
0.000000
0.000000
0.000000
0.000000
0.000000
0.000000
0.000000
0.000000
0.000000
0.000000
0.000000
0.000000
0.000000
0.000000
0.000000
0.000000
0.000000
0.000000
0.000000
0.000000
0.000000
0.000000
0.000000
0.000000
0.000000
0.000000
0.000000
0.000000
0.000000
0.000000
0.000000
0.000000
0.000000
0.000000
0.000000
0.000000
0.000000
0.000000
0.000000
0.000000
0.000000
0.000000
0.000000
0.000000
0.000000
0.000000
0.000000
0.000000
0.000000
0.000000
0.000000
0.000000
0.000000
0.000000
0.000000
0.000000
0.000000
0.000000
0.000000
0.000000
0.000000
0.000000
0.000000
0.000000
0.000000
0.000000
0.000000
0.000000
0.000000
0.000000
0.000000
0.000000
0.000000
0.000000
0.000000
0.000000
0.000000
0.000000
0.000000
0.000000
0.000000
0.000000
0.000000
0.000000
0.000000
0.000000
0.000000
0.000000
0.000000
0.000000
0.000000
0.000000
0.000000
0.000000
0.000000
0.000000
0.000000
13894515.000000
6453745.000000
5608547.000000
73028.000000
7699759.000000
6023533.000000
6394350.000000
6974278.000000
6304876.000000
4017625.000000
3517616.000000
5716248.000000
3869038.000000
2448512.000000
837914.000000
3716872.000000
5432824.000000
8202167.000000
5443926.000000
4706180.000000
5019779.000000
5633230.000000
6413463.000000
4422486.000000
6082127.000000
6357893.000000
8135732.000000
6061784.000000
3521420.000000
109248.000000
948533.000000
6565663.000000
4261325.000000
483874.000000
4285992.000000
6998742.000000
3655984.000000
3639705.000000
8601434.000000
5045832.000000
7023978.000000
4938469.000000
4671947.000000
4959139.000000
7477142.000000
3862516.000000
3699830.000000
6000752.000000
3267943.000000
1280658.000000
6837905.000000
3420596.000000
6809397.000000
5444700.000000
3359320.000000
1353277.000000
7931918.000000
4969502.000000
8770536.000000
3119498.000000
5985673.000000
4875178.000000
3393788.000000
675431.000000
3171615.000000
1565337.000000
7416343.000000
885376.000000
118621.000000
1447957.000000
6455868.000000
2741266.000000
5607733.000000
8285110.000000
5866335.000000
1624698.000000
4750774.000000
5582030.000000
1577194.000000
334594.000000
5584660.000000
5989411.000000
5929428.000000
5177285.000000
3992079.000000
3385714.000000
2661028.000000
2434415.000000
1278149.000000
6745736.000000
6707468.000000
6371939.000000
455015.000000
2961365.000000
5235349.000000
114726.000000
270757.000000
3799474.000000
6112807.000000
4297951.000000
246729.000000
5813913.000000
5575699.000000
4637518.000000
415376.000000
7133904.000000
6557812.000000
5192544.000000
6692376.000000
2108370.000000
1516736.000000
8553086.000000
946752.000000
7489208.000000
5039126.000000
2640653.000000
756258.000000
4504701.000000
2154593.000000
6898233.000000
4779237.000000
6411201.000000
5734782.000000
1061040.000000
5738876.000000
5086453.000000
7105762.000000
4804671.000000
5070888.000000
6481555.000000
3375763.000000
6209742.000000
2142654.000000
5683167.000000
2135697.000000
7874621.000000
7035397.000000
355086.000000
7600971.000000
1109518.000000
7785859.000000
1211088.000000
6500830.000000
4303409.000000
6770046.000000
6842357.000000
7717065.000000
5949739.000000
6811896.000000
2336797.000000
2396020.000000
7373623.000000
527463.000000
8332985.000000
7396410.000000
1443010.000000
7116719.000000
1595138.000000
6972317.000000
6033494.000000
3854578.000000
404747.000000
6804786.000000
3685237.000000
4186515.000000
5190473.000000
4696331.000000
8065692.000000
4001863.000000
1678269.000000
8273265.000000
5321037.000000
7598829.000000
6062355.000000
623554.000000
599706.000000
5341942.000000
1795997.000000
5206180.000000
8174301.000000
4774765.000000
583889.000000
5715154.000000
6203265.000000
6983707.000000
8278243.000000
5209254.000000
5974157.000000
3375355.000000
860679.000000
1000725.000000
5249567.000000
5361029.000000
4871472.000000
1494451.000000
7196649.000000
112677.000000
4255294.000000
3429641.000000
8809428.000000
5819252.000000
6564847.000000
5835743.000000
1490837.000000
688965.000000
8338826.000000
7128598.000000
6027053.000000
1537130.000000
7072850.000000
3536339.000000
6285353.000000
1485264.000000
617913.000000
6724294.000000
6349887.000000
543266.000000
6517176.000000
178212.000000
6330340.000000
6043130.000000
7176964.000000
6371540.000000
300288.000000
1538303.000000
3036252.000000
4929695.000000
6653731.000000
2676291.000000
5823158.000000
5340303.000000
4804912.000000
6542196.000000
7480180.000000
685119.000000
3894958.000000
6192538.000000
622294.000000
5114644.000000
4445199.000000
8887856.000000
4592797.000000
7296651.000000
2054487.000000
4878435.000000
604528.000000
5754722.000000
1675909.000000
6365681.000000
2820092.000000
3912557.000000
6499290.000000
6049371.000000
6525791.000000
540632.000000
7911842.000000
2189658.000000
2236752.000000
6417785.000000
5084357.000000
4267269.000000
193775.000000
3286222.000000
1572767.000000
551327.000000
7233948.000000
683390.000000
4373680.000000
3910958.000000
6034936.000000
5142201.000000
192209.000000
521095.000000
3648961.000000
6189889.000000
4077102.000000
6838047.000000
130939.000000
7706161.000000
8250093.000000
6536294.000000
3387459.000000
8073146.000000
6785416.000000
