0.000000
0.000000
0.000000
0.000000
0.000000
0.000000
0.000000
0.000000
0.000000
0.000000
0.000000
0.000000
0.000000
0.000000
0.000000
0.000000
0.000000
0.000000
0.000000
0.000000
0.000000
0.000000
0.000000
0.000000
0.000000
0.000000
0.000000
0.000000
0.000000
0.000000
0.000000
0.000000
0.000000
0.000000
0.000000
0.000000
0.000000
0.000000
0.000000
0.000000
0.000000
0.000000
0.000000
0.000000
0.000000
0.000000
0.000000
0.000000
0.000000
0.000000
0.000000
0.000000
0.000000
0.000000
0.000000
0.000000
0.000000
0.000000
0.000000
0.000000
0.000000
0.000000
0.000000
0.000000
0.000000
0.000000
0.000000
0.000000
0.000000
0.000000
0.000000
0.000000
0.000000
0.000000
0.000000
0.000000
0.000000
0.000000
0.000000
0.000000
0.000000
0.000000
0.000000
0.000000
0.000000
0.000000
0.000000
0.000000
0.000000
0.000000
0.000000
0.000000
0.000000
0.000000
0.000000
0.000000
0.000000
0.000000
0.000000
0.000000
0.000000
0.000000
0.000000
0.000000
0.000000
0.000000
0.000000
0.000000
0.000000
0.000000
0.000000
0.000000
0.000000
0.000000
0.000000
0.000000
0.000000
0.000000
0.000000
0.000000
0.000000
0.000000
0.000000
0.000000
0.000000
0.000000
0.000000
0.000000
0.000000
0.000000
0.000000
0.000000
0.000000
0.000000
0.000000
0.000000
0.000000
0.000000
0.000000
0.000000
0.000000
0.000000
0.000000
0.000000
0.000000
0.000000
0.000000
0.000000
0.000000
0.000000
0.000000
0.000000
0.000000
0.000000
0.000000
0.000000
0.000000
0.000000
0.000000
0.000000
0.000000
0.000000
0.000000
0.000000
0.000000
0.000000
0.000000
0.000000
0.000000
0.000000
0.000000
0.000000
0.000000
0.000000
0.000000
0.000000
0.000000
0.000000
0.000000
0.000000
0.000000
0.000000
0.000000
0.000000
0.000000
0.000000
0.000000
0.000000
0.000000
0.000000
0.000000
0.000000
0.000000
0.000000
0.000000
0.000000
0.000000
0.000000
0.000000
0.000000
0.000000
0.000000
0.000000
0.000000
0.000000
0.000000
0.000000
0.000000
0.000000
0.000000
0.000000
0.000000
0.000000
0.000000
0.000000
0.000000
0.000000
0.000000
0.000000
0.000000
0.000000
0.000000
0.000000
0.000000
0.000000
0.000000
0.000000
0.000000
0.000000
0.000000
0.000000
0.000000
0.000000
0.000000
0.000000
0.000000
0.000000
0.000000
0.000000
0.000000
0.000000
0.000000
0.000000
0.000000
0.000000
0.000000
0.000000
0.000000
0.000000
0.000000
0.000000
0.000000
0.000000
0.000000
0.000000
0.000000
0.000000
0.000000
0.000000
0.000000
0.000000
0.000000
0.000000
0.000000
0.000000
0.000000
0.000000
0.000000
0.000000
0.000000
0.000000
0.000000
0.000000
0.000000
0.000000
0.000000
0.000000
0.000000
0.000000
0.000000
0.000000
0.000000
0.000000
0.000000
0.000000
0.000000
0.000000
0.000000
0.000000
0.000000
0.000000
0.000000
0.000000
0.000000
0.000000
0.000000
0.000000
0.000000
0.000000
0.000000
0.000000
0.000000
0.000000
0.000000
0.000000
0.000000
0.000000
0.000000
0.000000
0.000000
0.000000
0.000000
0.000000
0.000000
0.000000
0.000000
0.000000
0.000000
0.000000
0.000000
0.000000
0.000000
0.000000
0.000000
0.000000
0.000000
0.000000
0.000000
0.000000
0.000000
0.000000
0.000000
0.000000
0.000000
0.000000
0.000000
0.000000
0.000000
0.000000
0.000000
0.000000
0.000000
0.000000
0.000000
0.000000
0.000000
0.000000
0.000000
0.000000
0.000000
0.000000
0.000000
0.000000
0.000000
0.000000
0.000000
0.000000
0.000000
0.000000
0.000000
0.000000
0.000000
0.000000
0.000000
0.000000
0.000000
0.000000
0.000000
0.000000
0.000000
0.000000
0.000000
0.000000
0.000000
0.000000
0.000000
0.000000
0.000000
0.000000
0.000000
0.000000
0.000000
0.000000
0.000000
0.000000
0.000000
0.000000
0.000000
0.000000
0.000000
0.000000
0.000000
0.000000
0.000000
0.000000
0.000000
0.000000
0.000000
0.000000
0.000000
0.000000
0.000000
0.000000
0.000000
0.000000
0.000000
0.000000
0.000000
0.000000
0.000000
0.000000
0.000000
0.000000
0.000000
0.000000
0.000000
0.000000
0.000000
0.000000
0.000000
0.000000
0.000000
0.000000
0.000000
0.000000
0.000000
0.000000
0.000000
0.000000
0.000000
0.000000
0.000000
0.000000
0.000000
0.000000
0.000000
0.000000
0.000000
0.000000
0.000000
0.000000
0.000000
0.000000
0.000000
0.000000
0.000000
0.000000
0.000000
0.000000
0.000000
0.000000
0.000000
0.000000
0.000000
0.000000
0.000000
0.000000
0.000000
0.000000
0.000000
0.000000
0.000000
0.000000
0.000000
0.000000
0.000000
0.000000
0.000000
0.000000
0.000000
0.000000
0.000000
0.000000
0.000000
0.000000
0.000000
0.000000
0.000000
0.000000
0.000000
0.000000
0.000000
0.000000
0.000000
0.000000
0.000000
0.000000
0.000000
0.000000
0.000000
0.000000
0.000000
0.000000
0.000000
0.000000
0.000000
0.000000
0.000000
0.000000
0.000000
0.000000
0.000000
0.000000
0.000000
0.000000
0.000000
0.000000
0.000000
0.000000
0.000000
0.000000
0.000000
0.000000
0.000000
0.000000
0.000000
0.000000
0.000000
0.000000
0.000000
0.000000
0.000000
0.000000
0.000000
0.000000
0.000000
0.000000
0.000000
0.000000
0.000000
0.000000
0.000000
0.000000
0.000000
0.000000
0.000000
0.000000
0.000000
0.000000
0.000000
0.000000
0.000000
0.000000
0.000000
0.000000
0.000000
0.000000
0.000000
0.000000
0.000000
0.000000
0.000000
0.000000
0.000000
0.000000
0.000000
0.000000
0.000000
0.000000
0.000000
0.000000
0.000000
0.000000
0.000000
0.000000
0.000000
0.000000
0.000000
0.000000
0.000000
0.000000
0.000000
0.000000
0.000000
0.000000
0.000000
0.000000
0.000000
0.000000
0.000000
0.000000
0.000000
0.000000
0.000000
0.000000
0.000000
0.000000
0.000000
0.000000
0.000000
0.000000
0.000000
0.000000
0.000000
0.000000
0.000000
0.000000
0.000000
0.000000
0.000000
0.000000
0.000000
0.000000
0.000000
0.000000
15098265.000000
6170013.000000
7360824.000000
5883640.000000
3132098.000000
3097000.000000
5776843.000000
3071724.000000
2201741.000000
673348.000000
3333610.000000
5407257.000000
9438328.000000
4915671.000000
4037388.000000
4797016.000000
4613094.000000
6749722.000000
4720746.000000
6480654.000000
6411101.000000
8365430.000000
5687361.000000
2927740.000000
94372.000000
1016245.000000
6506777.000000
3727994.000000
396396.000000
2885929.000000
8757640.000000
3454827.000000
4229812.000000
9150346.000000
5983033.000000
7816002.000000
5168094.000000
5307034.000000
4457365.000000
9626264.000000
3205978.000000
2819715.000000
4851295.000000
2763053.000000
1143515.000000
6764111.000000
2839769.000000
5947785.000000
4962666.000000
2510197.000000
1379867.000000
8092647.000000
5051479.000000
8303462.000000
1628771.000000
6279769.000000
4578869.000000
2443688.000000
529980.000000
2467495.000000
1356547.000000
8038725.000000
697982.000000
110297.000000
1061012.000000
6423944.000000
2434886.000000
5908761.000000
7769478.000000
5882560.000000
1252140.000000
5254816.000000
5378329.000000
1528155.000000
242034.000000
6182330.000000
6257112.000000
5704879.000000
5314679.000000
3310149.000000
3103254.000000
2361767.000000
1453856.000000
800501.000000
6099650.000000
7229551.000000
6351099.000000
388866.000000
2938321.000000
5260934.000000
100163.000000
188282.000000
4309281.000000
5040030.000000
4349512.000000
186858.000000
4861599.000000
5567737.000000
4657066.000000
359061.000000
6875110.000000
6862673.000000
5200669.000000
6244124.000000
1564783.000000
1166927.000000
9387992.000000
913649.000000
7269248.000000
5334684.000000
2454464.000000
556310.000000
4370866.000000
1973599.000000
8777306.000000
3904732.000000
5768930.000000
5977490.000000
848157.000000
5826342.000000
4323541.000000
7294130.000000
4753585.000000
4576368.000000
7452957.000000
3376962.000000
5776770.000000
2279788.000000
5541598.000000
1330110.000000
9093012.000000
7048926.000000
267217.000000
7905434.000000
790798.000000
8353539.000000
1081569.000000
6541203.000000
4044743.000000
5112698.000000
6641565.000000
7997472.000000
6658327.000000
6553716.000000
1489984.000000
2370984.000000
7125087.000000
458939.000000
8604392.000000
8309568.000000
1086129.000000
8859537.000000
1536472.000000
8336073.000000
6361540.000000
3254488.000000
276683.000000
6998823.000000
3073175.000000
4873497.000000
5370911.000000
5355982.000000
8406089.000000
4269352.000000
1230181.000000
8311634.000000
4584023.000000
8862131.000000
6929182.000000
432257.000000
592045.000000
5478516.000000
1285229.000000
4707572.000000
9596863.000000
4491258.000000
414011.000000
4983677.000000
5793590.000000
6071003.000000
8935188.000000
5156190.000000
6216574.000000
2454182.000000
768508.000000
896403.000000
4873261.000000
4721735.000000
5353136.000000
1113681.000000
6212070.000000
112683.000000
3812532.000000
2430363.000000
9790577.000000
5861190.000000
6222101.000000
6049392.000000
1480727.000000
606744.000000
8385167.000000
6780708.000000
5078934.000000
1145244.000000
6889143.000000
3070502.000000
5992840.000000
1228372.000000
481453.000000
7060760.000000
6686085.000000
438502.000000
5919037.000000
143666.000000
6174291.000000
6177349.000000
6940007.000000
6670631.000000
236803.000000
1526906.000000
2347800.000000
4946409.000000
6758461.000000
2573820.000000
5494362.000000
5026178.000000
4796946.000000
6646903.000000
6676104.000000
511666.000000
3061396.000000
5369693.000000
573339.000000
5205075.000000
3738315.000000
8417083.000000
5343913.000000
10013305.000000
1475797.000000
4113826.000000
599438.000000
6082152.000000
1535556.000000
6191587.000000
2765413.000000
3932177.000000
5168026.000000
6353680.000000
7160887.000000
499703.000000
8856663.000000
1753235.000000
2034664.000000
6490776.000000
5465461.000000
4559427.000000
167286.000000
2719355.000000
1455255.000000
531866.000000
8108187.000000
757528.000000
4295270.000000
3534449.000000
5230531.000000
4984187.000000
149721.000000
352504.000000
4133960.000000
5454139.000000
3932406.000000
7208538.000000
114371.000000
7439964.000000
9159514.000000
6985533.000000
3180217.000000
9620861.000000
5394745.000000
