0.000000
0.000000
0.000000
0.000000
0.000000
0.000000
0.000000
0.000000
0.000000
0.000000
0.000000
0.000000
0.000000
0.000000
0.000000
0.000000
0.000000
0.000000
0.000000
0.000000
0.000000
0.000000
0.000000
0.000000
0.000000
0.000000
0.000000
0.000000
0.000000
0.000000
0.000000
0.000000
0.000000
0.000000
0.000000
0.000000
0.000000
0.000000
0.000000
0.000000
0.000000
0.000000
0.000000
0.000000
0.000000
0.000000
0.000000
0.000000
0.000000
0.000000
0.000000
0.000000
0.000000
0.000000
0.000000
0.000000
0.000000
0.000000
0.000000
0.000000
0.000000
0.000000
0.000000
0.000000
0.000000
0.000000
0.000000
0.000000
0.000000
0.000000
0.000000
0.000000
0.000000
0.000000
0.000000
0.000000
0.000000
0.000000
0.000000
0.000000
0.000000
0.000000
0.000000
0.000000
0.000000
0.000000
0.000000
0.000000
0.000000
0.000000
0.000000
0.000000
0.000000
0.000000
0.000000
0.000000
0.000000
0.000000
0.000000
0.000000
0.000000
0.000000
0.000000
0.000000
0.000000
0.000000
0.000000
0.000000
0.000000
0.000000
0.000000
0.000000
0.000000
0.000000
0.000000
0.000000
0.000000
0.000000
0.000000
0.000000
0.000000
0.000000
0.000000
0.000000
0.000000
0.000000
0.000000
0.000000
0.000000
0.000000
0.000000
0.000000
0.000000
0.000000
0.000000
0.000000
0.000000
0.000000
0.000000
0.000000
0.000000
0.000000
0.000000
0.000000
0.000000
0.000000
0.000000
0.000000
0.000000
0.000000
0.000000
0.000000
0.000000
0.000000
0.000000
0.000000
0.000000
0.000000
0.000000
0.000000
0.000000
0.000000
0.000000
0.000000
0.000000
0.000000
0.000000
0.000000
0.000000
0.000000
0.000000
0.000000
0.000000
0.000000
0.000000
0.000000
0.000000
0.000000
0.000000
0.000000
0.000000
0.000000
0.000000
0.000000
0.000000
0.000000
0.000000
0.000000
0.000000
0.000000
0.000000
0.000000
0.000000
0.000000
0.000000
0.000000
0.000000
0.000000
0.000000
0.000000
0.000000
0.000000
0.000000
0.000000
0.000000
0.000000
0.000000
0.000000
0.000000
0.000000
0.000000
0.000000
0.000000
0.000000
0.000000
0.000000
0.000000
0.000000
0.000000
0.000000
0.000000
0.000000
0.000000
0.000000
0.000000
0.000000
0.000000
0.000000
0.000000
0.000000
0.000000
0.000000
0.000000
0.000000
0.000000
0.000000
0.000000
0.000000
0.000000
0.000000
0.000000
0.000000
0.000000
0.000000
0.000000
0.000000
0.000000
0.000000
0.000000
0.000000
0.000000
0.000000
0.000000
0.000000
0.000000
0.000000
0.000000
0.000000
0.000000
0.000000
0.000000
0.000000
0.000000
0.000000
0.000000
0.000000
0.000000
0.000000
0.000000
0.000000
0.000000
0.000000
0.000000
0.000000
0.000000
0.000000
0.000000
0.000000
0.000000
0.000000
0.000000
0.000000
0.000000
0.000000
0.000000
0.000000
0.000000
0.000000
0.000000
0.000000
0.000000
0.000000
0.000000
0.000000
0.000000
0.000000
0.000000
0.000000
0.000000
0.000000
0.000000
0.000000
0.000000
0.000000
0.000000
0.000000
0.000000
0.000000
0.000000
0.000000
0.000000
0.000000
0.000000
0.000000
0.000000
0.000000
0.000000
0.000000
0.000000
0.000000
0.000000
0.000000
0.000000
0.000000
0.000000
0.000000
0.000000
0.000000
0.000000
0.000000
0.000000
0.000000
0.000000
0.000000
0.000000
0.000000
0.000000
0.000000
0.000000
0.000000
0.000000
0.000000
0.000000
0.000000
0.000000
0.000000
0.000000
0.000000
0.000000
0.000000
0.000000
0.000000
0.000000
0.000000
0.000000
0.000000
0.000000
0.000000
0.000000
0.000000
0.000000
0.000000
0.000000
0.000000
0.000000
0.000000
0.000000
0.000000
0.000000
0.000000
0.000000
0.000000
0.000000
0.000000
0.000000
0.000000
0.000000
0.000000
0.000000
0.000000
0.000000
0.000000
0.000000
0.000000
0.000000
0.000000
0.000000
0.000000
0.000000
0.000000
0.000000
0.000000
0.000000
0.000000
0.000000
0.000000
0.000000
0.000000
0.000000
0.000000
0.000000
0.000000
0.000000
0.000000
0.000000
0.000000
0.000000
0.000000
0.000000
0.000000
0.000000
0.000000
0.000000
0.000000
0.000000
0.000000
0.000000
0.000000
0.000000
0.000000
0.000000
0.000000
0.000000
0.000000
0.000000
0.000000
0.000000
0.000000
0.000000
0.000000
0.000000
0.000000
0.000000
0.000000
0.000000
0.000000
0.000000
0.000000
0.000000
0.000000
0.000000
0.000000
0.000000
0.000000
0.000000
0.000000
0.000000
0.000000
0.000000
0.000000
0.000000
0.000000
0.000000
0.000000
0.000000
0.000000
0.000000
0.000000
0.000000
0.000000
0.000000
0.000000
0.000000
0.000000
0.000000
0.000000
0.000000
0.000000
0.000000
0.000000
0.000000
0.000000
0.000000
0.000000
0.000000
0.000000
0.000000
0.000000
0.000000
0.000000
0.000000
0.000000
0.000000
0.000000
0.000000
0.000000
0.000000
0.000000
0.000000
0.000000
0.000000
0.000000
0.000000
0.000000
0.000000
0.000000
0.000000
0.000000
0.000000
0.000000
0.000000
0.000000
0.000000
0.000000
0.000000
0.000000
0.000000
0.000000
0.000000
0.000000
0.000000
0.000000
0.000000
0.000000
0.000000
0.000000
0.000000
0.000000
0.000000
0.000000
0.000000
0.000000
0.000000
0.000000
0.000000
0.000000
0.000000
0.000000
0.000000
0.000000
0.000000
0.000000
0.000000
0.000000
0.000000
0.000000
0.000000
0.000000
0.000000
0.000000
0.000000
0.000000
0.000000
0.000000
0.000000
0.000000
0.000000
0.000000
0.000000
0.000000
0.000000
0.000000
0.000000
0.000000
0.000000
0.000000
0.000000
0.000000
0.000000
0.000000
0.000000
0.000000
0.000000
0.000000
0.000000
0.000000
0.000000
0.000000
0.000000
0.000000
0.000000
0.000000
0.000000
0.000000
0.000000
0.000000
0.000000
0.000000
0.000000
0.000000
0.000000
0.000000
0.000000
0.000000
0.000000
0.000000
0.000000
0.000000
0.000000
0.000000
0.000000
0.000000
0.000000
0.000000
0.000000
0.000000
0.000000
0.000000
0.000000
0.000000
0.000000
0.000000
0.000000
0.000000
0.000000
0.000000
0.000000
0.000000
0.000000
0.000000
0.000000
0.000000
0.000000
0.000000
0.000000
0.000000
0.000000
35787180.000000
5184735.000000
5360420.000000
5542544.000000
6483555.000000
9062835.000000
5043559.000000
8646144.000000
7994785.000000
15058566.000000
8463105.000000
2661796.000000
92374.000000
1000440.000000
9144475.000000
4004721.000000
461286.000000
3740598.000000
12885769.000000
3828172.000000
3950185.000000
15083396.000000
6902160.000000
11538699.000000
5995248.000000
6017702.000000
5837654.000000
15853058.000000
4017904.000000
3505798.000000
8122727.000000
3069443.000000
1236233.000000
10215799.000000
3325086.000000
9225253.000000
7381986.000000
3476360.000000
1474582.000000
12946181.000000
5602685.000000
16563922.000000
3052541.000000
7850740.000000
5257818.000000
2787077.000000
588564.000000
2450393.000000
1351760.000000
13579287.000000
828184.000000
124555.000000
1454260.000000
9252335.000000
2802821.000000
7391330.000000
13028895.000000
6869097.000000
1231950.000000
5344303.000000
6722855.000000
1663227.000000
320609.000000
8211442.000000
7718615.000000
7733320.000000
5535635.000000
4290108.000000
3116480.000000
2563675.000000
2250149.000000
1132971.000000
9912075.000000
10069028.000000
7408036.000000
354390.000000
3069450.000000
5892261.000000
119955.000000
287065.000000
4055679.000000
8457691.000000
4411403.000000
223444.000000
7466498.000000
6435918.000000
5331018.000000
379620.000000
10056051.000000
9799389.000000
6430310.000000
9468631.000000
1817078.000000
1397264.000000
16166958.000000
762697.000000
12056303.000000
5619227.000000
2749546.000000
694934.000000
4563167.000000
2115733.000000
12814691.000000
4954850.000000
9781605.000000
7144217.000000
983584.000000
7350715.000000
5908377.000000
11349177.000000
6167511.000000
5330740.000000
9975139.000000
3571286.000000
8968166.000000
2358688.000000
6856321.000000
1747808.000000
14012288.000000
10041899.000000
298979.000000
12193385.000000
1001474.000000
13059470.000000
1119048.000000
9213912.000000
5082418.000000
9574097.000000
9462326.000000
14215140.000000
8754663.000000
9956712.000000
2214751.000000
2192363.000000
10874128.000000
505525.000000
14056293.000000
13363248.000000
1528463.000000
13317469.000000
1371578.000000
12976212.000000
8975739.000000
3973676.000000
381404.000000
10382796.000000
3404820.000000
4728601.000000
5374231.000000
5682206.000000
14230784.000000
4069283.000000
1558904.000000
15031358.000000
6450256.000000
14148772.000000
9006355.000000
661933.000000
672902.000000
6828953.000000
1488612.000000
5736882.000000
15521243.000000
5012618.000000
458409.000000
6920088.000000
8298256.000000
9369724.000000
15344897.000000
5765876.000000
8786922.000000
3073298.000000
828000.000000
910352.000000
5360002.000000
5485851.000000
5281576.000000
1472913.000000
10780575.000000
112598.000000
4277927.000000
2921631.000000
15159889.000000
6875481.000000
10897438.000000
7075069.000000
1527969.000000
649568.000000
13795517.000000
9657838.000000
7920973.000000
1491159.000000
9621868.000000
3184735.000000
8091905.000000
1348585.000000
561714.000000
10805295.000000
9026469.000000
516116.000000
8979264.000000
156031.000000
9590991.000000
8082381.000000
10798485.000000
9048993.000000
325887.000000
1726318.000000
3058819.000000
5342338.000000
9057931.000000
2878862.000000
7394508.000000
5266526.000000
5901226.000000
9271166.000000
10968516.000000
662551.000000
4280858.000000
7921710.000000
556390.000000
5677458.000000
4752648.000000
14610446.000000
5109260.000000
15906583.000000
1749322.000000
5355133.000000
602493.000000
7382557.000000
1496178.000000
8755773.000000
2619503.000000
3557602.000000
9467464.000000
8278169.000000
9724136.000000
506059.000000
15651151.000000
2138403.000000
2165838.000000
9090465.000000
5976496.000000
4814067.000000
209268.000000
3040044.000000
1673751.000000
620313.000000
12070468.000000
746455.000000
4425583.000000
4022118.000000
7160886.000000
5621795.000000
166042.000000
453394.000000
4533998.000000
7854966.000000
4003365.000000
10158197.000000
131179.000000
12892530.000000
13429848.000000
9718506.000000
3651928.000000
14295243.000000
10101983.000000
