0.000000
0.000000
0.000000
0.000000
0.000000
0.000000
0.000000
0.000000
0.000000
0.000000
0.000000
0.000000
0.000000
0.000000
0.000000
0.000000
0.000000
0.000000
0.000000
0.000000
0.000000
0.000000
0.000000
0.000000
0.000000
0.000000
0.000000
0.000000
0.000000
0.000000
0.000000
0.000000
0.000000
0.000000
0.000000
0.000000
0.000000
0.000000
0.000000
0.000000
0.000000
0.000000
0.000000
0.000000
0.000000
0.000000
0.000000
0.000000
0.000000
0.000000
0.000000
0.000000
0.000000
0.000000
0.000000
0.000000
0.000000
0.000000
0.000000
0.000000
0.000000
0.000000
0.000000
0.000000
0.000000
0.000000
0.000000
0.000000
0.000000
0.000000
0.000000
0.000000
0.000000
0.000000
0.000000
0.000000
0.000000
0.000000
0.000000
0.000000
0.000000
0.000000
0.000000
0.000000
0.000000
0.000000
0.000000
0.000000
0.000000
0.000000
0.000000
0.000000
0.000000
0.000000
0.000000
0.000000
0.000000
0.000000
0.000000
0.000000
0.000000
0.000000
0.000000
0.000000
0.000000
0.000000
0.000000
0.000000
0.000000
0.000000
0.000000
0.000000
0.000000
0.000000
0.000000
0.000000
0.000000
0.000000
0.000000
0.000000
0.000000
0.000000
0.000000
0.000000
0.000000
0.000000
0.000000
0.000000
0.000000
0.000000
0.000000
0.000000
0.000000
0.000000
0.000000
0.000000
0.000000
0.000000
0.000000
0.000000
0.000000
0.000000
0.000000
0.000000
0.000000
0.000000
0.000000
0.000000
0.000000
0.000000
0.000000
0.000000
0.000000
0.000000
0.000000
0.000000
0.000000
0.000000
0.000000
0.000000
0.000000
0.000000
0.000000
0.000000
0.000000
0.000000
0.000000
0.000000
0.000000
0.000000
0.000000
0.000000
0.000000
0.000000
0.000000
0.000000
0.000000
0.000000
0.000000
0.000000
0.000000
0.000000
0.000000
0.000000
0.000000
0.000000
0.000000
0.000000
0.000000
0.000000
0.000000
0.000000
0.000000
0.000000
0.000000
0.000000
0.000000
0.000000
0.000000
0.000000
0.000000
0.000000
0.000000
0.000000
0.000000
0.000000
0.000000
0.000000
0.000000
0.000000
0.000000
0.000000
0.000000
0.000000
0.000000
0.000000
0.000000
0.000000
0.000000
0.000000
0.000000
0.000000
0.000000
0.000000
0.000000
0.000000
0.000000
0.000000
0.000000
0.000000
0.000000
0.000000
0.000000
0.000000
0.000000
0.000000
0.000000
0.000000
0.000000
0.000000
0.000000
0.000000
0.000000
0.000000
0.000000
0.000000
0.000000
0.000000
0.000000
0.000000
0.000000
0.000000
0.000000
0.000000
0.000000
0.000000
0.000000
0.000000
0.000000
0.000000
0.000000
0.000000
0.000000
0.000000
0.000000
0.000000
0.000000
0.000000
0.000000
0.000000
0.000000
0.000000
0.000000
0.000000
0.000000
0.000000
0.000000
0.000000
0.000000
0.000000
0.000000
0.000000
0.000000
0.000000
0.000000
0.000000
0.000000
0.000000
0.000000
0.000000
0.000000
0.000000
0.000000
0.000000
0.000000
0.000000
0.000000
0.000000
0.000000
0.000000
0.000000
0.000000
0.000000
0.000000
0.000000
0.000000
0.000000
0.000000
0.000000
0.000000
0.000000
0.000000
0.000000
0.000000
0.000000
0.000000
0.000000
0.000000
0.000000
0.000000
0.000000
0.000000
0.000000
0.000000
0.000000
0.000000
0.000000
0.000000
0.000000
0.000000
0.000000
0.000000
0.000000
0.000000
0.000000
0.000000
0.000000
0.000000
0.000000
0.000000
0.000000
0.000000
0.000000
0.000000
0.000000
0.000000
0.000000
0.000000
0.000000
0.000000
0.000000
0.000000
0.000000
0.000000
0.000000
0.000000
0.000000
0.000000
0.000000
0.000000
0.000000
0.000000
0.000000
0.000000
0.000000
0.000000
0.000000
0.000000
0.000000
0.000000
0.000000
0.000000
0.000000
0.000000
0.000000
0.000000
0.000000
0.000000
0.000000
0.000000
0.000000
0.000000
0.000000
0.000000
0.000000
0.000000
0.000000
0.000000
0.000000
0.000000
0.000000
0.000000
0.000000
0.000000
0.000000
0.000000
0.000000
0.000000
0.000000
0.000000
0.000000
0.000000
0.000000
0.000000
0.000000
0.000000
0.000000
0.000000
0.000000
0.000000
0.000000
0.000000
0.000000
0.000000
0.000000
0.000000
0.000000
0.000000
0.000000
0.000000
0.000000
0.000000
0.000000
0.000000
0.000000
0.000000
0.000000
0.000000
0.000000
0.000000
0.000000
0.000000
0.000000
0.000000
0.000000
0.000000
0.000000
0.000000
0.000000
0.000000
0.000000
0.000000
0.000000
0.000000
0.000000
0.000000
0.000000
0.000000
0.000000
0.000000
0.000000
0.000000
0.000000
0.000000
0.000000
0.000000
0.000000
0.000000
0.000000
0.000000
0.000000
0.000000
0.000000
0.000000
0.000000
0.000000
0.000000
0.000000
0.000000
0.000000
0.000000
0.000000
0.000000
0.000000
0.000000
0.000000
0.000000
0.000000
0.000000
0.000000
0.000000
0.000000
0.000000
0.000000
0.000000
0.000000
0.000000
0.000000
0.000000
0.000000
0.000000
0.000000
0.000000
0.000000
0.000000
0.000000
0.000000
0.000000
0.000000
0.000000
0.000000
0.000000
0.000000
0.000000
0.000000
0.000000
0.000000
0.000000
0.000000
0.000000
0.000000
0.000000
0.000000
0.000000
0.000000
0.000000
0.000000
0.000000
0.000000
0.000000
0.000000
0.000000
0.000000
0.000000
0.000000
0.000000
0.000000
0.000000
0.000000
0.000000
0.000000
0.000000
0.000000
0.000000
0.000000
0.000000
0.000000
0.000000
0.000000
0.000000
0.000000
0.000000
0.000000
0.000000
0.000000
0.000000
0.000000
0.000000
0.000000
0.000000
0.000000
0.000000
0.000000
0.000000
0.000000
0.000000
0.000000
0.000000
0.000000
0.000000
0.000000
0.000000
0.000000
0.000000
0.000000
0.000000
0.000000
0.000000
0.000000
0.000000
0.000000
0.000000
0.000000
0.000000
0.000000
0.000000
0.000000
0.000000
0.000000
0.000000
0.000000
0.000000
0.000000
0.000000
0.000000
0.000000
0.000000
0.000000
0.000000
0.000000
0.000000
0.000000
0.000000
0.000000
0.000000
0.000000
0.000000
0.000000
0.000000
0.000000
0.000000
0.000000
0.000000
0.000000
0.000000
0.000000
0.000000
0.000000
0.000000
0.000000
0.000000
0.000000
0.000000
0.000000
0.000000
0.000000
0.000000
0.000000
0.000000
0.000000
0.000000
0.000000
0.000000
0.000000
0.000000
13882730.000000
7059835.000000
5715884.000000
2734489.000000
92706.000000
950767.000000
6482973.000000
3940847.000000
432188.000000
3398597.000000
7448588.000000
3954741.000000
3697509.000000
8245292.000000
5750521.000000
7339624.000000
4721950.000000
5067584.000000
4762137.000000
8160142.000000
3605367.000000
3410302.000000
5355556.000000
2682512.000000
1362372.000000
6773923.000000
2981671.000000
5915581.000000
5106613.000000
3146206.000000
1364586.000000
7502806.000000
4807184.000000
8866045.000000
2337711.000000
6079130.000000
4284204.000000
2817868.000000
690876.000000
2560209.000000
1478660.000000
7788376.000000
862026.000000
126256.000000
1276170.000000
6391487.000000
2601292.000000
5781532.000000
7460736.000000
5517817.000000
1314334.000000
4836075.000000
5374688.000000
1664573.000000
319581.000000
5901800.000000
5874942.000000
5578139.000000
5178121.000000
3639099.000000
3569568.000000
2705205.000000
2047197.000000
963120.000000
6712595.000000
6737226.000000
6155209.000000
408509.000000
3183489.000000
4926215.000000
91735.000000
242698.000000
4008704.000000
5388827.000000
4269672.000000
195521.000000
5613613.000000
5867810.000000
4715086.000000
443849.000000
6616688.000000
6635868.000000
5106268.000000
6636900.000000
1852251.000000
1307816.000000
8648390.000000
891740.000000
6889303.000000
5176488.000000
2419382.000000
677780.000000
4606197.000000
1860924.000000
7200329.000000
4273260.000000
6279111.000000
5515763.000000
907814.000000
5575709.000000
4572151.000000
6974985.000000
4841285.000000
4432987.000000
6832656.000000
3289240.000000
5915090.000000
2555865.000000
5576921.000000
1402788.000000
8033236.000000
6775960.000000
254036.000000
7376347.000000
951178.000000
7316712.000000
937260.000000
6462197.000000
4302973.000000
5711674.000000
6493671.000000
7418236.000000
6248486.000000
6601677.000000
2095333.000000
2307147.000000
7358544.000000
414204.000000
8393104.000000
7486303.000000
1256565.000000
7479837.000000
1500813.000000
7266652.000000
6023257.000000
3812201.000000
356036.000000
6648931.000000
3428193.000000
4359204.000000
5222118.000000
5071757.000000
7948541.000000
3827378.000000
1359082.000000
7724071.000000
4806766.000000
7831829.000000
6230163.000000
508330.000000
630579.000000
5298003.000000
1544659.000000
5125704.000000
7735303.000000
4408751.000000
474377.000000
5215998.000000
5926432.000000
6428024.000000
8193188.000000
5169136.000000
6064142.000000
2779100.000000
748119.000000
822390.000000
4722361.000000
4975630.000000
5064528.000000
1120299.000000
6351480.000000
111720.000000
3851246.000000
2934796.000000
8651568.000000
5735940.000000
6644305.000000
5965159.000000
1656194.000000
593724.000000
7878001.000000
6892209.000000
5368003.000000
1300629.000000
6625044.000000
3033081.000000
5814787.000000
1257525.000000
483634.000000
6654097.000000
6324041.000000
440442.000000
5933682.000000
157264.000000
6431741.000000
5772409.000000
6897036.000000
6409387.000000
236819.000000
1510316.000000
2678052.000000
4750080.000000
6640765.000000
2867391.000000
5345997.000000
5086964.000000
4963592.000000
6496718.000000
7024381.000000
586748.000000
3657059.000000
5690308.000000
619152.000000
5021953.000000
4020693.000000
8759517.000000
4933066.000000
8536775.000000
1692156.000000
3934933.000000
540552.000000
5858155.000000
1506632.000000
6176633.000000
3226240.000000
3414380.000000
6032053.000000
5981782.000000
6823184.000000
460426.000000
8261787.000000
2070779.000000
2371496.000000
6465955.000000
5529909.000000
4140759.000000
208805.000000
3292078.000000
1577645.000000
539942.000000
7444416.000000
746393.000000
4355963.000000
3608393.000000
5687559.000000
5046652.000000
136478.000000
423377.000000
3615171.000000
5670983.000000
4252467.000000
6744052.000000
110675.000000
7097719.000000
7837346.000000
6543713.000000
3210684.000000
7762910.000000
5946108.000000
