0.000000
0.000000
0.000000
0.000000
0.000000
0.000000
0.000000
0.000000
0.000000
0.000000
0.000000
0.000000
0.000000
0.000000
0.000000
0.000000
0.000000
0.000000
0.000000
0.000000
0.000000
0.000000
0.000000
0.000000
0.000000
0.000000
0.000000
0.000000
0.000000
0.000000
0.000000
0.000000
0.000000
0.000000
0.000000
0.000000
0.000000
0.000000
0.000000
0.000000
0.000000
0.000000
0.000000
0.000000
0.000000
0.000000
0.000000
0.000000
0.000000
0.000000
0.000000
0.000000
0.000000
0.000000
0.000000
0.000000
0.000000
0.000000
0.000000
0.000000
0.000000
0.000000
0.000000
0.000000
0.000000
0.000000
0.000000
0.000000
0.000000
0.000000
0.000000
0.000000
0.000000
0.000000
0.000000
0.000000
0.000000
0.000000
0.000000
0.000000
0.000000
0.000000
0.000000
0.000000
0.000000
0.000000
0.000000
0.000000
0.000000
0.000000
0.000000
0.000000
0.000000
0.000000
0.000000
0.000000
0.000000
0.000000
0.000000
0.000000
0.000000
0.000000
0.000000
0.000000
13694850.000000
1657127.000000
259456.000000
545884.000000
771951.000000
237302.000000
407516.000000
7175630.000000
880408.000000
6301784.000000
2477294.000000
957936.000000
923299.000000
1077566.000000
6844200.000000
911289.000000
7770065.000000
625966.000000
293164.000000
347368.000000
5066431.000000
429430.000000
1550676.000000
8707914.000000
628555.000000
211190.000000
5620621.000000
5072383.000000
3874110.000000
294306.000000
5566286.000000
3771467.000000
2436607.000000
2797920.000000
3827321.000000
469013.000000
782340.000000
7676006.000000
2709832.000000
429755.000000
552523.000000
325125.000000
866645.000000
723785.000000
1608810.000000
517012.000000
5444491.000000
640257.000000
2197820.000000
363738.000000
485990.000000
272918.000000
3979822.000000
320220.000000
146148.000000
1050754.000000
1178429.000000
3503727.000000
3582820.000000
6453456.000000
3661471.000000
643236.000000
133356.000000
492924.000000
26927.000000
766023.000000
508981.000000
918531.000000
878391.000000
697073.000000
710663.000000
292713.000000
360901.000000
1775511.000000
754188.000000
4041296.000000
300453.000000
614320.000000
5366614.000000
2565561.000000
7312220.000000
603147.000000
278722.000000
543804.000000
38848.000000
462674.000000
5138850.000000
1135141.000000
6159488.000000
255399.000000
2132037.000000
432126.000000
207643.000000
912580.000000
8121981.000000
311346.000000
596185.000000
952267.000000
953461.000000
5794497.000000
275783.000000
147123.000000
420162.000000
4957562.000000
532463.000000
286550.000000
491188.000000
482948.000000
551506.000000
7310138.000000
5874107.000000
664309.000000
2731880.000000
734458.000000
346984.000000
3791013.000000
416452.000000
889602.000000
1068168.000000
482401.000000
5212476.000000
4497368.000000
177581.000000
558151.000000
2602816.000000
345672.000000
6330953.000000
543929.000000
7506512.000000
322559.000000
3847198.000000
244332.000000
4409695.000000
599685.000000
712208.000000
1578005.000000
973926.000000
1217059.000000
536057.000000
1034086.000000
221581.000000
747506.000000
251410.000000
161193.000000
161780.000000
921885.000000
244334.000000
435943.000000
282330.000000
4978113.000000
4015242.000000
442241.000000
379968.000000
2974601.000000
6014780.000000
417858.000000
586374.000000
294413.000000
8317072.000000
492885.000000
2653001.000000
4607428.000000
191134.000000
4351974.000000
2537232.000000
481743.000000
1147625.000000
7452969.000000
489200.000000
5886479.000000
787459.000000
920487.000000
6109228.000000
325544.000000
566285.000000
428727.000000
7674326.000000
5584665.000000
2891722.000000
3819745.000000
403698.000000
5500207.000000
704069.000000
847501.000000
7204432.000000
2131912.000000
2338624.000000
1431816.000000
707937.000000
467971.000000
6148382.000000
2254232.000000
171331.000000
5367263.000000
293661.000000
95577.000000
493884.000000
134224.000000
1490793.000000
413232.000000
489497.000000
3491221.000000
390628.000000
4541529.000000
450972.000000
5690893.000000
271516.000000
5349508.000000
1089437.000000
974428.000000
624225.000000
4502562.000000
470299.000000
527803.000000
127264.000000
906083.000000
478696.000000
2498814.000000
3320543.000000
678816.000000
940493.000000
95862.000000
7290335.000000
2107067.000000
5439441.000000
6877457.000000
3846622.000000
4011855.000000
751606.000000
330486.000000
4406357.000000
410176.000000
6938975.000000
315002.000000
1398305.000000
5774835.000000
128746.000000
940372.000000
668296.000000
429669.000000
464024.000000
314772.000000
3706301.000000
4693666.000000
4854165.000000
243896.000000
193705.000000
1094701.000000
6228061.000000
4378940.000000
292193.000000
5713787.000000
430778.000000
2249224.000000
1652762.000000
748625.000000
431367.000000
1616798.000000
2918951.000000
108259.000000
1268189.000000
595698.000000
1290825.000000
4038466.000000
4312415.000000
145483.000000
3057549.000000
1345258.000000
9373743.000000
399190.000000
2899527.000000
2261178.000000
453915.000000
710063.000000
447698.000000
4709617.000000
6609290.000000
1110816.000000
317083.000000
4217103.000000
446521.000000
7326854.000000
334264.000000
403444.000000
2547927.000000
597325.000000
7262523.000000
165286.000000
1369660.000000
278857.000000
5966436.000000
594324.000000
3683546.000000
305024.000000
332264.000000
1206776.000000
983037.000000
3094694.000000
307959.000000
1024005.000000
311936.000000
466919.000000
3951125.000000
4180308.000000
383839.000000
5902777.000000
5642550.000000
265168.000000
408270.000000
8059987.000000
141212.000000
954287.000000
3660148.000000
762956.000000
738640.000000
432272.000000
378670.000000
461652.000000
316805.000000
1063604.000000
467335.000000
380899.000000
1017608.000000
940299.000000
274823.000000
5806139.000000
7980936.000000
7800324.000000
830177.000000
6948137.000000
6193316.000000
6124085.000000
1160959.000000
401665.000000
616020.000000
364378.000000
530226.000000
384561.000000
289580.000000
119431.000000
489682.000000
913510.000000
6664735.000000
1685141.000000
6300314.000000
530261.000000
1165678.000000
560146.000000
2734682.000000
1789084.000000
146109.000000
228708.000000
650427.000000
4584268.000000
5018202.000000
371175.000000
571570.000000
1140724.000000
8823752.000000
118233.000000
7870153.000000
524841.000000
7372361.000000
440717.000000
725311.000000
515878.000000
6644931.000000
774330.000000
948966.000000
326736.000000
852673.000000
5190776.000000
4127313.000000
611011.000000
4668258.000000
3628561.000000
6338087.000000
8810329.000000
235766.000000
1020370.000000
107391.000000
2728048.000000
354428.000000
214830.000000
959636.000000
1942373.000000
486045.000000
5906791.000000
946700.000000
564795.000000
5422785.000000
5783.000000
552499.000000
5565894.000000
5404407.000000
6808941.000000
503146.000000
4295821.000000
158568.000000
122179.000000
7999003.000000
280774.000000
4680046.000000
1925846.000000
7461790.000000
6625409.000000
581860.000000
488660.000000
5696471.000000
111452.000000
2316376.000000
528873.000000
340809.000000
4410058.000000
795176.000000
2297764.000000
195785.000000
856144.000000
3226792.000000
1071224.000000
3670268.000000
190185.000000
2517415.000000
2806805.000000
1069567.000000
6359050.000000
1228727.000000
308026.000000
2339577.000000
4864704.000000
7542875.000000
234231.000000
198143.000000
1372426.000000
2700582.000000
7006685.000000
236367.000000
577901.000000
560729.000000
459904.000000
459120.000000
310047.000000
1007496.000000
220907.000000
6350737.000000
1826061.000000
5675173.000000
337272.000000
5061228.000000
6990119.000000
555674.000000
616830.000000
447057.000000
290176.000000
461525.000000
128085.000000
6932695.000000
3433252.000000
2811570.000000
1323998.000000
905111.000000
241235.000000
1014322.000000
4749815.000000
4392253.000000
267707.000000
5081745.000000
915635.000000
7628115.000000
7507898.000000
259690.000000
891343.000000
1038062.000000
6359768.000000
534577.000000
192652.000000
1873299.000000
434615.000000
564380.000000
255726.000000
6724546.000000
543835.000000
559981.000000
423450.000000
3670019.000000
7526370.000000
250018.000000
8723838.000000
378628.000000
758083.000000
350314.000000
337636.000000
970290.000000
586360.000000
1485444.000000
1097251.000000
387034.000000
3876065.000000
441483.000000
175011.000000
2983459.000000
3005226.000000
8828852.000000
3997314.000000
348962.000000
600459.000000
196605.000000
3061489.000000
5256447.000000
474784.000000
489213.000000
6496478.000000
177414.000000
9115199.000000
4553419.000000
1149367.000000
2724820.000000
968404.000000
121346.000000
3933895.000000
1948319.000000
309900.000000
1347607.000000
8699089.000000
924387.000000
6760113.000000
2845035.000000
718694.000000
569668.000000
810092.000000
3866328.000000
677732.000000
7584616.000000
5376187.000000
943419.000000
506903.000000
461175.000000
732204.000000
980873.000000
920605.000000
703423.000000
1118191.000000
706747.000000
2376973.000000
7461218.000000
162926.000000
4145088.000000
468882.000000
587558.000000
937879.000000
2369185.000000
731472.000000
426151.000000
2190415.000000
405917.000000
3547689.000000
1463746.000000
405607.000000
6546372.000000
317176.000000
1108948.000000
430104.000000
5065780.000000
340484.000000
3104946.000000
3041206.000000
2667088.000000
41236.000000
2663179.000000
392003.000000
285071.000000
1240967.000000
1683433.000000
2765437.000000
2819016.000000
451542.000000
349751.000000
736144.000000
281697.000000
426804.000000
554268.000000
6243933.000000
9168738.000000
5341220.000000
1161492.000000
106449.000000
2297378.000000
161826.000000
227760.000000
811645.000000
4916240.000000
935453.000000
1323614.000000
835651.000000
7358694.000000
741843.000000
1721109.000000
5013277.000000
1377918.000000
501994.000000
179048.000000
1673872.000000
700473.000000
148280.000000
217703.000000
477817.000000
4650786.000000
1041623.000000
7642512.000000
329679.000000
223806.000000
478032.000000
64038.000000
536571.000000
4852000.000000
4588358.000000
214431.000000
5022479.000000
302657.000000
4636510.000000
473901.000000
984219.000000
419344.000000
6795580.000000
4634780.000000
1013488.000000
383815.000000
1747017.000000
718499.000000
591994.000000
7236403.000000
889535.000000
652529.000000
524359.000000
311899.000000
1070726.000000
359016.000000
521450.000000
6987473.000000
350148.000000
5723391.000000
4168717.000000
439848.000000
369676.000000
6338893.000000
539524.000000
436049.000000
763369.000000
1934690.000000
536166.000000
3982667.000000
4995340.000000
178827.000000
4318452.000000
357590.000000
3095517.000000
4462615.000000
1561665.000000
820119.000000
5244217.000000
805399.000000
531536.000000
5950631.000000
293265.000000
2103449.000000
3874748.000000
385933.000000
395436.000000
520978.000000
5687930.000000
713559.000000
407475.000000
576022.000000
451304.000000
1417354.000000
3192542.000000
339869.000000
1448980.000000
971867.000000
1712516.000000
7297532.000000
3769977.000000
7468896.000000
590998.000000
725948.000000
1369607.000000
6705952.000000
414620.000000
438077.000000
1131128.000000
6540229.000000
5024296.000000
6137155.000000
1161659.000000
847194.000000
673272.000000
166632.000000
518357.000000
1609509.000000
6633536.000000
7045862.000000
5968202.000000
442835.000000
4594470.000000
283490.000000
224264.000000
969419.000000
3378001.000000
1349970.000000
907824.000000
193123.000000
218767.000000
407100.000000
7999805.000000
386147.000000
341116.000000
370444.000000
495239.000000
633986.000000
8528025.000000
7727955.000000
1013545.000000
164564.000000
353330.000000
313013.000000
291610.000000
5853133.000000
794382.000000
938313.000000
340879.000000
1940935.000000
8761855.000000
2808721.000000
497311.000000
4145507.000000
7706503.000000
6099767.000000
4273298.000000
4097590.000000
5203583.000000
784881.000000
872971.000000
445227.000000
507018.000000
7545755.000000
105594.000000
1170419.000000
1345591.000000
4911541.000000
291783.000000
1054943.000000
688259.000000
145775.000000
240646.000000
4408661.000000
396477.000000
793539.000000
440354.000000
1609067.000000
1191739.000000
1070942.000000
3989447.000000
571113.000000
7331154.000000
283328.000000
801970.000000
362422.000000
253433.000000
2871842.000000
3001890.000000
3811652.000000
1904696.000000
1368595.000000
2016354.000000
5684048.000000
344468.000000
312169.000000
6401964.000000
559642.000000
816686.000000
839516.000000
360671.000000
914768.000000
4468555.000000
488707.000000
698357.000000
6715535.000000
324797.000000
451026.000000
506667.000000
912622.000000
678888.000000
3658470.000000
196564.000000
368332.000000
516759.000000
229228.000000
629546.000000
5838770.000000
499041.000000
151973.000000
4839901.000000
1481756.000000
634981.000000
474250.000000
1268239.000000
4139558.000000
306916.000000
779122.000000
465674.000000
525476.000000
4869412.000000
1673518.000000
2192572.000000
2586969.000000
7157881.000000
5601640.000000
577775.000000
7295229.000000
3617254.000000
4242397.000000
429390.000000
5465841.000000
364997.000000
7079545.000000
214752.000000
91695.000000
499141.000000
8159139.000000
1774619.000000
1368718.000000
344932.000000
491154.000000
6889348.000000
5494438.000000
134534.000000
3766458.000000
6726987.000000
404692.000000
314080.000000
3168101.000000
1224403.000000
370441.000000
120948.000000
3399586.000000
2462788.000000
6932128.000000
733851.000000
3453264.000000
1593435.000000
3201883.000000
3372204.000000
1506818.000000
8126683.000000
8117060.000000
7322223.000000
608639.000000
524313.000000
8176196.000000
1535392.000000
597557.000000
2101648.000000
830023.000000
984419.000000
1231196.000000
544198.000000
1266944.000000
1224456.000000
674140.000000
849939.000000
1203119.000000
630931.000000
716224.000000
435072.000000
981168.000000
59384.000000
454949.000000
506745.000000
434429.000000
330957.000000
434910.000000
494074.000000
8727652.000000
3668081.000000
470416.000000
209159.000000
2358860.000000
186177.000000
34281.000000
114305.000000
7338771.000000
298502.000000
4888432.000000
6181774.000000
500531.000000
455620.000000
2620477.000000
428250.000000
8010515.000000
1813593.000000
1880001.000000
4258540.000000
866483.000000
252099.000000
617403.000000
715047.000000
326610.000000
7160538.000000
854904.000000
273877.000000
491723.000000
493287.000000
493299.000000
7046749.000000
756669.000000
125369.000000
1678099.000000
659001.000000
369748.000000
255171.000000
5761043.000000
523224.000000
1296077.000000
4740592.000000
171040.000000
520026.000000
5996955.000000
542134.000000
544879.000000
152755.000000
38370.000000
290862.000000
4047299.000000
688268.000000
5500452.000000
392881.000000
413576.000000
4634267.000000
913211.000000
267672.000000
453323.000000
294030.000000
411837.000000
390082.000000
6663828.000000
359838.000000
4273340.000000
4901033.000000
213307.000000
1377187.000000
7542147.000000
458934.000000
5350729.000000
286383.000000
712206.000000
511771.000000
1364454.000000
1245990.000000
1741661.000000
190646.000000
5768783.000000
419700.000000
4783531.000000
633155.000000
523319.000000
971838.000000
525795.000000
2826863.000000
894305.000000
3218934.000000
620849.000000
182078.000000
325452.000000
319902.000000
260798.000000
492019.000000
452874.000000
1756584.000000
7482394.000000
678330.000000
4701663.000000
982567.000000
2348569.000000
4370693.000000
8431231.000000
5587660.000000
3249292.000000
609604.000000
536512.000000
330063.000000
7189726.000000
5661796.000000
485658.000000
1092070.000000
364101.000000
3677869.000000
7281419.000000
365253.000000
5048250.000000
577578.000000
460187.000000
1349152.000000
257618.000000
1697435.000000
225315.000000
483673.000000
5210403.000000
5898589.000000
4675764.000000
573830.000000
163229.000000
471317.000000
640229.000000
5719991.000000
5425051.000000
6543752.000000
1034213.000000
356652.000000
515263.000000
1078305.000000
6224505.000000
1148898.000000
4492449.000000
4748960.000000
5720146.000000
758658.000000
6385750.000000
684826.000000
2334452.000000
190947.000000
456297.000000
475856.000000
58217.000000
8216771.000000
398696.000000
823180.000000
611011.000000
231447.000000
308437.000000
179865.000000
591165.000000
289956.000000
1048561.000000
486814.000000
282039.000000
1836033.000000
464976.000000
1510158.000000
5844753.000000
78869.000000
4548873.000000
6551501.000000
360765.000000
1623666.000000
255797.000000
793580.000000
491227.000000
4604535.000000
6797937.000000
448404.000000
6615358.000000
6608388.000000
180357.000000
1329487.000000
3668552.000000
544687.000000
307774.000000
238685.000000
771497.000000
459137.000000
546780.000000
5029218.000000
5092524.000000
202304.000000
4309740.000000
1554659.000000
214026.000000
380018.000000
624933.000000
258415.000000
4003386.000000
1514457.000000
793581.000000
7337959.000000
485936.000000
408404.000000
4024768.000000
884118.000000
396099.000000
7015161.000000
397727.000000
7442160.000000
374049.000000
319005.000000
2352544.000000
146622.000000
6215959.000000
329930.000000
451005.000000
8362782.000000
1416008.000000
582715.000000
2520174.000000
658747.000000
717152.000000
62073.000000
397533.000000
334866.000000
450475.000000
509323.000000
488366.000000
6982914.000000
365834.000000
333571.000000
384397.000000
293327.000000
609387.000000
436326.000000
3145825.000000
207573.000000
140108.000000
952932.000000
274585.000000
2647084.000000
339773.000000
927139.000000
4595481.000000
825502.000000
510467.000000
807054.000000
827754.000000
1422418.000000
1126155.000000
2793814.000000
368687.000000
3097817.000000
2470825.000000
2280304.000000
815494.000000
542459.000000
194183.000000
1353309.000000
6188062.000000
8523042.000000
220716.000000
1015052.000000
664218.000000
1456911.000000
248788.000000
325632.000000
607912.000000
416045.000000
149344.000000
153794.000000
7467920.000000
458677.000000
382934.000000
281690.000000
627726.000000
415544.000000
688305.000000
1231567.000000
467346.000000
246317.000000
4252596.000000
174282.000000
193058.000000
5819701.000000
147928.000000
542239.000000
292682.000000
340059.000000
99470.000000
4005714.000000
893753.000000
1096088.000000
2303639.000000
2378999.000000
5824994.000000
414723.000000
7417270.000000
640771.000000
5608429.000000
602989.000000
5056103.000000
537378.000000
7312641.000000
3484818.000000
466285.000000
260878.000000
601766.000000
6627952.000000
912974.000000
498584.000000
5627457.000000
120800.000000
1184809.000000
8711280.000000
1345049.000000
504353.000000
3084137.000000
704945.000000
253315.000000
2059148.000000
248803.000000
3947248.000000
313563.000000
286772.000000
456390.000000
587101.000000
1653899.000000
683145.000000
395895.000000
430328.000000
740955.000000
6334411.000000
230926.000000
1872389.000000
253147.000000
491121.000000
373614.000000
6923037.000000
383601.000000
850466.000000
284259.000000
140483.000000
1756520.000000
6857777.000000
155091.000000
208364.000000
461344.000000
7357931.000000
299329.000000
3742031.000000
438672.000000
435955.000000
7946449.000000
742872.000000
593460.000000
691148.000000
128388.000000
4486680.000000
7438597.000000
894612.000000
8146644.000000
6288364.000000
245708.000000
4920031.000000
463934.000000
464361.000000
722754.000000
995634.000000
426557.000000
383686.000000
812569.000000
246066.000000
7188489.000000
1865936.000000
419431.000000
3447866.000000
3206472.000000
377239.000000
865113.000000
154564.000000
774230.000000
5451011.000000
7906285.000000
507205.000000
4640500.000000
3765972.000000
6037496.000000
5638339.000000
556950.000000
361252.000000
7070141.000000
587104.000000
1007014.000000
580637.000000
893184.000000
775885.000000
441005.000000
6732545.000000
939130.000000
108042.000000
6340602.000000
6234097.000000
193657.000000
6599058.000000
826339.000000
7055137.000000
469808.000000
4035213.000000
870571.000000
2006981.000000
8090055.000000
8062392.000000
281148.000000
588134.000000
455667.000000
6191027.000000
554848.000000
8709525.000000
8737125.000000
487793.000000
567496.000000
562403.000000
752681.000000
306202.000000
8239528.000000
687930.000000
632501.000000
767023.000000
608239.000000
1128332.000000
141305.000000
863971.000000
1358511.000000
603882.000000
1230967.000000
5163415.000000
590353.000000
488641.000000
579526.000000
298905.000000
499311.000000
952116.000000
129660.000000
105345.000000
2405292.000000
510102.000000
579905.000000
5431443.000000
697309.000000
232262.000000
373581.000000
275120.000000
471374.000000
4262285.000000
218664.000000
403735.000000
1222439.000000
5708802.000000
573939.000000
1326499.000000
558475.000000
503006.000000
3690056.000000
8497271.000000
3969913.000000
2483428.000000
982898.000000
615373.000000
4887458.000000
935918.000000
711952.000000
1507723.000000
234773.000000
397949.000000
7724725.000000
280856.000000
4701867.000000
154702.000000
8659602.000000
566022.000000
437955.000000
7552277.000000
198828.000000
977931.000000
227544.000000
620400.000000
5413770.000000
498595.000000
157111.000000
1729806.000000
9131639.000000
6344113.000000
207348.000000
505766.000000
780537.000000
918554.000000
4093121.000000
6922821.000000
3241840.000000
5488372.000000
206858.000000
381024.000000
422971.000000
97547.000000
504799.000000
559944.000000
401749.000000
936448.000000
6743219.000000
5741709.000000
2479247.000000
6620415.000000
7398455.000000
410178.000000
483105.000000
426515.000000
211288.000000
71300.000000
8212346.000000
6348715.000000
3775837.000000
1291958.000000
8556364.000000
8600997.000000
1909908.000000
5585172.000000
250479.000000
656392.000000
386984.000000
490558.000000
638043.000000
598843.000000
490733.000000
211122.000000
187298.000000
267829.000000
2038265.000000
4583939.000000
7292378.000000
229554.000000
416020.000000
374523.000000
3200482.000000
116252.000000
413384.000000
4538682.000000
2162882.000000
1307234.000000
1200261.000000
3461316.000000
1407149.000000
753231.000000
5635848.000000
1318716.000000
5025714.000000
437453.000000
9172537.000000
530717.000000
3709433.000000
305635.000000
1436987.000000
430535.000000
6208442.000000
787089.000000
309041.000000
483665.000000
1276806.000000
418698.000000
820446.000000
283798.000000
535319.000000
448570.000000
625342.000000
1282675.000000
4914798.000000
7237338.000000
441906.000000
499808.000000
232830.000000
787950.000000
340465.000000
515309.000000
497252.000000
527525.000000
294897.000000
441225.000000
1852724.000000
3408544.000000
474036.000000
4210658.000000
3006958.000000
544202.000000
604142.000000
1282983.000000
396398.000000
641511.000000
381334.000000
6592091.000000
437344.000000
137349.000000
484230.000000
966332.000000
4329777.000000
307569.000000
4868924.000000
365960.000000
604513.000000
5202720.000000
5079779.000000
425477.000000
2057390.000000
7173426.000000
1828721.000000
6201870.000000
249310.000000
789598.000000
335603.000000
351531.000000
553628.000000
306750.000000
482482.000000
379307.000000
279209.000000
327329.000000
540459.000000
5262394.000000
462964.000000
2206829.000000
2652913.000000
8399609.000000
754423.000000
1006922.000000
2239937.000000
1007189.000000
641948.000000
446211.000000
122904.000000
160890.000000
730977.000000
6263766.000000
3945758.000000
1802981.000000
3890043.000000
327388.000000
7658449.000000
6038520.000000
1424629.000000
1218152.000000
3027040.000000
615692.000000
7947589.000000
3495404.000000
898753.000000
819107.000000
4827354.000000
1733190.000000
812679.000000
689564.000000
372164.000000
785658.000000
252664.000000
6753204.000000
7382823.000000
369161.000000
302442.000000
7462038.000000
982147.000000
458428.000000
928695.000000
6492769.000000
254764.000000
748193.000000
939910.000000
3420027.000000
5980403.000000
1450670.000000
98271.000000
433174.000000
1323881.000000
4871505.000000
1239985.000000
558009.000000
384047.000000
6139866.000000
201590.000000
6859396.000000
1201378.000000
7957920.000000
667699.000000
301397.000000
658357.000000
6324454.000000
1397861.000000
469645.000000
1092140.000000
3322487.000000
97416.000000
418706.000000
5144986.000000
1430381.000000
513114.000000
8762436.000000
957328.000000
8596317.000000
216775.000000
619311.000000
241375.000000
797728.000000
696732.000000
167562.000000
486611.000000
5410994.000000
1887307.000000
492464.000000
5992859.000000
454927.000000
687753.000000
1089327.000000
1680765.000000
201690.000000
7605389.000000
2121389.000000
710325.000000
594382.000000
626431.000000
756636.000000
1226305.000000
589673.000000
480840.000000
3868773.000000
957381.000000
6543575.000000
610005.000000
397145.000000
454188.000000
7728718.000000
9198133.000000
459127.000000
3109695.000000
8150141.000000
149112.000000
1727663.000000
711963.000000
797077.000000
6001683.000000
791390.000000
2126192.000000
124403.000000
8668235.000000
334323.000000
1034101.000000
162632.000000
626846.000000
5202604.000000
7701115.000000
5195861.000000
481585.000000
1928472.000000
2270536.000000
3843098.000000
1007873.000000
263657.000000
7085253.000000
7063848.000000
138589.000000
610647.000000
8662587.000000
726050.000000
4544387.000000
5165651.000000
376622.000000
578169.000000
5675476.000000
416394.000000
252689.000000
452656.000000
277139.000000
170203.000000
894410.000000
5272015.000000
1889186.000000
1343082.000000
180015.000000
1082364.000000
4506995.000000
2344713.000000
1971437.000000
2623118.000000
820289.000000
333588.000000
3469789.000000
248547.000000
1315116.000000
348580.000000
1000014.000000
446584.000000
515808.000000
880212.000000
6322479.000000
1577317.000000
757562.000000
319768.000000
466859.000000
4914150.000000
707677.000000
423463.000000
779763.000000
2397338.000000
276219.000000
781515.000000
495351.000000
5162518.000000
1889856.000000
5160818.000000
7712880.000000
2701281.000000
5309182.000000
1755697.000000
6640495.000000
926028.000000
315577.000000
3886950.000000
552100.000000
2297994.000000
1268540.000000
6826095.000000
4747291.000000
376178.000000
5933709.000000
1353456.000000
5451535.000000
4589654.000000
740773.000000
1113488.000000
180215.000000
1044586.000000
7789694.000000
7026532.000000
79827.000000
1721708.000000
432615.000000
1976942.000000
1124441.000000
5631593.000000
1118271.000000
7771982.000000
4304830.000000
4223480.000000
794476.000000
274192.000000
407041.000000
1144057.000000
210270.000000
385621.000000
551741.000000
4223508.000000
510600.000000
600215.000000
434719.000000
3810683.000000
569222.000000
211871.000000
1433518.000000
330059.000000
932384.000000
7378844.000000
5224455.000000
334464.000000
1916317.000000
7897582.000000
551939.000000
3172227.000000
755877.000000
228734.000000
4763228.000000
322495.000000
7159684.000000
8023805.000000
7899756.000000
2557409.000000
202415.000000
933871.000000
2145270.000000
4253485.000000
270910.000000
4986198.000000
