0.000000
0.000000
0.000000
0.000000
0.000000
0.000000
0.000000
0.000000
0.000000
0.000000
0.000000
0.000000
0.000000
0.000000
0.000000
0.000000
0.000000
0.000000
0.000000
0.000000
0.000000
0.000000
0.000000
0.000000
0.000000
0.000000
0.000000
0.000000
0.000000
0.000000
0.000000
0.000000
0.000000
0.000000
0.000000
0.000000
0.000000
0.000000
0.000000
0.000000
0.000000
0.000000
0.000000
0.000000
0.000000
0.000000
0.000000
0.000000
0.000000
0.000000
0.000000
0.000000
0.000000
0.000000
0.000000
0.000000
0.000000
0.000000
0.000000
0.000000
0.000000
0.000000
0.000000
0.000000
0.000000
0.000000
0.000000
0.000000
0.000000
0.000000
0.000000
0.000000
0.000000
0.000000
0.000000
0.000000
0.000000
0.000000
0.000000
0.000000
0.000000
0.000000
0.000000
0.000000
0.000000
0.000000
0.000000
0.000000
0.000000
0.000000
0.000000
0.000000
0.000000
0.000000
0.000000
0.000000
0.000000
0.000000
0.000000
0.000000
0.000000
0.000000
0.000000
0.000000
0.000000
0.000000
0.000000
0.000000
0.000000
0.000000
591705.000000
371472.000000
315897.000000
395047.000000
371311.000000
315959.000000
374616.000000
389920.000000
457174.000000
288006.000000
355450.000000
331756.000000
245256.000000
202924.000000
388401.000000
274116.000000
353692.000000
371119.000000
279001.000000
184806.000000
366097.000000
372308.000000
351915.000000
264971.000000
397863.000000
380420.000000
369818.000000
376316.000000
360441.000000
271137.000000
314716.000000
351238.000000
309926.000000
230246.000000
296699.000000
248778.000000
305203.000000
338131.000000
346267.000000
230670.000000
307999.000000
329159.000000
375958.000000
209160.000000
262972.000000
201016.000000
357921.000000
240979.000000
141995.000000
361954.000000
373866.000000
377433.000000
361606.000000
391150.000000
330847.000000
320045.000000
89229.000000
293037.000000
28498.000000
317340.000000
262765.000000
283941.000000
371717.000000
342573.000000
317443.000000
226021.000000
255475.000000
373426.000000
308966.000000
374034.000000
184279.000000
311237.000000
370968.000000
370224.000000
391965.000000
316227.000000
211509.000000
278045.000000
31593.000000
211596.000000
321667.000000
351912.000000
386738.000000
191311.000000
372652.000000
285344.000000
181583.000000
382475.000000
392917.000000
216079.000000
258789.000000
359099.000000
354437.000000
353661.000000
220972.000000
144410.000000
260905.000000
392562.000000
303979.000000
223847.000000
306757.000000
261685.000000
262997.000000
384017.000000
358626.000000
265331.000000
409255.000000
321720.000000
247886.000000
384500.000000
256330.000000
259303.000000
299654.000000
253710.000000
346626.000000
358597.000000
122396.000000
299694.000000
370453.000000
255192.000000
401109.000000
261029.000000
423001.000000
211735.000000
390486.000000
176893.000000
377965.000000
268610.000000
314439.000000
370786.000000
389605.000000
370104.000000
328152.000000
286780.000000
194180.000000
302657.000000
200874.000000
132681.000000
156607.000000
380614.000000
176197.000000
251031.000000
210681.000000
363480.000000
349144.000000
289323.000000
208167.000000
351742.000000
406923.000000
274997.000000
331422.000000
216122.000000
413869.000000
285544.000000
351513.000000
370112.000000
181377.000000
361473.000000
340525.000000
265079.000000
365587.000000
389184.000000
283049.000000
352877.000000
316296.000000
316750.000000
359211.000000
206175.000000
236139.000000
292016.000000
364158.000000
362596.000000
349853.000000
386551.000000
250573.000000
342982.000000
304481.000000
367441.000000
423719.000000
386310.000000
379030.000000
394903.000000
326708.000000
308345.000000
342179.000000
255733.000000
146033.000000
375468.000000
224079.000000
71346.000000
269815.000000
109483.000000
356185.000000
252956.000000
305395.000000
392941.000000
232070.000000
295055.000000
304419.000000
310903.000000
153823.000000
349993.000000
301098.000000
345505.000000
301191.000000
320943.000000
245298.000000
273426.000000
128564.000000
335148.000000
256611.000000
329377.000000
318601.000000
330370.000000
368401.000000
96981.000000
364401.000000
382507.000000
353918.000000
349467.000000
425766.000000
333091.000000
309297.000000
194369.000000
435593.000000
255122.000000
352775.000000
228519.000000
347410.000000
415402.000000
108301.000000
363428.000000
333395.000000
240456.000000
266613.000000
205567.000000
372514.000000
349025.000000
309980.000000
171790.000000
182585.000000
340302.000000
347131.000000
376059.000000
205094.000000
318493.000000
278685.000000
434615.000000
372739.000000
220096.000000
276488.000000
379823.000000
323856.000000
85503.000000
341529.000000
269724.000000
347116.000000
330971.000000
360840.000000
170743.000000
330395.000000
362931.000000
348424.000000
249818.000000
393274.000000
433275.000000
270195.000000
300100.000000
272665.000000
362575.000000
387326.000000
391429.000000
221680.000000
345302.000000
250037.000000
341421.000000
226699.000000
248603.000000
344676.000000
321308.000000
339694.000000
161944.000000
284967.000000
186730.000000
363081.000000
297739.000000
331630.000000
235334.000000
192327.000000
340059.000000
303408.000000
327714.000000
252784.000000
309975.000000
229795.000000
269422.000000
386548.000000
417133.000000
202845.000000
380785.000000
358466.000000
194173.000000
253041.000000
457477.000000
114643.000000
318491.000000
321505.000000
318641.000000
310766.000000
253613.000000
239413.000000
310645.000000
227054.000000
335622.000000
221170.000000
261958.000000
389035.000000
298279.000000
215066.000000
309433.000000
346406.000000
392286.000000
329246.000000
343254.000000
366934.000000
337043.000000
323705.000000
223801.000000
335155.000000
241831.000000
289983.000000
200890.000000
201558.000000
101859.000000
271433.000000
341736.000000
449976.000000
428526.000000
349603.000000
269141.000000
325775.000000
293469.000000
360891.000000
383139.000000
109112.000000
171833.000000
269571.000000
350320.000000
368817.000000
242390.000000
297482.000000
358838.000000
428532.000000
110837.000000
358359.000000
248639.000000
353495.000000
201897.000000
299652.000000
266115.000000
390015.000000
351593.000000
350731.000000
231765.000000
273824.000000
369662.000000
380120.000000
268035.000000
363997.000000
410595.000000
392236.000000
391564.000000
200146.000000
316387.000000
125251.000000
362975.000000
241070.000000
184511.000000
358254.000000
343770.000000
276896.000000
394657.000000
442283.000000
279960.000000
334379.000000
5119.000000
248866.000000
353217.000000
370600.000000
372989.000000
295093.000000
354008.000000
146653.000000
115696.000000
362378.000000
175519.000000
367039.000000
229741.000000
412953.000000
390155.000000
336651.000000
283682.000000
362449.000000
107517.000000
355017.000000
284003.000000
232608.000000
382176.000000
282492.000000
339446.000000
180083.000000
376034.000000
358591.000000
404678.000000
368551.000000
193741.000000
433351.000000
351965.000000
370184.000000
361476.000000
329779.000000
214216.000000
380475.000000
339416.000000
402611.000000
187922.000000
148699.000000
354977.000000
360819.000000
374162.000000
228580.000000
297012.000000
276622.000000
286707.000000
258242.000000
230451.000000
361949.000000
164200.000000
376563.000000
388606.000000
382478.000000
288754.000000
393332.000000
330068.000000
259231.000000
330298.000000
267983.000000
233042.000000
258881.000000
98641.000000
352242.000000
412036.000000
342214.000000
335516.000000
313869.000000
192296.000000
387881.000000
351377.000000
391171.000000
175720.000000
320912.000000
345179.000000
360356.000000
376845.000000
195696.000000
359422.000000
322517.000000
393884.000000
277080.000000
138640.000000
361438.000000
245792.000000
315445.000000
211059.000000
412316.000000
263418.000000
284061.000000
257334.000000
394588.000000
433081.000000
193159.000000
403034.000000
240969.000000
342111.000000
243678.000000
246184.000000
371471.000000
265517.000000
302566.000000
368653.000000
269702.000000
349365.000000
272362.000000
166194.000000
382661.000000
377574.000000
368723.000000
406915.000000
241143.000000
356671.000000
186355.000000
402810.000000
377247.000000
291356.000000
299215.000000
315327.000000
191268.000000
359295.000000
354219.000000
389494.000000
347186.000000
390834.000000
113335.000000
336379.000000
370426.000000
215954.000000
294026.000000
396297.000000
317153.000000
378732.000000
343469.000000
304999.000000
262900.000000
316484.000000
358313.000000
276171.000000
422766.000000
331410.000000
288368.000000
260994.000000
286962.000000
292748.000000
386319.000000
259881.000000
282570.000000
317181.000000
355957.000000
386894.000000
354820.000000
148299.000000
337705.000000
293603.000000
310080.000000
346977.000000
373007.000000
284101.000000
190118.000000
351566.000000
216444.000000
439165.000000
385723.000000
252865.000000
393078.000000
217850.000000
361040.000000
245264.000000
328551.000000
236095.000000
410574.000000
333641.000000
386820.000000
42026.000000
405390.000000
220604.000000
231022.000000
315954.000000
311808.000000
381699.000000
375920.000000
263358.000000
246994.000000
360800.000000
242261.000000
250002.000000
273670.000000
356634.000000
408119.000000
366214.000000
415134.000000
91347.000000
377105.000000
151588.000000
173395.000000
341906.000000
373162.000000
346615.000000
332467.000000
338132.000000
377165.000000
397634.000000
353898.000000
390932.000000
347513.000000
275108.000000
159125.000000
330969.000000
318416.000000
126275.000000
161093.000000
255642.000000
370264.000000
311684.000000
342575.000000
222082.000000
189365.000000
248446.000000
55406.000000
301002.000000
378603.000000
340213.000000
204610.000000
345965.000000
217662.000000
377113.000000
243148.000000
341344.000000
283331.000000
365219.000000
325640.000000
352129.000000
247904.000000
368224.000000
307278.000000
278284.000000
392528.000000
338196.000000
310873.000000
277625.000000
233273.000000
372310.000000
239666.000000
286559.000000
403006.000000
260152.000000
358121.000000
364698.000000
303225.000000
259612.000000
360025.000000
270043.000000
269211.000000
316867.000000
381416.000000
278036.000000
375616.000000
326913.000000
132877.000000
307524.000000
261774.000000
411580.000000
380469.000000
425641.000000
310203.000000
377807.000000
349426.000000
294307.000000
402534.000000
228950.000000
397842.000000
305441.000000
249833.000000
222305.000000
282627.000000
387140.000000
366333.000000
264901.000000
282273.000000
289306.000000
380748.000000
328069.000000
227448.000000
359840.000000
340937.000000
399077.000000
391471.000000
396952.000000
396078.000000
246120.000000
288616.000000
299581.000000
408484.000000
278408.000000
254309.000000
409785.000000
370748.000000
402887.000000
405696.000000
358756.000000
324187.000000
336698.000000
155098.000000
271822.000000
366876.000000
364629.000000
374805.000000
326950.000000
271783.000000
363099.000000
230763.000000
177818.000000
395972.000000
394027.000000
374888.000000
329449.000000
163423.000000
153891.000000
275505.000000
362988.000000
208743.000000
253631.000000
248956.000000
316815.000000
292821.000000
374245.000000
349406.000000
366119.000000
177900.000000
252784.000000
252915.000000
206995.000000
375846.000000
292252.000000
301309.000000
266123.000000
307205.000000
418760.000000
329698.000000
226679.000000
428067.000000
414760.000000
346470.000000
303003.000000
377723.000000
356018.000000
361341.000000
309104.000000
299826.000000
282560.000000
412266.000000
102540.000000
371083.000000
397255.000000
392231.000000
243250.000000
360323.000000
303981.000000
108623.000000
163890.000000
334437.000000
257917.000000
345380.000000
239033.000000
317338.000000
365055.000000
303586.000000
395949.000000
254881.000000
358357.000000
236575.000000
359673.000000
227227.000000
222522.000000
405273.000000
409202.000000
359028.000000
432024.000000
351766.000000
410913.000000
365229.000000
207675.000000
242040.000000
415952.000000
283763.000000
280302.000000
303290.000000
239451.000000
368130.000000
312589.000000
254169.000000
315834.000000
346853.000000
209328.000000
241309.000000
262081.000000
319011.000000
359219.000000
358574.000000
145648.000000
240726.000000
295018.000000
208298.000000
323786.000000
335058.000000
303100.000000
110695.000000
336359.000000
290187.000000
311874.000000
297948.000000
342303.000000
351820.000000
211292.000000
343491.000000
305443.000000
284969.000000
338263.000000
381969.000000
308807.000000
423710.000000
371461.000000
357787.000000
306546.000000
352307.000000
387358.000000
355050.000000
279204.000000
388671.000000
244437.000000
479196.000000
139914.000000
84083.000000
210416.000000
337231.000000
293830.000000
363809.000000
241918.000000
306661.000000
394145.000000
355371.000000
114579.000000
345926.000000
335211.000000
283909.000000
215127.000000
379657.000000
370883.000000
244673.000000
95972.000000
369815.000000
404027.000000
457788.000000
363750.000000
338865.000000
359069.000000
266525.000000
339656.000000
378009.000000
375965.000000
359312.000000
377186.000000
340848.000000
300454.000000
300159.000000
345793.000000
288069.000000
334551.000000
347288.000000
374261.000000
279254.000000
239888.000000
306547.000000
405745.000000
257676.000000
326129.000000
351611.000000
324393.000000
318139.000000
246991.000000
365622.000000
43905.000000
284583.000000
302536.000000
285669.000000
220896.000000
246743.000000
280659.000000
389155.000000
432677.000000
293426.000000
181240.000000
367211.000000
154796.000000
25441.000000
101340.000000
312034.000000
207064.000000
371117.000000
353074.000000
277183.000000
283362.000000
336491.000000
260183.000000
378161.000000
359845.000000
373300.000000
371538.000000
327061.000000
192228.000000
273841.000000
320166.000000
193785.000000
383329.000000
312271.000000
194915.000000
287699.000000
292138.000000
297578.000000
376782.000000
319531.000000
107799.000000
378647.000000
333245.000000
221645.000000
213454.000000
360623.000000
270510.000000
400032.000000
339678.000000
151403.000000
299063.000000
406285.000000
261039.000000
288253.000000
138074.000000
27655.000000
227989.000000
398281.000000
306365.000000
379650.000000
254427.000000
250341.000000
333453.000000
350387.000000
196101.000000
299797.000000
224506.000000
249836.000000
205735.000000
391873.000000
256106.000000
377575.000000
392350.000000
142907.000000
342600.000000
415097.000000
246101.000000
444280.000000
172026.000000
305887.000000
273891.000000
369592.000000
272779.000000
299868.000000
174856.000000
384332.000000
265451.000000
395545.000000
341910.000000
261991.000000
375007.000000
273248.000000
433923.000000
339881.000000
354115.000000
322190.000000
174016.000000
206389.000000
221711.000000
203026.000000
305090.000000
253721.000000
318241.000000
426451.000000
329463.000000
302294.000000
373466.000000
383310.000000
373283.000000
360337.000000
350691.000000
350423.000000
295834.000000
288259.000000
240482.000000
376285.000000
395867.000000
306912.000000
322535.000000
218684.000000
349112.000000
382452.000000
236637.000000
348215.000000
300192.000000
287862.000000
317223.000000
200892.000000
376210.000000
173789.000000
261697.000000
367923.000000
358755.000000
339686.000000
301642.000000
127928.000000
237982.000000
319666.000000
370775.000000
371002.000000
421550.000000
363747.000000
269459.000000
299868.000000
381106.000000
360267.000000
422339.000000
409842.000000
397958.000000
321273.000000
346299.000000
401771.000000
283982.000000
384047.000000
161988.000000
258384.000000
276522.000000
54946.000000
433398.000000
242454.000000
294738.000000
320575.000000
174408.000000
212541.000000
184138.000000
285046.000000
210825.000000
297248.000000
260846.000000
223101.000000
310797.000000
277947.000000
411845.000000
304186.000000
92391.000000
426195.000000
406680.000000
233467.000000
337045.000000
212549.000000
325716.000000
286075.000000
344559.000000
350540.000000
230948.000000
403928.000000
373377.000000
172184.000000
295038.000000
328087.000000
280647.000000
210118.000000
182554.000000
324497.000000
264638.000000
260250.000000
365724.000000
340259.000000
187844.000000
348910.000000
301144.000000
167619.000000
270499.000000
329717.000000
220923.000000
339235.000000
315103.000000
308199.000000
428745.000000
310309.000000
251597.000000
342476.000000
347559.000000
212295.000000
417225.000000
273218.000000
402092.000000
241055.000000
253676.000000
361875.000000
110728.000000
329406.000000
225636.000000
232539.000000
387949.000000
347828.000000
345875.000000
364937.000000
282256.000000
336249.000000
70172.000000
252975.000000
259796.000000
275836.000000
265996.000000
234052.000000
426180.000000
280387.000000
252126.000000
279819.000000
234198.000000
224454.000000
298275.000000
280297.000000
142916.000000
117014.000000
393044.000000
200592.000000
363896.000000
224765.000000
332439.000000
359192.000000
332438.000000
293271.000000
366372.000000
314616.000000
273624.000000
414591.000000
417178.000000
252304.000000
368593.000000
345957.000000
352746.000000
280179.000000
305949.000000
134514.000000
340575.000000
347790.000000
370772.000000
193307.000000
330868.000000
316228.000000
309267.000000
150291.000000
252049.000000
332409.000000
253215.000000
148594.000000
145996.000000
423136.000000
260861.000000
218600.000000
196774.000000
341029.000000
258986.000000
317582.000000
379011.000000
324470.000000
185711.000000
356648.000000
155749.000000
166239.000000
413645.000000
122652.000000
302610.000000
255644.000000
222287.000000
86627.000000
369801.000000
351382.000000
353993.000000
371069.000000
375478.000000
375574.000000
254461.000000
387809.000000
331147.000000
378367.000000
331605.000000
405313.000000
280353.000000
362598.000000
377715.000000
284324.000000
218338.000000
318670.000000
362215.000000
270971.000000
280191.000000
362445.000000
85081.000000
279419.000000
439777.000000
425963.000000
290809.000000
323893.000000
334101.000000
184972.000000
385992.000000
215168.000000
335131.000000
200436.000000
201997.000000
298420.000000
302368.000000
339556.000000
279815.000000
274438.000000
278495.000000
286720.000000
366130.000000
154958.000000
339266.000000
180517.000000
259547.000000
228004.000000
439616.000000
259400.000000
363629.000000
209477.000000
112055.000000
353709.000000
294268.000000
135158.000000
152574.000000
301742.000000
361148.000000
217306.000000
390075.000000
270160.000000
238637.000000
347091.000000
334092.000000
295137.000000
316309.000000
112963.000000
364817.000000
380197.000000
350420.000000
382337.000000
366787.000000
233628.000000
439748.000000
249697.000000
247473.000000
317736.000000
371431.000000
273461.000000
252416.000000
339823.000000
201702.000000
350268.000000
339312.000000
217525.000000
325599.000000
259332.000000
248548.000000
336672.000000
136741.000000
336180.000000
351837.000000
401117.000000
292444.000000
375274.000000
360881.000000
382647.000000
361857.000000
287518.000000
211036.000000
412016.000000
320353.000000
314445.000000
324713.000000
330637.000000
344311.000000
240804.000000
394431.000000
371073.000000
89376.000000
362122.000000
423393.000000
153427.000000
420554.000000
353988.000000
401593.000000
258529.000000
394115.000000
307550.000000
303769.000000
406900.000000
398780.000000
215858.000000
314700.000000
211259.000000
331701.000000
280481.000000
390084.000000
370004.000000
260637.000000
255805.000000
319901.000000
341737.000000
235096.000000
403699.000000
322915.000000
302880.000000
334483.000000
328807.000000
355606.000000
96143.000000
341526.000000
356003.000000
291447.000000
321509.000000
370622.000000
280200.000000
249144.000000
302051.000000
205335.000000
299638.000000
412631.000000
134033.000000
84399.000000
392381.000000
259084.000000
326739.000000
391514.000000
329156.000000
169921.000000
248038.000000
231574.000000
278980.000000
351925.000000
182642.000000
261451.000000
371843.000000
348012.000000
311793.000000
274920.000000
257386.000000
312116.000000
320062.000000
351625.000000
396748.000000
355274.000000
400674.000000
317699.000000
336750.000000
329289.000000
316145.000000
359936.000000
159210.000000
229853.000000
329791.000000
199793.000000
436568.000000
122969.000000
367754.000000
283856.000000
263933.000000
398766.000000
136521.000000
356395.000000
188074.000000
315214.000000
369648.000000
281002.000000
108159.000000
398460.000000
319387.000000
332141.000000
173759.000000
215675.000000
330671.000000
344205.000000
332788.000000
380052.000000
274556.000000
353848.000000
145290.000000
243483.000000
284465.000000
72182.000000
272506.000000
267883.000000
280073.000000
385004.000000
368710.000000
373550.000000
322002.000000
400472.000000
369790.000000
233770.000000
279782.000000
286585.000000
213052.000000
72737.000000
348881.000000
378157.000000
334517.000000
331347.000000
369633.000000
374572.000000
366535.000000
329815.000000
201621.000000
296601.000000
209754.000000
281606.000000
297379.000000
327980.000000
267928.000000
192716.000000
170433.000000
169761.000000
394636.000000
407603.000000
335674.000000
155427.000000
254409.000000
263155.000000
416801.000000
100879.000000
226032.000000
369324.000000
391889.000000
385643.000000
332985.000000
304211.000000
389263.000000
311148.000000
389178.000000
406144.000000
360240.000000
270817.000000
369169.000000
236487.000000
358252.000000
220528.000000
381848.000000
260010.000000
296196.000000
330475.000000
213570.000000
259670.000000
316622.000000
279667.000000
320499.000000
225920.000000
236303.000000
216446.000000
284454.000000
305057.000000
373508.000000
440940.000000
287956.000000
280672.000000
203936.000000
305320.000000
245896.000000
265191.000000
243254.000000
241411.000000
258250.000000
277405.000000
384394.000000
358106.000000
276187.000000
366720.000000
355548.000000
277891.000000
243223.000000
362805.000000
292346.000000
318946.000000
253063.000000
390429.000000
219331.000000
105394.000000
286188.000000
343435.000000
373497.000000
217914.000000
375799.000000
248062.000000
287663.000000
366410.000000
366669.000000
282662.000000
285179.000000
469781.000000
369994.000000
380387.000000
195532.000000
327837.000000
195856.000000
227512.000000
319208.000000
220543.000000
264550.000000
272718.000000
210530.000000
216919.000000
303374.000000
436977.000000
260681.000000
329712.000000
352608.000000
379384.000000
307202.000000
335729.000000
371920.000000
334861.000000
258755.000000
252543.000000
104953.000000
132759.000000
321811.000000
362311.000000
370458.000000
287545.000000
297286.000000
220078.000000
398646.000000
394621.000000
330572.000000
346934.000000
334779.000000
302316.000000
403060.000000
336253.000000
343171.000000
273456.000000
336223.000000
392463.000000
305179.000000
297445.000000
226641.000000
299687.000000
168934.000000
388894.000000
353028.000000
223687.000000
206606.000000
382921.000000
327060.000000
282768.000000
294985.000000
362094.000000
217193.000000
328836.000000
257883.000000
311948.000000
346529.000000
339433.000000
88532.000000
259782.000000
382654.000000
350316.000000
370571.000000
270381.000000
239660.000000
386581.000000
152280.000000
361871.000000
388598.000000
364826.000000
297997.000000
217863.000000
330858.000000
353378.000000
388460.000000
279638.000000
400867.000000
373614.000000
82754.000000
267346.000000
361135.000000
378745.000000
309134.000000
379257.000000
352838.000000
335222.000000
183304.000000
294698.000000
187661.000000
354143.000000
367890.000000
135559.000000
241264.000000
305845.000000
362731.000000
315747.000000
405618.000000
309497.000000
280811.000000
292524.000000
356553.000000
175652.000000
372452.000000
337461.000000
343538.000000
285031.000000
293835.000000
305494.000000
328064.000000
260354.000000
284949.000000
358742.000000
399195.000000
387789.000000
316417.000000
278805.000000
202282.000000
419016.000000
390522.000000
254435.000000
429405.000000
329682.000000
143771.000000
404865.000000
306768.000000
301444.000000
380184.000000
367637.000000
332355.000000
141271.000000
346607.000000
247144.000000
353932.000000
157935.000000
271072.000000
373895.000000
449556.000000
339292.000000
272425.000000
383045.000000
366253.000000
390765.000000
362788.000000
190797.000000
373642.000000
335662.000000
113179.000000
311731.000000
409271.000000
339274.000000
377181.000000
374184.000000
260615.000000
293721.000000
365691.000000
257139.000000
215065.000000
277647.000000
238152.000000
131779.000000
392448.000000
354487.000000
352931.000000
350593.000000
150646.000000
353490.000000
381177.000000
372156.000000
362169.000000
369910.000000
321917.000000
219963.000000
369682.000000
229757.000000
323967.000000
244538.000000
348102.000000
245097.000000
314039.000000
321184.000000
402504.000000
340388.000000
318151.000000
193436.000000
266296.000000
350477.000000
326137.000000
241603.000000
349690.000000
410070.000000
220184.000000
233485.000000
273428.000000
371534.000000
362738.000000
347358.000000
349935.000000
398775.000000
340249.000000
318025.000000
341926.000000
275536.000000
230033.000000
373152.000000
278598.000000
341020.000000
394386.000000
346514.000000
338699.000000
269341.000000
347286.000000
336580.000000
338179.000000
376222.000000
306721.000000
357337.000000
169935.000000
348796.000000
416175.000000
396066.000000
83641.000000
356791.000000
243342.000000
358708.000000
288780.000000
413106.000000
365187.000000
446585.000000
407748.000000
356272.000000
314536.000000
216300.000000
265870.000000
351000.000000
197249.000000
270458.000000
287026.000000
378835.000000
256556.000000
332029.000000
250382.000000
367829.000000
264064.000000
171286.000000
371950.000000
235233.000000
374450.000000
394511.000000
344640.000000
249827.000000
305050.000000
467483.000000
285412.000000
343923.000000
323717.000000
162820.000000
403621.000000
173427.000000
405067.000000
404007.000000
382289.000000
252864.000000
159171.000000
351444.000000
342789.000000
389305.000000
180816.000000
370684.000000
