0.000000
0.000000
0.000000
0.000000
0.000000
0.000000
0.000000
0.000000
0.000000
0.000000
0.000000
0.000000
0.000000
0.000000
0.000000
0.000000
0.000000
0.000000
0.000000
0.000000
0.000000
0.000000
0.000000
0.000000
0.000000
0.000000
0.000000
0.000000
0.000000
0.000000
0.000000
0.000000
0.000000
0.000000
0.000000
0.000000
0.000000
0.000000
0.000000
0.000000
0.000000
0.000000
0.000000
0.000000
0.000000
0.000000
0.000000
0.000000
0.000000
0.000000
0.000000
0.000000
0.000000
0.000000
0.000000
0.000000
0.000000
0.000000
0.000000
0.000000
0.000000
0.000000
0.000000
0.000000
0.000000
0.000000
0.000000
0.000000
0.000000
0.000000
0.000000
0.000000
0.000000
0.000000
0.000000
0.000000
0.000000
0.000000
0.000000
0.000000
0.000000
0.000000
0.000000
0.000000
0.000000
0.000000
0.000000
0.000000
0.000000
0.000000
0.000000
0.000000
0.000000
0.000000
0.000000
0.000000
0.000000
0.000000
0.000000
0.000000
0.000000
0.000000
0.000000
0.000000
0.000000
0.000000
0.000000
0.000000
0.000000
0.000000
0.000000
0.000000
0.000000
0.000000
0.000000
0.000000
1423175.000000
684809.000000
931986.000000
632314.000000
896177.000000
521334.000000
329000.000000
319842.000000
981870.000000
448331.000000
788024.000000
954306.000000
454937.000000
234875.000000
897785.000000
810115.000000
872857.000000
320978.000000
840095.000000
897796.000000
764844.000000
799174.000000
921774.000000
411464.000000
560709.000000
914579.000000
752730.000000
331437.000000
461906.000000
320551.000000
597837.000000
538706.000000
793917.000000
378727.000000
831437.000000
503026.000000
773014.000000
273923.000000
404997.000000
285040.000000
901201.000000
319325.000000
117453.000000
616183.000000
672771.000000
861238.000000
934984.000000
947115.000000
762001.000000
460527.000000
107684.000000
404490.000000
25625.000000
540172.000000
415826.000000
568096.000000
669238.000000
508015.000000
523141.000000
295648.000000
337787.000000
815008.000000
506537.000000
869975.000000
289399.000000
499849.000000
884715.000000
802640.000000
868892.000000
531131.000000
267736.000000
455302.000000
27061.000000
421819.000000
722143.000000
644616.000000
896315.000000
268402.000000
914470.000000
396695.000000
182174.000000
619440.000000
898336.000000
364831.000000
479436.000000
668815.000000
638790.000000
856787.000000
263573.000000
146073.000000
370213.000000
856390.000000
518675.000000
290034.000000
434956.000000
420359.000000
427170.000000
964911.000000
916010.000000
476095.000000
890080.000000
511481.000000
347593.000000
841633.000000
401196.000000
497934.000000
613082.000000
462490.000000
825425.000000
852038.000000
163809.000000
479486.000000
937152.000000
373035.000000
997206.000000
428599.000000
1001129.000000
316212.000000
868380.000000
227848.000000
834160.000000
387510.000000
565511.000000
792069.000000
662646.000000
661367.000000
507125.000000
695359.000000
202341.000000
560206.000000
242106.000000
179614.000000
165763.000000
616061.000000
222757.000000
369286.000000
264353.000000
999037.000000
778377.000000
401147.000000
322789.000000
916930.000000
856682.000000
359102.000000
445208.000000
287644.000000
1048378.000000
469997.000000
784625.000000
926163.000000
224230.000000
836624.000000
888405.000000
466569.000000
710908.000000
895046.000000
395142.000000
943284.000000
603449.000000
581641.000000
933750.000000
323273.000000
393370.000000
410784.000000
818398.000000
950544.000000
701606.000000
790613.000000
328266.000000
817420.000000
517965.000000
578331.000000
923704.000000
924056.000000
989854.000000
789328.000000
547192.000000
418815.000000
968142.000000
586892.000000
173229.000000
859448.000000
281545.000000
88263.000000
383494.000000
113364.000000
745309.000000
398947.000000
423493.000000
896305.000000
301452.000000
794164.000000
457542.000000
791280.000000
257656.000000
764825.000000
619505.000000
578451.000000
522299.000000
834340.000000
355692.000000
440602.000000
135099.000000
689143.000000
401961.000000
854958.000000
820375.000000
508444.000000
677977.000000
83380.000000
945949.000000
950212.000000
897939.000000
931971.000000
963768.000000
750694.000000
568949.000000
222775.000000
855383.000000
378518.000000
856195.000000
311485.000000
703490.000000
959084.000000
133454.000000
649106.000000
500856.000000
320393.000000
423966.000000
310365.000000
915530.000000
945315.000000
844711.000000
224620.000000
230070.000000
662444.000000
842357.000000
810315.000000
248892.000000
673041.000000
430937.000000
907799.000000
879041.000000
429365.000000
436290.000000
757788.000000
809714.000000
115778.000000
689601.000000
469706.000000
784382.000000
857229.000000
771904.000000
138339.000000
752986.000000
732476.000000
919476.000000
403864.000000
886026.000000
850706.000000
367704.000000
518231.000000
419316.000000
851540.000000
919402.000000
696341.000000
279163.000000
824644.000000
364577.000000
868245.000000
279433.000000
417480.000000
747467.000000
531729.000000
829819.000000
180624.000000
643086.000000
205133.000000
901738.000000
409753.000000
815699.000000
280775.000000
325091.000000
784329.000000
549477.000000
712489.000000
330912.000000
666205.000000
345156.000000
383923.000000
934973.000000
762203.000000
338651.000000
833837.000000
874579.000000
272909.000000
391585.000000
935505.000000
144111.000000
676319.000000
769610.000000
519618.000000
530335.000000
390820.000000
311014.000000
375094.000000
310616.000000
696177.000000
339531.000000
351205.000000
646301.000000
536280.000000
257489.000000
874269.000000
853837.000000
894882.000000
525127.000000
816490.000000
890691.000000
899300.000000
769210.000000
381172.000000
514514.000000
331592.000000
525585.000000
309968.000000
299377.000000
122889.000000
390528.000000
562871.000000
924567.000000
817196.000000
765883.000000
438109.000000
672872.000000
496501.000000
999720.000000
800301.000000
123092.000000
189123.000000
448221.000000
826379.000000
874076.000000
371631.000000
414900.000000
694467.000000
870382.000000
116249.000000
923617.000000
402831.000000
983906.000000
308218.000000
508255.000000
418047.000000
881439.000000
556119.000000
635692.000000
301019.000000
636448.000000
1001028.000000
934243.000000
395205.000000
954587.000000
912200.000000
820288.000000
837494.000000
252804.000000
650559.000000
110897.000000
903803.000000
381969.000000
202225.000000
601301.000000
744956.000000
397933.000000
886496.000000
715319.000000
432849.000000
719567.000000
6829.000000
424463.000000
968247.000000
842653.000000
926330.000000
418736.000000
983968.000000
203660.000000
97188.000000
989394.000000
297833.000000
796388.000000
626599.000000
893546.000000
941860.000000
508075.000000
430680.000000
886673.000000
132214.000000
784354.000000
459684.000000
288867.000000
833422.000000
493156.000000
841181.000000
205038.000000
578324.000000
823510.000000
646240.000000
829683.000000
193109.000000
814123.000000
790871.000000
654330.000000
943736.000000
718190.000000
248221.000000
882505.000000
805227.000000
934182.000000
240020.000000
178077.000000
735117.000000
837005.000000
850142.000000
259016.000000
477029.000000
406921.000000
399548.000000
424499.000000
305418.000000
647733.000000
199055.000000
856467.000000
817721.000000
894283.000000
351114.000000
806412.000000
909711.000000
512284.000000
547309.000000
410726.000000
296340.000000
472306.000000
114111.000000
861004.000000
902516.000000
807719.000000
709323.000000
592441.000000
253120.000000
680671.000000
1018054.000000
859552.000000
221819.000000
753926.000000
608014.000000
836003.000000
948712.000000
282680.000000
666090.000000
667790.000000
881841.000000
473627.000000
205729.000000
726164.000000
346277.000000
449413.000000
258658.000000
937902.000000
455586.000000
502226.000000
372225.000000
819659.000000
925876.000000
299277.000000
895175.000000
346089.000000
568622.000000
360697.000000
360751.000000
679831.000000
431977.000000
756386.000000
742908.000000
392461.000000
837293.000000
454220.000000
183995.000000
824949.000000
855414.000000
983308.000000
978448.000000
349832.000000
527805.000000
245878.000000
892631.000000
915039.000000
438485.000000
436016.000000
859308.000000
215725.000000
788940.000000
907407.000000
722393.000000
832312.000000
635121.000000
112950.000000
783157.000000
713438.000000
277965.000000
610679.000000
970007.000000
599407.000000
866782.000000
875318.000000
544635.000000
456530.000000
587721.000000
812201.000000
489854.000000
868987.000000
893540.000000
513516.000000
420679.000000
391579.000000
636292.000000
667989.000000
564282.000000
450233.000000
641491.000000
575569.000000
802077.000000
813789.000000
193876.000000
781653.000000
469714.000000
539575.000000
646795.000000
877041.000000
579874.000000
282046.000000
869534.000000
298321.000000
863990.000000
767968.000000
451764.000000
800296.000000
249160.000000
615683.000000
425021.000000
864083.000000
338600.000000
945193.000000
778865.000000
814956.000000
45951.000000
783072.000000
327511.000000
281644.000000
626730.000000
692062.000000
824116.000000
802129.000000
454430.000000
330856.000000
601684.000000
328264.000000
383239.000000
424177.000000
953674.000000
980664.000000
902729.000000
671653.000000
103047.000000
1006841.000000
199265.000000
193382.000000
593388.000000
867861.000000
641658.000000
694027.000000
580140.000000
925944.000000
589408.000000
777237.000000
816701.000000
800909.000000
458032.000000
193451.000000
666943.000000
543822.000000
97682.000000
205160.000000
401017.000000
782108.000000
666901.000000
876483.000000
306178.000000
203990.000000
443109.000000
59707.000000
436520.000000
853053.000000
813651.000000
203621.000000
778473.000000
312883.000000
808998.000000
325069.000000
638858.000000
345111.000000
950568.000000
789527.000000
641966.000000
367565.000000
852146.000000
484525.000000
448862.000000
911648.000000
598667.000000
551935.000000
413190.000000
364263.000000
664021.000000
361853.000000
442682.000000
933845.000000
341348.000000
905231.000000
895359.000000
424465.000000
370207.000000
912035.000000
411052.000000
407389.000000
596646.000000
902624.000000
518677.000000
967280.000000
872582.000000
163215.000000
833540.000000
352337.000000
1000534.000000
834221.000000
730584.000000
612396.000000
938774.000000
556037.000000
530509.000000
833971.000000
283647.000000
693879.000000
896599.000000
350550.000000
312607.000000
453824.000000
731351.000000
595303.000000
401459.000000
465407.000000
398848.000000
750079.000000
783641.000000
299340.000000
791412.000000
666900.000000
759261.000000
816711.000000
829194.000000
944279.000000
394524.000000
553432.000000
822745.000000
888198.000000
391696.000000
352616.000000
697848.000000
886992.000000
862771.000000
893873.000000
651769.000000
576106.000000
544715.000000
201834.000000
442705.000000
755303.000000
935228.000000
817016.000000
888216.000000
435587.000000
869640.000000
312633.000000
203821.000000
655424.000000
760774.000000
782392.000000
651755.000000
156893.000000
194433.000000
352402.000000
970013.000000
271531.000000
357755.000000
351116.000000
473884.000000
512587.000000
818100.000000
890287.000000
663050.000000
198594.000000
389345.000000
310600.000000
307304.000000
981151.000000
515134.000000
628697.000000
347612.000000
757827.000000
949850.000000
878875.000000
420247.000000
920215.000000
907669.000000
960665.000000
856246.000000
862848.000000
906817.000000
560027.000000
633927.000000
449210.000000
413239.000000
828032.000000
106503.000000
686096.000000
759889.000000
888156.000000
366638.000000
632980.000000
478648.000000
149929.000000
190086.000000
815525.000000
355950.000000
565692.000000
366258.000000
792260.000000
647567.000000
611931.000000
949626.000000
407503.000000
958654.000000
295119.000000
567638.000000
364499.000000
274095.000000
887359.000000
923514.000000
864980.000000
791915.000000
808012.000000
834761.000000
868015.000000
311828.000000
301724.000000
885508.000000
472526.000000
479494.000000
577329.000000
351639.000000
573608.000000
823755.000000
417388.000000
569767.000000
991134.000000
286945.000000
416011.000000
393669.000000
591334.000000
494155.000000
857068.000000
176270.000000
333462.000000
442266.000000
246736.000000
474915.000000
941958.000000
466944.000000
127932.000000
864862.000000
629093.000000
488964.000000
461853.000000
657711.000000
920048.000000
290009.000000
493461.000000
407318.000000
429293.000000
858923.000000
773644.000000
839171.000000
756354.000000
1004522.000000
880223.000000
490940.000000
863958.000000
820917.000000
792989.000000
429094.000000
877572.000000
367156.000000
869308.000000
189225.000000
82423.000000
331473.000000
969588.000000
695155.000000
635455.000000
334415.000000
457718.000000
984659.000000
695234.000000
120603.000000
843128.000000
916967.000000
413432.000000
270148.000000
784582.000000
730692.000000
363940.000000
107591.000000
828043.000000
948708.000000
904333.000000
508083.000000
685516.000000
960267.000000
634379.000000
924338.000000
681865.000000
913444.000000
891415.000000
836100.000000
490771.000000
478748.000000
943655.000000
778864.000000
420124.000000
844461.000000
554998.000000
649982.000000
549141.000000
342627.000000
694067.000000
664959.000000
445387.000000
608877.000000
665059.000000
486969.000000
518562.000000
405699.000000
600324.000000
60868.000000
388900.000000
491065.000000
382507.000000
313338.000000
364076.000000
431693.000000
925502.000000
805880.000000
423192.000000
243113.000000
880680.000000
193152.000000
31662.000000
103387.000000
901409.000000
268412.000000
961475.000000
832892.000000
408531.000000
481906.000000
749065.000000
386580.000000
907883.000000
794306.000000
880768.000000
947492.000000
608152.000000
236588.000000
450914.000000
533860.000000
308776.000000
861404.000000
606625.000000
301523.000000
409956.000000
433733.000000
427248.000000
933932.000000
590309.000000
118618.000000
697169.000000
506873.000000
327531.000000
263189.000000
834582.000000
397238.000000
730676.000000
678399.000000
149188.000000
440819.000000
813420.000000
382169.000000
474534.000000
131504.000000
33625.000000
245982.000000
880882.000000
507765.000000
940349.000000
405696.000000
332312.000000
862272.000000
617009.000000
235928.000000
403879.000000
328564.000000
353814.000000
269733.000000
967964.000000
307526.000000
916508.000000
910928.000000
202166.000000
780415.000000
946974.000000
424619.000000
981585.000000
276785.000000
580838.000000
460629.000000
747114.000000
628457.000000
767266.000000
237395.000000
951814.000000
341534.000000
881401.000000
540783.000000
419584.000000
625109.000000
390638.000000
941244.000000
553127.000000
871569.000000
529858.000000
246653.000000
330008.000000
242924.000000
265518.000000
477725.000000
401675.000000
651659.000000
889200.000000
584799.000000
818251.000000
651704.000000
823544.000000
790061.000000
878396.000000
881504.000000
869065.000000
426564.000000
458958.000000
317831.000000
977766.000000
952249.000000
442918.000000
684577.000000
351052.000000
790867.000000
872982.000000
384010.000000
785083.000000
487160.000000
430582.000000
768206.000000
259000.000000
845506.000000
204580.000000
477701.000000
919370.000000
913672.000000
840593.000000
492558.000000
116799.000000
372355.000000
519618.000000
938676.000000
877492.000000
868168.000000
648368.000000
352315.000000
459030.000000
672397.000000
898680.000000
760873.000000
920735.000000
905307.000000
877348.000000
594592.000000
952651.000000
496125.000000
905629.000000
195749.000000
441570.000000
449148.000000
71935.000000
922483.000000
327948.000000
518171.000000
499536.000000
201374.000000
267877.000000
212175.000000
474187.000000
226268.000000
642708.000000
399250.000000
298499.000000
639983.000000
406873.000000
830193.000000
778587.000000
97449.000000
895005.000000
770804.000000
279750.000000
775045.000000
249698.000000
591450.000000
416343.000000
845815.000000
883348.000000
331763.000000
846263.000000
851333.000000
244203.000000
706384.000000
846508.000000
464107.000000
286871.000000
230597.000000
543734.000000
412289.000000
399536.000000
906304.000000
825397.000000
200906.000000
912533.000000
703633.000000
205434.000000
388335.000000
501318.000000
280554.000000
825807.000000
554523.000000
546333.000000
864554.000000
500221.000000
372586.000000
907369.000000
619863.000000
311988.000000
902392.000000
391508.000000
944582.000000
323980.000000
321974.000000
818508.000000
150230.000000
964510.000000
307462.000000
329173.000000
973120.000000
725376.000000
449880.000000
792357.000000
513955.000000
549561.000000
69679.000000
319544.000000
321491.000000
386715.000000
421370.000000
418010.000000
797292.000000
366634.000000
263047.000000
421788.000000
314217.000000
425417.000000
425237.000000
661035.000000
217521.000000
141410.000000
614744.000000
255054.000000
825104.000000
357336.000000
699256.000000
844093.000000
611869.000000
442696.000000
538342.000000
604092.000000
635199.000000
742707.000000
927079.000000
308976.000000
816870.000000
823528.000000
861114.000000
498538.000000
419335.000000
185231.000000
676765.000000
849298.000000
898388.000000
213657.000000
689211.000000
509181.000000
702266.000000
218186.000000
358158.000000
518258.000000
395190.000000
174669.000000
143694.000000
946768.000000
424825.000000
326190.000000
276767.000000
516324.000000
353578.000000
557789.000000
750153.000000
479239.000000
262745.000000
884561.000000
182334.000000
199258.000000
941408.000000
99405.000000
463526.000000
316653.000000
315676.000000
88535.000000
830183.000000
671576.000000
717338.000000
801608.000000
869004.000000
910584.000000
394546.000000
875089.000000
493233.000000
885746.000000
562101.000000
911374.000000
479123.000000
841624.000000
857507.000000
432548.000000
302727.000000
484582.000000
939810.000000
599703.000000
453200.000000
877598.000000
96644.000000
725509.000000
941755.000000
647038.000000
403016.000000
740441.000000
577548.000000
212414.000000
819449.000000
264894.000000
932436.000000
308300.000000
213693.000000
451790.000000
501990.000000
696840.000000
479991.000000
391915.000000
397383.000000
488845.000000
780984.000000
213038.000000
846092.000000
321668.000000
392371.000000
352359.000000
954221.000000
337426.000000
601050.000000
329538.000000
112489.000000
906372.000000
800978.000000
126574.000000
178109.000000
454177.000000
886528.000000
311673.000000
1009531.000000
396826.000000
393059.000000
822880.000000
511414.000000
446332.000000
491669.000000
135230.000000
959686.000000
900282.000000
561309.000000
876687.000000
892061.000000
308103.000000
936083.000000
409815.000000
398312.000000
560026.000000
632931.000000
419163.000000
356883.000000
540753.000000
265717.000000
770048.000000
867348.000000
356924.000000
915830.000000
769241.000000
229247.000000
590809.000000
194716.000000
580418.000000
935090.000000
932662.000000
404544.000000
937734.000000
851690.000000
886372.000000
894573.000000
453643.000000
338269.000000
889602.000000
490822.000000
666316.000000
524740.000000
630731.000000
513402.000000
354021.000000
933368.000000
568487.000000
127661.000000
970468.000000
1033336.000000
200784.000000
894816.000000
620247.000000
1002119.000000
353103.000000
736572.000000
640301.000000
675208.000000
859603.000000
921543.000000
276600.000000
506223.000000
377143.000000
847921.000000
485174.000000
838698.000000
920435.000000
461815.000000
423154.000000
553366.000000
558810.000000
343103.000000
970751.000000
501769.000000
462205.000000
602035.000000
467056.000000
705555.000000
147189.000000
664873.000000
726224.000000
441988.000000
615596.000000
870762.000000
408984.000000
443915.000000
509858.000000
276449.000000
407268.000000
669187.000000
118585.000000
98533.000000
948413.000000
397427.000000
508528.000000
1007655.000000
440182.000000
190168.000000
353673.000000
259787.000000
387723.000000
801582.000000
224370.000000
352603.000000
700984.000000
854191.000000
494198.000000
574706.000000
419835.000000
407758.000000
765435.000000
821260.000000
1075907.000000
839608.000000
700661.000000
422357.000000
776280.000000
642057.000000
492501.000000
847053.000000
213352.000000
344530.000000
837049.000000
295390.000000
890949.000000
151680.000000
919932.000000
397342.000000
383299.000000
884050.000000
187481.000000
636711.000000
260274.000000
435238.000000
868789.000000
412969.000000
129017.000000
896534.000000
858343.000000
1000594.000000
190741.000000
335421.000000
606479.000000
656946.000000
975401.000000
912285.000000
720243.000000
889822.000000
189808.000000
357871.000000
417234.000000
97009.000000
356360.000000
462485.000000
432448.000000
608822.000000
816048.000000
835564.000000
866130.000000
888596.000000
899503.000000
420604.000000
418116.000000
401040.000000
223635.000000
71668.000000
896875.000000
914226.000000
840216.000000
695873.000000
868798.000000
864347.000000
859112.000000
855693.000000
184866.000000
576487.000000
331781.000000
492186.000000
439355.000000
537448.000000
404206.000000
273129.000000
168347.000000
272681.000000
789049.000000
906547.000000
880954.000000
207584.000000
382412.000000
425352.000000
962014.000000
140427.000000
383081.000000
995836.000000
850421.000000
771229.000000
750029.000000
800998.000000
708648.000000
601580.000000
873787.000000
751189.000000
861715.000000
452781.000000
781215.000000
350890.000000
905574.000000
307809.000000
726881.000000
423253.000000
809076.000000
562089.000000
322101.000000
380842.000000
681749.000000
377874.000000
544803.000000
320966.000000
389556.000000
391315.000000
473893.000000
710031.000000
997299.000000
896273.000000
424032.000000
407183.000000
247913.000000
594346.000000
355236.000000
399820.000000
380269.000000
421808.000000
369372.000000
386837.000000
771752.000000
849455.000000
464568.000000
856174.000000
771870.000000
446857.000000
402180.000000
753066.000000
417328.000000
480538.000000
319018.000000
813945.000000
342207.000000
103754.000000
397621.000000
613315.000000
848279.000000
271189.000000
821790.000000
323573.000000
439703.000000
841409.000000
887529.000000
400149.000000
693892.000000
892607.000000
854295.000000
917134.000000
230996.000000
527506.000000
270096.000000
294234.000000
591309.000000
295719.000000
409099.000000
355722.000000
263856.000000
271685.000000
480254.000000
827457.000000
378533.000000
929617.000000
967485.000000
924265.000000
585714.000000
683537.000000
943666.000000
579180.000000
424586.000000
428374.000000
143135.000000
161785.000000
549385.000000
883974.000000
862303.000000
693660.000000
853517.000000
343842.000000
1117579.000000
816932.000000
677222.000000
765324.000000
694769.000000
511921.000000
849057.000000
780664.000000
593157.000000
513985.000000
799095.000000
772082.000000
581329.000000
531985.000000
313587.000000
606457.000000
177651.000000
996410.000000
939239.000000
330479.000000
265365.000000
903527.000000
599725.000000
482837.000000
579105.000000
780006.000000
310567.000000
566746.000000
618262.000000
829655.000000
844874.000000
723166.000000
108512.000000
419702.000000
734837.000000
902478.000000
634136.000000
485230.000000
347359.000000
890264.000000
221383.000000
862883.000000
709171.000000
833361.000000
575406.000000
300692.000000
565697.000000
1011525.000000
821745.000000
437230.000000
683535.000000
898632.000000
72464.000000
371814.000000
869385.000000
773809.000000
480509.000000
908185.000000
594642.000000
834959.000000
231024.000000
504802.000000
237057.000000
554920.000000
540772.000000
135064.000000
366825.000000
758486.000000
778299.000000
451149.000000
985306.000000
455210.000000
483003.000000
671226.000000
798100.000000
232784.000000
1062991.000000
848266.000000
570214.000000
458688.000000
463411.000000
463503.000000
682391.000000
449124.000000
398743.000000
817817.000000
574676.000000
874615.000000
459202.000000
421159.000000
342972.000000
904070.000000
958846.000000
362542.000000
957035.000000
828180.000000
174173.000000
844905.000000
569067.000000
618165.000000
886460.000000
586515.000000
819447.000000
131839.000000
975802.000000
349498.000000
678605.000000
191822.000000
532036.000000
884183.000000
966896.000000
788130.000000
387390.000000
871972.000000
816459.000000
865512.000000
688059.000000
280518.000000
885523.000000
902589.000000
116625.000000
487356.000000
886309.000000
517971.000000
829145.000000
900117.000000
307317.000000
454268.000000
1010851.000000
362148.000000
262549.000000
418697.000000
318108.000000
135044.000000
643777.000000
744137.000000
882963.000000
725838.000000
202805.000000
608287.000000
906106.000000
843238.000000
883848.000000
985183.000000
546902.000000
296727.000000
980878.000000
265943.000000
702531.000000
340216.000000
579332.000000
344423.000000
441538.000000
599424.000000
880407.000000
837886.000000
504292.000000
276671.000000
477036.000000
799102.000000
502318.000000
374100.000000
610487.000000
829595.000000
302623.000000
574807.000000
401699.000000
776609.000000
749742.000000
895514.000000
920414.000000
706253.000000
734285.000000
660539.000000
927468.000000
556802.000000
279267.000000
845644.000000
438288.000000
959755.000000
777402.000000
878923.000000
882815.000000
384373.000000
898029.000000
722553.000000
853114.000000
1000561.000000
565681.000000
663638.000000
170641.000000
656847.000000
940245.000000
922405.000000
77006.000000
783969.000000
415135.000000
753968.000000
667714.000000
896566.000000
717221.000000
952147.000000
886375.000000
835426.000000
582869.000000
223147.000000
379157.000000
718313.000000
260126.000000
386527.000000
390670.000000
800651.000000
355879.000000
497456.000000
351670.000000
960947.000000
426322.000000
235070.000000
760007.000000
319205.000000
645494.000000
978895.000000
816537.000000
395945.000000
755518.000000
891322.000000
514795.000000
847617.000000
556611.000000
204422.000000
939648.000000
304905.000000
813828.000000
905213.000000
897325.000000
862911.000000
196965.000000
645697.000000
807527.000000
787433.000000
229232.000000
844715.000000
