0.000000
0.000000
0.000000
0.000000
0.000000
0.000000
0.000000
0.000000
0.000000
0.000000
0.000000
0.000000
0.000000
0.000000
0.000000
0.000000
0.000000
0.000000
0.000000
0.000000
0.000000
0.000000
0.000000
0.000000
0.000000
0.000000
0.000000
0.000000
0.000000
0.000000
0.000000
0.000000
0.000000
0.000000
0.000000
0.000000
0.000000
0.000000
0.000000
0.000000
0.000000
0.000000
0.000000
0.000000
0.000000
0.000000
0.000000
0.000000
0.000000
0.000000
0.000000
0.000000
0.000000
0.000000
0.000000
0.000000
0.000000
0.000000
0.000000
0.000000
0.000000
0.000000
0.000000
0.000000
0.000000
0.000000
0.000000
0.000000
0.000000
0.000000
0.000000
0.000000
0.000000
0.000000
0.000000
0.000000
0.000000
0.000000
0.000000
0.000000
0.000000
0.000000
0.000000
0.000000
0.000000
0.000000
0.000000
0.000000
0.000000
0.000000
0.000000
0.000000
0.000000
0.000000
0.000000
0.000000
0.000000
0.000000
0.000000
0.000000
0.000000
0.000000
0.000000
0.000000
0.000000
0.000000
0.000000
0.000000
0.000000
0.000000
0.000000
0.000000
0.000000
0.000000
0.000000
0.000000
0.000000
0.000000
0.000000
0.000000
0.000000
0.000000
0.000000
0.000000
0.000000
0.000000
0.000000
0.000000
0.000000
0.000000
0.000000
0.000000
7634390.000000
288687.000000
3500056.000000
3196013.000000
2349326.000000
2514190.000000
2652793.000000
441311.000000
761412.000000
4289260.000000
3414316.000000
341999.000000
528019.000000
320474.000000
748869.000000
608680.000000
1680978.000000
352546.000000
3184917.000000
646733.000000
1838676.000000
253043.000000
487716.000000
239298.000000
3180860.000000
275910.000000
135021.000000
850026.000000
1059918.000000
2383631.000000
3215825.000000
4633232.000000
2658122.000000
722708.000000
143473.000000
408765.000000
30481.000000
611381.000000
479328.000000
815413.000000
888678.000000
665276.000000
653614.000000
291250.000000
428214.000000
1933287.000000
602184.000000
3405769.000000
281845.000000
676987.000000
3743678.000000
2302072.000000
4699903.000000
563710.000000
274007.000000
476561.000000
32792.000000
542102.000000
3148248.000000
1056030.000000
3606163.000000
246218.000000
1705290.000000
434290.000000
216889.000000
821954.000000
4822215.000000
369708.000000
545536.000000
1035898.000000
883917.000000
4163582.000000
334565.000000
172838.000000
351101.000000
3915510.000000
575483.000000
255170.000000
473761.000000
427783.000000
488980.000000
4776353.000000
3872252.000000
520826.000000
2126443.000000
613245.000000
373233.000000
3362973.000000
383325.000000
603804.000000
1050365.000000
487226.000000
3793688.000000
3010271.000000
174789.000000
510610.000000
2559306.000000
343735.000000
3734061.000000
396835.000000
5168904.000000
311845.000000
2714548.000000
218732.000000
4065629.000000
442082.000000
581527.000000
1407686.000000
890455.000000
1028557.000000
523022.000000
889730.000000
183580.000000
760272.000000
248385.000000
152801.000000
181088.000000
821196.000000
180549.000000
368823.000000
256665.000000
3631347.000000
3389035.000000
352059.000000
352500.000000
2786711.000000
4140276.000000
441962.000000
557360.000000
283901.000000
3535088.000000
489680.000000
2109255.000000
3277099.000000
207515.000000
3102960.000000
1969086.000000
481146.000000
1118577.000000
5016613.000000
391066.000000
4066554.000000
813713.000000
792258.000000
3767130.000000
277680.000000
523169.000000
468721.000000
4571529.000000
4501876.000000
2075577.000000
3017527.000000
331366.000000
3848281.000000
604438.000000
758808.000000
4641077.000000
2023696.000000
2338817.000000
1176923.000000
629819.000000
510344.000000
4482666.000000
1407212.000000
158328.000000
4006817.000000
279069.000000
90458.000000
461584.000000
92428.000000
1443689.000000
384817.000000
466162.000000
3150444.000000
358787.000000
3167831.000000
471080.000000
4488341.000000
240687.000000
3201459.000000
1064673.000000
712820.000000
593199.000000
3342971.000000
370274.000000
483470.000000
113877.000000
976534.000000
485690.000000
1934694.000000
2849670.000000
596851.000000
987755.000000
98898.000000
4616863.000000
2076395.000000
3795154.000000
4739083.000000
2726888.000000
3860411.000000
822132.000000
259517.000000
3137731.000000
374728.000000
4957546.000000
316742.000000
1398729.000000
3886820.000000
125788.000000
879681.000000
542317.000000
343977.000000
528815.000000
292951.000000
2825466.000000
3641349.000000
3003622.000000
242222.000000
178173.000000
1028437.000000
4852227.000000
3485310.000000
287785.000000
3236720.000000
466650.000000
2144074.000000
1852447.000000
582863.000000
364808.000000
1764092.000000
2641318.000000
94295.000000
1101750.000000
576395.000000
1279447.000000
3475724.000000
2938885.000000
149664.000000
2202995.000000
1137266.000000
4367329.000000
447356.000000
2970764.000000
2146223.000000
443743.000000
715207.000000
406348.000000
2963076.000000
3965568.000000
969739.000000
360437.000000
3787843.000000
514799.000000
4559768.000000
288764.000000
481892.000000
1968954.000000
551176.000000
4668518.000000
186943.000000
1063174.000000
193940.000000
3467241.000000
509332.000000
2501528.000000
293282.000000
268317.000000
1167423.000000
926082.000000
2523287.000000
351436.000000
1061104.000000
347376.000000
435928.000000
3894352.000000
2830652.000000
355879.000000
3840878.000000
3619488.000000
298684.000000
356924.000000
4746861.000000
114426.000000
968305.000000
2788798.000000
856665.000000
628351.000000
471014.000000
329399.000000
475740.000000
323031.000000
1072545.000000
352250.000000
355330.000000
809776.000000
733572.000000
306147.000000
3641545.000000
4113566.000000
4566018.000000
800274.000000
4161953.000000
3957575.000000
4286790.000000
1140770.000000
350327.000000
676946.000000
388799.000000
571641.000000
336024.000000
322267.000000
120925.000000
477502.000000
855216.000000
4433007.000000
1520627.000000
3394115.000000
611738.000000
1166217.000000
496598.000000
2540646.000000
1789983.000000
126368.000000
218668.000000
531029.000000
2640429.000000
2695943.000000
380063.000000
449622.000000
1139390.000000
4531682.000000
91963.000000
5367977.000000
562280.000000
3942641.000000
362179.000000
628152.000000
477807.000000
4296377.000000
720294.000000
758804.000000
310304.000000
804718.000000
3845331.000000
2922774.000000
469105.000000
3394246.000000
2709578.000000
5271821.000000
4319109.000000
233942.000000
996900.000000
114422.000000
1900114.000000
362620.000000
183791.000000
990767.000000
1480696.000000
425653.000000
3649864.000000
1057567.000000
561135.000000
3899184.000000
5532.000000
409953.000000
2869318.000000
3510758.000000
4509314.000000
429077.000000
3037101.000000
183656.000000
118469.000000
3758991.000000
358322.000000
3246564.000000
1105586.000000
4546037.000000
4542969.000000
727984.000000
480057.000000
3796021.000000
109061.000000
1939564.000000
443266.000000
304468.000000
3550701.000000
504973.000000
1905568.000000
196232.000000
644448.000000
2924969.000000
901700.000000
2794369.000000
194817.000000
2273039.000000
2149625.000000
940235.000000
4036455.000000
1166318.000000
328016.000000
2191626.000000
3844035.000000
4226161.000000
247130.000000
221118.000000
1351863.000000
2059300.000000
4166746.000000
241506.000000
667955.000000
496335.000000
474154.000000
418343.000000
331427.000000
847530.000000
216325.000000
3663102.000000
1957984.000000
3961911.000000
429076.000000
3384480.000000
4424943.000000
622811.000000
707945.000000
431719.000000
317174.000000
497337.000000
97039.000000
4202082.000000
2559793.000000
2078730.000000
1170429.000000
738688.000000
282851.000000
1073950.000000
3740898.000000
3768113.000000
190772.000000
4036629.000000
718807.000000
4689072.000000
4596949.000000
228170.000000
832879.000000
1019026.000000
4578803.000000
545168.000000
233212.000000
1316949.000000
394963.000000
533550.000000
284339.000000
4318962.000000
496565.000000
522585.000000
438312.000000
2767193.000000
4835636.000000
265930.000000
4492682.000000
336693.000000
670442.000000
317296.000000
274522.000000
1002193.000000
432437.000000
1481826.000000
1022601.000000
400085.000000
2662978.000000
478273.000000
144058.000000
2414040.000000
2919789.000000
4553207.000000
2744141.000000
330911.000000
588891.000000
202327.000000
2603550.000000
4132628.000000
527360.000000
481336.000000
3702472.000000
222391.000000
4378855.000000
3191401.000000
1099754.000000
2057704.000000
1072941.000000
119028.000000
2456537.000000
1412945.000000
290389.000000
936622.000000
4719207.000000
1267008.000000
3796452.000000
2300683.000000
623818.000000
513928.000000
644809.000000
3261300.000000
664350.000000
4944780.000000
3132717.000000
770225.000000
551651.000000
485628.000000
792137.000000
943297.000000
756559.000000
582038.000000
976804.000000
620067.000000
2119321.000000
4020190.000000
160482.000000
3985160.000000
435950.000000
660451.000000
1213198.000000
2314309.000000
748189.000000
312720.000000
1501232.000000
389002.000000
2871039.000000
1387906.000000
435263.000000
4465278.000000
274219.000000
909222.000000
422641.000000
3496724.000000
357273.000000
2711541.000000
2568757.000000
2449675.000000
49604.000000
2228146.000000
336765.000000
243840.000000
1100679.000000
1257600.000000
2558004.000000
2524907.000000
439342.000000
354742.000000
937838.000000
292945.000000
470481.000000
421832.000000
4364747.000000
4840691.000000
3672270.000000
1009826.000000
79488.000000
2189521.000000
184422.000000
212914.000000
763394.000000
2904426.000000
876375.000000
1419170.000000
882113.000000
4776616.000000
914460.000000
1837322.000000
3548635.000000
1339649.000000
465918.000000
234197.000000
1492312.000000
623150.000000
125809.000000
176364.000000
430530.000000
2404439.000000
1046187.000000
4289789.000000
317995.000000
201366.000000
402835.000000
65617.000000
503836.000000
3623507.000000
2680749.000000
242570.000000
3084170.000000
299245.000000
4224769.000000
418575.000000
948643.000000
478558.000000
4632383.000000
2821640.000000
827261.000000
392321.000000
2018437.000000
596227.000000
465359.000000
4441509.000000
726089.000000
811759.000000
462492.000000
340181.000000
1261901.000000
348511.000000
510062.000000
3980895.000000
309317.000000
3650321.000000
3483252.000000
462300.000000
331875.000000
3835760.000000
520696.000000
392262.000000
826920.000000
1869684.000000
508779.000000
3308963.000000
3219147.000000
123642.000000
2649908.000000
388082.000000
2257668.000000
3337907.000000
1339944.000000
900912.000000
3690171.000000
694872.000000
632273.000000
4106570.000000
302508.000000
1462358.000000
2955414.000000
385226.000000
325147.000000
484406.000000
3131460.000000
776244.000000
351594.000000
556620.000000
454368.000000
1395741.000000
1810036.000000
308270.000000
1116434.000000
986274.000000
1538552.000000
4572322.000000
2929639.000000
4357873.000000
458357.000000
822220.000000
1442029.000000
4204299.000000
489248.000000
374802.000000
1066124.000000
4114147.000000
3495788.000000
3952638.000000
1121485.000000
629264.000000
737963.000000
173892.000000
545029.000000
1511064.000000
4198716.000000
3918377.000000
3948055.000000
447573.000000
3365769.000000
351009.000000
174731.000000
952135.000000
2610270.000000
1207811.000000
886384.000000
159045.000000
186888.000000
393460.000000
4739833.000000
347539.000000
317266.000000
388875.000000
484222.000000
456368.000000
4445767.000000
4145917.000000
921010.000000
169160.000000
379534.000000
300303.000000
310510.000000
4297138.000000
739941.000000
984797.000000
363294.000000
2039704.000000
4722746.000000
2331354.000000
343389.000000
3384324.000000
4311100.000000
4303142.000000
3401900.000000
3282232.000000
4109747.000000
647689.000000
891198.000000
458032.000000
505370.000000
3865626.000000
82816.000000
1123869.000000
1384854.000000
3711022.000000
370329.000000
1012339.000000
578101.000000
158616.000000
132876.000000
3357155.000000
481146.000000
717326.000000
347389.000000
1437403.000000
1088863.000000
990601.000000
3136966.000000
451385.000000
4753954.000000
282816.000000
838911.000000
432965.000000
314101.000000
2390692.000000
2760309.000000
3247367.000000
1825552.000000
1285307.000000
1818889.000000
4187817.000000
323447.000000
306397.000000
4005537.000000
449901.000000
528060.000000
701381.000000
362522.000000
1079459.000000
3466667.000000
494175.000000
673374.000000
4843362.000000
281956.000000
427289.000000
483414.000000
814992.000000
724315.000000
3257687.000000
189043.000000
306623.000000
455997.000000
275633.000000
546564.000000
3979096.000000
463162.000000
136674.000000
3958552.000000
1109354.000000
616824.000000
381206.000000
1435775.000000
3309138.000000
266986.000000
784360.000000
467795.000000
416444.000000
3429144.000000
1317639.000000
1681396.000000
2348717.000000
3754856.000000
4029389.000000
503450.000000
4527671.000000
2503905.000000
2991826.000000
524254.000000
3414046.000000
498902.000000
4326392.000000
151171.000000
76166.000000
357963.000000
4574878.000000
1548303.000000
1443498.000000
300830.000000
527212.000000
4167065.000000
2708060.000000
134435.000000
3176375.000000
3500850.000000
442767.000000
289344.000000
2371529.000000
1142643.000000
414676.000000
82221.000000
2788402.000000
2014601.000000
3980839.000000
650178.000000
2469136.000000
1611594.000000
1817039.000000
3068459.000000
1340200.000000
4946923.000000
4667784.000000
5196580.000000
607550.000000
461938.000000
3823624.000000
1546457.000000
552709.000000
1899644.000000
732211.000000
813803.000000
901705.000000
323213.000000
1075226.000000
1371567.000000
522901.000000
881312.000000
969919.000000
649000.000000
703046.000000
434272.000000
915477.000000
56823.000000
504119.000000
471022.000000
397666.000000
310232.000000
447178.000000
515381.000000
4555086.000000
3100405.000000
451207.000000
250089.000000
2627571.000000
214465.000000
28418.000000
71219.000000
4687994.000000
264357.000000
3184856.000000
3591035.000000
555012.000000
520198.000000
1825688.000000
377535.000000
4611574.000000
1712033.000000
1767990.000000
3388911.000000
749644.000000
282134.000000
535803.000000
729466.000000
267424.000000
4903767.000000
857789.000000
281617.000000
394554.000000
596360.000000
508188.000000
4342051.000000
806174.000000
123906.000000
1750799.000000
575374.000000
312509.000000
269716.000000
3208128.000000
405550.000000
1244021.000000
3084305.000000
132898.000000
505503.000000
3686494.000000
394288.000000
517625.000000
132277.000000
37689.000000
267547.000000
2590780.000000
706246.000000
3697204.000000
424789.000000
437159.000000
3343984.000000
938321.000000
262386.000000
475702.000000
327754.000000
388521.000000
292005.000000
4383984.000000
297284.000000
3210148.000000
3817688.000000
193580.000000
1381755.000000
4100728.000000
398306.000000
3982891.000000
282249.000000
759492.000000
497560.000000
1139422.000000
1002727.000000
1881853.000000
202971.000000
3996712.000000
365678.000000
3171759.000000
594002.000000
425900.000000
1054703.000000
490553.000000
2555168.000000
833704.000000
2205084.000000
670697.000000
170826.000000
292726.000000
290990.000000
246835.000000
502199.000000
415241.000000
1356036.000000
5115936.000000
748436.000000
3611159.000000
998082.000000
2164575.000000
2708510.000000
4695049.000000
3631274.000000
2781307.000000
523281.000000
527111.000000
328298.000000
4244284.000000
3659932.000000
590190.000000
974351.000000
291011.000000
2377130.000000
4569052.000000
356406.000000
3173093.000000
547962.000000
461075.000000
1148695.000000
264301.000000
1628229.000000
217067.000000
465983.000000
3214988.000000
4285497.000000
3272783.000000
647145.000000
104102.000000
519470.000000
490536.000000
3664218.000000
4177703.000000
4255785.000000
1179676.000000
391131.000000
487224.000000
946941.000000
4310647.000000
1098459.000000
3274222.000000
2910475.000000
3460091.000000
688100.000000
3780042.000000
588382.000000
2080552.000000
180508.000000
451097.000000
450665.000000
69489.000000
4771283.000000
401305.000000
722490.000000
657742.000000
191694.000000
275984.000000
220871.000000
470988.000000
244890.000000
1033480.000000
544334.000000
247371.000000
1147951.000000
424565.000000
1431649.000000
3470928.000000
83761.000000
3313227.000000
3725638.000000
308093.000000
1448018.000000
271698.000000
743515.000000
404693.000000
3781331.000000
4931636.000000
332295.000000
3928274.000000
4577989.000000
201248.000000
1330869.000000
3246257.000000
526438.000000
248970.000000
237439.000000
718524.000000
453018.000000
487221.000000
3768313.000000
3333847.000000
198241.000000
2937791.000000
1385812.000000
228812.000000
392051.000000
568359.000000
232551.000000
2901016.000000
1087190.000000
702356.000000
4565264.000000
601481.000000
367716.000000
2978821.000000
817904.000000
324519.000000
4335520.000000
383450.000000
4417457.000000
342584.000000
269914.000000
2457658.000000
192572.000000
4247715.000000
270086.000000
337343.000000
4261749.000000
1361408.000000
536339.000000
2275346.000000
609423.000000
683557.000000
70146.000000
371185.000000
351980.000000
420825.000000
454157.000000
429844.000000
4733923.000000
373870.000000
319719.000000
438779.000000
295788.000000
495505.000000
528768.000000
2117533.000000
289309.000000
142088.000000
869090.000000
290930.000000
2195945.000000
334237.000000
1023321.000000
3901056.000000
773242.000000
473361.000000
695578.000000
866014.000000
1187930.000000
1193818.000000
2059826.000000
356682.000000
3048181.000000
1982988.000000
2192719.000000
933840.000000
566997.000000
177121.000000
1120393.000000
3219007.000000
4501046.000000
243830.000000
1047855.000000
649773.000000
1126936.000000
223224.000000
363085.000000
629591.000000
480387.000000
172283.000000
134720.000000
4064124.000000
432298.000000
299941.000000
273702.000000
571037.000000
387670.000000
620146.000000
1281674.000000
505610.000000
284259.000000
3109106.000000
177520.000000
193487.000000
4059616.000000
111072.000000
488386.000000
329317.000000
349792.000000
83001.000000
3528023.000000
954065.000000
933296.000000
1939819.000000
1917389.000000
4245234.000000
408993.000000
4600073.000000
634683.000000
3963729.000000
601510.000000
3658314.000000
551582.000000
5044451.000000
3170582.000000
473173.000000
262454.000000
541738.000000
3976207.000000
785490.000000
477952.000000
3829142.000000
86451.000000
1351505.000000
4260085.000000
1345982.000000
659362.000000
2016644.000000
737936.000000
241388.000000
1516376.000000
221791.000000
3516423.000000
294204.000000
187434.000000
541706.000000
542894.000000
1378319.000000
621749.000000
327712.000000
357911.000000
627104.000000
4685857.000000
223131.000000
1534147.000000
284633.000000
454875.000000
328413.000000
4803150.000000
342483.000000
854026.000000
287806.000000
115712.000000
1853089.000000
4437001.000000
125805.000000
182873.000000
590384.000000
4470816.000000
270872.000000
2930581.000000
364748.000000
362305.000000
4781154.000000
605836.000000
409829.000000
719018.000000
113282.000000
3099186.000000
4537318.000000
771724.000000
4672680.000000
4099730.000000
289709.000000
3360522.000000
411729.000000
401883.000000
741221.000000
913004.000000
475974.000000
287776.000000
848961.000000
195981.000000
4332852.000000
1688515.000000
368636.000000
3105083.000000
3241040.000000
337567.000000
825301.000000
152938.000000
643714.000000
3941808.000000
4240885.000000
484885.000000
3314249.000000
2636588.000000
4161590.000000
3830790.000000
588185.000000
338961.000000
4534430.000000
556894.000000
1017089.000000
570233.000000
822980.000000
689092.000000
470158.000000
4490356.000000
717730.000000
92033.000000
4264574.000000
4343939.000000
188984.000000
4243587.000000
755448.000000
4959894.000000
346232.000000
3276743.000000
840511.000000
1457081.000000
5140690.000000
4338756.000000
325427.000000
581351.000000
374346.000000
4465722.000000
606982.000000
4719542.000000
4255589.000000
487038.000000
449384.000000
652986.000000
738138.000000
368765.000000
3618649.000000
530412.000000
597906.000000
785845.000000
489052.000000
974862.000000
108862.000000
857816.000000
1487902.000000
413640.000000
978939.000000
3341585.000000
433802.000000
519429.000000
525709.000000
273027.000000
494927.000000
889941.000000
141938.000000
72802.000000
2466269.000000
396058.000000
611869.000000
4302314.000000
684547.000000
194558.000000
396683.000000
242358.000000
435680.000000
2719958.000000
223465.000000
369977.000000
1179607.000000
3568154.000000
654225.000000
925276.000000
407088.000000
494819.000000
2320094.000000
4441647.000000
2870702.000000
2615317.000000
1091046.000000
535784.000000
3448706.000000
885757.000000
745169.000000
1316130.000000
184675.000000
327625.000000
3694778.000000
310262.000000
3494105.000000
143990.000000
4763049.000000
552549.000000
420143.000000
4106853.000000
217878.000000
880756.000000
254795.000000
559982.000000
3386969.000000
403972.000000
125985.000000
1802421.000000
4629559.000000
4010055.000000
217717.000000
391501.000000
619828.000000
902845.000000
3372031.000000
3494381.000000
1760279.000000
3912651.000000
206717.000000
397437.000000
429253.000000
110010.000000
471754.000000
424842.000000
432378.000000
811680.000000
4187339.000000
3610147.000000
2005967.000000
4437368.000000
3664714.000000
311003.000000
482612.000000
465731.000000
191304.000000
82037.000000
4664673.000000
3889566.000000
3189376.000000
1180580.000000
4915272.000000
4371913.000000
1915307.000000
4674082.000000
247722.000000
745481.000000
427600.000000
435680.000000
510829.000000
733308.000000
456788.000000
258525.000000
205392.000000
271571.000000
1831400.000000
3610224.000000
4419742.000000
197613.000000
417155.000000
462200.000000
2641539.000000
115239.000000
304960.000000
3199718.000000
2016607.000000
1255819.000000
1257962.000000
3365379.000000
1320518.000000
786775.000000
3789279.000000
1398387.000000
4068132.000000
432182.000000
4632311.000000
371326.000000
3411801.000000
321559.000000
1288852.000000
455416.000000
3847471.000000
752317.000000
270114.000000
387319.000000
975014.000000
360703.000000
692083.000000
311592.000000
471389.000000
519978.000000
516348.000000
1212030.000000
3361406.000000
4866771.000000
501472.000000
405139.000000
243111.000000
738042.000000
337278.000000
408027.000000
432100.000000
464057.000000
324666.000000
382255.000000
1742301.000000
3169168.000000
487000.000000
2528775.000000
2067734.000000
497221.000000
410236.000000
1201105.000000
370824.000000
530911.000000
309011.000000
4159166.000000
319197.000000
123722.000000
429310.000000
936271.000000
3614419.000000
263775.000000
3077338.000000
331606.000000
540017.000000
3846157.000000
3809258.000000
465745.000000
1356714.000000
4412661.000000
1694865.000000
4110404.000000
281603.000000
762059.000000
308844.000000
271843.000000
676151.000000
335748.000000
488095.000000
380812.000000
272952.000000
293337.000000
567575.000000
3784472.000000
448441.000000
1582790.000000
2211782.000000
4951219.000000
648198.000000
1018656.000000
1879341.000000
694131.000000
471878.000000
468457.000000
115999.000000
165033.000000
857644.000000
3793600.000000
3413779.000000
1617209.000000
2394404.000000
325484.000000
4489876.000000
3925909.000000
1398242.000000
1135287.000000
1987522.000000
596629.000000
4662664.000000
3131019.000000
860118.000000
689566.000000
3717681.000000
1646993.000000
855271.000000
609736.000000
366081.000000
837847.000000
193774.000000
4987863.000000
4523769.000000
298251.000000
250758.000000
4248678.000000
971187.000000
514244.000000
706013.000000
3781444.000000
249712.000000
797553.000000
914455.000000
2147023.000000
3352806.000000
1357400.000000
78644.000000
450199.000000
1236556.000000
3724630.000000
1152508.000000
599621.000000
351410.000000
3228415.000000
163199.000000
3192657.000000
947272.000000
4607114.000000
757386.000000
325530.000000
819104.000000
3471643.000000
1453135.000000
472293.000000
918698.000000
3006291.000000
69898.000000
505329.000000
3754867.000000
1303346.000000
573225.000000
4481710.000000
790537.000000
4671161.000000
190894.000000
637580.000000
221923.000000
759134.000000
672624.000000
177129.000000
349702.000000
3011666.000000
1730221.000000
443817.000000
4610142.000000
504948.000000
622896.000000
1047970.000000
1475424.000000
198011.000000
4209802.000000
1936232.000000
710370.000000
544583.000000
565444.000000
700230.000000
1211941.000000
430214.000000
535137.000000
3144178.000000
891813.000000
3615791.000000
611099.000000
402654.000000
319352.000000
5790568.000000
4748949.000000
373738.000000
2474476.000000
4699085.000000
173077.000000
1622313.000000
701180.000000
852001.000000
4255937.000000
759661.000000
1917592.000000
154333.000000
4971902.000000
349460.000000
1069547.000000
149306.000000
606639.000000
3871851.000000
4486949.000000
3089332.000000
449868.000000
2209102.000000
1865651.000000
2731587.000000
1003329.000000
238860.000000
4544430.000000
4426048.000000
117970.000000
569727.000000
4865350.000000
584220.000000
3478146.000000
4134837.000000
355812.000000
529997.000000
3778632.000000
453444.000000
254900.000000
502484.000000
280829.000000
155545.000000
900419.000000
3985358.000000
1880256.000000
1378723.000000
157900.000000
912549.000000
3811831.000000
2504454.000000
2198996.000000
2555963.000000
792539.000000
289324.000000
2740362.000000
242308.000000
1320572.000000
327054.000000
715788.000000
388693.000000
512775.000000
697069.000000
4100929.000000
1550294.000000
617137.000000
248309.000000
538930.000000
3019703.000000
605526.000000
412569.000000
756280.000000
2017008.000000
241955.000000
807986.000000
423466.000000
3533248.000000
1952096.000000
3651399.000000
4283995.000000
2096012.000000
3777253.000000
1243245.000000
4574350.000000
746120.000000
277273.000000
3178645.000000
453693.000000
1944100.000000
1306406.000000
4791417.000000
3690497.000000
387460.000000
4155774.000000
1389682.000000
3395779.000000
3294158.000000
679936.000000
946627.000000
169250.000000
959912.000000
4845715.000000
4369795.000000
71297.000000
1608424.000000
427862.000000
1854858.000000
1054691.000000
4108717.000000
1002560.000000
4713359.000000
3294696.000000
3440697.000000
838961.000000
252165.000000
380360.000000
1061879.000000
214885.000000
383577.000000
514083.000000
2938502.000000
362909.000000
591608.000000
458779.000000
2610293.000000
484028.000000
232261.000000
1278328.000000
329809.000000
1018028.000000
4143644.000000
4291732.000000
321757.000000
1507832.000000
4330290.000000
546968.000000
3113458.000000
647533.000000
224781.000000
3680550.000000
312261.000000
4704128.000000
4600862.000000
4473058.000000
2264279.000000
187246.000000
844173.000000
1495242.000000
3614506.000000
211381.000000
3714523.000000
