0.000000
0.000000
0.000000
0.000000
0.000000
0.000000
0.000000
0.000000
0.000000
0.000000
0.000000
0.000000
0.000000
666930.000000
286524.000000
268464.000000
198840.000000
165441.000000
460079.000000
382691.000000
273018.000000
424335.000000
314823.000000
190028.000000
552904.000000
468527.000000
402633.000000
342930.000000
242286.000000
314482.000000
44787.000000
253587.000000
93899.000000
336520.000000
192676.000000
458544.000000
466163.000000
141178.000000
319581.000000
142739.000000
377667.000000
391479.000000
298217.000000
488569.000000
375388.000000
320159.000000
441239.000000
313666.000000
463818.000000
263893.000000
282186.000000
400578.000000
299193.000000
419814.000000
407543.000000
53643.000000
251577.000000
432819.000000
239953.000000
271840.000000
419068.000000
205867.000000
262579.000000
304734.000000
463789.000000
274376.000000
155108.000000
484513.000000
440613.000000
310357.000000
359885.000000
238188.000000
254796.000000
253106.000000
175832.000000
421491.000000
358937.000000
389873.000000
355106.000000
214243.000000
339434.000000
363408.000000
269030.000000
385417.000000
482482.000000
484084.000000
270122.000000
341598.000000
415781.000000
246137.000000
193028.000000
341031.000000
235987.000000
421810.000000
359894.000000
233038.000000
243164.000000
258252.000000
403090.000000
417860.000000
385777.000000
405681.000000
367737.000000
271390.000000
507877.000000
370943.000000
199639.000000
286692.000000
319847.000000
201718.000000
230839.000000
410403.000000
353428.000000
371273.000000
420335.000000
321107.000000
356170.000000
384102.000000
434462.000000
336644.000000
399978.000000
360938.000000
232012.000000
239468.000000
411046.000000
248796.000000
411124.000000
491493.000000
364659.000000
181894.000000
452783.000000
454099.000000
314201.000000
226532.000000
431246.000000
389461.000000
436643.000000
404929.000000
456242.000000
263128.000000
314994.000000
419812.000000
313432.000000
291171.000000
312478.000000
227553.000000
323617.000000
365733.000000
367564.000000
359609.000000
411240.000000
356411.000000
387191.000000
230148.000000
277043.000000
206813.000000
379978.000000
243966.000000
129455.000000
392926.000000
455036.000000
428368.000000
551897.000000
367719.000000
468035.000000
314906.000000
102849.000000
271613.000000
24297.000000
392791.000000
307619.000000
358404.000000
366283.000000
268752.000000
426350.000000
200987.000000
223679.000000
347876.000000
402467.000000
459671.000000
215095.000000
293146.000000
378692.000000
366781.000000
461277.000000
321942.000000
234630.000000
302646.000000
40429.000000
248912.000000
470954.000000
413273.000000
403588.000000
209906.000000
476136.000000
271615.000000
193834.000000
361423.000000
425103.000000
215815.000000
361973.000000
382849.000000
410271.000000
358720.000000
185601.000000
154235.000000
234454.000000
350969.000000
242546.000000
239808.000000
301104.000000
279334.000000
317646.000000
424826.000000
443857.000000
359483.000000
371194.000000
335420.000000
228839.000000
519070.000000
298083.000000
354801.000000
494325.000000
300106.000000
373244.000000
466071.000000
150616.000000
282273.000000
368683.000000
237884.000000
549767.000000
319101.000000
486395.000000
257154.000000
495922.000000
205478.000000
319439.000000
275474.000000
345983.000000
347604.000000
384388.000000
338481.000000
297888.000000
336361.000000
167839.000000
344683.000000
181497.000000
133978.000000
115467.000000
395301.000000
195681.000000
280550.000000
228788.000000
359054.000000
487934.000000
234992.000000
230420.000000
410745.000000
410281.000000
269388.000000
292722.000000
187512.000000
438329.000000
305521.000000
410216.000000
364498.000000
126549.000000
406071.000000
518282.000000
284026.000000
366047.000000
406153.000000
279800.000000
417269.000000
360622.000000
419726.000000
499866.000000
235203.000000
262516.000000
273188.000000
410947.000000
428538.000000
450330.000000
384698.000000
256439.000000
434052.000000
341138.000000
370926.000000
455332.000000
349164.000000
393279.000000
429899.000000
333947.000000
301341.000000
480868.000000
391554.000000
137096.000000
298268.000000
213348.000000
75540.000000
274762.000000
129952.000000
401389.000000
278035.000000
281365.000000
340188.000000
260577.000000
405572.000000
277513.000000
423311.000000
191050.000000
402890.000000
283227.000000
377656.000000
303959.000000
397938.000000
287416.000000
264297.000000
99780.000000
296177.000000
313861.000000
398652.000000
421609.000000
339644.000000
471019.000000
88644.000000
395832.000000
472999.000000
479167.000000
370940.000000
378105.000000
326513.000000
308678.000000
221741.000000
464538.000000
270412.000000
352882.000000
247142.000000
288158.000000
416427.000000
117714.000000
426095.000000
345884.000000
273093.000000
330531.000000
168546.000000
394820.000000
424850.000000
354477.000000
170592.000000
177809.000000
301721.000000
356024.000000
481673.000000
210789.000000
512666.000000
297045.000000
385291.000000
406178.000000
364327.000000
258697.000000
449936.000000
355873.000000
76609.000000
442214.000000
338760.000000
420010.000000
452415.000000
410554.000000
129363.000000
379259.000000
424596.000000
476085.000000
278350.000000
304161.000000
394241.000000
265350.000000
339468.000000
258251.000000
396119.000000
448431.000000
404884.000000
252765.000000
428150.000000
233940.000000
402412.000000
226688.000000
224077.000000
454801.000000
361743.000000
438679.000000
169173.000000
455044.000000
225324.000000
370963.000000
296102.000000
435332.000000
243581.000000
222525.000000
456029.000000
328245.000000
452756.000000
212090.000000
398628.000000
217672.000000
253291.000000
347878.000000
446993.000000
275118.000000
468186.000000
409888.000000
195284.000000
271040.000000
519732.000000
94357.000000
353411.000000
451964.000000
269893.000000
274733.000000
269518.000000
233719.000000
225142.000000
242313.000000
278534.000000
273804.000000
269149.000000
420670.000000
388812.000000
198663.000000
426960.000000
434977.000000
447140.000000
341777.000000
471724.000000
315829.000000
407967.000000
370080.000000
245945.000000
300322.000000
238281.000000
281850.000000
194514.000000
249174.000000
104648.000000
334223.000000
391794.000000
468987.000000
422755.000000
452691.000000
287817.000000
374883.000000
301676.000000
468547.000000
481416.000000
136058.000000
160957.000000
287612.000000
391412.000000
437872.000000
235117.000000
258561.000000
320116.000000
414794.000000
157683.000000
439518.000000
308808.000000
394098.000000
273280.000000
314511.000000
322121.000000
417360.000000
375213.000000
351525.000000
270539.000000
356223.000000
394986.000000
469144.000000
340876.000000
302234.000000
388964.000000
451307.000000
438596.000000
203869.000000
432733.000000
114301.000000
408750.000000
281293.000000
158129.000000
309060.000000
405929.000000
333459.000000
372323.000000
445017.000000
231945.000000
374518.000000
4763.000000
327635.000000
451733.000000
427206.000000
412951.000000
291490.000000
422929.000000
115561.000000
63521.000000
407460.000000
263488.000000
462814.000000
408615.000000
432120.000000
542067.000000
291665.000000
324463.000000
422136.000000
88113.000000
415113.000000
276634.000000
182223.000000
423592.000000
378545.000000
422103.000000
201642.000000
388338.000000
374488.000000
290718.000000
380061.000000
174635.000000
394689.000000
462476.000000
378352.000000
497445.000000
454660.000000
208671.000000
407366.000000
432570.000000
408377.000000
179925.000000
139353.000000
476982.000000
475494.000000
413240.000000
183675.000000
313200.000000
315988.000000
261485.000000
265082.000000
215904.000000
363597.000000
183014.000000
434715.000000
340070.000000
377334.000000
261517.000000
397548.000000
403365.000000
273318.000000
332722.000000
239018.000000
219552.000000
272188.000000
103586.000000
400112.000000
434353.000000
338374.000000
435676.000000
378521.000000
172560.000000
366015.000000
512412.000000
368995.000000
205445.000000
283570.000000
370897.000000
407965.000000
358661.000000
214491.000000
358258.000000
404525.000000
380587.000000
307233.000000
134180.000000
450478.000000
292746.000000
277449.000000
165685.000000
455660.000000
302642.000000
310687.000000
294079.000000
439935.000000
412715.000000
196055.000000
424523.000000
223900.000000
294480.000000
219619.000000
246876.000000
349059.000000
335113.000000
370956.000000
309637.000000
273795.000000
426224.000000
296742.000000
155174.000000
353721.000000
394235.000000
473821.000000
413325.000000
239535.000000
306458.000000
137255.000000
403010.000000
414531.000000
217910.000000
267224.000000
431299.000000
148103.000000
520322.000000
422595.000000
396091.000000
532808.000000
452580.000000
128348.000000
382479.000000
400418.000000
241226.000000
360762.000000
419942.000000
277612.000000
450576.000000
387903.000000
336823.000000
315205.000000
335784.000000
406884.000000
360936.000000
390464.000000
447688.000000
379736.000000
273398.000000
277059.000000
394463.000000
295134.000000
466349.000000
361886.000000
303102.000000
320562.000000
593263.000000
480642.000000
128468.000000
320559.000000
296547.000000
293190.000000
359080.000000
419555.000000
290572.000000
332451.000000
415200.000000
222987.000000
513994.000000
465235.000000
310656.000000
490205.000000
247983.000000
378049.000000
266700.000000
429591.000000
219454.000000
325797.000000
397503.000000
418684.000000
43650.000000
493827.000000
264461.000000
221440.000000
344631.000000
415381.000000
430067.000000
371944.000000
339459.000000
209130.000000
306003.000000
228504.000000
271440.000000
327693.000000
338228.000000
446887.000000
375757.000000
400585.000000
102259.000000
352066.000000
139029.000000
201231.000000
332438.000000
477341.000000
350823.000000
433668.000000
368838.000000
512796.000000
361261.000000
386932.000000
484084.000000
399288.000000
268052.000000
126659.000000
316494.000000
358859.000000
104195.000000
181278.000000
318675.000000
409614.000000
407434.000000
437716.000000
236891.000000
201531.000000
312840.000000
64472.000000
241936.000000
356643.000000
448462.000000
182296.000000
413502.000000
247418.000000
354431.000000
293854.000000
454014.000000
260596.000000
480969.000000
377051.000000
407145.000000
294240.000000
391921.000000
365836.000000
284233.000000
420626.000000
379489.000000
257643.000000
304424.000000
201871.000000
360357.000000
227228.000000
299059.000000
398265.000000
212871.000000
411851.000000
411806.000000
264878.000000
292263.000000
478248.000000
301898.000000
274325.000000
323820.000000
420524.000000
326974.000000
380243.000000
494464.000000
177365.000000
419774.000000
227783.000000
458369.000000
378616.000000
423252.000000
338574.000000
383135.000000
327870.000000
283841.000000
480207.000000
217725.000000
397532.000000
387906.000000
235509.000000
276439.000000
327331.000000
370347.000000
295537.000000
249331.000000
338859.000000
295120.000000
439405.000000
483630.000000
200980.000000
359857.000000
382879.000000
429769.000000
540951.000000
345273.000000
430887.000000
332388.000000
368774.000000
373437.000000
382576.000000
280927.000000
248995.000000
335837.000000
425361.000000
443087.000000
328699.000000
385349.000000
375292.000000
299506.000000
184477.000000
301181.000000
407166.000000
407420.000000
391733.000000
396910.000000
265577.000000
487928.000000
226989.000000
202412.000000
345671.000000
379558.000000
420318.000000
399033.000000
169784.000000
223396.000000
295159.000000
429079.000000
237840.000000
264853.000000
299623.000000
265702.000000
337548.000000
514939.000000
415332.000000
415007.000000
149491.000000
268053.000000
214039.000000
228527.000000
520379.000000
332112.000000
397402.000000
256534.000000
450842.000000
451978.000000
415416.000000
312854.000000
431579.000000
501965.000000
402212.000000
431708.000000
419620.000000
491211.000000
402156.000000
324260.000000
256775.000000
383180.000000
429584.000000
99328.000000
341456.000000
408634.000000
419455.000000
239427.000000
321271.000000
314086.000000
130477.000000
183200.000000
331995.000000
268649.000000
430782.000000
236417.000000
319979.000000
444541.000000
373198.000000
435394.000000
303517.000000
432846.000000
201077.000000
337406.000000
287361.000000
194312.000000
467901.000000
404708.000000
372891.000000
349671.000000
363336.000000
466012.000000
371797.000000
176903.000000
195167.000000
375990.000000
382044.000000
349151.000000
387515.000000
231673.000000
345335.000000
420534.000000
283612.000000
322772.000000
378111.000000
225882.000000
280296.000000
269754.000000
387237.000000
291431.000000
388908.000000
152997.000000
228470.000000
309742.000000
172031.000000
325432.000000
402489.000000
273481.000000
125506.000000
415096.000000
380246.000000
354695.000000
268965.000000
320298.000000
387896.000000
237675.000000
288341.000000
317564.000000
272605.000000
494653.000000
393121.000000
475134.000000
408198.000000
440938.000000
373265.000000
298164.000000
384416.000000
365662.000000
399600.000000
305729.000000
400413.000000
249396.000000
431016.000000
164321.000000
101832.000000
303666.000000
441513.000000
471949.000000
360932.000000
246064.000000
302171.000000
395567.000000
381795.000000
99565.000000
391825.000000
435010.000000
246599.000000
235749.000000
442265.000000
353738.000000
240087.000000
90663.000000
362903.000000
490550.000000
429443.000000
288396.000000
381751.000000
361082.000000
334168.000000
374174.000000
411979.000000
376598.000000
369923.000000
479570.000000
296675.000000
322244.000000
457843.000000
338415.000000
330021.000000
498366.000000
351656.000000
394768.000000
393126.000000
289978.000000
304860.000000
356820.000000
354028.000000
383717.000000
334934.000000
303516.000000
360651.000000
235969.000000
334767.000000
43504.000000
295619.000000
276089.000000
268922.000000
205751.000000
253195.000000
277026.000000
437307.000000
403826.000000
309050.000000
172120.000000
318118.000000
151887.000000
36334.000000
87180.000000
393690.000000
227153.000000
504406.000000
405406.000000
273110.000000
280279.000000
403775.000000
296399.000000
427975.000000
390009.000000
467787.000000
413822.000000
349080.000000
171395.000000
336264.000000
301494.000000
259586.000000
462158.000000
367328.000000
204563.000000
291802.000000
302407.000000
211524.000000
503518.000000
331497.000000
132265.000000
276562.000000
338145.000000
261407.000000
221185.000000
386165.000000
229442.000000
403851.000000
476210.000000
143892.000000
313404.000000
393101.000000
303714.000000
322096.000000
134388.000000
41053.000000
175642.000000
407888.000000
374716.000000
439713.000000
274415.000000
239738.000000
512173.000000
399952.000000
188604.000000
257475.000000
244158.000000
280143.000000
223089.000000
448388.000000
224956.000000
375458.000000
401899.000000
158962.000000
400811.000000
407491.000000
283138.000000
335919.000000
219464.000000
331156.000000
282064.000000
400022.000000
377048.000000
417480.000000
177438.000000
411219.000000
276892.000000
429152.000000
343509.000000
317234.000000
342225.000000
304302.000000
359196.000000
320071.000000
383839.000000
344725.000000
192392.000000
259989.000000
207305.000000
212348.000000
292492.000000
247488.000000
418173.000000
392285.000000
294519.000000
339374.000000
349278.000000
440043.000000
469054.000000
443743.000000
464251.000000
382768.000000
299370.000000
299266.000000
247562.000000
434610.000000
391266.000000
335299.000000
347998.000000
212610.000000
408639.000000
390790.000000
204613.000000
394928.000000
323563.000000
318534.000000
429629.000000
205438.000000
426760.000000
166298.000000
270222.000000
453667.000000
532607.000000
460429.000000
334797.000000
117778.000000
265094.000000
365754.000000
451627.000000
462954.000000
384418.000000
354943.000000
247685.000000
323293.000000
480377.000000
314290.000000
351860.000000
455692.000000
404936.000000
462424.000000
361276.000000
360817.000000
361411.000000
393464.000000
141378.000000
279017.000000
284080.000000
57175.000000
410182.000000
231884.000000
319816.000000
338920.000000
167635.000000
214658.000000
173920.000000
283504.000000
205464.000000
424823.000000
262777.000000
225952.000000
450950.000000
291748.000000
439508.000000
474271.000000
93605.000000
463056.000000
395039.000000
195091.000000
381483.000000
208961.000000
374927.000000
285151.000000
381867.000000
494504.000000
265754.000000
391795.000000
495467.000000
169520.000000
324284.000000
348682.000000
300091.000000
244028.000000
177711.000000
369368.000000
274822.000000
422503.000000
413605.000000
454407.000000
161837.000000
370888.000000
425031.000000
164932.000000
268322.000000
307724.000000
208316.000000
410816.000000
404870.000000
403139.000000
496278.000000
300944.000000
300635.000000
324051.000000
372410.000000
245369.000000
551305.000000
228726.000000
424343.000000
222758.000000
202372.000000
361852.000000
114004.000000
453013.000000
247594.000000
269289.000000
396860.000000
382620.000000
285142.000000
315214.000000
343708.000000
317634.000000
49573.000000
236975.000000
255615.000000
270504.000000
276501.000000
290469.000000
382439.000000
197262.000000
187049.000000
247505.000000
208124.000000
318370.000000
294796.000000
399932.000000
136169.000000
127845.000000
338347.000000
241254.000000
418115.000000
250147.000000
420549.000000
481107.000000
342214.000000
283234.000000
389894.000000
360058.000000
408050.000000
457339.000000
452913.000000
251287.000000
326966.000000
360222.000000
420881.000000
334204.000000
293134.000000
160945.000000
431057.000000
445487.000000
460299.000000
215406.000000
323125.000000
398727.000000
360948.000000
124365.000000
254637.000000
325268.000000
293835.000000
105346.000000
94040.000000
444627.000000
293383.000000
268616.000000
197341.000000
309277.000000
226536.000000
329747.000000
412468.000000
246816.000000
178511.000000
451126.000000
173502.000000
154952.000000
382527.000000
102504.000000
303990.000000
223599.000000
207620.000000
104654.000000
406748.000000
307616.000000
383755.000000
368516.000000
538590.000000
404811.000000
247934.000000
464196.000000
319714.000000
591140.000000
342821.000000
512351.000000
306633.000000
391773.000000
385667.000000
267672.000000
226050.000000
352644.000000
404907.000000
297907.000000
285683.000000
498936.000000
90343.000000
342282.000000
478994.000000
321064.000000
245795.000000
370474.000000
366518.000000
173201.000000
469137.000000
213422.000000
475841.000000
232048.000000
187304.000000
286623.000000
341800.000000
405869.000000
353316.000000
255242.000000
270684.000000
337403.000000
500237.000000
187180.000000
348878.000000
186190.000000
367693.000000
238100.000000
436365.000000
223601.000000
401412.000000
212822.000000
97156.000000
443782.000000
457186.000000
129826.000000
169477.000000
279653.000000
361759.000000
237752.000000
482898.000000
300449.000000
288344.000000
456107.000000
341367.000000
296073.000000
359377.000000
103460.000000
437025.000000
432996.000000
379063.000000
431929.000000
390020.000000
202531.000000
469815.000000
286948.000000
307546.000000
334604.000000
393247.000000
275612.000000
230578.000000
326784.000000
230673.000000
416316.000000
444034.000000
304683.000000
420804.000000
497525.000000
237081.000000
351499.000000
144871.000000
318738.000000
464492.000000
437073.000000
308566.000000
376983.000000
414510.000000
369210.000000
420229.000000
286432.000000
298636.000000
391039.000000
305410.000000
297802.000000
350752.000000
284384.000000
333819.000000
206078.000000
466610.000000
360508.000000
116557.000000
446544.000000
528842.000000
128964.000000
379317.000000
349998.000000
430853.000000
315022.000000
413254.000000
330271.000000
405648.000000
470117.000000
454836.000000
207439.000000
311888.000000
298159.000000
374475.000000
295102.000000
451687.000000
486348.000000
278135.000000
329430.000000
298444.000000
298909.000000
221823.000000
409850.000000
292708.000000
333900.000000
346399.000000
310564.000000
386463.000000
103965.000000
414319.000000
298146.000000
346792.000000
390306.000000
475814.000000
320290.000000
308996.000000
291006.000000
238721.000000
273686.000000
367137.000000
145823.000000
106198.000000
412662.000000
286692.000000
317756.000000
476282.000000
305258.000000
198434.000000
257794.000000
222987.000000
276977.000000
448576.000000
180928.000000
280924.000000
325178.000000
392041.000000
368122.000000
416332.000000
322624.000000
316696.000000
401729.000000
442643.000000
419245.000000
401963.000000
377955.000000
303222.000000
377905.000000
315911.000000
342649.000000
385369.000000
203042.000000
250852.000000
383108.000000
193738.000000
499442.000000
140982.000000
432597.000000
311046.000000
287068.000000
445692.000000
177711.000000
343362.000000
164912.000000
331956.000000
403555.000000
283797.000000
108733.000000
317830.000000
440277.000000
466056.000000
157507.000000
288179.000000
329898.000000
353815.000000
428495.000000
413917.000000
343191.000000
475282.000000
142297.000000
268272.000000
266485.000000
77633.000000
281430.000000
297236.000000
332808.000000
276313.000000
507096.000000
346897.000000
417751.000000
409315.000000
544207.000000
219366.000000
255247.000000
267594.000000
175982.000000
66733.000000
405303.000000
434622.000000
402044.000000
442878.000000
492477.000000
416721.000000
425796.000000
495223.000000
161104.000000
339739.000000
228876.000000
293543.000000
407071.000000
260441.000000
211529.000000
194613.000000
171800.000000
238127.000000
344327.000000
392532.000000
426655.000000
197746.000000
302416.000000
272583.000000
387604.000000
103169.000000
367325.000000
382954.000000
455271.000000
369862.000000
410963.000000
335467.000000
392277.000000
382635.000000
387020.000000
394839.000000
409112.000000
254130.000000
390308.000000
266858.000000
464918.000000
199479.000000
372339.000000
279606.000000
434067.000000
396931.000000
255140.000000
265073.000000
367205.000000
210556.000000
380089.000000
226212.000000
309967.000000
285700.000000
335984.000000
361554.000000
402218.000000
536565.000000
298564.000000
319753.000000
194166.000000
347377.000000
263456.000000
293555.000000
318318.000000
332071.000000
247427.000000
251441.000000
381597.000000
447740.000000
270692.000000
340769.000000
447814.000000
306817.000000
306551.000000
426438.000000
247355.000000
292822.000000
230862.000000
383103.000000
273508.000000
74426.000000
254427.000000
372029.000000
362801.000000
252734.000000
440549.000000
247634.000000
273501.000000
421081.000000
375610.000000
269319.000000
395147.000000
376909.000000
494556.000000
558444.000000
189435.000000
346459.000000
257080.000000
273124.000000
317996.000000
172534.000000
292533.000000
248042.000000
221126.000000
254617.000000
296553.000000
383481.000000
294268.000000
389464.000000
468542.000000
410339.000000
345136.000000
339769.000000
513459.000000
340686.000000
339150.000000
225481.000000
107450.000000
158903.000000
286446.000000
372055.000000
408112.000000
419296.000000
387119.000000
252219.000000
385433.000000
434177.000000
478730.000000
499152.000000
508080.000000
349554.000000
495773.000000
363423.000000
406715.000000
327579.000000
355614.000000
383410.000000
386204.000000
374506.000000
265664.000000
250967.000000
224440.000000
442895.000000
371192.000000
226640.000000
283393.000000
397866.000000
256622.000000
287627.000000
322247.000000
378785.000000
224733.000000
355942.000000
336394.000000
499050.000000
431203.000000
482156.000000
97297.000000
256503.000000
406031.000000
462251.000000
481101.000000
347218.000000
250467.000000
397335.000000
177469.000000
506108.000000
430790.000000
415414.000000
351403.000000
183224.000000
303662.000000
372890.000000
332404.000000
343757.000000
354734.000000
457943.000000
88185.000000
254359.000000
424152.000000
340015.000000
273182.000000
503569.000000
316180.000000
437947.000000
175391.000000
289220.000000
182916.000000
384161.000000
371269.000000
153357.000000
284890.000000
432636.000000
423930.000000
312396.000000
435606.000000
322927.000000
357012.000000
451445.000000
425182.000000
182162.000000
497318.000000
407278.000000
309488.000000
295821.000000
224395.000000
261376.000000
292064.000000
328379.000000
299858.000000
425380.000000
264212.000000
485114.000000
271815.000000
255360.000000
274745.000000
422896.000000
459576.000000
311215.000000
449110.000000
420372.000000
161461.000000
384609.000000
379889.000000
347343.000000
436461.000000
357348.000000
383083.000000
107964.000000
432013.000000
266377.000000
373405.000000
186204.000000
239042.000000
544193.000000
372613.000000
409487.000000
301149.000000
376749.000000
437875.000000
470677.000000
310019.000000
193672.000000
558386.000000
432720.000000
87133.000000
302975.000000
508773.000000
310909.000000
475014.000000
533153.000000
225689.000000
278522.000000
479701.000000
257921.000000
181060.000000
327521.000000
219299.000000
110637.000000
411584.000000
299233.000000
335321.000000
347543.000000
135637.000000
361665.000000
420447.000000
345280.000000
383571.000000
379402.000000
433340.000000
263420.000000
393094.000000
170042.000000
310723.000000
246208.000000
379917.000000
297505.000000
311118.000000
357570.000000
461031.000000
528487.000000
333314.000000
249345.000000
288106.000000
462320.000000
342539.000000
283487.000000
370233.000000
385640.000000
245258.000000
323797.000000
276520.000000
524966.000000
333713.000000
428780.000000
501314.000000
406514.000000
359661.000000
377176.000000
473674.000000
357116.000000
236704.000000
397209.000000
335245.000000
398255.000000
370798.000000
433729.000000
432850.000000
261522.000000
402707.000000
369457.000000
441721.000000
425311.000000
262541.000000
366902.000000
167663.000000
325054.000000
414304.000000
447291.000000
77990.000000
360696.000000
246527.000000
372201.000000
341750.000000
370639.000000
388520.000000
431142.000000
405496.000000
361435.000000
332421.000000
224916.000000
279806.000000
338048.000000
177605.000000
255692.000000
333067.000000
562573.000000
275773.000000
308340.000000
281021.000000
462036.000000
327937.000000
210364.000000
292194.000000
226539.000000
370586.000000
358874.000000
335188.000000
252698.000000
625865.000000
448086.000000
280201.000000
373435.000000
334407.000000
177154.000000
408135.000000
198262.000000
301086.000000
495335.000000
410955.000000
416832.000000
185527.000000
395582.000000
373549.000000
369863.000000
215240.000000
445853.000000
