0.000000
0.000000
0.000000
0.000000
0.000000
0.000000
0.000000
0.000000
0.000000
0.000000
0.000000
0.000000
0.000000
0.000000
0.000000
0.000000
0.000000
0.000000
0.000000
0.000000
0.000000
0.000000
0.000000
0.000000
0.000000
0.000000
0.000000
0.000000
0.000000
0.000000
0.000000
0.000000
0.000000
0.000000
0.000000
0.000000
0.000000
0.000000
0.000000
0.000000
0.000000
0.000000
0.000000
0.000000
0.000000
0.000000
0.000000
0.000000
0.000000
0.000000
0.000000
0.000000
0.000000
0.000000
0.000000
0.000000
0.000000
0.000000
0.000000
0.000000
0.000000
0.000000
0.000000
0.000000
0.000000
0.000000
0.000000
0.000000
0.000000
0.000000
0.000000
0.000000
0.000000
0.000000
0.000000
0.000000
0.000000
0.000000
0.000000
0.000000
0.000000
0.000000
0.000000
0.000000
0.000000
0.000000
0.000000
0.000000
0.000000
0.000000
0.000000
0.000000
0.000000
0.000000
0.000000
0.000000
0.000000
0.000000
0.000000
0.000000
0.000000
0.000000
0.000000
0.000000
0.000000
0.000000
0.000000
0.000000
0.000000
0.000000
0.000000
0.000000
0.000000
0.000000
0.000000
0.000000
0.000000
0.000000
0.000000
0.000000
0.000000
0.000000
0.000000
0.000000
0.000000
0.000000
0.000000
0.000000
0.000000
0.000000
0.000000
0.000000
0.000000
0.000000
0.000000
0.000000
0.000000
0.000000
0.000000
0.000000
0.000000
0.000000
0.000000
0.000000
0.000000
0.000000
0.000000
0.000000
0.000000
0.000000
0.000000
0.000000
0.000000
0.000000
0.000000
0.000000
0.000000
0.000000
216825.000000
143413.000000
145990.000000
133763.000000
122058.000000
145995.000000
155300.000000
127999.000000
72044.000000
111095.000000
26882.000000
132601.000000
117871.000000
105544.000000
126140.000000
107232.000000
129001.000000
113228.000000
119667.000000
132693.000000
131406.000000
129442.000000
131196.000000
128228.000000
145230.000000
133297.000000
137395.000000
136660.000000
133466.000000
162292.000000
34468.000000
92267.000000
127839.000000
146820.000000
128746.000000
109975.000000
145860.000000
127204.000000
115639.000000
114205.000000
138777.000000
118151.000000
130576.000000
107443.000000
160906.000000
135483.000000
116663.000000
100701.000000
106606.000000
112983.000000
119167.000000
115652.000000
138904.000000
127984.000000
127553.000000
144470.000000
144634.000000
116680.000000
149278.000000
125430.000000
94077.000000
144293.000000
137877.000000
120050.000000
137343.000000
115808.000000
155358.000000
141279.000000
87475.000000
125658.000000
128929.000000
115847.000000
152137.000000
154388.000000
128992.000000
148694.000000
142802.000000
110963.000000
137052.000000
120482.000000
164739.000000
142036.000000
147931.000000
133269.000000
131078.000000
124045.000000
100651.000000
132000.000000
108594.000000
92441.000000
84955.000000
149234.000000
103535.000000
113455.000000
114109.000000
157451.000000
119239.000000
129867.000000
110587.000000
139254.000000
138892.000000
132869.000000
127159.000000
116842.000000
170292.000000
144383.000000
124522.000000
135143.000000
74382.000000
151273.000000
135060.000000
153492.000000
115366.000000
163151.000000
131964.000000
139814.000000
119062.000000
124330.000000
142128.000000
142745.000000
104121.000000
112539.000000
150448.000000
124630.000000
130777.000000
137647.000000
100969.000000
131999.000000
132987.000000
147758.000000
149177.000000
154461.000000
128585.000000
139897.000000
156934.000000
172509.000000
126261.000000
110659.000000
94939.000000
131047.000000
112945.000000
74064.000000
108282.000000
87265.000000
146466.000000
134018.000000
127681.000000
152726.000000
115612.000000
125566.000000
144904.000000
134229.000000
102023.000000
123719.000000
145507.000000
117123.000000
132480.000000
121681.000000
121247.000000
113221.000000
79846.000000
100096.000000
136023.000000
127987.000000
114792.000000
132194.000000
144327.000000
62005.000000
143210.000000
124400.000000
148871.000000
154351.000000
126186.000000
111093.000000
124638.000000
106578.000000
137511.000000
115502.000000
143680.000000
127250.000000
129864.000000
152952.000000
98611.000000
146401.000000
131991.000000
152795.000000
115692.000000
103158.000000
125030.000000
133595.000000
110615.000000
101849.000000
102787.000000
110550.000000
128919.000000
140282.000000
97929.000000
148377.000000
140266.000000
120551.000000
140906.000000
116244.000000
130369.000000
134876.000000
138617.000000
68647.000000
123203.000000
138117.000000
143226.000000
120863.000000
159959.000000
81643.000000
135126.000000
133913.000000
148862.000000
161746.000000
138450.000000
136104.000000
131774.000000
137711.000000
122721.000000
136014.000000
137342.000000
143300.000000
106719.000000
117731.000000
117637.000000
122993.000000
109440.000000
108279.000000
138684.000000
129090.000000
162677.000000
91723.000000
123280.000000
103989.000000
164270.000000
124634.000000
133484.000000
116423.000000
112072.000000
140255.000000
134979.000000
121237.000000
123872.000000
171767.000000
95408.000000
147720.000000
114391.000000
131235.000000
117198.000000
135213.000000
153655.000000
142504.000000
130733.000000
142971.000000
67307.000000
144856.000000
133940.000000
92591.000000
112452.000000
114646.000000
111587.000000
113210.000000
107780.000000
111150.000000
120151.000000
120050.000000
123963.000000
131382.000000
99200.000000
132796.000000
146805.000000
148006.000000
136980.000000
121803.000000
162077.000000
147352.000000
127134.000000
113128.000000
102458.000000
119072.000000
143938.000000
99984.000000
133314.000000
84603.000000
125132.000000
128217.000000
127590.000000
145480.000000
150101.000000
132198.000000
138285.000000
138416.000000
124543.000000
128103.000000
72149.000000
114206.000000
117143.000000
168458.000000
129062.000000
132180.000000
133324.000000
133015.000000
137667.000000
83640.000000
130666.000000
122453.000000
137605.000000
122527.000000
134117.000000
130237.000000
115856.000000
159700.000000
122553.000000
121848.000000
121006.000000
145095.000000
123198.000000
114463.000000
109705.000000
143552.000000
116886.000000
124930.000000
118158.000000
141282.000000
86611.000000
125136.000000
138422.000000
123561.000000
119483.000000
150075.000000
123873.000000
129002.000000
154357.000000
107913.000000
131783.000000
4936.000000
128909.000000
153812.000000
129307.000000
137423.000000
138170.000000
139961.000000
85530.000000
63284.000000
127120.000000
108308.000000
126896.000000
128959.000000
131852.000000
136248.000000
136758.000000
134207.000000
162841.000000
76642.000000
134341.000000
141004.000000
107276.000000
158680.000000
112839.000000
152016.000000
115548.000000
126911.000000
129889.000000
115112.000000
146808.000000
101089.000000
145674.000000
137208.000000
156781.000000
106017.000000
141022.000000
125520.000000
132957.000000
130464.000000
138713.000000
107450.000000
93257.000000
144725.000000
132348.000000
128610.000000
87890.000000
139488.000000
114162.000000
106272.000000
134053.000000
96424.000000
123775.000000
104405.000000
144627.000000
124454.000000
120048.000000
121922.000000
132125.000000
133120.000000
77150.000000
134937.000000
111439.000000
127166.000000
102413.000000
73561.000000
145336.000000
146295.000000
120175.000000
145360.000000
181507.000000
107698.000000
124575.000000
160772.000000
127171.000000
125676.000000
109243.000000
145696.000000
127827.000000
158922.000000
113608.000000
130298.000000
135729.000000
137350.000000
129407.000000
78016.000000
145296.000000
107752.000000
123952.000000
109597.000000
158378.000000
109187.000000
131313.000000
114606.000000
115374.000000
156119.000000
121066.000000
171421.000000
115713.000000
122977.000000
132752.000000
135710.000000
133796.000000
137752.000000
138977.000000
120709.000000
135426.000000
143361.000000
135958.000000
100696.000000
140839.000000
139613.000000
151425.000000
137794.000000
131830.000000
151572.000000
102047.000000
147891.000000
142376.000000
105851.000000
117865.000000
169267.000000
107128.000000
159732.000000
134663.000000
136458.000000
122252.000000
134421.000000
75767.000000
139471.000000
152016.000000
129748.000000
139884.000000
157834.000000
80428.000000
139682.000000
144894.000000
115144.000000
127322.000000
126566.000000
163296.000000
136284.000000
149464.000000
172302.000000
125527.000000
102197.000000
138216.000000
122625.000000
116776.000000
147479.000000
109234.000000
134280.000000
118216.000000
143777.000000
146153.000000
103410.000000
116329.000000
114614.000000
118215.000000
150211.000000
140698.000000
119394.000000
105939.000000
145248.000000
122466.000000
166033.000000
138345.000000
127820.000000
150579.000000
101564.000000
152604.000000
116518.000000
153452.000000
101242.000000
130767.000000
120512.000000
131354.000000
46261.000000
149843.000000
118266.000000
115201.000000
131671.000000
120633.000000
129602.000000
132279.000000
134484.000000
109308.000000
109927.000000
122086.000000
126016.000000
135790.000000
122788.000000
146193.000000
131926.000000
137211.000000
67684.000000
123135.000000
103692.000000
110362.000000
122081.000000
149486.000000
117445.000000
139960.000000
125287.000000
124658.000000
114688.000000
144778.000000
112128.000000
123255.000000
156234.000000
85888.000000
135884.000000
127294.000000
72694.000000
99182.000000
108587.000000
129705.000000
127168.000000
133983.000000
131173.000000
106622.000000
141827.000000
53913.000000
92118.000000
160320.000000
153221.000000
104484.000000
145391.000000
117161.000000
120834.000000
124442.000000
152383.000000
137533.000000
175368.000000
161624.000000
143013.000000
139494.000000
115596.000000
133288.000000
122177.000000
149964.000000
132991.000000
93819.000000
117949.000000
100025.000000
124713.000000
122022.000000
128553.000000
122219.000000
114273.000000
152118.000000
139223.000000
114998.000000
143467.000000
110471.000000
135611.000000
140602.000000
123493.000000
149262.000000
122519.000000
125767.000000
142382.000000
95380.000000
119470.000000
94314.000000
162073.000000
151269.000000
146907.000000
100651.000000
133074.000000
138050.000000
135217.000000
149124.000000
117237.000000
125609.000000
141183.000000
114199.000000
99410.000000
151711.000000
143504.000000
119035.000000
127681.000000
117244.000000
138508.000000
144454.000000
138083.000000
137810.000000
125759.000000
117699.000000
146838.000000
145611.000000
101038.000000
138938.000000
133822.000000
136728.000000
117779.000000
123317.000000
125854.000000
112215.000000
130405.000000
153911.000000
148086.000000
154956.000000
142859.000000
125088.000000
128879.000000
114164.000000
145408.000000
143186.000000
139032.000000
126759.000000
136985.000000
127678.000000
141697.000000
130647.000000
108543.000000
153959.000000
137614.000000
149071.000000
128738.000000
102128.000000
88079.000000
112849.000000
152534.000000
115286.000000
144382.000000
118657.000000
119405.000000
142863.000000
138377.000000
144334.000000
143387.000000
100679.000000
143601.000000
128483.000000
105332.000000
141552.000000
133501.000000
99514.000000
119267.000000
128536.000000
144765.000000
144857.000000
108567.000000
139047.000000
143261.000000
128494.000000
111513.000000
117106.000000
128289.000000
147718.000000
114871.000000
135297.000000
142320.000000
164027.000000
70523.000000
114565.000000
141856.000000
136726.000000
112445.000000
131511.000000
108799.000000
84750.000000
97637.000000
131323.000000
117642.000000
142259.000000
139403.000000
126977.000000
122542.000000
124203.000000
123601.000000
131926.000000
147902.000000
117453.000000
144889.000000
126265.000000
107141.000000
139677.000000
128247.000000
133160.000000
115952.000000
151277.000000
126463.000000
141551.000000
104810.000000
104845.000000
132147.000000
147901.000000
136903.000000
132764.000000
126554.000000
126585.000000
119620.000000
107716.000000
117048.000000
137997.000000
138187.000000
122248.000000
139420.000000
163254.000000
112709.000000
143405.000000
93071.000000
156611.000000
136655.000000
103293.000000
140730.000000
154672.000000
143026.000000
67317.000000
140651.000000
145852.000000
133849.000000
142235.000000
139149.000000
130075.000000
116269.000000
121268.000000
133384.000000
144190.000000
159419.000000
128191.000000
142259.000000
121442.000000
135342.000000
141929.000000
122819.000000
116003.000000
123107.000000
138388.000000
132563.000000
135751.000000
113351.000000
148061.000000
88697.000000
63227.000000
119616.000000
162263.000000
136358.000000
121985.000000
124394.000000
133007.000000
145335.000000
121298.000000
80174.000000
127240.000000
161373.000000
112001.000000
140304.000000
114297.000000
147146.000000
112192.000000
66533.000000
143215.000000
157147.000000
131697.000000
137360.000000
116781.000000
139461.000000
129810.000000
152230.000000
147501.000000
155498.000000
142891.000000
126163.000000
119461.000000
142659.000000
131397.000000
129705.000000
137351.000000
163055.000000
144962.000000
140592.000000
129825.000000
128831.000000
120466.000000
155610.000000
133051.000000
158260.000000
146744.000000
112519.000000
130999.000000
125681.000000
129127.000000
55504.000000
116101.000000
156828.000000
118522.000000
95709.000000
114431.000000
120289.000000
163008.000000
136952.000000
115734.000000
85168.000000
138463.000000
89720.000000
20934.000000
69395.000000
130850.000000
117839.000000
138357.000000
151281.000000
104673.000000
103513.000000
140002.000000
125068.000000
139712.000000
133034.000000
115592.000000
125721.000000
135008.000000
79699.000000
130769.000000
106017.000000
115812.000000
143626.000000
140151.000000
105712.000000
157863.000000
93625.000000
105439.000000
140676.000000
118639.000000
92143.000000
134065.000000
154897.000000
118054.000000
95693.000000
128492.000000
138739.000000
133739.000000
143034.000000
91144.000000
153932.000000
139080.000000
132017.000000
138056.000000
91969.000000
26050.000000
123416.000000
140399.000000
148329.000000
124166.000000
135548.000000
119525.000000
143096.000000
129879.000000
104847.000000
114468.000000
114397.000000
122300.000000
117172.000000
121471.000000
129920.000000
119129.000000
129010.000000
98244.000000
149709.000000
146945.000000
128801.000000
186103.000000
121174.000000
120526.000000
113433.000000
141882.000000
128310.000000
144788.000000
102357.000000
145025.000000
121907.000000
133341.000000
130047.000000
118224.000000
144761.000000
107603.000000
129695.000000
116106.000000
142690.000000
111611.000000
130597.000000
123488.000000
103131.000000
111403.000000
113475.000000
117884.000000
141135.000000
158213.000000
110024.000000
135122.000000
141972.000000
113220.000000
130494.000000
149711.000000
131574.000000
156623.000000
107016.000000
129509.000000
119148.000000
136411.000000
137057.000000
145015.000000
136057.000000
128358.000000
122774.000000
140734.000000
102281.000000
141884.000000
140149.000000
144210.000000
150849.000000
120709.000000
136801.000000
112526.000000
127513.000000
142137.000000
131818.000000
143227.000000
104470.000000
92144.000000
105525.000000
122344.000000
112922.000000
157917.000000
169358.000000
126003.000000
134533.000000
157176.000000
131907.000000
119783.000000
151178.000000
147044.000000
133449.000000
128998.000000
140361.000000
136572.000000
127038.000000
118482.000000
93276.000000
132302.000000
108083.000000
58952.000000
152363.000000
124521.000000
121670.000000
123306.000000
106972.000000
136269.000000
84707.000000
131660.000000
109779.000000
142772.000000
120188.000000
112003.000000
136825.000000
150363.000000
137840.000000
175835.000000
74460.000000
131894.000000
142448.000000
118743.000000
148484.000000
111685.000000
135710.000000
129123.000000
141596.000000
165633.000000
101760.000000
125250.000000
120038.000000
103331.000000
106210.000000
129456.000000
126356.000000
112888.000000
102036.000000
132554.000000
120270.000000
145261.000000
139523.000000
159902.000000
105694.000000
127543.000000
131004.000000
73114.000000
118055.000000
127827.000000
129120.000000
143386.000000
145296.000000
164058.000000
140225.000000
112646.000000
150915.000000
158361.000000
128210.000000
108305.000000
140770.000000
114833.000000
160346.000000
104250.000000
115375.000000
140162.000000
87579.000000
150022.000000
110297.000000
125997.000000
150046.000000
116998.000000
120965.000000
146980.000000
129538.000000
136686.000000
40061.000000
109578.000000
128378.000000
137655.000000
129621.000000
113755.000000
138505.000000
124425.000000
110302.000000
142686.000000
118514.000000
107011.000000
123626.000000
138065.000000
75308.000000
81207.000000
143498.000000
115448.000000
152698.000000
99005.000000
110406.000000
144992.000000
149272.000000
100566.000000
141413.000000
127902.000000
116639.000000
128994.000000
146459.000000
107410.000000
162089.000000
153340.000000
138418.000000
101961.000000
132070.000000
110406.000000
127607.000000
135831.000000
137412.000000
131853.000000
122490.000000
127165.000000
126529.000000
89968.000000
107806.000000
123867.000000
101795.000000
87623.000000
89276.000000
154322.000000
120232.000000
122238.000000
100364.000000
141777.000000
115189.000000
136667.000000
135903.000000
142602.000000
96611.000000
129327.000000
105322.000000
97717.000000
139640.000000
76866.000000
136563.000000
96570.000000
125587.000000
72806.000000
122797.000000
109083.000000
124096.000000
141663.000000
117270.000000
136306.000000
113974.000000
131489.000000
134986.000000
150072.000000
145240.000000
132234.000000
126347.000000
143400.000000
148355.000000
112046.000000
125052.000000
133453.000000
149482.000000
109403.000000
134688.000000
143838.000000
79479.000000
115263.000000
148983.000000
126325.000000
108401.000000
132749.000000
144737.000000
118729.000000
146945.000000
117207.000000
139474.000000
115885.000000
115548.000000
118583.000000
131931.000000
140835.000000
119787.000000
131592.000000
156750.000000
115094.000000
137631.000000
107400.000000
108211.000000
88612.000000
117210.000000
126667.000000
135940.000000
124160.000000
137347.000000
124424.000000
82482.000000
131118.000000
133358.000000
92587.000000
101404.000000
106899.000000
156484.000000
114198.000000
126056.000000
126084.000000
110759.000000
140179.000000
141019.000000
119164.000000
125631.000000
78892.000000
151851.000000
148430.000000
152292.000000
123585.000000
131646.000000
125932.000000
154177.000000
116779.000000
121335.000000
95354.000000
145758.000000
107983.000000
122438.000000
159513.000000
106352.000000
120038.000000
127896.000000
92502.000000
124625.000000
107605.000000
122845.000000
167389.000000
83224.000000
151526.000000
113160.000000
135896.000000
128026.000000
146248.000000
138710.000000
144697.000000
140020.000000
121948.000000
116548.000000
165161.000000
121006.000000
119045.000000
148224.000000
146912.000000
117556.000000
98752.000000
149559.000000
123859.000000
71507.000000
150255.000000
146290.000000
83267.000000
114095.000000
160567.000000
152658.000000
139441.000000
132369.000000
123169.000000
127870.000000
136090.000000
156032.000000
124497.000000
128580.000000
134869.000000
132458.000000
95697.000000
138315.000000
140651.000000
123558.000000
122570.000000
132624.000000
130572.000000
125377.000000
151579.000000
150637.000000
131248.000000
133221.000000
105704.000000
126121.000000
77245.000000
121108.000000
129458.000000
162021.000000
148138.000000
144602.000000
148464.000000
143509.000000
141778.000000
114237.000000
149892.000000
121969.000000
94127.000000
77507.000000
128714.000000
145409.000000
152298.000000
143443.000000
126103.000000
104579.000000
130153.000000
114372.000000
124019.000000
130925.000000
107712.000000
129331.000000
113467.000000
129176.000000
120096.000000
132681.000000
133306.000000
132590.000000
178287.000000
130664.000000
163156.000000
118347.000000
145947.000000
143712.000000
140715.000000
152131.000000
108296.000000
146467.000000
94105.000000
122923.000000
144769.000000
97153.000000
143641.000000
94961.000000
140638.000000
136869.000000
113586.000000
157403.000000
89205.000000
129274.000000
117770.000000
126514.000000
145469.000000
151023.000000
87181.000000
118558.000000
140888.000000
127182.000000
103515.000000
105752.000000
166578.000000
131163.000000
170438.000000
133531.000000
142368.000000
139566.000000
103764.000000
117813.000000
132769.000000
62674.000000
134903.000000
136586.000000
135996.000000
108733.000000
140389.000000
175359.000000
143521.000000
144971.000000
150875.000000
131245.000000
122990.000000
108123.000000
115345.000000
75098.000000
122807.000000
159024.000000
117667.000000
133245.000000
134250.000000
134760.000000
133231.000000
119532.000000
110625.000000
126164.000000
89980.000000
131235.000000
141932.000000
122893.000000
120366.000000
122673.000000
112203.000000
135903.000000
124821.000000
122359.000000
149597.000000
117040.000000
143323.000000
98819.000000
127408.000000
71554.000000
121269.000000
138977.000000
121539.000000
133200.000000
115675.000000
100367.000000
140556.000000
115821.000000
128828.000000
112438.000000
141868.000000
134545.000000
169782.000000
110110.000000
132774.000000
107689.000000
109867.000000
137464.000000
132792.000000
126432.000000
134690.000000
118431.000000
132688.000000
104686.000000
138565.000000
116913.000000
104141.000000
90841.000000
128886.000000
142788.000000
149068.000000
178787.000000
137844.000000
130568.000000
96408.000000
153374.000000
117545.000000
136780.000000
126014.000000
114377.000000
121874.000000
143703.000000
135644.000000
117768.000000
131626.000000
140807.000000
132402.000000
159926.000000
135753.000000
129846.000000
125065.000000
108227.000000
143272.000000
110756.000000
124809.000000
70974.000000
134547.000000
138569.000000
140325.000000
109935.000000
135907.000000
93710.000000
149578.000000
130337.000000
136466.000000
108388.000000
142275.000000
121571.000000
126799.000000
131634.000000
116771.000000
117854.000000
135578.000000
145031.000000
133468.000000
103990.000000
116259.000000
112662.000000
123727.000000
114424.000000
116725.000000
108850.000000
121498.000000
145823.000000
123043.000000
159350.000000
126277.000000
144916.000000
111334.000000
116639.000000
136776.000000
105321.000000
80411.000000
103484.000000
119970.000000
136119.000000
142482.000000
117061.000000
134930.000000
109669.000000
158467.000000
135062.000000
128437.000000
126848.000000
126794.000000
135883.000000
126022.000000
116105.000000
136932.000000
125029.000000
131762.000000
120385.000000
130845.000000
111569.000000
107302.000000
103613.000000
111933.000000
161777.000000
157157.000000
123714.000000
106944.000000
118918.000000
116686.000000
132631.000000
120462.000000
135377.000000
129461.000000
144202.000000
118293.000000
179555.000000
130210.000000
157558.000000
68682.000000
104495.000000
140904.000000
124351.000000
139224.000000
114037.000000
137084.000000
132502.000000
115916.000000
133593.000000
158928.000000
139317.000000
132137.000000
126675.000000
133875.000000
145332.000000
149085.000000
138747.000000
140438.000000
141133.000000
79424.000000
119959.000000
146115.000000
115248.000000
134447.000000
146617.000000
119766.000000
124420.000000
102422.000000
141842.000000
105185.000000
125701.000000
129603.000000
91979.000000
104763.000000
121263.000000
137659.000000
126009.000000
124811.000000
157199.000000
116470.000000
132758.000000
159269.000000
108430.000000
139818.000000
107110.000000
132666.000000
115043.000000
129384.000000
149060.000000
108229.000000
137574.000000
113216.000000
132617.000000
119684.000000
132536.000000
136862.000000
125606.000000
121979.000000
139023.000000
121119.000000
118540.000000
132020.000000
146907.000000
102376.000000
136653.000000
136135.000000
103029.000000
121442.000000
143934.000000
124818.000000
90382.000000
151854.000000
128817.000000
117145.000000
113443.000000
112986.000000
148618.000000
132800.000000
146274.000000
125673.000000
141889.000000
131253.000000
133265.000000
133461.000000
110854.000000
132174.000000
132229.000000
83405.000000
143621.000000
169714.000000
121967.000000
123927.000000
135126.000000
111460.000000
111749.000000
150167.000000
109421.000000
115971.000000
126297.000000
145736.000000
80902.000000
137475.000000
112677.000000
132784.000000
112814.000000
85134.000000
143053.000000
139303.000000
123583.000000
148551.000000
134906.000000
139378.000000
145642.000000
137251.000000
106355.000000
124258.000000
114154.000000
116250.000000
119559.000000
127874.000000
124618.000000
147570.000000
112645.000000
136423.000000
137361.000000
148028.000000
126508.000000
117604.000000
129487.000000
160450.000000
131590.000000
127108.000000
108503.000000
111216.000000
120073.000000
108947.000000
142942.000000
150065.000000
117795.000000
127699.000000
119286.000000
147529.000000
129212.000000
137755.000000
155259.000000
115946.000000
147102.000000
124110.000000
125993.000000
139258.000000
127887.000000
138752.000000
109732.000000
146734.000000
161842.000000
127861.000000
153178.000000
93976.000000
106785.000000
128366.000000
169462.000000
67080.000000
128161.000000
131500.000000
130160.000000
112434.000000
146900.000000
132516.000000
148258.000000
133145.000000
138640.000000
128497.000000
109768.000000
139398.000000
154612.000000
90797.000000
136252.000000
151515.000000
133750.000000
117418.000000
114696.000000
119986.000000
124438.000000
130654.000000
100790.000000
123556.000000
116078.000000
115562.000000
126930.000000
105169.000000
119634.000000
136676.000000
144746.000000
141069.000000
124901.000000
137349.000000
94300.000000
129930.000000
75422.000000
130311.000000
134700.000000
140898.000000
149297.000000
115427.000000
155701.000000
148486.000000
111846.000000
114604.000000
131536.000000
