0.000000
0.000000
0.000000
0.000000
0.000000
0.000000
0.000000
0.000000
0.000000
0.000000
0.000000
0.000000
0.000000
0.000000
0.000000
0.000000
0.000000
0.000000
0.000000
0.000000
0.000000
0.000000
0.000000
0.000000
0.000000
0.000000
0.000000
0.000000
0.000000
0.000000
0.000000
0.000000
0.000000
0.000000
0.000000
0.000000
0.000000
0.000000
0.000000
0.000000
0.000000
0.000000
0.000000
0.000000
0.000000
0.000000
0.000000
0.000000
0.000000
0.000000
0.000000
0.000000
0.000000
0.000000
0.000000
0.000000
0.000000
0.000000
0.000000
0.000000
0.000000
0.000000
0.000000
0.000000
0.000000
0.000000
0.000000
0.000000
0.000000
0.000000
0.000000
0.000000
0.000000
0.000000
0.000000
0.000000
0.000000
0.000000
0.000000
0.000000
0.000000
0.000000
0.000000
0.000000
0.000000
0.000000
0.000000
0.000000
0.000000
0.000000
0.000000
0.000000
0.000000
0.000000
0.000000
0.000000
0.000000
0.000000
0.000000
0.000000
0.000000
0.000000
0.000000
0.000000
0.000000
0.000000
0.000000
0.000000
0.000000
0.000000
0.000000
0.000000
0.000000
0.000000
0.000000
0.000000
0.000000
0.000000
0.000000
0.000000
0.000000
0.000000
0.000000
0.000000
0.000000
0.000000
0.000000
0.000000
0.000000
0.000000
0.000000
0.000000
0.000000
0.000000
0.000000
0.000000
0.000000
0.000000
0.000000
0.000000
0.000000
0.000000
0.000000
0.000000
0.000000
0.000000
0.000000
0.000000
0.000000
0.000000
0.000000
0.000000
0.000000
0.000000
0.000000
0.000000
0.000000
0.000000
0.000000
0.000000
0.000000
0.000000
0.000000
0.000000
0.000000
0.000000
0.000000
0.000000
0.000000
1164515.000000
427000.000000
524241.000000
523938.000000
389084.000000
461795.000000
242982.000000
290809.000000
656367.000000
549256.000000
665894.000000
206477.000000
420059.000000
861395.000000
611852.000000
733423.000000
432483.000000
296231.000000
446492.000000
43074.000000
352664.000000
697201.000000
550913.000000
684628.000000
275009.000000
710793.000000
364103.000000
193422.000000
526209.000000
747368.000000
278654.000000
441339.000000
604392.000000
551207.000000
672208.000000
237059.000000
166514.000000
288063.000000
622309.000000
370168.000000
306947.000000
377945.000000
354054.000000
457074.000000
738937.000000
632578.000000
412756.000000
624851.000000
504170.000000
288184.000000
709084.000000
402156.000000
532425.000000
627489.000000
379059.000000
707576.000000
869238.000000
143597.000000
422879.000000
721363.000000
324029.000000
765873.000000
410463.000000
790039.000000
292132.000000
732978.000000
197245.000000
572532.000000
455392.000000
466384.000000
697252.000000
523812.000000
502938.000000
415256.000000
544206.000000
205624.000000
519829.000000
230698.000000
127586.000000
133186.000000
567134.000000
193354.000000
362342.000000
279180.000000
739375.000000
666581.000000
338257.000000
282199.000000
752443.000000
801603.000000
373438.000000
440825.000000
240586.000000
859119.000000
429862.000000
748211.000000
694105.000000
153432.000000
784281.000000
699072.000000
441670.000000
517823.000000
654381.000000
396554.000000
765106.000000
524891.000000
552787.000000
776188.000000
320825.000000
381675.000000
378171.000000
722957.000000
650129.000000
866349.000000
692949.000000
309008.000000
746167.000000
480034.000000
560492.000000
668366.000000
618388.000000
724376.000000
637201.000000
499745.000000
425011.000000
781920.000000
502633.000000
175459.000000
624188.000000
273574.000000
96884.000000
362512.000000
102119.000000
736787.000000
359820.000000
383718.000000
660912.000000
363036.000000
725755.000000
360962.000000
640361.000000
259757.000000
839797.000000
544007.000000
574180.000000
456319.000000
650736.000000
427578.000000
356087.000000
149204.000000
572533.000000
385145.000000
733321.000000
724091.000000
503356.000000
667787.000000
78829.000000
767306.000000
690550.000000
718876.000000
750283.000000
725421.000000
555352.000000
484389.000000
267471.000000
802702.000000
343473.000000
651370.000000
298430.000000
550858.000000
747598.000000
158832.000000
544228.000000
461991.000000
379679.000000
420479.000000
234925.000000
584513.000000
789540.000000
617282.000000
206746.000000
160943.000000
506672.000000
630746.000000
668757.000000
210485.000000
609705.000000
343953.000000
747808.000000
703095.000000
540788.000000
334681.000000
662145.000000
596774.000000
93049.000000
558549.000000
443733.000000
635862.000000
647023.000000
674869.000000
151718.000000
777527.000000
604743.000000
797952.000000
381107.000000
641099.000000
795340.000000
366122.000000
406607.000000
322875.000000
698936.000000
692959.000000
543661.000000
268819.000000
636128.000000
308602.000000
729498.000000
320842.000000
328904.000000
671314.000000
437933.000000
819283.000000
173646.000000
606708.000000
227798.000000
762401.000000
412511.000000
681255.000000
244423.000000
297151.000000
621570.000000
525202.000000
730786.000000
304598.000000
593663.000000
244630.000000
319277.000000
622154.000000
748326.000000
320947.000000
815264.000000
672979.000000
292603.000000
364177.000000
817626.000000
109714.000000
537761.000000
677917.000000
405306.000000
381606.000000
349806.000000
294073.000000
280552.000000
290953.000000
452034.000000
335085.000000
312071.000000
543665.000000
583633.000000
239192.000000
790990.000000
764013.000000
744582.000000
498332.000000
752017.000000
708983.000000
709677.000000
538718.000000
342142.000000
449898.000000
290636.000000
404916.000000
347367.000000
240708.000000
111263.000000
405912.000000
553728.000000
730432.000000
682582.000000
781905.000000
408808.000000
616666.000000
432482.000000
714606.000000
652182.000000
124159.000000
221364.000000
420739.000000
757096.000000
759313.000000
318411.000000
405262.000000
588055.000000
745741.000000
151356.000000
718417.000000
423528.000000
750682.000000
308190.000000
471921.000000
406263.000000
743404.000000
537962.000000
507381.000000
322317.000000
523089.000000
736988.000000
625718.000000
360004.000000
647143.000000
792316.000000
774593.000000
827784.000000
242474.000000
654534.000000
106486.000000
753821.000000
353947.000000
172744.000000
417012.000000
585627.000000
432987.000000
715150.000000
543211.000000
358743.000000
639948.000000
6321.000000
434673.000000
848776.000000
726076.000000
774024.000000
392646.000000
671213.000000
136775.000000
109495.000000
737025.000000
271775.000000
767427.000000
711475.000000
731192.000000
669120.000000
391957.000000
395435.000000
789002.000000
105875.000000
701900.000000
376741.000000
242173.000000
694659.000000
518335.000000
676540.000000
198499.000000
546417.000000
549711.000000
535096.000000
702724.000000
188684.000000
712161.000000
702309.000000
558126.000000
746978.000000
600400.000000
279285.000000
738516.000000
696260.000000
787995.000000
228489.000000
182795.000000
671229.000000
723167.000000
695261.000000
228682.000000
431517.000000
471861.000000
372117.000000
336916.000000
284059.000000
504106.000000
217574.000000
661394.000000
645242.000000
748765.000000
347383.000000
764443.000000
700786.000000
346882.000000
455996.000000
346840.000000
260964.000000
351449.000000
115985.000000
778972.000000
684613.000000
609417.000000
614399.000000
551759.000000
208086.000000
571138.000000
723109.000000
735537.000000
210294.000000
588999.000000
578900.000000
726461.000000
680726.000000
294909.000000
556310.000000
661382.000000
586255.000000
403035.000000
154477.000000
693460.000000
367201.000000
413625.000000
193201.000000
739199.000000
383154.000000
397864.000000
350607.000000
634178.000000
720540.000000
252864.000000
851966.000000
285209.000000
459040.000000
265098.000000
304138.000000
529668.000000
444643.000000
569322.000000
556312.000000
384427.000000
677439.000000
368935.000000
144145.000000
761816.000000
588293.000000
764877.000000
764151.000000
307961.000000
456544.000000
183421.000000
724504.000000
723584.000000
352093.000000
375728.000000
722765.000000
214890.000000
693692.000000
696832.000000
558762.000000
787420.000000
649477.000000
113269.000000
711105.000000
713526.000000
291883.000000
607759.000000
847921.000000
440400.000000
774893.000000
683357.000000
563455.000000
430377.000000
521828.000000
695230.000000
553738.000000
667067.000000
668527.000000
523099.000000
344263.000000
351846.000000
520780.000000
483270.000000
571623.000000
498746.000000
567760.000000
458092.000000
702595.000000
733162.000000
145928.000000
575647.000000
354855.000000
449636.000000
577422.000000
720347.000000
435347.000000
318636.000000
790353.000000
260270.000000
661422.000000
637047.000000
397943.000000
601671.000000
272928.000000
598207.000000
345796.000000
779889.000000
276677.000000
588739.000000
711567.000000
678446.000000
46811.000000
722792.000000
307508.000000
244799.000000
634929.000000
643825.000000
712326.000000
658530.000000
388463.000000
275700.000000
455622.000000
278898.000000
363228.000000
437740.000000
567765.000000
845495.000000
655539.000000
608462.000000
93565.000000
625961.000000
165808.000000
180818.000000
493689.000000
661317.000000
512007.000000
632070.000000
543006.000000
730697.000000
524918.000000
670614.000000
741186.000000
591438.000000
388899.000000
147259.000000
726074.000000
458554.000000
133681.000000
183913.000000
429039.000000
637936.000000
602386.000000
774416.000000
291092.000000
212223.000000
404364.000000
59123.000000
339997.000000
814666.000000
656089.000000
231448.000000
820021.000000
344902.000000
674823.000000
379756.000000
593792.000000
341210.000000
789513.000000
712116.000000
531340.000000
392532.000000
652546.000000
452304.000000
407744.000000
777878.000000
575634.000000
404720.000000
432692.000000
257991.000000
528298.000000
299606.000000
385174.000000
875190.000000
306673.000000
776449.000000
698386.000000
383885.000000
348443.000000
685435.000000
412090.000000
394306.000000
454638.000000
786281.000000
448624.000000
723306.000000
802835.000000
155611.000000
727010.000000
299961.000000
699523.000000
767905.000000
642063.000000
502317.000000
663598.000000
497256.000000
421885.000000
684027.000000
243724.000000
683864.000000
686905.000000
308032.000000
312536.000000
477636.000000
673100.000000
495201.000000
348808.000000
428967.000000
390022.000000
667171.000000
719271.000000
263811.000000
696959.000000
569705.000000
694039.000000
798023.000000
577106.000000
754517.000000
450160.000000
587756.000000
633099.000000
769015.000000
363165.000000
278513.000000
513160.000000
726812.000000
695144.000000
717635.000000
615289.000000
531106.000000
452032.000000
202204.000000
409251.000000
663630.000000
665109.000000
659268.000000
688929.000000
368914.000000
708065.000000
293302.000000
240848.000000
527632.000000
640014.000000
579438.000000
564147.000000
182383.000000
199662.000000
352789.000000
823736.000000
276798.000000
286050.000000
322556.000000
397755.000000
476282.000000
767149.000000
755764.000000
550548.000000
193421.000000
326627.000000
234489.000000
227030.000000
642645.000000
519124.000000
498981.000000
305653.000000
738423.000000
706143.000000
650597.000000
414058.000000
617696.000000
733577.000000
741426.000000
633987.000000
759541.000000
729128.000000
505908.000000
484011.000000
364458.000000
433758.000000
706399.000000
82729.000000
572477.000000
598315.000000
703635.000000
301107.000000
492974.000000
431020.000000
133162.000000
205356.000000
620149.000000
349006.000000
545034.000000
365001.000000
541627.000000
680040.000000
613422.000000
736217.000000
403452.000000
678051.000000
267577.000000
480624.000000
360314.000000
259446.000000
616856.000000
730898.000000
665476.000000
653303.000000
633566.000000
696365.000000
657145.000000
265790.000000
230274.000000
717825.000000
474081.000000
498511.000000
504893.000000
260481.000000
528076.000000
576123.000000
427681.000000
485188.000000
643988.000000
297294.000000
388325.000000
393442.000000
565291.000000
416248.000000
706677.000000
171345.000000
316542.000000
385867.000000
241177.000000
433566.000000
819171.000000
407087.000000
127458.000000
766569.000000
687219.000000
502284.000000
349618.000000
476243.000000
753765.000000
256052.000000
427338.000000
446772.000000
351795.000000
796707.000000
726933.000000
739882.000000
646109.000000
723993.000000
705974.000000
422832.000000
773463.000000
713931.000000
711539.000000
322052.000000
641735.000000
306466.000000
806416.000000
179508.000000
82506.000000
331473.000000
768459.000000
684305.000000
617498.000000
294653.000000
373593.000000
711357.000000
751397.000000
117855.000000
673938.000000
695829.000000
390216.000000
267552.000000
679518.000000
602742.000000
315041.000000
105305.000000
709417.000000
749042.000000
848303.000000
416693.000000
726275.000000
673075.000000
579874.000000
678110.000000
633789.000000
812352.000000
736706.000000
750714.000000
438061.000000
419845.000000
714000.000000
715969.000000
428460.000000
748192.000000
544759.000000
591783.000000
654572.000000
363183.000000
575246.000000
669994.000000
487510.000000
547490.000000
576167.000000
441532.000000
492030.000000
329373.000000
513770.000000
64463.000000
384018.000000
420078.000000
382364.000000
243544.000000
294329.000000
372834.000000
762056.000000
630862.000000
403427.000000
170903.000000
514139.000000
142319.000000
31221.000000
97091.000000
672776.000000
269542.000000
861702.000000
718556.000000
372589.000000
370192.000000
688543.000000
348014.000000
735548.000000
680459.000000
666920.000000
672436.000000
531514.000000
243217.000000
465505.000000
484968.000000
268823.000000
792931.000000
562543.000000
220445.000000
394027.000000
410750.000000
362218.000000
796939.000000
522396.000000
123936.000000
514895.000000
472551.000000
313400.000000
301314.000000
749067.000000
332461.000000
553052.000000
643497.000000
176908.000000
422129.000000
796728.000000
386641.000000
446903.000000
132446.000000
32559.000000
234760.000000
741371.000000
508495.000000
695920.000000
341046.000000
303721.000000
687671.000000
574202.000000
223624.000000
369305.000000
324727.000000
292143.000000
343358.000000
733570.000000
288596.000000
726467.000000
726498.000000
160470.000000
694916.000000
755490.000000
346535.000000
655645.000000
242168.000000
470042.000000
362451.000000
618123.000000
617458.000000
659828.000000
200980.000000
699678.000000
361194.000000
730744.000000
426295.000000
452901.000000
539710.000000
422748.000000
717573.000000
494524.000000
749536.000000
515555.000000
224790.000000
303872.000000
258559.000000
242119.000000
396788.000000
333885.000000
690528.000000
776234.000000
455086.000000
791495.000000
539605.000000
597232.000000
680830.000000
693300.000000
763541.000000
686827.000000
402680.000000
461399.000000
285484.000000
687892.000000
796791.000000
464933.000000
569912.000000
247110.000000
688691.000000
733031.000000
241744.000000
749582.000000
398192.000000
392087.000000
673618.000000
281126.000000
679852.000000
219917.000000
398448.000000
607950.000000
703937.000000
700699.000000
428316.000000
161441.000000
348455.000000
444564.000000
759184.000000
656411.000000
662831.000000
510547.000000
359341.000000
418221.000000
664607.000000
587046.000000
572758.000000
674707.000000
783927.000000
706455.000000
503076.000000
759994.000000
489358.000000
780281.000000
163013.000000
380579.000000
419041.000000
67195.000000
692037.000000
322264.000000
491590.000000
458766.000000
228275.000000
270820.000000
153696.000000
403308.000000
226421.000000
556921.000000
369429.000000
252612.000000
661273.000000
382717.000000
653859.000000
833526.000000
114941.000000
883338.000000
775405.000000
282303.000000
687077.000000
215402.000000
528031.000000
387983.000000
734535.000000
735744.000000
345534.000000
728425.000000
777373.000000
217102.000000
507926.000000
685661.000000
399944.000000
247024.000000
206570.000000
529927.000000
348935.000000
429292.000000
738652.000000
695874.000000
195724.000000
621306.000000
648402.000000
190331.000000
400736.000000
402113.000000
235901.000000
743371.000000
663447.000000
540291.000000
731024.000000
440919.000000
331605.000000
668863.000000
587678.000000
299135.000000
699116.000000
381774.000000
666958.000000
306155.000000
274578.000000
590378.000000
121613.000000
805421.000000
331519.000000
327769.000000
715764.000000
730147.000000
446762.000000
572106.000000
509499.000000
465441.000000
64517.000000
349102.000000
287169.000000
430837.000000
402814.000000
393113.000000
690072.000000
295320.000000
250631.000000
327247.000000
282209.000000
441981.000000
368199.000000
592660.000000
141856.000000
109968.000000
526818.000000
273248.000000
720521.000000
273384.000000
524039.000000
652029.000000
533120.000000
390982.000000
543014.000000
522174.000000
654135.000000
642899.000000
706756.000000
311921.000000
602776.000000
731804.000000
624862.000000
489387.000000
397961.000000
162174.000000
689139.000000
758822.000000
820026.000000
247521.000000
525719.000000
560574.000000
592293.000000
109488.000000
343650.000000
454007.000000
377146.000000
116286.000000
133783.000000
760756.000000
375600.000000
356678.000000
234854.000000
523241.000000
315707.000000
419766.000000
675416.000000
422534.000000
218459.000000
767853.000000
169815.000000
171385.000000
694432.000000
110341.000000
443829.000000
271165.000000
276803.000000
84398.000000
753750.000000
461433.000000
600702.000000
700746.000000
733629.000000
742750.000000
337876.000000
757549.000000
467129.000000
727565.000000
455861.000000
717458.000000
389463.000000
614195.000000
630735.000000
370261.000000
228618.000000
426735.000000
754676.000000
456574.000000
355972.000000
716484.000000
89034.000000
515074.000000
710353.000000
610475.000000
382869.000000
795793.000000
504523.000000
217725.000000
694865.000000
225618.000000
825381.000000
267560.000000
225184.000000
360405.000000
409406.000000
700534.000000
478124.000000
331641.000000
363316.000000
441038.000000
635474.000000
217730.000000
675664.000000
258448.000000
351763.000000
236433.000000
720328.000000
283287.000000
519253.000000
266977.000000
119753.000000
707375.000000
794414.000000
121401.000000
167919.000000
434333.000000
776326.000000
264145.000000
703497.000000
344372.000000
365864.000000
791852.000000
497225.000000
444430.000000
472766.000000
128684.000000
780336.000000
686287.000000
549516.000000
807396.000000
795850.000000
221083.000000
760709.000000
370226.000000
377086.000000
431373.000000
524668.000000
332193.000000
291561.000000
493821.000000
256584.000000
678492.000000
629941.000000
298346.000000
633452.000000
639810.000000
297795.000000
560386.000000
170739.000000
465845.000000
750147.000000
724664.000000
421293.000000
788469.000000
796747.000000
724475.000000
753691.000000
401960.000000
356688.000000
697176.000000
469069.000000
477430.000000
462889.000000
532494.000000
463377.000000
319295.000000
776380.000000
556212.000000
125145.000000
767104.000000
808992.000000
128730.000000
623809.000000
492419.000000
802082.000000
424965.000000
636584.000000
449341.000000
639549.000000
782163.000000
685749.000000
205211.000000
437605.000000
426581.000000
711819.000000
428575.000000
755478.000000
875333.000000
367897.000000
483175.000000
456781.000000
447981.000000
269133.000000
803229.000000
447077.000000
455517.000000
497566.000000
464663.000000
562792.000000
119797.000000
598586.000000
579938.000000
418472.000000
682176.000000
797020.000000
424740.000000
440261.000000
425843.000000
282843.000000
376423.000000
565311.000000
157135.000000
89482.000000
628029.000000
350154.000000
438059.000000
713333.000000
455001.000000
226863.000000
325572.000000
228017.000000
363257.000000
784714.000000
210974.000000
382812.000000
543030.000000
776758.000000
450949.000000
668186.000000
413612.000000
408470.000000
697791.000000
693189.000000
741209.000000
560933.000000
615273.000000
430042.000000
618361.000000
516273.000000
473097.000000
719976.000000
190699.000000
340724.000000
751038.000000
243610.000000
787425.000000
167116.000000
772211.000000
387738.000000
416830.000000
712727.000000
197540.000000
524966.000000
199682.000000
417111.000000
665937.000000
354858.000000
108487.000000
735758.000000
770488.000000
676873.000000
173269.000000
432724.000000
503404.000000
536424.000000
731130.000000
764489.000000
744138.000000
731084.000000
160146.000000
370004.000000
396560.000000
101082.000000
358687.000000
400301.000000
382451.000000
493637.000000
695630.000000
726510.000000
665861.000000
604824.000000
747570.000000
306957.000000
343408.000000
305363.000000
195097.000000
101310.000000
781054.000000
736979.000000
619851.000000
656829.000000
654086.000000
672971.000000
702020.000000
783179.000000
270869.000000
458563.000000
284119.000000
383609.000000
413645.000000
373379.000000
266456.000000
256166.000000
175008.000000
333527.000000
619443.000000
654964.000000
708885.000000
220470.000000
403056.000000
323351.000000
706894.000000
111254.000000
319751.000000
763884.000000
760160.000000
620676.000000
684427.000000
592152.000000
674159.000000
513548.000000
892974.000000
579428.000000
693805.000000
384941.000000
788911.000000
442583.000000
705678.000000
307221.000000
556771.000000
377051.000000
617961.000000
479227.000000
315582.000000
331587.000000
696958.000000
308177.000000
538931.000000
257448.000000
476903.000000
344476.000000
445971.000000
656475.000000
655459.000000
859365.000000
399533.000000
432917.000000
224994.000000
529269.000000
311628.000000
436824.000000
426081.000000
373451.000000
325907.000000
320458.000000
679893.000000
775860.000000
359621.000000
634687.000000
683232.000000
443059.000000
411300.000000
649479.000000
306159.000000
397984.000000
323425.000000
664598.000000
290398.000000
102204.000000
350078.000000
563413.000000
647455.000000
285016.000000
835777.000000
371279.000000
395208.000000
663599.000000
628180.000000
405438.000000
664123.000000
734010.000000
751218.000000
776364.000000
213401.000000
438049.000000
286491.000000
345597.000000
453874.000000
238279.000000
407558.000000
348032.000000
294718.000000
312267.000000
445000.000000
601655.000000
408989.000000
711810.000000
644892.000000
813552.000000
447455.000000
609057.000000
719551.000000
556652.000000
436618.000000
390082.000000
124318.000000
171682.000000
394264.000000
780344.000000
583312.000000
687548.000000
759688.000000
320714.000000
629641.000000
838062.000000
661893.000000
592179.000000
811191.000000
472020.000000
739875.000000
663271.000000
572047.000000
522047.000000
631102.000000
638526.000000
605657.000000
540202.000000
330514.000000
386573.000000
218232.000000
695639.000000
663884.000000
287272.000000
238979.000000
701706.000000
474486.000000
384165.000000
533632.000000
637779.000000
243085.000000
543244.000000
521049.000000
733122.000000
754098.000000
703248.000000
88184.000000
331212.000000
610204.000000
677981.000000
705841.000000
476286.000000
342511.000000
745629.000000
161128.000000
756154.000000
704005.000000
802512.000000
512257.000000
248739.000000
453639.000000
651014.000000
611974.000000
398447.000000
565804.000000
588724.000000
85761.000000
343254.000000
672354.000000
642772.000000
423157.000000
720958.000000
477719.000000
752248.000000
204491.000000
474570.000000
220250.000000
568364.000000
455591.000000
165093.000000
357856.000000
685010.000000
720724.000000
414867.000000
697224.000000
419367.000000
479050.000000
617606.000000
578356.000000
211036.000000
812962.000000
662016.000000
466963.000000
373353.000000
394930.000000
384523.000000
483006.000000
454474.000000
395558.000000
664453.000000
472210.000000
729107.000000
417069.000000
347104.000000
326514.000000
757526.000000
787929.000000
366060.000000
728420.000000
691519.000000
186206.000000
681287.000000
551657.000000
504843.000000
735974.000000
463899.000000
681985.000000
139294.000000
760132.000000
299987.000000
546093.000000
218113.000000
307278.000000
741309.000000
700006.000000
682332.000000
395519.000000
559947.000000
615035.000000
723648.000000
510850.000000
226361.000000
730359.000000
654067.000000
106320.000000
426735.000000
768649.000000
424529.000000
598423.000000
607642.000000
300109.000000
375071.000000
791084.000000
330222.000000
205940.000000
423930.000000
275717.000000
108164.000000
561930.000000
599450.000000
595969.000000
554993.000000
143314.000000
485938.000000
684893.000000
668226.000000
721486.000000
723517.000000
589631.000000
295458.000000
678245.000000
250022.000000
581840.000000
363272.000000
598429.000000
441046.000000
432429.000000
519700.000000
807218.000000
655148.000000
436398.000000
312924.000000
384538.000000
791357.000000
522954.000000
381321.000000
500028.000000
710206.000000
338271.000000
469783.000000
400976.000000
702092.000000
622508.000000
771016.000000
819708.000000
755524.000000
729676.000000
598636.000000
787547.000000
603688.000000
275589.000000
712480.000000
402986.000000
739309.000000
536450.000000
780384.000000
636290.000000
339085.000000
661001.000000
611300.000000
834614.000000
724710.000000
419469.000000
574486.000000
200064.000000
591029.000000
695408.000000
664438.000000
76324.000000
684253.000000
346486.000000
735560.000000
548508.000000
689401.000000
624111.000000
626205.000000
734640.000000
669386.000000
495191.000000
264871.000000
357937.000000
609348.000000
195941.000000
356231.000000
460717.000000
620179.000000
410665.000000
411738.000000
400045.000000
674320.000000
483372.000000
248574.000000
555063.000000
255313.000000
567512.000000
644856.000000
622229.000000
327160.000000
658618.000000
711539.000000
441974.000000
637631.000000
473292.000000
178495.000000
701708.000000
220089.000000
533401.000000
698595.000000
783357.000000
670563.000000
174422.000000
540589.000000
644068.000000
620158.000000
222551.000000
692191.000000
