0.000000
0.000000
0.000000
0.000000
0.000000
0.000000
0.000000
0.000000
0.000000
0.000000
0.000000
0.000000
0.000000
0.000000
0.000000
0.000000
0.000000
0.000000
0.000000
0.000000
0.000000
0.000000
0.000000
0.000000
0.000000
0.000000
0.000000
0.000000
0.000000
0.000000
0.000000
0.000000
0.000000
0.000000
0.000000
0.000000
0.000000
0.000000
0.000000
0.000000
0.000000
0.000000
0.000000
0.000000
0.000000
0.000000
0.000000
0.000000
0.000000
0.000000
0.000000
0.000000
0.000000
0.000000
0.000000
0.000000
0.000000
0.000000
0.000000
0.000000
0.000000
0.000000
0.000000
0.000000
0.000000
0.000000
0.000000
0.000000
0.000000
0.000000
0.000000
0.000000
0.000000
0.000000
0.000000
0.000000
0.000000
0.000000
0.000000
0.000000
0.000000
0.000000
0.000000
0.000000
0.000000
0.000000
0.000000
0.000000
0.000000
0.000000
0.000000
0.000000
0.000000
0.000000
0.000000
0.000000
0.000000
0.000000
0.000000
0.000000
0.000000
0.000000
0.000000
0.000000
0.000000
0.000000
0.000000
0.000000
0.000000
0.000000
0.000000
0.000000
0.000000
0.000000
0.000000
0.000000
0.000000
0.000000
0.000000
0.000000
0.000000
0.000000
0.000000
0.000000
0.000000
0.000000
0.000000
0.000000
0.000000
0.000000
0.000000
0.000000
0.000000
0.000000
0.000000
0.000000
0.000000
0.000000
0.000000
0.000000
0.000000
0.000000
0.000000
0.000000
0.000000
0.000000
0.000000
0.000000
0.000000
0.000000
0.000000
0.000000
0.000000
0.000000
0.000000
0.000000
0.000000
0.000000
0.000000
0.000000
0.000000
0.000000
0.000000
0.000000
0.000000
0.000000
0.000000
0.000000
0.000000
0.000000
0.000000
0.000000
0.000000
0.000000
0.000000
0.000000
0.000000
0.000000
0.000000
0.000000
0.000000
0.000000
0.000000
0.000000
0.000000
0.000000
0.000000
0.000000
0.000000
0.000000
0.000000
0.000000
0.000000
0.000000
0.000000
0.000000
0.000000
0.000000
0.000000
0.000000
0.000000
0.000000
0.000000
0.000000
0.000000
0.000000
0.000000
10935930.000000
596602.000000
281589.000000
410485.000000
442022.000000
465010.000000
7219603.000000
4588395.000000
428666.000000
2525248.000000
642006.000000
379696.000000
3449365.000000
355998.000000
610399.000000
1041270.000000
508389.000000
5262986.000000
3447498.000000
192179.000000
528669.000000
2994989.000000
320334.000000
4685652.000000
527774.000000
6187700.000000
282553.000000
2869475.000000
202125.000000
4644563.000000
372590.000000
668907.000000
1382250.000000
956768.000000
1030185.000000
585403.000000
844477.000000
173438.000000
666287.000000
236999.000000
133115.000000
160668.000000
845237.000000
234029.000000
352002.000000
316841.000000
4572605.000000
3605059.000000
498602.000000
314943.000000
3197887.000000
5263879.000000
380408.000000
533343.000000
273542.000000
5158580.000000
458381.000000
2032204.000000
4461684.000000
213050.000000
3850405.000000
2056915.000000
437410.000000
1015791.000000
7531667.000000
387805.000000
5082409.000000
662081.000000
729156.000000
4871404.000000
269595.000000
478648.000000
534210.000000
6857587.000000
5504625.000000
1972298.000000
4043401.000000
371740.000000
4670278.000000
588869.000000
699092.000000
6452982.000000
2164452.000000
2159180.000000
1253057.000000
635312.000000
548390.000000
5295730.000000
1151903.000000
171365.000000
5456946.000000
251110.000000
77110.000000
459661.000000
115538.000000
1445472.000000
418165.000000
449575.000000
3906738.000000
312282.000000
3470624.000000
409913.000000
4831610.000000
223185.000000
3527161.000000
892193.000000
638432.000000
591935.000000
4322789.000000
398739.000000
454258.000000
119799.000000
1111995.000000
422042.000000
2132829.000000
3173259.000000
557413.000000
979413.000000
64159.000000
6484944.000000
2135665.000000
4910197.000000
6833758.000000
3350097.000000
4930662.000000
771946.000000
193571.000000
3407653.000000
360027.000000
6210365.000000
301461.000000
1382772.000000
4869988.000000
133582.000000
837734.000000
497195.000000
271033.000000
397989.000000
313863.000000
3749854.000000
4245001.000000
4262567.000000
198196.000000
186656.000000
1009863.000000
6395280.000000
3907116.000000
265878.000000
3998713.000000
462404.000000
1895691.000000
1911154.000000
411363.000000
389259.000000
1639246.000000
3261229.000000
101569.000000
1155826.000000
492669.000000
1326401.000000
4079287.000000
3433041.000000
137546.000000
2189673.000000
1337713.000000
5428917.000000
375845.000000
3356686.000000
2030847.000000
447852.000000
631625.000000
376965.000000
3529734.000000
6006224.000000
846705.000000
358517.000000
4033999.000000
410044.000000
6717947.000000
244763.000000
481872.000000
1897498.000000
539332.000000
6078926.000000
165085.000000
862227.000000
187245.000000
3902932.000000
412514.000000
3302301.000000
295700.000000
254373.000000
1348775.000000
1010751.000000
2671258.000000
368124.000000
977562.000000
361130.000000
478793.000000
4358162.000000
3089946.000000
262663.000000
4598203.000000
4252601.000000
264185.000000
362223.000000
6315749.000000
136828.000000
1003882.000000
3541420.000000
775246.000000
649438.000000
408097.000000
290501.000000
478714.000000
254219.000000
1067497.000000
289133.000000
403310.000000
898950.000000
563357.000000
233247.000000
4800316.000000
7059532.000000
5784443.000000
823137.000000
7165670.000000
5721137.000000
6217221.000000
1110347.000000
311417.000000
614727.000000
320703.000000
596492.000000
297235.000000
262169.000000
100689.000000
501965.000000
837134.000000
5741998.000000
1336660.000000
3900014.000000
436999.000000
1204253.000000
476713.000000
2359133.000000
1667426.000000
123090.000000
202435.000000
490243.000000
2830763.000000
3109820.000000
373094.000000
467702.000000
1005582.000000
7112359.000000
88293.000000
7380353.000000
512248.000000
6394391.000000
302077.000000
635744.000000
482787.000000
6327837.000000
678173.000000
893534.000000
280178.000000
795801.000000
4746743.000000
3575716.000000
491280.000000
4870570.000000
2721381.000000
6801711.000000
5787957.000000
269363.000000
931050.000000
114253.000000
1904589.000000
315562.000000
170912.000000
917440.000000
1384838.000000
356507.000000
4864588.000000
964154.000000
478133.000000
4443859.000000
5952.000000
425365.000000
3548664.000000
4207682.000000
6124065.000000
422073.000000
3799599.000000
175028.000000
121361.000000
5238068.000000
234177.000000
3570213.000000
927943.000000
6374673.000000
6774177.000000
622079.000000
426568.000000
4522632.000000
90514.000000
1668219.000000
445176.000000
309199.000000
4022427.000000
452524.000000
2075420.000000
192131.000000
734416.000000
3121056.000000
977800.000000
3529127.000000
211435.000000
2241429.000000
2412401.000000
823805.000000
5180588.000000
1172423.000000
238170.000000
1896128.000000
4639372.000000
6089174.000000
274303.000000
194855.000000
1140547.000000
2169113.000000
6122678.000000
223662.000000
570689.000000
432256.000000
389906.000000
482783.000000
384471.000000
852185.000000
221418.000000
4802753.000000
1986080.000000
5169967.000000
415315.000000
4467474.000000
4941891.000000
697667.000000
521467.000000
455123.000000
311687.000000
416033.000000
100304.000000
5173313.000000
2735225.000000
2592074.000000
1143923.000000
749904.000000
258624.000000
1008447.000000
4101146.000000
4361526.000000
168987.000000
6614095.000000
711361.000000
6214384.000000
6247208.000000
252507.000000
850280.000000
879635.000000
6353477.000000
445735.000000
253112.000000
1479047.000000
385110.000000
493426.000000
273070.000000
5927446.000000
505194.000000
512212.000000
353601.000000
3007791.000000
6570680.000000
283411.000000
7079083.000000
359921.000000
710869.000000
337300.000000
336215.000000
1017779.000000
316923.000000
1478271.000000
1067840.000000
344636.000000
2844346.000000
438081.000000
157807.000000
2352416.000000
3207496.000000
7087921.000000
3230149.000000
360477.000000
643585.000000
201402.000000
2713956.000000
4644210.000000
491774.000000
560770.000000
4581841.000000
222079.000000
6036597.000000
3465653.000000
1046229.000000
1897602.000000
933573.000000
112848.000000
2644929.000000
1313709.000000
304269.000000
831587.000000
7007623.000000
1163897.000000
4938209.000000
2315626.000000
622826.000000
546059.000000
651847.000000
3485571.000000
476310.000000
6930426.000000
4170492.000000
621431.000000
474084.000000
460700.000000
815797.000000
1091153.000000
744954.000000
466013.000000
884782.000000
611494.000000
2056569.000000
5819598.000000
141402.000000
4351358.000000
548950.000000
597761.000000
1095652.000000
2223725.000000
646892.000000
331168.000000
1656989.000000
361101.000000
3378175.000000
1314057.000000
401901.000000
6624865.000000
262894.000000
791765.000000
411939.000000
4532132.000000
339520.000000
3032049.000000
2661916.000000
2837717.000000
33228.000000
2692990.000000
337569.000000
242276.000000
1199637.000000
1268315.000000
3218592.000000
2594239.000000
483510.000000
363522.000000
858113.000000
332318.000000
438617.000000
391123.000000
6974336.000000
6857100.000000
4384474.000000
913610.000000
70730.000000
2190284.000000
168566.000000
178561.000000
746089.000000
3916512.000000
958946.000000
1357335.000000
763390.000000
5825641.000000
852915.000000
1846245.000000
4422337.000000
1432914.000000
402727.000000
223958.000000
1424268.000000
582552.000000
133401.000000
196628.000000
435916.000000
2765492.000000
1004539.000000
5911338.000000
364526.000000
236511.000000
458652.000000
55810.000000
557090.000000
3924545.000000
2815474.000000
220911.000000
3464932.000000
247088.000000
5419164.000000
315328.000000
806525.000000
346569.000000
6384529.000000
3307142.000000
914984.000000
319583.000000
1829954.000000
559884.000000
407840.000000
5403624.000000
776780.000000
800299.000000
451406.000000
371519.000000
1188704.000000
337005.000000
460182.000000
5593752.000000
361488.000000
4515446.000000
4455839.000000
483530.000000
285412.000000
4608559.000000
492941.000000
432855.000000
903611.000000
1475096.000000
532104.000000
4011840.000000
3717265.000000
145854.000000
3073882.000000
381430.000000
2600427.000000
3966568.000000
1310038.000000
855115.000000
4826835.000000
672171.000000
699092.000000
4807533.000000
287205.000000
1430981.000000
3741273.000000
348213.000000
329019.000000
432920.000000
4175980.000000
814244.000000
393232.000000
457582.000000
468514.000000
1244474.000000
1907156.000000
260076.000000
1150521.000000
864446.000000
1276202.000000
5607680.000000
3625950.000000
6715619.000000
375741.000000
711214.000000
1231499.000000
5621890.000000
436015.000000
357898.000000
1071675.000000
5649407.000000
4381267.000000
4738658.000000
955481.000000
601040.000000
874119.000000
158117.000000
441932.000000
1455439.000000
5575559.000000
5560064.000000
5389344.000000
496383.000000
4333473.000000
302288.000000
199790.000000
868704.000000
2835610.000000
1258285.000000
1019555.000000
144386.000000
195020.000000
344865.000000
6073231.000000
357142.000000
322287.000000
402043.000000
594454.000000
526313.000000
6969311.000000
5464768.000000
772848.000000
169970.000000
366179.000000
372266.000000
253933.000000
5604456.000000
666910.000000
811733.000000
391497.000000
1694804.000000
7163684.000000
2632550.000000
371718.000000
4309717.000000
6183714.000000
6116709.000000
4019940.000000
3941799.000000
5078194.000000
767864.000000
817196.000000
428728.000000
440860.000000
4963399.000000
84360.000000
1035750.000000
1262776.000000
4593662.000000
392523.000000
1030598.000000
652767.000000
145452.000000
189321.000000
4325520.000000
437400.000000
648862.000000
320233.000000
1487219.000000
998037.000000
713596.000000
3574602.000000
431739.000000
6404250.000000
277874.000000
664941.000000
391897.000000
284563.000000
2475529.000000
3092990.000000
3538144.000000
1626198.000000
1201347.000000
1798523.000000
5215734.000000
314379.000000
353609.000000
4588103.000000
431326.000000
511234.000000
742652.000000
313644.000000
947310.000000
4520002.000000
426485.000000
657020.000000
7477177.000000
261933.000000
406200.000000
576808.000000
763339.000000
723380.000000
4111632.000000
199931.000000
262540.000000
483736.000000
269485.000000
586326.000000
5266788.000000
496861.000000
131823.000000
4687152.000000
1093304.000000
517485.000000
499934.000000
1095333.000000
4081899.000000
271961.000000
755559.000000
352553.000000
436306.000000
3563456.000000
1170404.000000
1631432.000000
2429923.000000
5469350.000000
4513382.000000
535480.000000
5759596.000000
2850076.000000
3665512.000000
485991.000000
4455975.000000
393084.000000
6086254.000000
153918.000000
76120.000000
277939.000000
5992290.000000
1421749.000000
1359797.000000
292193.000000
512933.000000
5563310.000000
3211523.000000
129918.000000
3818927.000000
4829098.000000
403547.000000
279942.000000
2896504.000000
978817.000000
467618.000000
97004.000000
3009366.000000
1945881.000000
5083111.000000
627002.000000
2951421.000000
1711583.000000
1900695.000000
3419993.000000
1332680.000000
6586678.000000
6547297.000000
6075739.000000
692113.000000
482252.000000
5917920.000000
1364829.000000
572077.000000
1791766.000000
813202.000000
942278.000000
755692.000000
277900.000000
1094867.000000
1271532.000000
467464.000000
782774.000000
963702.000000
550936.000000
625931.000000
447153.000000
951610.000000
51294.000000
444093.000000
465021.000000
419882.000000
314637.000000
375357.000000
503862.000000
6257428.000000
3633852.000000
560209.000000
230633.000000
2803218.000000
196652.000000
30120.000000
88736.000000
6896868.000000
226169.000000
3623131.000000
4225113.000000
456111.000000
511771.000000
1827768.000000
388942.000000
6534883.000000
1550625.000000
1966067.000000
3653105.000000
782421.000000
253286.000000
582751.000000
719416.000000
220753.000000
6861468.000000
728548.000000
254048.000000
486158.000000
508641.000000
487211.000000
5442274.000000
748234.000000
106194.000000
1701226.000000
561101.000000
303876.000000
251169.000000
4047313.000000
417044.000000
1346172.000000
3745105.000000
191984.000000
530902.000000
4695829.000000
379147.000000
388150.000000
133203.000000
32857.000000
254995.000000
2832703.000000
597285.000000
4741923.000000
362584.000000
388095.000000
3645431.000000
969613.000000
244488.000000
468444.000000
295066.000000
384105.000000
215449.000000
5771833.000000
292107.000000
4227526.000000
4590114.000000
147995.000000
1214924.000000
5766667.000000
433488.000000
4847289.000000
246437.000000
742408.000000
440706.000000
1256155.000000
800478.000000
1615804.000000
143606.000000
5453385.000000
373510.000000
3740436.000000
437258.000000
401273.000000
1061898.000000
410581.000000
3204635.000000
744073.000000
2318910.000000
578023.000000
181301.000000
298679.000000
301200.000000
253766.000000
428352.000000
459311.000000
1151766.000000
6773351.000000
816139.000000
3764351.000000
1030869.000000
2281156.000000
2930732.000000
5939784.000000
4093575.000000
3155845.000000
474604.000000
493734.000000
290601.000000
6628443.000000
4240650.000000
431667.000000
819461.000000
325500.000000
2920329.000000
6322441.000000
414344.000000
3773886.000000
445476.000000
406498.000000
1073578.000000
268555.000000
1805592.000000
232878.000000
513098.000000
3811690.000000
5362920.000000
3646598.000000
613023.000000
89464.000000
440734.000000
469909.000000
4872567.000000
4995625.000000
5942951.000000
1123625.000000
389388.000000
542165.000000
925385.000000
6669693.000000
1099046.000000
3764435.000000
3457669.000000
4423612.000000
738062.000000
5746894.000000
580032.000000
2367565.000000
197204.000000
380639.000000
444843.000000
79618.000000
6094751.000000
406023.000000
627519.000000
653460.000000
222109.000000
257365.000000
196946.000000
529953.000000
292668.000000
958750.000000
509317.000000
205825.000000
1125771.000000
511031.000000
1303445.000000
3750674.000000
93544.000000
3828013.000000
5445873.000000
277572.000000
1503934.000000
200418.000000
733028.000000
473667.000000
4529817.000000
6538264.000000
349260.000000
4923438.000000
6170650.000000
209065.000000
1596962.000000
3704321.000000
467396.000000
279555.000000
228947.000000
644391.000000
432029.000000
456762.000000
4757677.000000
3845124.000000
157404.000000
3465309.000000
1187744.000000
215447.000000
350258.000000
569178.000000
223032.000000
3343770.000000
826503.000000
620390.000000
6974439.000000
542850.000000
366168.000000
3806105.000000
884665.000000
301601.000000
5928179.000000
397645.000000
6133600.000000
363986.000000
284208.000000
2775534.000000
161685.000000
4959585.000000
302684.000000
404202.000000
6523112.000000
1163591.000000
620685.000000
2724001.000000
568024.000000
727233.000000
68750.000000
411770.000000
352864.000000
446578.000000
439657.000000
402208.000000
6731136.000000
391213.000000
302872.000000
407164.000000
324521.000000
505765.000000
487914.000000
2290559.000000
293895.000000
175935.000000
835509.000000
276899.000000
2141691.000000
334951.000000
1029272.000000
4725820.000000
719984.000000
437536.000000
665099.000000
760630.000000
950166.000000
1167318.000000
2491653.000000
310241.000000
3695113.000000
1941168.000000
2002552.000000
894206.000000
518895.000000
194282.000000
1037337.000000
3784071.000000
6227959.000000
212744.000000
1041747.000000
526631.000000
920897.000000
216574.000000
323478.000000
540172.000000
399774.000000
128276.000000
145305.000000
6819697.000000
435536.000000
320605.000000
261203.000000
590115.000000
361171.000000
616714.000000
1013365.000000
542926.000000
221806.000000
3769441.000000
144583.000000
201884.000000
5098169.000000
112376.000000
479216.000000
350525.000000
337986.000000
83073.000000
3917168.000000
938991.000000
902006.000000
2379718.000000
2340541.000000
5023760.000000
395346.000000
5745079.000000
537786.000000
4620254.000000
514971.000000
4244755.000000
512694.000000
6737342.000000
3508391.000000
501747.000000
252546.000000
486233.000000
5291494.000000
936663.000000
520698.000000
4640648.000000
108079.000000
1269463.000000
6025778.000000
1207134.000000
582009.000000
2009003.000000
703804.000000
191852.000000
1472040.000000
238831.000000
4295310.000000
277741.000000
168185.000000
498603.000000
549556.000000
1288162.000000
569719.000000
386799.000000
428684.000000
517606.000000
6303326.000000
228411.000000
1597618.000000
273791.000000
510394.000000
365729.000000
6471354.000000
315828.000000
899593.000000
298848.000000
95933.000000
1846096.000000
5695714.000000
112378.000000
206051.000000
517921.000000
6448421.000000
217488.000000
3398082.000000
448394.000000
367619.000000
6506054.000000
588038.000000
496253.000000
563668.000000
132017.000000
3780148.000000
6271998.000000
708765.000000
7015814.000000
5313045.000000
278304.000000
4078734.000000
405929.000000
438068.000000
737793.000000
897664.000000
450760.000000
376812.000000
797910.000000
198389.000000
5263138.000000
1395885.000000
354184.000000
3561373.000000
3490522.000000
303896.000000
767723.000000
131984.000000
726402.000000
4807357.000000
6519539.000000
450918.000000
3823611.000000
2855152.000000
5775655.000000
4707062.000000
530957.000000
380161.000000
6613750.000000
490775.000000
1020923.000000
616811.000000
765317.000000
663266.000000
483054.000000
6502098.000000
780448.000000
86568.000000
5186074.000000
5363869.000000
186658.000000
5950530.000000
761241.000000
6815976.000000
320582.000000
3430889.000000
882294.000000
1423589.000000
6198259.000000
6467281.000000
309802.000000
494890.000000
359693.000000
5903252.000000
569883.000000
5607091.000000
6296608.000000
468026.000000
392920.000000
656075.000000
755718.000000
358717.000000
5105325.000000
566168.000000
546391.000000
769049.000000
530608.000000
1019616.000000
130192.000000
764446.000000
1394790.000000
401448.000000
966325.000000
3775936.000000
365198.000000
426431.000000
595011.000000
234819.000000
501363.000000
908301.000000
113402.000000
71125.000000
2519998.000000
377313.000000
601527.000000
4675458.000000
498167.000000
180883.000000
439369.000000
329128.000000
406421.000000
3012730.000000
179231.000000
329575.000000
1076200.000000
4408075.000000
499985.000000
965860.000000
441606.000000
414358.000000
2628774.000000
5609291.000000
3368876.000000
2698389.000000
929935.000000
466271.000000
4362950.000000
825873.000000
722236.000000
1417426.000000
182823.000000
331172.000000
4959918.000000
330462.000000
4025946.000000
115966.000000
6144308.000000
525508.000000
456434.000000
5423882.000000
179834.000000
884527.000000
226866.000000
513905.000000
4576003.000000
512277.000000
134321.000000
1752865.000000
6238129.000000
5199114.000000
168341.000000
322507.000000
631001.000000
1132720.000000
3893665.000000
4960713.000000
1885126.000000
4921497.000000
198994.000000
357213.000000
405292.000000
85768.000000
479334.000000
461384.000000
449018.000000
882752.000000
6198840.000000
5020718.000000
2303608.000000
6331086.000000
5139502.000000
400002.000000
513066.000000
449669.000000
203983.000000
75757.000000
6186959.000000
5118117.000000
3652196.000000
985091.000000
6647300.000000
5627725.000000
1536835.000000
5483167.000000
225853.000000
673740.000000
426926.000000
430944.000000
504815.000000
602628.000000
501082.000000
229476.000000
184620.000000
261112.000000
2041274.000000
4293295.000000
6259185.000000
191934.000000
337627.000000
409035.000000
3120106.000000
104884.000000
349549.000000
3801070.000000
2128908.000000
1291932.000000
1095688.000000
3765850.000000
1139450.000000
825215.000000
4633351.000000
1340731.000000
5103075.000000
409017.000000
6034767.000000
254221.000000
3677648.000000
300314.000000
1366367.000000
420705.000000
4547698.000000
634517.000000
311093.000000
401304.000000
797576.000000
411889.000000
582166.000000
370781.000000
481012.000000
427380.000000
517625.000000
954360.000000
4110474.000000
6160636.000000
530768.000000
412996.000000
240209.000000
710850.000000
294519.000000
325375.000000
312769.000000
408303.000000
308692.000000
419278.000000
1697533.000000
3449027.000000
524881.000000
2854036.000000
2228836.000000
428940.000000
373913.000000
1176332.000000
423491.000000
533911.000000
307880.000000
6138216.000000
304516.000000
105155.000000
471872.000000
758906.000000
4707702.000000
272144.000000
3545770.000000
308635.000000
520085.000000
4417063.000000
4610145.000000
513199.000000
1130791.000000
6065226.000000
1743402.000000
5254039.000000
249801.000000
756280.000000
242722.000000
300497.000000
562486.000000
286180.000000
434490.000000
340482.000000
292846.000000
286852.000000
487379.000000
4724986.000000
506513.000000
1594975.000000
2832237.000000
6593995.000000
741537.000000
870660.000000
2091453.000000
861098.000000
435267.000000
451611.000000
90962.000000
123973.000000
869885.000000
5100290.000000
4099165.000000
1166421.000000
2368947.000000
357429.000000
7658711.000000
4553250.000000
1134284.000000
1118545.000000
1961340.000000
507788.000000
5965280.000000
3026724.000000
755807.000000
516064.000000
4628483.000000
1582513.000000
696097.000000
512066.000000
281896.000000
774767.000000
150956.000000
5536064.000000
6815926.000000
384288.000000
255623.000000
6436645.000000
1021849.000000
459270.000000
839056.000000
5404066.000000
282149.000000
623225.000000
817071.000000
2317644.000000
4355241.000000
1199676.000000
83412.000000
398429.000000
1204715.000000
4649782.000000
1075565.000000
550565.000000
384247.000000
4004154.000000
163192.000000
4567180.000000
892640.000000
6741418.000000
705823.000000
354912.000000
729440.000000
4796978.000000
1453022.000000
489225.000000
1057447.000000
3330905.000000
72169.000000
464339.000000
4476681.000000
1440026.000000
548213.000000
6366459.000000
798325.000000
6734172.000000
207241.000000
652325.000000
251481.000000
639771.000000
665430.000000
143904.000000
350368.000000
3702040.000000
1694982.000000
432175.000000
5582147.000000
452816.000000
633631.000000
897478.000000
1438569.000000
163435.000000
5241342.000000
1858035.000000
700726.000000
513535.000000
551383.000000
693160.000000
1287711.000000
453682.000000
524981.000000
3721219.000000
849568.000000
5438629.000000
642762.000000
455768.000000
297717.000000
7516736.000000
6195883.000000
381792.000000
2293720.000000
6658641.000000
162811.000000
1613987.000000
635307.000000
877222.000000
5528078.000000
690874.000000
2246949.000000
125235.000000
7018640.000000
322181.000000
1009237.000000
153900.000000
630070.000000
4615941.000000
6567298.000000
3709737.000000
389478.000000
2127505.000000
1887914.000000
3412966.000000
1167598.000000
267092.000000
5848411.000000
6617573.000000
121126.000000
647481.000000
6220604.000000
697901.000000
4254957.000000
5318382.000000
330041.000000
562945.000000
4826699.000000
407609.000000
280702.000000
450197.000000
256510.000000
137910.000000
881198.000000
6175451.000000
2069434.000000
1440893.000000
166817.000000
997989.000000
4030360.000000
2824346.000000
1863903.000000
2853535.000000
687982.000000
310468.000000
2929395.000000
265096.000000
1220033.000000
339493.000000
669674.000000
342711.000000
544448.000000
692748.000000
5458618.000000
1621585.000000
532380.000000
262762.000000
461403.000000
3393178.000000
611358.000000
389188.000000
681931.000000
2142115.000000
222287.000000
751532.000000
479999.000000
3979929.000000
1704539.000000
4550410.000000
5349860.000000
1639791.000000
4243254.000000
1261593.000000
5432772.000000
507977.000000
329686.000000
3382737.000000
451238.000000
2007739.000000
1335756.000000
6123319.000000
4777415.000000
400889.000000
5825683.000000
1363794.000000
4137458.000000
4365000.000000
692850.000000
998038.000000
153898.000000
1033394.000000
6957087.000000
6497206.000000
88943.000000
1533469.000000
487561.000000
1610438.000000
1006785.000000
5071259.000000
1009399.000000
6433370.000000
4031526.000000
4263918.000000
849012.000000
246431.000000
381578.000000
1045151.000000
253158.000000
382653.000000
439640.000000
3491786.000000
353548.000000
551389.000000
324760.000000
2805016.000000
450429.000000
169806.000000
1382451.000000
292014.000000
833097.000000
7138092.000000
5702435.000000
321793.000000
1479251.000000
6400642.000000
540780.000000
3463009.000000
720530.000000
231250.000000
4361745.000000
343024.000000
7225737.000000
6793471.000000
6389007.000000
2009960.000000
155571.000000
812971.000000
1550190.000000
4329842.000000
237396.000000
4402639.000000
