0.000000
0.000000
0.000000
0.000000
0.000000
0.000000
0.000000
0.000000
0.000000
0.000000
0.000000
0.000000
0.000000
0.000000
0.000000
0.000000
0.000000
0.000000
0.000000
0.000000
0.000000
0.000000
0.000000
0.000000
0.000000
0.000000
0.000000
0.000000
0.000000
0.000000
0.000000
0.000000
0.000000
0.000000
0.000000
0.000000
0.000000
0.000000
0.000000
0.000000
0.000000
0.000000
0.000000
0.000000
0.000000
0.000000
0.000000
0.000000
0.000000
0.000000
0.000000
0.000000
0.000000
0.000000
0.000000
0.000000
0.000000
0.000000
0.000000
0.000000
0.000000
0.000000
0.000000
0.000000
0.000000
0.000000
0.000000
0.000000
0.000000
0.000000
0.000000
0.000000
0.000000
0.000000
0.000000
0.000000
0.000000
0.000000
0.000000
0.000000
0.000000
0.000000
0.000000
0.000000
0.000000
0.000000
0.000000
0.000000
0.000000
0.000000
0.000000
0.000000
0.000000
0.000000
0.000000
0.000000
0.000000
0.000000
0.000000
0.000000
0.000000
0.000000
0.000000
0.000000
0.000000
0.000000
0.000000
0.000000
0.000000
0.000000
0.000000
0.000000
0.000000
0.000000
0.000000
0.000000
0.000000
0.000000
0.000000
0.000000
0.000000
0.000000
0.000000
0.000000
0.000000
0.000000
0.000000
0.000000
0.000000
0.000000
0.000000
0.000000
0.000000
0.000000
0.000000
0.000000
0.000000
0.000000
0.000000
0.000000
0.000000
0.000000
0.000000
0.000000
0.000000
0.000000
0.000000
0.000000
0.000000
0.000000
0.000000
0.000000
0.000000
0.000000
0.000000
0.000000
0.000000
0.000000
0.000000
0.000000
0.000000
0.000000
0.000000
0.000000
0.000000
0.000000
0.000000
0.000000
0.000000
0.000000
0.000000
0.000000
0.000000
0.000000
0.000000
0.000000
0.000000
0.000000
0.000000
0.000000
0.000000
0.000000
0.000000
0.000000
0.000000
0.000000
0.000000
0.000000
0.000000
0.000000
0.000000
0.000000
0.000000
0.000000
0.000000
0.000000
0.000000
0.000000
0.000000
0.000000
0.000000
0.000000
0.000000
0.000000
0.000000
0.000000
0.000000
0.000000
0.000000
0.000000
0.000000
0.000000
0.000000
0.000000
0.000000
898500.000000
503672.000000
429795.000000
262894.000000
574062.000000
325314.000000
402361.000000
531940.000000
357451.000000
506715.000000
579091.000000
174634.000000
347486.000000
543330.000000
306037.000000
602108.000000
342600.000000
667618.000000
220467.000000
566995.000000
211300.000000
491229.000000
358464.000000
369657.000000
603969.000000
484837.000000
414271.000000
367814.000000
458294.000000
194851.000000
368974.000000
247855.000000
130732.000000
162579.000000
474561.000000
204912.000000
283498.000000
279478.000000
501196.000000
554315.000000
282950.000000
292561.000000
565335.000000
557823.000000
325701.000000
378955.000000
265536.000000
506302.000000
322662.000000
513464.000000
475364.000000
170724.000000
506639.000000
567550.000000
340461.000000
489128.000000
578552.000000
315825.000000
604754.000000
436283.000000
388172.000000
613069.000000
242226.000000
312442.000000
325819.000000
568289.000000
570216.000000
575438.000000
527313.000000
298408.000000
558594.000000
340690.000000
458541.000000
555129.000000
457984.000000
561991.000000
527249.000000
360959.000000
357044.000000
625880.000000
384137.000000
129094.000000
544032.000000
233182.000000
78197.000000
330779.000000
98199.000000
506552.000000
305897.000000
359320.000000
475894.000000
320800.000000
476112.000000
349757.000000
510877.000000
214855.000000
476710.000000
454278.000000
480861.000000
395716.000000
488328.000000
320797.000000
343123.000000
108209.000000
488076.000000
391169.000000
539520.000000
522204.000000
355638.000000
458448.000000
81688.000000
604624.000000
548322.000000
588100.000000
513096.000000
581837.000000
429011.000000
448564.000000
228286.000000
515729.000000
367210.000000
465392.000000
247647.000000
469751.000000
551489.000000
141073.000000
495240.000000
414608.000000
296537.000000
346590.000000
257454.000000
475521.000000
537891.000000
499645.000000
233075.000000
185612.000000
433090.000000
465998.000000
575542.000000
247352.000000
513182.000000
353039.000000
497190.000000
479292.000000
383625.000000
314518.000000
569198.000000
431271.000000
107309.000000
468994.000000
380976.000000
519606.000000
597106.000000
501535.000000
171529.000000
501929.000000
472285.000000
640187.000000
331042.000000
424082.000000
513212.000000
295256.000000
362593.000000
334394.000000
542721.000000
482611.000000
484523.000000
277174.000000
540691.000000
322404.000000
554458.000000
278112.000000
316170.000000
536575.000000
425398.000000
579583.000000
181214.000000
457046.000000
228783.000000
470006.000000
378175.000000
580338.000000
262843.000000
224350.000000
424359.000000
439253.000000
564907.000000
254564.000000
446386.000000
258895.000000
298893.000000
508228.000000
519906.000000
289348.000000
618060.000000
577258.000000
252901.000000
310322.000000
583919.000000
140903.000000
405949.000000
530043.000000
404304.000000
331354.000000
306584.000000
282462.000000
293808.000000
260015.000000
375025.000000
333674.000000
298449.000000
488069.000000
454841.000000
241883.000000
534430.000000
584094.000000
649002.000000
422760.000000
559886.000000
481778.000000
591399.000000
458964.000000
282876.000000
387799.000000
297179.000000
305964.000000
268635.000000
223473.000000
101950.000000
336380.000000
457248.000000
550601.000000
460036.000000
549259.000000
396165.000000
504191.000000
386165.000000
553645.000000
587086.000000
124027.000000
176347.000000
365907.000000
596002.000000
543585.000000
265844.000000
330510.000000
526774.000000
616300.000000
116136.000000
529132.000000
351543.000000
558650.000000
293528.000000
400117.000000
358182.000000
462371.000000
435387.000000
421299.000000
308997.000000
397493.000000
521472.000000
540463.000000
296310.000000
476511.000000
522169.000000
552843.000000
703466.000000
163268.000000
498507.000000
102406.000000
485963.000000
290774.000000
190807.000000
454011.000000
539368.000000
353724.000000
554956.000000
485230.000000
318429.000000
468857.000000
5582.000000
342556.000000
615355.000000
559473.000000
551337.000000
330774.000000
543737.000000
163785.000000
69333.000000
592204.000000
263233.000000
503772.000000
427425.000000
571383.000000
522203.000000
376541.000000
356911.000000
558771.000000
92903.000000
475277.000000
314741.000000
237843.000000
484226.000000
374400.000000
510916.000000
209026.000000
473643.000000
473441.000000
439800.000000
592732.000000
173090.000000
549489.000000
587557.000000
454401.000000
551209.000000
554824.000000
212437.000000
513951.000000
469280.000000
567935.000000
231300.000000
152961.000000
411434.000000
512328.000000
518010.000000
219562.000000
392544.000000
353928.000000
304820.000000
321978.000000
279729.000000
424424.000000
177388.000000
579352.000000
404360.000000
506019.000000
317445.000000
543749.000000
546972.000000
350192.000000
383923.000000
287218.000000
279556.000000
327985.000000
119892.000000
579663.000000
570981.000000
508619.000000
521290.000000
434501.000000
204478.000000
477171.000000
593381.000000
552836.000000
186472.000000
459638.000000
402891.000000
526750.000000
502860.000000
243626.000000
455326.000000
518241.000000
433968.000000
377359.000000
189369.000000
517633.000000
323678.000000
385202.000000
204731.000000
563545.000000
357400.000000
387691.000000
305078.000000
481906.000000
547117.000000
225404.000000
489634.000000
219312.000000
409800.000000
250238.000000
271086.000000
497993.000000
381002.000000
459396.000000
441884.000000
329658.000000
598765.000000
297484.000000
171975.000000
443957.000000
608983.000000
553811.000000
570438.000000
288244.000000
389936.000000
150118.000000
615503.000000
578301.000000
305019.000000
320018.000000
577671.000000
220635.000000
509488.000000
586476.000000
488624.000000
506265.000000
513441.000000
108306.000000
480294.000000
459237.000000
284930.000000
393976.000000
641385.000000
419873.000000
567486.000000
486596.000000
456833.000000
356289.000000
483840.000000
553529.000000
390133.000000
481756.000000
496915.000000
401062.000000
333666.000000
302273.000000
447388.000000
422245.000000
444153.000000
374029.000000
443818.000000
369543.000000
576536.000000
536547.000000
130044.000000
472862.000000
328725.000000
393079.000000
481979.000000
566641.000000
406160.000000
323231.000000
504773.000000
305918.000000
584234.000000
539995.000000
327997.000000
547963.000000
251583.000000
447801.000000
308215.000000
559067.000000
274538.000000
443235.000000
394959.000000
525036.000000
47495.000000
513104.000000
269727.000000
264025.000000
464838.000000
520231.000000
526169.000000
518352.000000
329936.000000
307039.000000
406881.000000
240879.000000
306929.000000
361199.000000
495531.000000
611107.000000
533161.000000
525943.000000
107005.000000
491360.000000
152115.000000
219127.000000
427128.000000
483966.000000
384382.000000
480743.000000
419767.000000
575309.000000
432615.000000
478488.000000
558277.000000
548699.000000
319330.000000
157213.000000
446763.000000
420261.000000
102069.000000
161826.000000
338052.000000
511806.000000
480678.000000
510688.000000
252489.000000
173441.000000
325239.000000
59335.000000
316381.000000
549660.000000
519256.000000
208054.000000
519847.000000
250458.000000
488877.000000
320865.000000
464811.000000
305778.000000
530493.000000
575099.000000
457557.000000
359073.000000
455391.000000
430362.000000
378416.000000
563897.000000
455422.000000
344739.000000
371461.000000
265097.000000
499890.000000
284541.000000
339285.000000
533428.000000
266325.000000
551909.000000
594899.000000
313386.000000
290246.000000
529569.000000
335348.000000
305319.000000
389554.000000
545380.000000
363960.000000
569215.000000
576339.000000
154515.000000
526123.000000
297097.000000
642898.000000
548792.000000
535096.000000
419617.000000
503380.000000
394070.000000
371615.000000
550479.000000
238516.000000
475696.000000
437800.000000
272754.000000
271220.000000
394146.000000
502564.000000
424613.000000
284010.000000
359035.000000
328398.000000
498742.000000
527702.000000
251574.000000
506315.000000
541514.000000
573230.000000
577782.000000
452767.000000
583001.000000
377419.000000
460711.000000
522659.000000
577278.000000
356578.000000
240128.000000
450502.000000
574710.000000
527434.000000
515579.000000
496237.000000
435348.000000
397392.000000
182608.000000
361013.000000
497182.000000
582153.000000
557436.000000
505867.000000
322824.000000
642517.000000
266067.000000
186740.000000
458343.000000
604161.000000
478033.000000
446881.000000
154764.000000
191455.000000
320027.000000
594672.000000
245889.000000
294512.000000
354107.000000
333992.000000
386646.000000
502855.000000
522970.000000
507707.000000
186081.000000
286676.000000
244423.000000
225852.000000
564098.000000
450078.000000
434690.000000
329762.000000
500422.000000
618757.000000
552322.000000
318514.000000
527643.000000
619916.000000
488356.000000
501247.000000
582444.000000
551631.000000
432260.000000
399525.000000
364919.000000
387255.000000
506846.000000
82553.000000
517939.000000
493037.000000
584804.000000
252743.000000
409636.000000
335282.000000
132053.000000
163351.000000
522848.000000
259173.000000
463040.000000
288376.000000
424914.000000
498004.000000
527890.000000
619123.000000
409579.000000
441487.000000
239246.000000
442043.000000
309207.000000
202455.000000
554551.000000
526321.000000
596503.000000
548903.000000
513313.000000
536381.000000
535672.000000
199003.000000
259832.000000
572083.000000
388811.000000
342511.000000
415709.000000
285747.000000
434047.000000
575616.000000
354705.000000
424662.000000
523658.000000
242886.000000
349258.000000
344510.000000
494791.000000
372161.000000
502366.000000
175630.000000
254864.000000
332342.000000
214855.000000
391266.000000
604963.000000
377937.000000
138991.000000
541690.000000
448249.000000
412459.000000
347773.000000
479148.000000
538099.000000
243617.000000
409564.000000
368140.000000
296463.000000
622399.000000
495510.000000
512491.000000
561339.000000
570365.000000
582327.000000
369562.000000
547477.000000
527735.000000
495308.000000
346025.000000
530678.000000
312334.000000
609070.000000
168834.000000
72172.000000
323547.000000
588748.000000
514869.000000
568111.000000
240955.000000
367816.000000
605363.000000
453979.000000
117924.000000
507867.000000
513718.000000
326766.000000
241455.000000
519512.000000
535822.000000
273881.000000
115607.000000
584594.000000
542642.000000
503391.000000
438642.000000
501354.000000
461815.000000
413477.000000
626267.000000
494289.000000
579439.000000
532345.000000
544896.000000
427539.000000
346213.000000
544682.000000
497825.000000
374019.000000
578746.000000
400094.000000
443442.000000
392497.000000
323235.000000
438702.000000
490542.000000
399165.000000
445641.000000
379606.000000
339637.000000
401314.000000
298982.000000
435570.000000
53613.000000
338147.000000
370035.000000
358261.000000
245265.000000
346401.000000
354530.000000
612018.000000
481362.000000
364567.000000
234100.000000
530000.000000
159208.000000
32951.000000
75834.000000
485284.000000
240566.000000
501704.000000
549762.000000
315624.000000
372923.000000
469973.000000
291177.000000
552605.000000
562589.000000
470388.000000
663449.000000
417004.000000
186053.000000
363520.000000
354326.000000
280882.000000
524632.000000
433181.000000
237673.000000
298489.000000
324119.000000
311483.000000
638835.000000
455076.000000
130431.000000
419966.000000
403980.000000
274082.000000
255492.000000
445868.000000
303368.000000
472290.000000
529485.000000
149046.000000
348238.000000
552506.000000
328244.000000
395673.000000
113122.000000
47142.000000
234307.000000
500486.000000
457825.000000
608617.000000
293222.000000
318624.000000
594336.000000
518380.000000
235880.000000
324520.000000
270489.000000
300533.000000
272510.000000
546640.000000
218639.000000
428721.000000
546684.000000
175475.000000
534339.000000
546177.000000
331843.000000
565717.000000
224412.000000
415069.000000
355026.000000
507787.000000
488425.000000
515425.000000
171962.000000
584287.000000
355478.000000
669417.000000
395166.000000
307288.000000
476939.000000
350120.000000
528565.000000
400577.000000
531630.000000
428426.000000
181290.000000
243845.000000
221450.000000
220674.000000
308731.000000
375721.000000
442600.000000
563414.000000
366001.000000
500218.000000
444824.000000
551744.000000
517968.000000
566466.000000
517063.000000
513026.000000
374778.000000
357092.000000
271728.000000
602258.000000
535635.000000
399744.000000
463516.000000
266456.000000
475234.000000
574092.000000
305812.000000
635721.000000
352520.000000
328868.000000
435011.000000
234951.000000
494600.000000
195244.000000
354470.000000
481641.000000
578155.000000
589382.000000
376362.000000
138276.000000
342224.000000
371953.000000
527753.000000
525410.000000
535463.000000
399187.000000
323090.000000
400337.000000
562999.000000
446110.000000
473586.000000
630180.000000
518405.000000
599371.000000
424397.000000
568998.000000
412114.000000
628677.000000
171331.000000
353634.000000
328199.000000
75354.000000
555905.000000
291500.000000
378421.000000
429814.000000
172615.000000
260847.000000
188173.000000
334722.000000
231395.000000
401047.000000
327318.000000
266919.000000
494554.000000
333138.000000
563827.000000
566588.000000
88156.000000
590357.000000
535180.000000
243923.000000
535031.000000
203661.000000
432627.000000
372208.000000
487223.000000
556056.000000
316203.000000
519613.000000
481061.000000
184459.000000
463461.000000
435354.000000
349310.000000
266847.000000
224237.000000
372114.000000
349296.000000
406976.000000
519137.000000
578765.000000
173187.000000
509014.000000
580873.000000
200374.000000
297173.000000
385893.000000
235001.000000
600374.000000
497751.000000
451042.000000
561090.000000
361550.000000
292606.000000
534027.000000
486754.000000
269550.000000
500016.000000
291122.000000
532552.000000
270779.000000
267597.000000
467960.000000
155727.000000
544096.000000
281499.000000
316475.000000
533703.000000
478691.000000
346132.000000
521282.000000
421999.000000
392047.000000
66543.000000
315948.000000
286351.000000
332667.000000
331535.000000
312829.000000
565450.000000
304561.000000
244944.000000
287641.000000
226020.000000
329379.000000
377239.000000
516469.000000
176283.000000
160564.000000
468795.000000
278172.000000
503282.000000
309844.000000
486946.000000
609600.000000
403869.000000
323180.000000
401716.000000
458251.000000
470900.000000
521774.000000
496081.000000
319258.000000
472772.000000
553588.000000
510986.000000
429786.000000
333224.000000
153822.000000
517007.000000
589434.000000
652219.000000
221583.000000
420109.000000
429243.000000
473888.000000
205666.000000
317485.000000
404178.000000
324667.000000
135328.000000
135872.000000
559275.000000
323271.000000
305088.000000
220151.000000
351214.000000
272357.000000
396381.000000
519166.000000
337951.000000
219175.000000
526112.000000
174234.000000
204932.000000
539378.000000
117731.000000
363159.000000
294610.000000
292168.000000
91292.000000
626683.000000
420688.000000
520070.000000
467730.000000
531193.000000
507905.000000
322315.000000
540173.000000
366768.000000
562073.000000
419813.000000
583896.000000
363482.000000
526381.000000
528099.000000
302862.000000
248575.000000
391098.000000
603075.000000
448270.000000
344642.000000
497531.000000
98886.000000
473101.000000
494774.000000
491748.000000
352149.000000
565259.000000
455876.000000
214374.000000
513439.000000
228507.000000
574284.000000
286108.000000
180163.000000
325490.000000
384852.000000
500469.000000
399599.000000
313192.000000
303941.000000
412701.000000
567048.000000
178339.000000
488172.000000
231046.000000
346929.000000
263610.000000
565189.000000
263246.000000
432225.000000
263484.000000
112337.000000
543337.000000
551163.000000
125725.000000
153757.000000
358734.000000
635720.000000
216581.000000
501981.000000
350700.000000
328762.000000
537023.000000
421529.000000
361785.000000
399833.000000
104489.000000
526359.000000
696596.000000
432137.000000
506545.000000
574347.000000
271129.000000
559800.000000
356469.000000
319172.000000
430440.000000
483173.000000
324410.000000
244012.000000
469036.000000
194691.000000
501541.000000
519954.000000
293928.000000
533693.000000
531241.000000
304561.000000
424691.000000
145436.000000
387694.000000
600417.000000
559932.000000
358694.000000
524663.000000
622185.000000
532745.000000
520873.000000
343919.000000
289296.000000
582054.000000
381084.000000
449164.000000
407692.000000
416040.000000
421726.000000
306282.000000
596528.000000
435242.000000
122329.000000
529825.000000
574620.000000
152917.000000
535423.000000
440371.000000
611103.000000
312702.000000
547389.000000
404655.000000
487974.000000
590878.000000
459139.000000
214774.000000
334513.000000
322302.000000
491924.000000
357184.000000
624723.000000
519030.000000
333973.000000
367740.000000
367858.000000
410322.000000
307928.000000
483268.000000
377787.000000
380683.000000
402909.000000
381367.000000
543742.000000
103126.000000
493652.000000
411701.000000
356832.000000
462785.000000
606863.000000
344400.000000
370886.000000
397464.000000
247575.000000
301035.000000
504197.000000
141587.000000
97245.000000
492961.000000
259184.000000
404003.000000
691697.000000
413009.000000
183281.000000
312094.000000
243541.000000
301547.000000
575420.000000
222905.000000
343513.000000
448813.000000
559114.000000
411806.000000
452675.000000
326861.000000
333615.000000
597372.000000
572625.000000
530461.000000
583467.000000
477848.000000
376579.000000
502182.000000
427797.000000
378953.000000
518680.000000
195341.000000
325666.000000
566300.000000
237857.000000
636752.000000
136529.000000
657746.000000
366562.000000
339735.000000
556849.000000
216506.000000
498065.000000
195177.000000
382868.000000
507672.000000
334073.000000
128825.000000
469884.000000
601812.000000
520487.000000
154960.000000
342315.000000
405008.000000
483766.000000
589065.000000
529730.000000
519566.000000
561318.000000
187363.000000
300492.000000
390099.000000
81829.000000
341139.000000
321081.000000
329184.000000
357144.000000
601038.000000
492851.000000
444366.000000
604058.000000
612227.000000
230438.000000
355784.000000
337560.000000
190075.000000
73746.000000
450064.000000
539196.000000
479611.000000
514468.000000
510962.000000
620947.000000
567837.000000
495026.000000
213790.000000
414471.000000
265531.000000
343991.000000
448229.000000
373847.000000
296665.000000
210793.000000
181409.000000
250630.000000
440037.000000
480732.000000
674847.000000
187506.000000
320987.000000
312847.000000
486847.000000
119775.000000
306226.000000
525483.000000
525207.000000
477968.000000
525251.000000
494534.000000
563244.000000
401204.000000
514543.000000
467192.000000
536414.000000
325999.000000
636803.000000
296499.000000
508431.000000
265040.000000
479301.000000
381685.000000
582992.000000
452531.000000
232117.000000
298793.000000
405793.000000
270539.000000
464943.000000
263873.000000
344184.000000
358630.000000
369915.000000
561946.000000
506543.000000
662270.000000
310067.000000
389284.000000
227208.000000
438709.000000
296407.000000
323697.000000
340569.000000
316689.000000
241873.000000
293200.000000
474800.000000
447702.000000
294089.000000
482032.000000
466873.000000
369985.000000
317225.000000
510069.000000
287706.000000
342121.000000
275942.000000
547653.000000
300302.000000
106565.000000
303128.000000
430996.000000
556048.000000
278568.000000
533075.000000
267366.000000
332531.000000
554324.000000
597802.000000
302195.000000
546271.000000
552477.000000
475215.000000
543427.000000
248109.000000
393598.000000
275607.000000
277583.000000
425823.000000
245908.000000
346351.000000
296229.000000
219960.000000
270738.000000
366926.000000
551100.000000
354245.000000
528824.000000
496692.000000
509504.000000
432112.000000
487936.000000
604437.000000
440657.000000
353424.000000
332002.000000
113314.000000
152298.000000
394198.000000
543585.000000
510241.000000
504300.000000
542697.000000
293100.000000
573777.000000
597984.000000
565912.000000
548500.000000
473434.000000
416815.000000
545470.000000
559323.000000
445039.000000
421689.000000
559540.000000
547464.000000
423475.000000
427911.000000
312668.000000
364995.000000
192681.000000
546366.000000
548330.000000
279560.000000
186306.000000
502226.000000
380270.000000
369976.000000
387435.000000
565564.000000
240217.000000
439835.000000
475730.000000
582516.000000
519203.000000
502075.000000
89736.000000
264967.000000
447215.000000
558621.000000
480379.000000
395048.000000
291308.000000
542627.000000
142865.000000
493570.000000
575262.000000
578279.000000
407175.000000
151911.000000
422993.000000
531516.000000
529098.000000
341538.000000
506671.000000
479444.000000
75026.000000
296588.000000
585202.000000
492099.000000
377551.000000
558588.000000
381400.000000
522173.000000
186870.000000
361570.000000
223318.000000
432621.000000
365510.000000
153313.000000
311906.000000
484666.000000
550533.000000
363107.000000
523000.000000
330548.000000
384054.000000
431437.000000
456286.000000
211325.000000
555234.000000
558219.000000
376267.000000
327361.000000
336052.000000
358920.000000
395629.000000
369265.000000
365588.000000
553834.000000
405083.000000
492583.000000
381810.000000
307257.000000
301391.000000
573546.000000
525388.000000
317971.000000
487185.000000
504262.000000
161068.000000
565007.000000
460339.000000
409058.000000
590902.000000
455812.000000
490673.000000
123071.000000
625882.000000
285081.000000
462264.000000
158804.000000
318322.000000
514089.000000
606396.000000
585869.000000
324715.000000
471234.000000
514818.000000
510196.000000
356721.000000
240820.000000
475923.000000
566754.000000
83119.000000
379334.000000
709572.000000
383383.000000
538887.000000
634196.000000
318716.000000
324233.000000
744798.000000
346468.000000
221572.000000
349500.000000
252753.000000
154927.000000
481932.000000
486690.000000
449404.000000
495145.000000
162055.000000
418281.000000
577972.000000
494287.000000
569916.000000
523557.000000
460354.000000
299248.000000
474642.000000
220137.000000
403058.000000
247281.000000
480908.000000
314672.000000
396404.000000
416468.000000
625592.000000
564336.000000
360643.000000
239197.000000
334079.000000
558562.000000
387919.000000
345330.000000
403509.000000
511070.000000
244315.000000
398452.000000
334758.000000
550548.000000
364611.000000
518704.000000
576660.000000
493843.000000
609911.000000
452260.000000
553051.000000
461141.000000
245059.000000
639566.000000
345947.000000
600027.000000
486890.000000
569563.000000
586446.000000
282921.000000
500358.000000
463235.000000
463904.000000
516518.000000
388218.000000
470762.000000
134214.000000
508539.000000
540310.000000
550987.000000
73330.000000
517861.000000
324944.000000
498982.000000
422608.000000
571255.000000
420356.000000
556863.000000
505788.000000
597063.000000
466271.000000
236584.000000
362386.000000
488805.000000
217479.000000
314726.000000
345388.000000
563627.000000
300839.000000
350289.000000
339371.000000
621712.000000
422083.000000
177098.000000
464083.000000
260419.000000
520728.000000
529552.000000
492800.000000
271532.000000
592206.000000
619891.000000
348650.000000
535862.000000
349601.000000
209856.000000
528747.000000
237726.000000
494318.000000
582105.000000
619662.000000
467077.000000
183517.000000
415403.000000
538230.000000
534617.000000
204916.000000
539408.000000
