0.000000
0.000000
0.000000
0.000000
0.000000
0.000000
0.000000
0.000000
0.000000
0.000000
0.000000
0.000000
0.000000
0.000000
0.000000
0.000000
0.000000
0.000000
0.000000
0.000000
0.000000
17842280.000000
404195.000000
185632.000000
9076794.000000
5627878.000000
7731733.000000
925576.000000
531900.000000
373667.000000
52162.000000
252377.000000
98993.000000
618211.000000
246631.000000
4213777.000000
1443357.000000
162074.000000
444994.000000
171030.000000
4389977.000000
6811859.000000
564545.000000
11893682.000000
1970601.000000
1090135.000000
2452723.000000
595234.000000
1583766.000000
441130.000000
355533.000000
887934.000000
414459.000000
7396071.000000
1043919.000000
42418.000000
248439.000000
3006670.000000
303106.000000
335813.000000
8112001.000000
237069.000000
455520.000000
438576.000000
6701019.000000
484688.000000
169183.000000
3007905.000000
3714685.000000
885574.000000
6354918.000000
393120.000000
414110.000000
693912.000000
237667.000000
7710620.000000
876643.000000
10734296.000000
1164219.000000
333733.000000
883667.000000
858290.000000
426843.000000
1393437.000000
10694967.000000
5474344.000000
460723.000000
655734.000000
4496173.000000
348258.000000
260126.000000
453239.000000
285968.000000
7172510.000000
573899.000000
370128.000000
749854.000000
416571.000000
5063789.000000
9665151.000000
472084.000000
3915357.000000
4361563.000000
332931.000000
5921781.000000
1593139.000000
190850.000000
485810.000000
965432.000000
206488.000000
369206.000000
9866599.000000
682812.000000
7314570.000000
2662789.000000
978190.000000
849066.000000
984191.000000
8366707.000000
1051435.000000
7502422.000000
645490.000000
276477.000000
354555.000000
5095752.000000
459786.000000
1486821.000000
10467962.000000
497467.000000
277937.000000
5455275.000000
5016150.000000
4664698.000000
335283.000000
4773970.000000
4123251.000000
2546676.000000
3190026.000000
3413410.000000
446732.000000
708565.000000
8741486.000000
3997994.000000
352209.000000
540262.000000
382619.000000
746006.000000
557959.000000
1618273.000000
356931.000000
4742606.000000
619720.000000
2012283.000000
309991.000000
517885.000000
253719.000000
4502607.000000
349870.000000
160090.000000
798920.000000
957590.000000
2427515.000000
4645714.000000
8256569.000000
3029756.000000
697034.000000
121579.000000
465523.000000
28077.000000
705035.000000
469733.000000
869499.000000
1020424.000000
691866.000000
679933.000000
248207.000000
405859.000000
1739123.000000
599451.000000
5011749.000000
263386.000000
670043.000000
5821699.000000
2723191.000000
10983436.000000
552010.000000
290800.000000
483333.000000
47999.000000
486397.000000
3938033.000000
1040213.000000
6629653.000000
232941.000000
1606187.000000
432908.000000
213286.000000
821167.000000
9619104.000000
369773.000000
521922.000000
901051.000000
902510.000000
7068087.000000
339681.000000
188298.000000
409407.000000
6061292.000000
503134.000000
328755.000000
444231.000000
441811.000000
569855.000000
9283922.000000
5922569.000000
528006.000000
2523635.000000
706705.000000
337230.000000
4320277.000000
415116.000000
629162.000000
1106027.000000
503894.000000
6154487.000000
3653533.000000
159907.000000
595163.000000
2966469.000000
372760.000000
6141945.000000
480597.000000
8752546.000000
296069.000000
3535011.000000
193013.000000
5985281.000000
494810.000000
699962.000000
1552184.000000
897214.000000
994500.000000
597642.000000
967024.000000
225453.000000
690623.000000
302660.000000
167592.000000
173581.000000
883866.000000
220773.000000
420826.000000
304300.000000
5533765.000000
4325852.000000
362308.000000
303438.000000
3013365.000000
6939253.000000
431949.000000
593668.000000
294539.000000
8287943.000000
502658.000000
2065543.000000
5160047.000000
193231.000000
4219722.000000
2060831.000000
411823.000000
1142095.000000
9614150.000000
401696.000000
6111872.000000
730374.000000
778664.000000
5859453.000000
300100.000000
470107.000000
491180.000000
10802289.000000
7050292.000000
2367860.000000
4346825.000000
380771.000000
5621984.000000
685765.000000
864312.000000
8854030.000000
2407757.000000
2380786.000000
1364311.000000
587449.000000
440802.000000
6787452.000000
1305383.000000
154027.000000
7030548.000000
344567.000000
90640.000000
426241.000000
105624.000000
1567685.000000
396405.000000
467426.000000
4286753.000000
322842.000000
4296926.000000
504658.000000
6211171.000000
231590.000000
4868393.000000
953996.000000
756205.000000
560671.000000
5076255.000000
429675.000000
544880.000000
132202.000000
1019161.000000
479602.000000
1966658.000000
3317063.000000
674562.000000
1004301.000000
79899.000000
8758712.000000
2121572.000000
6046038.000000
10312594.000000
3549121.000000
5841035.000000
740113.000000
265343.000000
4099496.000000
350855.000000
10771968.000000
311017.000000
1402096.000000
5990964.000000
137790.000000
906390.000000
518017.000000
315809.000000
496183.000000
264374.000000
3979674.000000
5314688.000000
4878105.000000
244370.000000
201056.000000
1100135.000000
8474553.000000
4773622.000000
284245.000000
5179745.000000
481325.000000
2006545.000000
1823196.000000
564678.000000
405060.000000
1735058.000000
3400040.000000
96807.000000
1191476.000000
502015.000000
1278188.000000
4784797.000000
3637670.000000
163652.000000
2676182.000000
1336480.000000
8599318.000000
411068.000000
3368301.000000
2221169.000000
449263.000000
722034.000000
443862.000000
4013376.000000
7700168.000000
997064.000000
307296.000000
5511447.000000
443396.000000
9486966.000000
298469.000000
382192.000000
2017566.000000
578628.000000
7828407.000000
186716.000000
981359.000000
193166.000000
5438493.000000
506642.000000
3208408.000000
312217.000000
287281.000000
1237698.000000
910946.000000
3020087.000000
386178.000000
946086.000000
344033.000000
471138.000000
5488366.000000
3876331.000000
335106.000000
6043094.000000
5648256.000000
301581.000000
481357.000000
9159525.000000
129496.000000
982651.000000
3479143.000000
787992.000000
685002.000000
435443.000000
302049.000000
405074.000000
367662.000000
932403.000000
296224.000000
387124.000000
783119.000000
743805.000000
216385.000000
6056994.000000
9612218.000000
8621977.000000
724556.000000
10653139.000000
6983553.000000
9536195.000000
1157123.000000
379134.000000
573127.000000
350423.000000
569075.000000
321041.000000
269598.000000
111669.000000
451753.000000
879866.000000
7276846.000000
1400647.000000
5787202.000000
465810.000000
1226984.000000
490735.000000
2855389.000000
1885345.000000
111429.000000
182576.000000
482513.000000
3643961.000000
4150922.000000
328693.000000
496800.000000
1005984.000000
11510362.000000
106869.000000
11712357.000000
453363.000000
9300166.000000
329898.000000
600888.000000
482446.000000
9292894.000000
784397.000000
766712.000000
323763.000000
800415.000000
5378725.000000
3897028.000000
461028.000000
5934428.000000
3289391.000000
9845829.000000
9896577.000000
266521.000000
957370.000000
123855.000000
1907110.000000
358018.000000
187043.000000
902711.000000
1595443.000000
422468.000000
6067299.000000
984317.000000
493395.000000
5513644.000000
5023.000000
409022.000000
4509300.000000
5514591.000000
8290694.000000
397122.000000
4219284.000000
173694.000000
134157.000000
7541801.000000
227342.000000
4349439.000000
1281129.000000
10347295.000000
9353935.000000
621446.000000
380936.000000
5721810.000000
102663.000000
1936454.000000
433816.000000
301958.000000
4742632.000000
542560.000000
1923168.000000
195436.000000
657278.000000
3385851.000000
1024306.000000
3748290.000000
201277.000000
2372185.000000
2355617.000000
918057.000000
6781072.000000
1356179.000000
293247.000000
2072904.000000
5433015.000000
8306511.000000
291312.000000
173229.000000
1344990.000000
1977753.000000
8017955.000000
262975.000000
631440.000000
523354.000000
464802.000000
490527.000000
331269.000000
818337.000000
204425.000000
6461018.000000
1985745.000000
6151320.000000
398268.000000
5523026.000000
6885263.000000
650019.000000
625327.000000
416926.000000
395257.000000
500201.000000
122478.000000
6823016.000000
3338507.000000
2496202.000000
1272919.000000
966336.000000
251733.000000
1083298.000000
4922187.000000
4949730.000000
236002.000000
7764941.000000
772168.000000
8672780.000000
9076175.000000
303524.000000
812356.000000
888738.000000
8048039.000000
453488.000000
247694.000000
1571445.000000
395470.000000
445193.000000
238035.000000
7878894.000000
495453.000000
489625.000000
391760.000000
3309661.000000
11230843.000000
245702.000000
10270548.000000
314412.000000
703215.000000
312359.000000
299663.000000
821935.000000
448068.000000
1408936.000000
1022814.000000
422159.000000
3089182.000000
453169.000000
170803.000000
2343128.000000
3689545.000000
10810428.000000
3423444.000000
373663.000000
600958.000000
247041.000000
3082939.000000
6093749.000000
503421.000000
510287.000000
6594980.000000
210695.000000
9559911.000000
4413970.000000
1146575.000000
2455292.000000
851114.000000
108278.000000
3214532.000000
1525947.000000
299350.000000
1139744.000000
10684279.000000
1227295.000000
6860106.000000
2178952.000000
663080.000000
547189.000000
693468.000000
3972937.000000
503329.000000
10677961.000000
5176615.000000
842375.000000
452639.000000
417050.000000
899289.000000
923291.000000
809450.000000
534848.000000
939016.000000
738002.000000
2332697.000000
7889151.000000
156902.000000
5745783.000000
445595.000000
547301.000000
1136346.000000
2309704.000000
691621.000000
248699.000000
1625315.000000
373298.000000
3962716.000000
1446577.000000
405980.000000
8595671.000000
295875.000000
857541.000000
459428.000000
4919004.000000
311133.000000
3409294.000000
2344971.000000
2656997.000000
40659.000000
2737407.000000
376780.000000
285792.000000
1121828.000000
1280597.000000
3001733.000000
2942130.000000
440980.000000
388600.000000
790337.000000
320341.000000
425147.000000
462242.000000
9788784.000000
11470741.000000
5165542.000000
986031.000000
95831.000000
2430173.000000
181972.000000
229749.000000
633073.000000
4482045.000000
920121.000000
1263717.000000
688425.000000
8167100.000000
948621.000000
2033654.000000
5454905.000000
1291429.000000
432837.000000
241048.000000
1573236.000000
579023.000000
153137.000000
200947.000000
373799.000000
3832054.000000
1015634.000000
7783054.000000
325257.000000
218082.000000
452464.000000
65594.000000
555823.000000
4664895.000000
3685556.000000
245105.000000
4444759.000000
298776.000000
6902307.000000
364634.000000
901763.000000
376014.000000
8504060.000000
4061179.000000
796730.000000
346815.000000
1896080.000000
605348.000000
487335.000000
8243269.000000
755085.000000
672893.000000
502858.000000
316311.000000
1221540.000000
379308.000000
509238.000000
8064516.000000
388926.000000
6024888.000000
5137430.000000
460093.000000
275401.000000
6489669.000000
547362.000000
470181.000000
911877.000000
1669990.000000
457734.000000
4447966.000000
4243762.000000
157874.000000
3469805.000000
371580.000000
2593947.000000
4894353.000000
1372811.000000
871525.000000
6108656.000000
721120.000000
556207.000000
6245993.000000
284076.000000
1431361.000000
3936011.000000
335098.000000
275325.000000
398022.000000
5488934.000000
842337.000000
374071.000000
552546.000000
528150.000000
1296694.000000
2090195.000000
278667.000000
1261713.000000
1146745.000000
1463577.000000
9279760.000000
3570507.000000
9679198.000000
480515.000000
800780.000000
1501145.000000
7813865.000000
427057.000000
361553.000000
982975.000000
7385950.000000
5269869.000000
6620679.000000
1255739.000000
895027.000000
740816.000000
163403.000000
465107.000000
1556930.000000
7288468.000000
7788308.000000
6799440.000000
466076.000000
5018902.000000
281569.000000
196723.000000
857899.000000
3137684.000000
1451206.000000
977823.000000
157144.000000
231228.000000
400992.000000
8884432.000000
302046.000000
368776.000000
399457.000000
529192.000000
509097.000000
10434215.000000
8424513.000000
946262.000000
178402.000000
366543.000000
334192.000000
282863.000000
7024489.000000
800547.000000
984316.000000
344593.000000
2115204.000000
11692385.000000
2475309.000000
415146.000000
4791736.000000
9780655.000000
7248737.000000
4386419.000000
4030832.000000
6549592.000000
851268.000000
878182.000000
468363.000000
459186.000000
6995773.000000
90537.000000
974931.000000
1288046.000000
5707333.000000
336070.000000
954170.000000
670285.000000
162619.000000
216604.000000
4984957.000000
403124.000000
819899.000000
365006.000000
1517569.000000
1242880.000000
789274.000000
4575579.000000
422613.000000
9459088.000000
356893.000000
814477.000000
350405.000000
296381.000000
2647170.000000
3371291.000000
4393992.000000
1935689.000000
1376947.000000
1973593.000000
6487808.000000
272727.000000
282305.000000
6588523.000000
501439.000000
634383.000000
729100.000000
329261.000000
944480.000000
5522713.000000
468624.000000
590654.000000
10381229.000000
272336.000000
428128.000000
469026.000000
778955.000000
650065.000000
4596040.000000
177118.000000
270742.000000
511584.000000
242036.000000
538303.000000
6580868.000000
485177.000000
147799.000000
5422024.000000
1137564.000000
582547.000000
462595.000000
1419250.000000
4791577.000000
315955.000000
769273.000000
418149.000000
425208.000000
4463468.000000
1265598.000000
1747342.000000
2405052.000000
7687811.000000
5831623.000000
533043.000000
8403623.000000
3359414.000000
4274088.000000
500319.000000
6055657.000000
404434.000000
8208663.000000
184287.000000
98815.000000
352866.000000
10744852.000000
1684965.000000
1379154.000000
289798.000000
512321.000000
7467359.000000
4353720.000000
120716.000000
4327689.000000
6155539.000000
461933.000000
298731.000000
3188887.000000
1167851.000000
379120.000000
96067.000000
3130833.000000
2298543.000000
6674200.000000
650547.000000
2958434.000000
1502724.000000
2082731.000000
3601701.000000
1557907.000000
10996364.000000
10088005.000000
10632395.000000
554003.000000
451407.000000
7939989.000000
1560222.000000
637476.000000
1781819.000000
671013.000000
949379.000000
957787.000000
343483.000000
1156901.000000
1310203.000000
507012.000000
894968.000000
1097010.000000
619107.000000
551711.000000
390987.000000
921478.000000
58083.000000
462366.000000
489710.000000
427711.000000
350467.000000
379138.000000
511827.000000
9726486.000000
4570477.000000
546311.000000
240958.000000
2910415.000000
199065.000000
29835.000000
96102.000000
11457159.000000
272389.000000
4694091.000000
5717468.000000
585949.000000
451963.000000
2108023.000000
451826.000000
8907731.000000
1788687.000000
2175383.000000
4471830.000000
749308.000000
216213.000000
552044.000000
634402.000000
343648.000000
8680835.000000
842901.000000
344229.000000
481539.000000
540276.000000
465636.000000
7802730.000000
870269.000000
114109.000000
1698610.000000
663080.000000
306335.000000
296628.000000
5299139.000000
446815.000000
1284771.000000
4323406.000000
151066.000000
585890.000000
5883227.000000
423993.000000
490012.000000
125105.000000
34659.000000
283343.000000
3344218.000000
693219.000000
5792165.000000
460048.000000
412983.000000
3698995.000000
1090967.000000
234879.000000
462166.000000
304961.000000
413411.000000
304268.000000
7754412.000000
295943.000000
4394285.000000
5890868.000000
185713.000000
1406456.000000
7777949.000000
414365.000000
6343298.000000
258883.000000
656041.000000
412486.000000
1331435.000000
945929.000000
1606366.000000
213181.000000
6872897.000000
388658.000000
4087538.000000
576475.000000
484305.000000
966551.000000
500141.000000
3235194.000000
862807.000000
2535026.000000
628254.000000
189344.000000
315328.000000
262134.000000
306175.000000
472395.000000
566439.000000
1485754.000000
9969428.000000
744851.000000
5309764.000000
990252.000000
2205606.000000
3710045.000000
9747314.000000
4944166.000000
3319701.000000
501447.000000
540616.000000
331533.000000
8290897.000000
5422724.000000
522288.000000
960679.000000
329660.000000
3057225.000000
11016836.000000
460691.000000
4502130.000000
538010.000000
542750.000000
1064579.000000
297335.000000
1589426.000000
214375.000000
578483.000000
4697812.000000
6859885.000000
4827925.000000
610215.000000
139944.000000
434192.000000
509138.000000
6240781.000000
6361541.000000
7862999.000000
1036466.000000
399965.000000
581386.000000
1052174.000000
10083195.000000
1254682.000000
4770094.000000
4211256.000000
5382446.000000
842249.000000
7177725.000000
647825.000000
2317379.000000
204407.000000
406514.000000
456503.000000
68501.000000
9692036.000000
390383.000000
543228.000000
571585.000000
204943.000000
291364.000000
188516.000000
636878.000000
248867.000000
1018351.000000
466586.000000
280929.000000
1380208.000000
473311.000000
1505474.000000
5112783.000000
94133.000000
4237505.000000
7591502.000000
284679.000000
1605130.000000
248345.000000
796081.000000
424487.000000
5592232.000000
9734770.000000
431792.000000
6837323.000000
8568564.000000
183384.000000
1296663.000000
4088276.000000
529144.000000
268635.000000
207429.000000
753417.000000
455774.000000
475318.000000
5713260.000000
4794376.000000
187922.000000
3473899.000000
1123396.000000
216231.000000
411892.000000
541097.000000
267538.000000
3410014.000000
1074900.000000
658743.000000
10941486.000000
477895.000000
351093.000000
3536101.000000
854262.000000
334797.000000
7894268.000000
426566.000000
9355623.000000
356224.000000
306235.000000
3018774.000000
157521.000000
6332392.000000
333737.000000
344118.000000
10632813.000000
1241616.000000
529007.000000
2921092.000000
615362.000000
754048.000000
71670.000000
438690.000000
357305.000000
395543.000000
450530.000000
447466.000000
9330626.000000
479823.000000
291374.000000
500632.000000
296676.000000
629809.000000
541116.000000
2577845.000000
239738.000000
119690.000000
960726.000000
296583.000000
2399878.000000
337605.000000
974414.000000
5538662.000000
811002.000000
414524.000000
659691.000000
850389.000000
1131288.000000
1276790.000000
2522149.000000
379435.000000
3631041.000000
2401672.000000
2286371.000000
877964.000000
552711.000000
156122.000000
1147379.000000
5190013.000000
10397288.000000
209562.000000
1049570.000000
557355.000000
1165351.000000
277793.000000
371615.000000
538674.000000
436432.000000
151007.000000
149899.000000
9984207.000000
586898.000000
308207.000000
286040.000000
594333.000000
410038.000000
595254.000000
1145554.000000
524454.000000
231132.000000
4131600.000000
187158.000000
203082.000000
6356607.000000
127580.000000
489733.000000
377047.000000
307871.000000
94204.000000
4459946.000000
865977.000000
891383.000000
2673891.000000
2434729.000000
6995328.000000
443824.000000
7688796.000000
582826.000000
5865338.000000
559824.000000
5206548.000000
406489.000000
9575280.000000
4339849.000000
456484.000000
282946.000000
510231.000000
6984857.000000
894854.000000
472414.000000
5759659.000000
98779.000000
1364778.000000
9381124.000000
1440732.000000
550928.000000
2342113.000000
607463.000000
242860.000000
1555018.000000
237097.000000
4413289.000000
269802.000000
238468.000000
428899.000000
487523.000000
1481471.000000
593615.000000
397429.000000
365622.000000
596037.000000
10062987.000000
259254.000000
1631071.000000
366013.000000
396339.000000
311233.000000
8567640.000000
382842.000000
984615.000000
280764.000000
112834.000000
1809036.000000
7844822.000000
121148.000000
204737.000000
506730.000000
10660170.000000
290741.000000
3373467.000000
393951.000000
382215.000000
9968234.000000
773296.000000
458672.000000
639374.000000
118244.000000
4419339.000000
10484936.000000
643065.000000
11454057.000000
6832929.000000
295655.000000
4907441.000000
414404.000000
446338.000000
751157.000000
930954.000000
402619.000000
338002.000000
790204.000000
238289.000000
7578000.000000
1813936.000000
327965.000000
3785320.000000
4442421.000000
334843.000000
819062.000000
157223.000000
745954.000000
6066507.000000
9949087.000000
510429.000000
4705054.000000
3159046.000000
7279569.000000
6177440.000000
502009.000000
426670.000000
9539539.000000
525445.000000
1109755.000000
579373.000000
818581.000000
664492.000000
454630.000000
8113681.000000
744153.000000
86679.000000
6628468.000000
6849918.000000
220232.000000
8005399.000000
772391.000000
9650995.000000
432763.000000
4213134.000000
782775.000000
1332208.000000
10038569.000000
10525146.000000
263766.000000
560273.000000
392322.000000
7598748.000000
636207.000000
8758050.000000
8625717.000000
542100.000000
417292.000000
568376.000000
804402.000000
390258.000000
7590012.000000
525979.000000
537806.000000
698209.000000
584839.000000
1108369.000000
99548.000000
874355.000000
1459799.000000
476501.000000
929983.000000
4329560.000000
468034.000000
492454.000000
619517.000000
290121.000000
443769.000000
963796.000000
146684.000000
112850.000000
3005547.000000
458600.000000
569479.000000
5997840.000000
555917.000000
206142.000000
417690.000000
300404.000000
461697.000000
3485821.000000
216336.000000
435960.000000
1284314.000000
5416453.000000
575890.000000
1050758.000000
456150.000000
398898.000000
3299859.000000
8937763.000000
3889384.000000
2918607.000000
1050598.000000
464244.000000
5782621.000000
851664.000000
800332.000000
1320786.000000
179250.000000
335719.000000
8739307.000000
290448.000000
5088618.000000
146585.000000
9376211.000000
519085.000000
432685.000000
7080034.000000
239258.000000
920596.000000
237479.000000
496508.000000
5744400.000000
426071.000000
166741.000000
1815704.000000
10568823.000000
6905183.000000
190832.000000
472877.000000
769272.000000
1113249.000000
4012373.000000
6758214.000000
2073387.000000
6029884.000000
213624.000000
427398.000000
425343.000000
80583.000000
474115.000000
435124.000000
429073.000000
1004674.000000
9036282.000000
6484980.000000
2650281.000000
8294742.000000
6833169.000000
357526.000000
483340.000000
452811.000000
201674.000000
79353.000000
8453613.000000
6821330.000000
4071705.000000
928049.000000
11396154.000000
9857718.000000
1832046.000000
7283230.000000
236606.000000
659866.000000
434274.000000
502092.000000
525026.000000
583006.000000
458711.000000
232218.000000
203949.000000
261957.000000
2028030.000000
5430054.000000
8615634.000000
203220.000000
410654.000000
483000.000000
3053478.000000
95862.000000
334927.000000
3980620.000000
2211214.000000
1204750.000000
1226134.000000
4291746.000000
1315709.000000
872223.000000
5998697.000000
1586231.000000
6213580.000000
466978.000000
9716632.000000
454520.000000
4183896.000000
288874.000000
1387902.000000
434027.000000
5658443.000000
679064.000000
322077.000000
419507.000000
953468.000000
401639.000000
655429.000000
326130.000000
431003.000000
410272.000000
546610.000000
1034590.000000
4722029.000000
8300761.000000
444461.000000
478627.000000
236315.000000
721819.000000
304790.000000
403133.000000
386689.000000
482951.000000
318963.000000
405142.000000
1738605.000000
3739852.000000
447880.000000
3073576.000000
2214154.000000
455793.000000
444440.000000
1219031.000000
429648.000000
509508.000000
366586.000000
8976537.000000
337761.000000
98762.000000
479329.000000
908707.000000
5660915.000000
271105.000000
4101850.000000
336015.000000
537544.000000
5919353.000000
5734934.000000
449744.000000
1570818.000000
9969623.000000
1995520.000000
6692174.000000
250316.000000
784111.000000
231961.000000
291118.000000
624548.000000
320321.000000
433236.000000
384447.000000
255679.000000
269921.000000
524971.000000
5880173.000000
466840.000000
1726497.000000
2586999.000000
11085810.000000
679610.000000
997923.000000
2004961.000000
915236.000000
497066.000000
476029.000000
116493.000000
145571.000000
677537.000000
6506732.000000
4878984.000000
1404134.000000
2890926.000000
359178.000000
10817649.000000
6191574.000000
1277097.000000
1159952.000000
1971300.000000
548929.000000
8793322.000000
4002019.000000
687666.000000
574235.000000
5707325.000000
1881345.000000
824573.000000
544398.000000
407475.000000
702407.000000
231371.000000
8082687.000000
9914369.000000
367025.000000
267003.000000
9582837.000000
1033931.000000
431042.000000
821954.000000
7383638.000000
248244.000000
695256.000000
956654.000000
2337730.000000
5997044.000000
1216656.000000
85007.000000
463650.000000
1213432.000000
5334996.000000
1277547.000000
610980.000000
315518.000000
4785447.000000
170314.000000
6727982.000000
999411.000000
11289878.000000
754528.000000
308659.000000
699247.000000
6577096.000000
1493742.000000
445922.000000
1034067.000000
3590909.000000
94622.000000
454924.000000
5732624.000000
1349951.000000
546625.000000
10845182.000000
747858.000000
11157288.000000
198487.000000
572525.000000
224076.000000
739136.000000
610473.000000
174816.000000
394573.000000
4842674.000000
1786002.000000
512176.000000
7099089.000000
474537.000000
759101.000000
861560.000000
1927318.000000
201455.000000
7564610.000000
2063746.000000
625855.000000
503958.000000
641221.000000
680759.000000
1316235.000000
499366.000000
482801.000000
3992214.000000
844687.000000
8660002.000000
575357.000000
392619.000000
351862.000000
10527454.000000
9073718.000000
370353.000000
2503701.000000
12035845.000000
162157.000000
1878709.000000
670957.000000
904619.000000
7453130.000000
743315.000000
2010340.000000
130755.000000
10308983.000000
327375.000000
1020275.000000
149004.000000
702100.000000
5704930.000000
9106568.000000
4328056.000000
442459.000000
1986596.000000
2111107.000000
3803227.000000
1158279.000000
232492.000000
8732013.000000
9081095.000000
136848.000000
572057.000000
10392277.000000
701265.000000
4557622.000000
6560385.000000
339584.000000
507497.000000
6395667.000000
473541.000000
286648.000000
488494.000000
302178.000000
144836.000000
940388.000000
7660133.000000
2270298.000000
1487822.000000
170125.000000
952417.000000
5291224.000000
2839934.000000
2120579.000000
2782554.000000
730230.000000
352445.000000
3542734.000000
243487.000000
1225986.000000
392825.000000
757393.000000
436333.000000
545435.000000
864583.000000
7964026.000000
1584933.000000
671572.000000
297282.000000
515063.000000
4561854.000000
521790.000000
388426.000000
651010.000000
2167569.000000
274603.000000
685760.000000
502066.000000
5284480.000000
1858032.000000
5323643.000000
7906054.000000
1942938.000000
5868624.000000
1327913.000000
7915627.000000
691146.000000
286308.000000
3819582.000000
470426.000000
2290668.000000
1395052.000000
8052834.000000
5802990.000000
411968.000000
6843996.000000
1269738.000000
5350480.000000
4775765.000000
687908.000000
933792.000000
146279.000000
1050078.000000
10013958.000000
8325960.000000
90614.000000
1910323.000000
429367.000000
1763776.000000
1263454.000000
6200605.000000
1089135.000000
9222510.000000
3999823.000000
4765581.000000
875422.000000
267985.000000
373075.000000
1102458.000000
212994.000000
397625.000000
448006.000000
3782687.000000
413734.000000
578050.000000
353238.000000
3187781.000000
526578.000000
217970.000000
1476024.000000
315132.000000
909072.000000
11187882.000000
6733989.000000
439003.000000
1452576.000000
8957328.000000
580174.000000
4238525.000000
764864.000000
217858.000000
5181798.000000
339575.000000
10008305.000000
9538770.000000
8991645.000000
2699495.000000
216237.000000
806726.000000
1719719.000000
4766683.000000
229720.000000
5503493.000000
