0.000000
0.000000
0.000000
0.000000
0.000000
0.000000
0.000000
0.000000
0.000000
0.000000
0.000000
0.000000
0.000000
0.000000
0.000000
0.000000
0.000000
0.000000
0.000000
0.000000
0.000000
0.000000
0.000000
0.000000
0.000000
0.000000
0.000000
0.000000
0.000000
0.000000
0.000000
0.000000
0.000000
0.000000
0.000000
0.000000
0.000000
0.000000
0.000000
0.000000
0.000000
0.000000
0.000000
0.000000
0.000000
0.000000
0.000000
0.000000
0.000000
0.000000
0.000000
0.000000
0.000000
0.000000
0.000000
0.000000
0.000000
0.000000
0.000000
0.000000
0.000000
0.000000
0.000000
0.000000
0.000000
0.000000
0.000000
0.000000
0.000000
0.000000
0.000000
0.000000
0.000000
0.000000
0.000000
0.000000
0.000000
0.000000
0.000000
0.000000
0.000000
0.000000
0.000000
0.000000
0.000000
0.000000
0.000000
0.000000
0.000000
0.000000
0.000000
0.000000
0.000000
0.000000
0.000000
0.000000
0.000000
0.000000
0.000000
0.000000
0.000000
0.000000
0.000000
0.000000
0.000000
0.000000
0.000000
0.000000
0.000000
0.000000
0.000000
0.000000
0.000000
0.000000
0.000000
0.000000
0.000000
0.000000
0.000000
0.000000
0.000000
0.000000
0.000000
0.000000
0.000000
0.000000
0.000000
0.000000
0.000000
0.000000
0.000000
0.000000
0.000000
0.000000
0.000000
0.000000
0.000000
0.000000
0.000000
0.000000
0.000000
0.000000
0.000000
0.000000
0.000000
0.000000
0.000000
0.000000
0.000000
0.000000
0.000000
0.000000
0.000000
0.000000
0.000000
0.000000
0.000000
0.000000
0.000000
0.000000
0.000000
0.000000
0.000000
0.000000
0.000000
0.000000
0.000000
0.000000
0.000000
0.000000
0.000000
0.000000
0.000000
0.000000
0.000000
0.000000
0.000000
0.000000
0.000000
0.000000
0.000000
0.000000
0.000000
0.000000
0.000000
0.000000
0.000000
0.000000
0.000000
0.000000
0.000000
0.000000
0.000000
0.000000
0.000000
0.000000
0.000000
0.000000
0.000000
0.000000
0.000000
0.000000
0.000000
0.000000
0.000000
0.000000
0.000000
0.000000
0.000000
0.000000
0.000000
0.000000
0.000000
0.000000
0.000000
0.000000
0.000000
0.000000
0.000000
0.000000
0.000000
0.000000
0.000000
819390.000000
506965.000000
501348.000000
165312.000000
331412.000000
477599.000000
270213.000000
565202.000000
330421.000000
534697.000000
249503.000000
466770.000000
211365.000000
439711.000000
297558.000000
409541.000000
535675.000000
504049.000000
433406.000000
387504.000000
424414.000000
141928.000000
403468.000000
215134.000000
126357.000000
109994.000000
418701.000000
163390.000000
287453.000000
220284.000000
473392.000000
441051.000000
268819.000000
260797.000000
408963.000000
577430.000000
286915.000000
380812.000000
216352.000000
562927.000000
338338.000000
540497.000000
470818.000000
165879.000000
525749.000000
515211.000000
318555.000000
451721.000000
457872.000000
285719.000000
432860.000000
370114.000000
379105.000000
524723.000000
233816.000000
335595.000000
329662.000000
551786.000000
470912.000000
430106.000000
513234.000000
268855.000000
600665.000000
373577.000000
430134.000000
483443.000000
502973.000000
558762.000000
455356.000000
421046.000000
348214.000000
457764.000000
352610.000000
183240.000000
455312.000000
215074.000000
66848.000000
328558.000000
94739.000000
524259.000000
324007.000000
328476.000000
487272.000000
270707.000000
468540.000000
318330.000000
510437.000000
195968.000000
459259.000000
477377.000000
464486.000000
348254.000000
540750.000000
326608.000000
341490.000000
118999.000000
413183.000000
273875.000000
439660.000000
473062.000000
367696.000000
458743.000000
72854.000000
527282.000000
487950.000000
548116.000000
527834.000000
505927.000000
476608.000000
402676.000000
185825.000000
497631.000000
259464.000000
474424.000000
247200.000000
419687.000000
483509.000000
142367.000000
372582.000000
391913.000000
293039.000000
288985.000000
224985.000000
507444.000000
534420.000000
449238.000000
208832.000000
173863.000000
446008.000000
552334.000000
548649.000000
234324.000000
449406.000000
321724.000000
476133.000000
461305.000000
341743.000000
288832.000000
498948.000000
515573.000000
90116.000000
477013.000000
336915.000000
460245.000000
489376.000000
458184.000000
140481.000000
485102.000000
495463.000000
466544.000000
287618.000000
546379.000000
496802.000000
295388.000000
404425.000000
324512.000000
517222.000000
506742.000000
489464.000000
279306.000000
457579.000000
303468.000000
486032.000000
230424.000000
308733.000000
452761.000000
382504.000000
516689.000000
136566.000000
379753.000000
186468.000000
449114.000000
307768.000000
420144.000000
258191.000000
237700.000000
493949.000000
471258.000000
473256.000000
262903.000000
362475.000000
252975.000000
283035.000000
531301.000000
517680.000000
230214.000000
506610.000000
448849.000000
202345.000000
280740.000000
539594.000000
96627.000000
428486.000000
484769.000000
353784.000000
377789.000000
307015.000000
287472.000000
275449.000000
275995.000000
420850.000000
226071.000000
299986.000000
405363.000000
382439.000000
214936.000000
473493.000000
520755.000000
493872.000000
398720.000000
431407.000000
482284.000000
477149.000000
431989.000000
311671.000000
328948.000000
265744.000000
365353.000000
233124.000000
232405.000000
87853.000000
319641.000000
436062.000000
544371.000000
520051.000000
542067.000000
341411.000000
510418.000000
319125.000000
517104.000000
455850.000000
98535.000000
160830.000000
339403.000000
425516.000000
470978.000000
294101.000000
314886.000000
432719.000000
569716.000000
114922.000000
547663.000000
344624.000000
550479.000000
242952.000000
349695.000000
310369.000000
500199.000000
399894.000000
453417.000000
250222.000000
424315.000000
542341.000000
440597.000000
314864.000000
426411.000000
551429.000000
550933.000000
517225.000000
208621.000000
445448.000000
96478.000000
497556.000000
289222.000000
161160.000000
396163.000000
540022.000000
332869.000000
531712.000000
453532.000000
307572.000000
464127.000000
4193.000000
310405.000000
521880.000000
512342.000000
566500.000000
316564.000000
480492.000000
148195.000000
105979.000000
576002.000000
220289.000000
472910.000000
434983.000000
575242.000000
507616.000000
369483.000000
339882.000000
513871.000000
96621.000000
454072.000000
332291.000000
226700.000000
558993.000000
326257.000000
574598.000000
151276.000000
410847.000000
362274.000000
438949.000000
503392.000000
161985.000000
479039.000000
425481.000000
387011.000000
556364.000000
462124.000000
207419.000000
535726.000000
519165.000000
473700.000000
211177.000000
169552.000000
537557.000000
446245.000000
532706.000000
205215.000000
362169.000000
335963.000000
295878.000000
309975.000000
252532.000000
408616.000000
191605.000000
560727.000000
476860.000000
534191.000000
274339.000000
538586.000000
496973.000000
348480.000000
329417.000000
316799.000000
256497.000000
324435.000000
78857.000000
525882.000000
553987.000000
505645.000000
432076.000000
453849.000000
253950.000000
491489.000000
524624.000000
593850.000000
174916.000000
453326.000000
415489.000000
482797.000000
546399.000000
212362.000000
449957.000000
502537.000000
540515.000000
330851.000000
192625.000000
470855.000000
311997.000000
318915.000000
198143.000000
478471.000000
310725.000000
320406.000000
309585.000000
448413.000000
517886.000000
213089.000000
544020.000000
280959.000000
414231.000000
273831.000000
256333.000000
469867.000000
316276.000000
514418.000000
461756.000000
277673.000000
511876.000000
313547.000000
136914.000000
502250.000000
491541.000000
585966.000000
576663.000000
251423.000000
369364.000000
173828.000000
491162.000000
532208.000000
292646.000000
311112.000000
501910.000000
170698.000000
482468.000000
463114.000000
480259.000000
489167.000000
490421.000000
84420.000000
459636.000000
439512.000000
219187.000000
338833.000000
574572.000000
387271.000000
446335.000000
491579.000000
362524.000000
354651.000000
384100.000000
441371.000000
311180.000000
536651.000000
473583.000000
399587.000000
327497.000000
323016.000000
427919.000000
408470.000000
400622.000000
329738.000000
483913.000000
384767.000000
465797.000000
454923.000000
122522.000000
438438.000000
314825.000000
358035.000000
410213.000000
472209.000000
378401.000000
259265.000000
466023.000000
224884.000000
461345.000000
453323.000000
301431.000000
577306.000000
193070.000000
407933.000000
320733.000000
514529.000000
245261.000000
494028.000000
436679.000000
484820.000000
32133.000000
556180.000000
251751.000000
216876.000000
424452.000000
409002.000000
561877.000000
509735.000000
335658.000000
249311.000000
408411.000000
259309.000000
316283.000000
315722.000000
446897.000000
543239.000000
587896.000000
427775.000000
79141.000000
453018.000000
156332.000000
175807.000000
422115.000000
491919.000000
435226.000000
435571.000000
428140.000000
517488.000000
413946.000000
550861.000000
505836.000000
491516.000000
300549.000000
147663.000000
471985.000000
397325.000000
111319.000000
186841.000000
304737.000000
439698.000000
438976.000000
502804.000000
271627.000000
176689.000000
337041.000000
48756.000000
304360.000000
580890.000000
483960.000000
187178.000000
493898.000000
218912.000000
478811.000000
247687.000000
435665.000000
254878.000000
571672.000000
422245.000000
397652.000000
273336.000000
516340.000000
357607.000000
328294.000000
473524.000000
422978.000000
361357.000000
328671.000000
239550.000000
506021.000000
272059.000000
342571.000000
492992.000000
265776.000000
521060.000000
522382.000000
317800.000000
253444.000000
460979.000000
317279.000000
312014.000000
387530.000000
522505.000000
356333.000000
485010.000000
495654.000000
148214.000000
428825.000000
272854.000000
582448.000000
365944.000000
522644.000000
428404.000000
539191.000000
416765.000000
358026.000000
575782.000000
229388.000000
520157.000000
473781.000000
264038.000000
227473.000000
290741.000000
550668.000000
452532.000000
293158.000000
363175.000000
289386.000000
527600.000000
503073.000000
233203.000000
442414.000000
414396.000000
449513.000000
501065.000000
465576.000000
518255.000000
293863.000000
450561.000000
519724.000000
541559.000000
287110.000000
291434.000000
420876.000000
499770.000000
494986.000000
621557.000000
411797.000000
450730.000000
408902.000000
144219.000000
333394.000000
498595.000000
538688.000000
492720.000000
527881.000000
341852.000000
501126.000000
225528.000000
133577.000000
401441.000000
476037.000000
477216.000000
507492.000000
127983.000000
158376.000000
307554.000000
524687.000000
259797.000000
250957.000000
284141.000000
335649.000000
356581.000000
502094.000000
470592.000000
429305.000000
142009.000000
280633.000000
261590.000000
232830.000000
486077.000000
414107.000000
445042.000000
251806.000000
438488.000000
498621.000000
481709.000000
293085.000000
568043.000000
487748.000000
535108.000000
467845.000000
515973.000000
493598.000000
442753.000000
430213.000000
302770.000000
333691.000000
458801.000000
67851.000000
429406.000000
507644.000000
485641.000000
282643.000000
425799.000000
364724.000000
150255.000000
153290.000000
501194.000000
296333.000000
379272.000000
260406.000000
511863.000000
445538.000000
320939.000000
479997.000000
318238.000000
472077.000000
255276.000000
408759.000000
308551.000000
250511.000000
386198.000000
467119.000000
603762.000000
539247.000000
541360.000000
508559.000000
514509.000000
236558.000000
242943.000000
443899.000000
295963.000000
302297.000000
368602.000000
262819.000000
430574.000000
495651.000000
289656.000000
342351.000000
488866.000000
255049.000000
333670.000000
323272.000000
432186.000000
374809.000000
475595.000000
160837.000000
247084.000000
351311.000000
217086.000000
373303.000000
492193.000000
326499.000000
123691.000000
511244.000000
406180.000000
344029.000000
304271.000000
445868.000000
445760.000000
252174.000000
358120.000000
313420.000000
292596.000000
571983.000000
466313.000000
441631.000000
446205.000000
519489.000000
488324.000000
361654.000000
476354.000000
519902.000000
385247.000000
333454.000000
401435.000000
261651.000000
510864.000000
147122.000000
58447.000000
247022.000000
503771.000000
435227.000000
479870.000000
256637.000000
391709.000000
443342.000000
463135.000000
101076.000000
523673.000000
465188.000000
306559.000000
231488.000000
458676.000000
458317.000000
279468.000000
99752.000000
440630.000000
480588.000000
407264.000000
346726.000000
463499.000000
457397.000000
400126.000000
544458.000000
507697.000000
548684.000000
475180.000000
520944.000000
350624.000000
349608.000000
410441.000000
529961.000000
384432.000000
564479.000000
400752.000000
464550.000000
372179.000000
240890.000000
428404.000000
425144.000000
358090.000000
452106.000000
491333.000000
390627.000000
412279.000000
313580.000000
428685.000000
60693.000000
306390.000000
316565.000000
274966.000000
266075.000000
294705.000000
357584.000000
540249.000000
453526.000000
353824.000000
188648.000000
462469.000000
146335.000000
25843.000000
83876.000000
573185.000000
195452.000000
612628.000000
444542.000000
271487.000000
307045.000000
478245.000000
322558.000000
537981.000000
458956.000000
470100.000000
546953.000000
439986.000000
218506.000000
350708.000000
393047.000000
211246.000000
549034.000000
407278.000000
235081.000000
325081.000000
358188.000000
304773.000000
491522.000000
421243.000000
110667.000000
468281.000000
346937.000000
299026.000000
221631.000000
479488.000000
289384.000000
463547.000000
407176.000000
151754.000000
339519.000000
495846.000000
331408.000000
304662.000000
105919.000000
28398.000000
198150.000000
512603.000000
373652.000000
461737.000000
300326.000000
293762.000000
562720.000000
417620.000000
196732.000000
334568.000000
252208.000000
276285.000000
205471.000000
517299.000000
229329.000000
509862.000000
490484.000000
187439.000000
445200.000000
494306.000000
305654.000000
483333.000000
218263.000000
413848.000000
310355.000000
435299.000000
421127.000000
505403.000000
176460.000000
551940.000000
289783.000000
538293.000000
371833.000000
290150.000000
450053.000000
285684.000000
518207.000000
376353.000000
393405.000000
382904.000000
163982.000000
206953.000000
242216.000000
209135.000000
372851.000000
324535.000000
437606.000000
496696.000000
382334.000000
509876.000000
447563.000000
484175.000000
461709.000000
553605.000000
516772.000000
595398.000000
366954.000000
349774.000000
267499.000000
567194.000000
517999.000000
321566.000000
424125.000000
259630.000000
453567.000000
635867.000000
293976.000000
402795.000000
352361.000000
324294.000000
473794.000000
227513.000000
551821.000000
179741.000000
316132.000000
470883.000000
552222.000000
556851.000000
365454.000000
109647.000000
310625.000000
342875.000000
465643.000000
479568.000000
589492.000000
426296.000000
306470.000000
374804.000000
496868.000000
497496.000000
513099.000000
530543.000000
472686.000000
425877.000000
425729.000000
497101.000000
375569.000000
546631.000000
174500.000000
282323.000000
294889.000000
61237.000000
606269.000000
260868.000000
392964.000000
377786.000000
195667.000000
245756.000000
168923.000000
311000.000000
197849.000000
474675.000000
311960.000000
222449.000000
466550.000000
307624.000000
482948.000000
488508.000000
84460.000000
495212.000000
514589.000000
270375.000000
512640.000000
173805.000000
414045.000000
342641.000000
533916.000000
491727.000000
276829.000000
544327.000000
533832.000000
174687.000000
425414.000000
404684.000000
337316.000000
212303.000000
218484.000000
419160.000000
313753.000000
327719.000000
566623.000000
525566.000000
166801.000000
543010.000000
399274.000000
178800.000000
281209.000000
351185.000000
218996.000000
504712.000000
410497.000000
395424.000000
523930.000000
339919.000000
283263.000000
546692.000000
450626.000000
231644.000000
503111.000000
297372.000000
558027.000000
236370.000000
212352.000000
443831.000000
131755.000000
503316.000000
268640.000000
290013.000000
513220.000000
453399.000000
377211.000000
483596.000000
369731.000000
398026.000000
65069.000000
295625.000000
292799.000000
307538.000000
323763.000000
305159.000000
567813.000000
228927.000000
237112.000000
258859.000000
229965.000000
319743.000000
323443.000000
467223.000000
201648.000000
113444.000000
458518.000000
267427.000000
591834.000000
247954.000000
448298.000000
485868.000000
425541.000000
283128.000000
423213.000000
427174.000000
415050.000000
439626.000000
563845.000000
258302.000000
468827.000000
420624.000000
517203.000000
401324.000000
313377.000000
181692.000000
522044.000000
494635.000000
552109.000000
197315.000000
432149.000000
365772.000000
485988.000000
177372.000000
287283.000000
398080.000000
279716.000000
139115.000000
121439.000000
533734.000000
302764.000000
256816.000000
231979.000000
363368.000000
262209.000000
403632.000000
504046.000000
359465.000000
190812.000000
575978.000000
155609.000000
197503.000000
519168.000000
103614.000000
333182.000000
251464.000000
234959.000000
74333.000000
534594.000000
459445.000000
445633.000000
484463.000000
482755.000000
469934.000000
322055.000000
471198.000000
336275.000000
436231.000000
350710.000000
449860.000000
345170.000000
485614.000000
513309.000000
348940.000000
226296.000000
338461.000000
535384.000000
434660.000000
286159.000000
512989.000000
92924.000000
440116.000000
507956.000000
506697.000000
275355.000000
394558.000000
388539.000000
224317.000000
476569.000000
223000.000000
437830.000000
264619.000000
139837.000000
323845.000000
331655.000000
432135.000000
370068.000000
267003.000000
309232.000000
330180.000000
523237.000000
161004.000000
515322.000000
218233.000000
295127.000000
267909.000000
492982.000000
237888.000000
428576.000000
250209.000000
89804.000000
528969.000000
463896.000000
120605.000000
163390.000000
337153.000000
502789.000000
252824.000000
607123.000000
311130.000000
303522.000000
446073.000000
366214.000000
307791.000000
376009.000000
129944.000000
522122.000000
495616.000000
398221.000000
553285.000000
525419.000000
243854.000000
524115.000000
332104.000000
320404.000000
388725.000000
448211.000000
319813.000000
264587.000000
387118.000000
180507.000000
483414.000000
475741.000000
271074.000000
498778.000000
447198.000000
247097.000000
403099.000000
112467.000000
381004.000000
495724.000000
445129.000000
307041.000000
466247.000000
553150.000000
486439.000000
471912.000000
376289.000000
322267.000000
471851.000000
322170.000000
407045.000000
359387.000000
414505.000000
414423.000000
276275.000000
512074.000000
389959.000000
88005.000000
521663.000000
570071.000000
164993.000000
494275.000000
404458.000000
456091.000000
279364.000000
563263.000000
421395.000000
379306.000000
543227.000000
560324.000000
191043.000000
322327.000000
270964.000000
571634.000000
381095.000000
443590.000000
523709.000000
329696.000000
333093.000000
405490.000000
369415.000000
267861.000000
503883.000000
320328.000000
342798.000000
385669.000000
338779.000000
458933.000000
81436.000000
488519.000000
427986.000000
368873.000000
444091.000000
536100.000000
307272.000000
330356.000000
382578.000000
254686.000000
327099.000000
486987.000000
134743.000000
77729.000000
447999.000000
302454.000000
370345.000000
563522.000000
319178.000000
130866.000000
301868.000000
237744.000000
309247.000000
471801.000000
156595.000000
272050.000000
442310.000000
521657.000000
398209.000000
414918.000000
308593.000000
310931.000000
404841.000000
493296.000000
559316.000000
447696.000000
424097.000000
319300.000000
442336.000000
408716.000000
386948.000000
588233.000000
152498.000000
260557.000000
418006.000000
254634.000000
454302.000000
134601.000000
515228.000000
353546.000000
289943.000000
471007.000000
180452.000000
397285.000000
205692.000000
328340.000000
522135.000000
318451.000000
107083.000000
451513.000000
560535.000000
479830.000000
173321.000000
282349.000000
377309.000000
470009.000000
486610.000000
443926.000000
389439.000000
517131.000000
186770.000000
262574.000000
317638.000000
77346.000000
298380.000000
315071.000000
328175.000000
434666.000000
417510.000000
534532.000000
412703.000000
462365.000000
452323.000000
256386.000000
326384.000000
305665.000000
182775.000000
78448.000000
508943.000000
494290.000000
453619.000000
478880.000000
504941.000000
508809.000000
549393.000000
436667.000000
220342.000000
424463.000000
293395.000000
352709.000000
363056.000000
337237.000000
314298.000000
236545.000000
164350.000000
224372.000000
508247.000000
492394.000000
547733.000000
176828.000000
282731.000000
298018.000000
508167.000000
87746.000000
282291.000000
486920.000000
495494.000000
482885.000000
444595.000000
534640.000000
430369.000000
425705.000000
514845.000000
454487.000000
556195.000000
320496.000000
524041.000000
241578.000000
500217.000000
229554.000000
438247.000000
296798.000000
437999.000000
397514.000000
239135.000000
301767.000000
376751.000000
278156.000000
383488.000000
248722.000000
304277.000000
283159.000000
372792.000000
482939.000000
476075.000000
552166.000000
313320.000000
293973.000000
213495.000000
408848.000000
268579.000000
251555.000000
278494.000000
304229.000000
265585.000000
313791.000000
475988.000000
555589.000000
316140.000000
444696.000000
465176.000000
324122.000000
293282.000000
428033.000000
272624.000000
396662.000000
279160.000000
443719.000000
264045.000000
108089.000000
261816.000000
428821.000000
466124.000000
228196.000000
524061.000000
292144.000000
336017.000000
426901.000000
506395.000000
308167.000000
517937.000000
532883.000000
531685.000000
488534.000000
262806.000000
423664.000000
216820.000000
249671.000000
444703.000000
230728.000000
314802.000000
297162.000000
185177.000000
247223.000000
335727.000000
582472.000000
312694.000000
480256.000000
441495.000000
541783.000000
400428.000000
376285.000000
478172.000000
446666.000000
288658.000000
299606.000000
117537.000000
125962.000000
377523.000000
469055.000000
463725.000000
426340.000000
386452.000000
254641.000000
550265.000000
464643.000000
451682.000000
421421.000000
479162.000000
362146.000000
507438.000000
456658.000000
350565.000000
349294.000000
515069.000000
509748.000000
424586.000000
391674.000000
272822.000000
397437.000000
168599.000000
556935.000000
510847.000000
291792.000000
186234.000000
417614.000000
406325.000000
330292.000000
323180.000000
489927.000000
247380.000000
407204.000000
402468.000000
526163.000000
423850.000000
464315.000000
68710.000000
280901.000000
460750.000000
543809.000000
436191.000000
361411.000000
258578.000000
530079.000000
158826.000000
581626.000000
477590.000000
533963.000000
410663.000000
247268.000000
410272.000000
535051.000000
426249.000000
369969.000000
470129.000000
561547.000000
93476.000000
297814.000000
490873.000000
467246.000000
371617.000000
488831.000000
392480.000000
533801.000000
153067.000000
346924.000000
177154.000000
412708.000000
413864.000000
139915.000000
257595.000000
427967.000000
514939.000000
317465.000000
606268.000000
303088.000000
347052.000000
394948.000000
426086.000000
162367.000000
467227.000000
476304.000000
375665.000000
337638.000000
336211.000000
317492.000000
407886.000000
336317.000000
315263.000000
539759.000000
449592.000000
492119.000000
347935.000000
307433.000000
284763.000000
529821.000000
564409.000000
280310.000000
484493.000000
475885.000000
132428.000000
544799.000000
370678.000000
407615.000000
502821.000000
440342.000000
507073.000000
133274.000000
469771.000000
269175.000000
452713.000000
149106.000000
376882.000000
476224.000000
559604.000000
480848.000000
318942.000000
439446.000000
603841.000000
475465.000000
419638.000000
224246.000000
517274.000000
500710.000000
128517.000000
377735.000000
501548.000000
359127.000000
474836.000000
419995.000000
248975.000000
366005.000000
566273.000000
314570.000000
230590.000000
342856.000000
275806.000000
135367.000000
435001.000000
473010.000000
457705.000000
457584.000000
168479.000000
422701.000000
435152.000000
496592.000000
523634.000000
473333.000000
406917.000000
238751.000000
504909.000000
185353.000000
432364.000000
273275.000000
466000.000000
311551.000000
309415.000000
389193.000000
498434.000000
439105.000000
366066.000000
286802.000000
331491.000000
490472.000000
377147.000000
335690.000000
422789.000000
476429.000000
229419.000000
406363.000000
345973.000000
497320.000000
457126.000000
485797.000000
513572.000000
379966.000000
492371.000000
454622.000000
540032.000000
354415.000000
235203.000000
536575.000000
327712.000000
495151.000000
439902.000000
502516.000000
540015.000000
291487.000000
483516.000000
504801.000000
490209.000000
503911.000000
385804.000000
449963.000000
167264.000000
422728.000000
617415.000000
520954.000000
67200.000000
574178.000000
314041.000000
493311.000000
422257.000000
607761.000000
512094.000000
488701.000000
566306.000000
526901.000000
446521.000000
208467.000000
326001.000000
467054.000000
197591.000000
297558.000000
330033.000000
459558.000000
278514.000000
330785.000000
287667.000000
541741.000000
334964.000000
210038.000000
446036.000000
230101.000000
463076.000000
444886.000000
480013.000000
258467.000000
517906.000000
486660.000000
379272.000000
475237.000000
332713.000000
195945.000000
507611.000000
260598.000000
502928.000000
510809.000000
499214.000000
361357.000000
148994.000000
384751.000000
448266.000000
458878.000000
184996.000000
574900.000000
