0.000000
0.000000
0.000000
0.000000
0.000000
0.000000
0.000000
0.000000
0.000000
0.000000
0.000000
0.000000
0.000000
0.000000
0.000000
0.000000
0.000000
0.000000
0.000000
0.000000
0.000000
0.000000
0.000000
0.000000
0.000000
0.000000
0.000000
0.000000
0.000000
0.000000
0.000000
0.000000
0.000000
0.000000
0.000000
0.000000
0.000000
0.000000
0.000000
0.000000
0.000000
0.000000
0.000000
0.000000
0.000000
0.000000
0.000000
0.000000
0.000000
0.000000
0.000000
0.000000
0.000000
0.000000
0.000000
0.000000
0.000000
0.000000
0.000000
0.000000
0.000000
0.000000
0.000000
0.000000
0.000000
0.000000
0.000000
0.000000
0.000000
0.000000
0.000000
0.000000
0.000000
0.000000
0.000000
0.000000
0.000000
0.000000
0.000000
0.000000
0.000000
0.000000
0.000000
0.000000
0.000000
0.000000
0.000000
0.000000
0.000000
0.000000
0.000000
0.000000
0.000000
0.000000
0.000000
0.000000
0.000000
0.000000
0.000000
0.000000
0.000000
0.000000
0.000000
0.000000
0.000000
0.000000
0.000000
0.000000
0.000000
0.000000
0.000000
0.000000
0.000000
0.000000
0.000000
0.000000
0.000000
0.000000
0.000000
0.000000
0.000000
0.000000
0.000000
0.000000
0.000000
0.000000
0.000000
0.000000
0.000000
0.000000
0.000000
0.000000
0.000000
0.000000
0.000000
0.000000
0.000000
0.000000
0.000000
0.000000
0.000000
0.000000
0.000000
0.000000
0.000000
0.000000
0.000000
0.000000
0.000000
0.000000
0.000000
0.000000
0.000000
0.000000
0.000000
0.000000
0.000000
0.000000
0.000000
0.000000
0.000000
0.000000
0.000000
0.000000
0.000000
0.000000
0.000000
0.000000
0.000000
0.000000
0.000000
0.000000
0.000000
0.000000
0.000000
0.000000
0.000000
0.000000
0.000000
0.000000
0.000000
0.000000
0.000000
0.000000
0.000000
0.000000
0.000000
0.000000
0.000000
0.000000
0.000000
0.000000
0.000000
0.000000
0.000000
0.000000
0.000000
0.000000
0.000000
0.000000
0.000000
0.000000
0.000000
0.000000
0.000000
0.000000
0.000000
0.000000
0.000000
0.000000
0.000000
0.000000
0.000000
0.000000
0.000000
0.000000
0.000000
0.000000
0.000000
0.000000
0.000000
0.000000
0.000000
0.000000
0.000000
0.000000
271425.000000
159777.000000
202799.000000
141740.000000
169857.000000
159973.000000
186710.000000
116509.000000
135295.000000
112460.000000
167329.000000
109451.000000
167082.000000
180713.000000
163558.000000
155811.000000
164509.000000
164192.000000
126029.000000
150183.000000
163427.000000
98261.000000
106203.000000
178371.000000
99029.000000
116435.000000
117092.000000
191179.000000
180668.000000
169916.000000
121342.000000
186406.000000
184485.000000
192588.000000
175786.000000
122707.000000
204529.000000
169159.000000
163650.000000
169076.000000
115105.000000
198145.000000
156402.000000
154279.000000
154553.000000
184907.000000
143832.000000
187083.000000
177215.000000
156964.000000
185175.000000
127397.000000
129048.000000
171336.000000
186736.000000
156289.000000
152319.000000
160774.000000
140401.000000
174863.000000
152319.000000
158801.000000
192582.000000
183109.000000
178808.000000
182404.000000
142880.000000
170780.000000
177079.000000
115424.000000
100966.000000
155613.000000
127576.000000
76786.000000
168853.000000
73890.000000
147683.000000
139461.000000
186065.000000
172665.000000
179002.000000
148614.000000
179147.000000
174162.000000
131598.000000
149361.000000
137534.000000
136827.000000
142175.000000
178195.000000
112707.000000
134314.000000
85890.000000
142572.000000
148529.000000
160727.000000
171984.000000
140389.000000
147210.000000
56039.000000
144111.000000
185705.000000
194166.000000
209572.000000
166571.000000
133867.000000
154664.000000
117825.000000
177551.000000
135044.000000
176686.000000
140433.000000
173565.000000
157452.000000
94482.000000
178450.000000
179609.000000
134231.000000
132741.000000
127426.000000
145505.000000
171411.000000
167245.000000
130106.000000
111531.000000
127904.000000
208835.000000
195151.000000
123041.000000
184849.000000
139225.000000
190034.000000
173928.000000
118224.000000
148381.000000
193724.000000
188476.000000
66910.000000
150407.000000
157078.000000
189981.000000
158679.000000
165277.000000
98043.000000
151785.000000
152465.000000
195727.000000
156764.000000
161263.000000
160361.000000
124606.000000
174057.000000
176255.000000
149869.000000
179453.000000
174061.000000
123414.000000
160129.000000
110622.000000
175479.000000
127636.000000
144766.000000
166357.000000
153250.000000
163439.000000
123505.000000
119146.000000
134529.000000
170589.000000
131805.000000
160684.000000
153446.000000
117131.000000
186200.000000
126790.000000
155664.000000
186904.000000
124059.000000
133558.000000
146876.000000
159019.000000
140311.000000
108891.000000
164466.000000
173178.000000
135886.000000
144201.000000
158365.000000
88440.000000
191947.000000
201714.000000
145632.000000
134289.000000
139556.000000
167619.000000
145699.000000
135803.000000
168085.000000
145699.000000
167740.000000
173265.000000
155585.000000
118068.000000
152442.000000
171273.000000
174215.000000
149961.000000
156436.000000
181135.000000
157472.000000
194327.000000
148703.000000
155441.000000
132778.000000
168433.000000
134879.000000
166130.000000
93236.000000
156205.000000
173957.000000
179231.000000
178846.000000
181027.000000
163728.000000
165154.000000
166405.000000
182606.000000
139681.000000
104769.000000
114653.000000
173130.000000
159883.000000
124585.000000
120878.000000
116824.000000
203064.000000
184776.000000
76063.000000
185636.000000
156194.000000
208382.000000
133955.000000
150748.000000
157217.000000
172386.000000
163453.000000
197281.000000
104262.000000
139842.000000
157782.000000
147123.000000
159930.000000
177770.000000
177494.000000
194190.000000
182586.000000
112900.000000
151667.000000
93274.000000
157742.000000
133725.000000
104160.000000
157875.000000
155091.000000
139032.000000
203123.000000
216060.000000
99231.000000
162641.000000
5364.000000
157494.000000
155057.000000
167012.000000
205325.000000
167154.000000
185813.000000
110785.000000
68367.000000
160688.000000
131669.000000
162934.000000
133755.000000
169362.000000
172841.000000
207517.000000
158614.000000
171860.000000
82565.000000
151533.000000
156559.000000
127068.000000
183786.000000
119365.000000
157842.000000
108160.000000
184669.000000
125941.000000
175164.000000
211914.000000
118401.000000
182597.000000
176956.000000
157325.000000
184936.000000
160996.000000
143197.000000
180165.000000
142305.000000
167471.000000
121695.000000
113027.000000
179032.000000
183802.000000
171216.000000
121028.000000
155068.000000
135762.000000
134692.000000
161808.000000
109368.000000
195009.000000
117910.000000
173894.000000
173585.000000
187059.000000
135434.000000
154484.000000
170871.000000
172285.000000
137132.000000
125681.000000
147183.000000
128252.000000
63256.000000
140639.000000
190466.000000
148488.000000
180761.000000
158889.000000
106797.000000
157902.000000
184475.000000
168659.000000
79607.000000
155540.000000
144671.000000
167358.000000
171923.000000
109140.000000
135543.000000
155676.000000
186051.000000
153738.000000
107089.000000
145886.000000
163507.000000
152367.000000
143979.000000
160281.000000
141767.000000
132165.000000
144058.000000
143281.000000
204511.000000
139352.000000
200073.000000
124054.000000
173424.000000
141286.000000
165878.000000
202571.000000
146826.000000
125243.000000
164814.000000
177152.000000
187338.000000
156785.000000
103662.000000
137103.000000
179210.000000
189550.000000
161784.000000
123739.000000
161311.000000
103324.000000
201725.000000
181310.000000
166595.000000
138735.000000
164490.000000
124474.000000
179059.000000
178696.000000
195053.000000
159013.000000
173052.000000
85670.000000
159545.000000
182590.000000
124227.000000
127054.000000
167195.000000
153045.000000
174090.000000
138371.000000
169071.000000
142181.000000
169610.000000
158871.000000
127029.000000
196650.000000
171551.000000
195453.000000
128723.000000
144208.000000
184793.000000
183520.000000
171496.000000
135918.000000
171113.000000
165129.000000
191434.000000
165832.000000
102268.000000
166158.000000
177110.000000
147735.000000
170440.000000
199846.000000
145828.000000
130453.000000
179556.000000
142195.000000
162604.000000
179026.000000
141283.000000
169020.000000
133429.000000
151584.000000
152521.000000
157377.000000
133592.000000
174655.000000
141283.000000
150017.000000
36659.000000
196612.000000
130842.000000
129132.000000
175670.000000
139108.000000
188899.000000
145683.000000
165863.000000
139778.000000
136798.000000
135216.000000
159032.000000
120903.000000
162135.000000
155220.000000
181803.000000
145247.000000
80906.000000
200260.000000
101910.000000
124342.000000
171151.000000
172667.000000
158130.000000
137214.000000
175200.000000
172982.000000
161972.000000
174580.000000
151127.000000
154257.000000
122845.000000
122165.000000
152771.000000
158088.000000
73164.000000
96293.000000
120377.000000
188385.000000
141215.000000
186197.000000
137309.000000
117595.000000
150485.000000
57602.000000
136459.000000
154370.000000
167711.000000
125564.000000
178036.000000
126151.000000
167716.000000
125488.000000
172404.000000
182964.000000
206554.000000
133801.000000
140015.000000
143223.000000
188002.000000
118778.000000
188897.000000
177210.000000
167774.000000
167799.000000
176011.000000
135102.000000
175835.000000
143297.000000
159860.000000
154412.000000
133840.000000
183633.000000
194441.000000
124056.000000
145457.000000
168753.000000
147472.000000
159641.000000
194720.000000
182665.000000
163325.000000
191999.000000
155978.000000
94108.000000
133876.000000
134844.000000
187487.000000
167747.000000
204201.000000
186194.000000
167037.000000
161405.000000
164405.000000
180235.000000
156736.000000
172732.000000
144908.000000
162056.000000
108653.000000
144048.000000
165948.000000
166728.000000
159063.000000
149451.000000
157963.000000
160662.000000
151694.000000
151112.000000
172008.000000
177949.000000
154735.000000
168047.000000
179958.000000
157703.000000
142196.000000
137655.000000
171188.000000
190104.000000
158564.000000
134928.000000
187090.000000
171214.000000
194108.000000
175987.000000
162259.000000
168175.000000
185161.000000
108633.000000
147002.000000
176242.000000
186966.000000
198373.000000
191274.000000
126408.000000
160450.000000
167416.000000
118246.000000
170748.000000
197906.000000
167707.000000
173901.000000
96218.000000
118072.000000
151602.000000
164213.000000
153254.000000
136179.000000
135254.000000
171647.000000
123753.000000
183260.000000
197306.000000
201430.000000
131677.000000
164553.000000
121078.000000
131116.000000
200724.000000
151129.000000
129715.000000
162337.000000
162079.000000
174666.000000
185193.000000
136270.000000
183759.000000
209708.000000
184921.000000
174919.000000
152010.000000
183931.000000
156513.000000
163906.000000
153503.000000
160660.000000
187927.000000
68280.000000
178456.000000
150093.000000
162349.000000
150579.000000
135578.000000
154531.000000
102468.000000
88508.000000
138959.000000
171810.000000
175101.000000
138577.000000
179231.000000
150193.000000
128344.000000
164402.000000
153115.000000
181138.000000
126361.000000
193952.000000
128428.000000
116719.000000
175376.000000
202248.000000
209465.000000
190343.000000
175283.000000
151378.000000
164679.000000
134059.000000
143078.000000
163268.000000
154541.000000
101141.000000
184089.000000
156384.000000
116332.000000
191383.000000
150720.000000
161980.000000
188175.000000
141686.000000
155707.000000
130667.000000
175176.000000
153010.000000
162706.000000
121966.000000
104907.000000
183486.000000
129168.000000
172908.000000
186449.000000
167252.000000
85721.000000
185995.000000
137452.000000
183987.000000
164418.000000
177678.000000
197157.000000
114823.000000
126124.000000
166962.000000
105395.000000
192595.000000
158791.000000
141149.000000
149138.000000
166673.000000
176013.000000
137814.000000
175080.000000
170426.000000
198736.000000
179442.000000
165437.000000
140394.000000
181440.000000
91171.000000
58007.000000
148910.000000
195818.000000
133200.000000
139615.000000
144028.000000
197675.000000
161874.000000
187270.000000
86394.000000
181066.000000
166877.000000
154970.000000
143406.000000
152949.000000
153867.000000
143145.000000
70821.000000
192363.000000
167828.000000
157324.000000
186455.000000
166473.000000
199805.000000
138698.000000
188665.000000
169461.000000
172970.000000
201101.000000
194800.000000
141310.000000
155547.000000
155897.000000
181105.000000
175454.000000
176400.000000
153617.000000
153513.000000
140026.000000
137902.000000
174289.000000
147726.000000
154381.000000
192792.000000
148627.000000
145437.000000
160120.000000
153124.000000
160227.000000
51005.000000
189841.000000
182721.000000
154956.000000
160063.000000
148666.000000
210294.000000
212990.000000
171507.000000
143077.000000
106368.000000
190413.000000
113843.000000
35574.000000
47085.000000
174644.000000
106333.000000
177652.000000
176749.000000
172761.000000
169937.000000
143564.000000
186905.000000
182770.000000
172119.000000
175819.000000
140279.000000
124805.000000
122086.000000
141639.000000
139120.000000
114402.000000
179385.000000
154730.000000
113003.000000
157607.000000
152997.000000
167725.000000
197211.000000
164727.000000
100680.000000
149434.000000
130196.000000
116168.000000
139367.000000
160328.000000
159701.000000
170307.000000
131498.000000
102273.000000
168604.000000
173909.000000
146004.000000
164186.000000
73668.000000
26595.000000
122188.000000
166903.000000
155565.000000
174937.000000
141719.000000
130194.000000
155981.000000
169309.000000
129335.000000
157447.000000
160941.000000
143718.000000
134646.000000
170292.000000
119601.000000
151041.000000
158511.000000
136495.000000
160466.000000
189425.000000
163822.000000
181550.000000
153887.000000
166765.000000
134718.000000
155042.000000
128559.000000
150591.000000
105468.000000
192132.000000
141025.000000
155260.000000
149618.000000
126740.000000
167384.000000
130457.000000
178970.000000
133688.000000
149588.000000
177272.000000
113039.000000
136918.000000
134969.000000
138378.000000
139542.000000
154396.000000
142322.000000
243273.000000
191327.000000
145399.000000
165485.000000
149005.000000
153685.000000
161572.000000
186597.000000
169633.000000
150970.000000
139138.000000
164136.000000
186882.000000
160071.000000
147087.000000
153320.000000
138663.000000
143661.000000
189759.000000
146382.000000
179345.000000
172079.000000
158763.000000
152934.000000
143087.000000
196598.000000
116477.000000
181197.000000
146556.000000
195990.000000
154512.000000
153577.000000
92191.000000
149386.000000
153351.000000
165790.000000
165889.000000
163521.000000
194091.000000
149093.000000
146659.000000
188617.000000
181831.000000
159134.000000
190317.000000
161560.000000
141365.000000
180131.000000
186134.000000
128704.000000
166211.000000
91312.000000
151952.000000
162944.000000
78002.000000
172853.000000
165796.000000
149343.000000
183831.000000
92399.000000
145078.000000
123524.000000
158287.000000
157387.000000
147331.000000
162277.000000
140217.000000
159585.000000
160043.000000
172035.000000
173621.000000
56315.000000
191832.000000
162417.000000
108851.000000
164599.000000
126815.000000
154596.000000
167151.000000
185729.000000
186389.000000
122090.000000
152922.000000
186103.000000
115691.000000
145867.000000
170176.000000
125071.000000
111314.000000
135752.000000
163759.000000
147663.000000
169231.000000
178417.000000
160061.000000
112808.000000
159942.000000
175391.000000
116519.000000
167668.000000
166655.000000
141563.000000
170962.000000
144099.000000
149601.000000
172054.000000
143787.000000
117273.000000
173102.000000
164934.000000
135566.000000
176039.000000
153322.000000
190760.000000
178402.000000
141341.000000
145407.000000
103124.000000
179623.000000
108409.000000
151189.000000
145813.000000
149182.000000
138633.000000
185675.000000
174710.000000
136673.000000
71682.000000
157784.000000
167836.000000
143004.000000
133272.000000
139986.000000
170026.000000
158650.000000
145006.000000
134474.000000
133936.000000
153094.000000
148909.000000
165546.000000
115793.000000
97650.000000
156436.000000
146291.000000
190596.000000
133703.000000
148219.000000
194543.000000
169981.000000
144703.000000
143600.000000
188493.000000
138362.000000
177081.000000
147685.000000
138003.000000
174763.000000
167694.000000
146224.000000
152993.000000
155221.000000
106548.000000
144886.000000
157327.000000
149475.000000
111591.000000
148011.000000
137270.000000
144648.000000
112596.000000
148701.000000
192147.000000
133009.000000
95753.000000
79536.000000
171192.000000
124546.000000
141376.000000
156323.000000
151987.000000
130598.000000
183666.000000
152919.000000
147231.000000
128889.000000
163213.000000
95798.000000
125937.000000
182546.000000
81172.000000
173057.000000
166097.000000
122978.000000
76239.000000
139259.000000
123987.000000
178497.000000
159600.000000
148020.000000
175229.000000
169989.000000
178545.000000
141252.000000
169504.000000
195941.000000
192815.000000
161982.000000
177843.000000
203032.000000
151091.000000
161183.000000
124081.000000
152800.000000
157585.000000
149267.000000
170843.000000
80547.000000
137512.000000
158508.000000
188698.000000
154227.000000
175314.000000
161279.000000
111325.000000
136416.000000
114838.000000
183609.000000
129127.000000
95126.000000
151654.000000
189886.000000
164780.000000
138976.000000
142878.000000
166596.000000
151510.000000
186932.000000
130313.000000
148973.000000
132702.000000
172508.000000
145493.000000
203870.000000
131090.000000
187388.000000
138041.000000
85024.000000
140350.000000
148591.000000
93441.000000
108719.000000
159826.000000
183052.000000
120970.000000
179344.000000
156799.000000
136633.000000
194018.000000
190218.000000
120351.000000
146919.000000
76625.000000
178705.000000
199735.000000
122609.000000
177755.000000
185666.000000
134681.000000
162691.000000
146721.000000
147413.000000
167328.000000
154117.000000
162520.000000
141322.000000
164165.000000
120331.000000
167391.000000
160671.000000
153916.000000
171083.000000
141270.000000
133799.000000
158338.000000
95138.000000
190243.000000
180673.000000
184893.000000
167429.000000
189875.000000
173898.000000
186924.000000
164246.000000
167730.000000
123527.000000
167808.000000
136376.000000
190461.000000
156619.000000
150748.000000
201349.000000
149288.000000
188449.000000
152137.000000
71824.000000
182928.000000
167125.000000
110524.000000
159998.000000
149112.000000
186726.000000
152717.000000
162867.000000
142841.000000
154977.000000
161091.000000
175721.000000
131847.000000
166650.000000
154273.000000
183319.000000
120280.000000
182958.000000
185915.000000
154204.000000
140432.000000
165922.000000
185954.000000
153623.000000
169747.000000
169145.000000
156251.000000
146962.000000
142788.000000
162477.000000
102086.000000
142942.000000
152076.000000
139988.000000
149140.000000
143074.000000
155231.000000
161306.000000
140396.000000
113752.000000
118436.000000
183664.000000
97515.000000
67294.000000
197193.000000
111597.000000
170302.000000
215499.000000
143479.000000
113757.000000
148772.000000
107539.000000
157169.000000
151470.000000
130378.000000
155068.000000
202979.000000
156325.000000
136068.000000
125401.000000
154003.000000
156309.000000
124863.000000
177259.000000
171825.000000
166322.000000
138595.000000
137271.000000
161142.000000
150911.000000
140682.000000
167001.000000
126065.000000
132935.000000
145105.000000
128375.000000
181754.000000
95049.000000
195036.000000
167217.000000
147553.000000
163019.000000
128740.000000
162997.000000
114335.000000
189741.000000
162609.000000
164493.000000
106784.000000
160036.000000
199276.000000
152314.000000
110026.000000
122511.000000
153981.000000
154556.000000
185582.000000
155556.000000
145383.000000
161894.000000
101278.000000
134056.000000
165939.000000
69223.000000
179000.000000
144683.000000
154020.000000
137735.000000
136636.000000
154789.000000
142573.000000
184469.000000
180045.000000
117172.000000
168875.000000
156361.000000
134586.000000
70874.000000
138954.000000
182168.000000
160317.000000
165396.000000
203156.000000
159903.000000
154463.000000
172885.000000
108391.000000
132655.000000
104458.000000
170834.000000
165833.000000
169471.000000
150615.000000
130454.000000
117286.000000
135082.000000
143789.000000
161580.000000
151019.000000
121172.000000
156720.000000
132355.000000
201871.000000
88208.000000
134167.000000
161274.000000
171271.000000
164936.000000
115306.000000
154407.000000
169154.000000
145016.000000
167449.000000
160578.000000
162156.000000
183215.000000
152850.000000
106467.000000
173760.000000
151034.000000
162674.000000
181938.000000
164608.000000
180734.000000
128736.000000
151367.000000
112044.000000
157177.000000
173326.000000
150819.000000
106337.000000
121293.000000
155690.000000
164199.000000
160112.000000
184832.000000
163668.000000
132972.000000
134402.000000
149949.000000
140083.000000
135495.000000
122233.000000
118325.000000
135378.000000
154688.000000
153211.000000
189447.000000
156892.000000
187677.000000
145219.000000
178065.000000
114865.000000
182197.000000
157285.000000
153845.000000
156448.000000
151805.000000
130243.000000
77870.000000
162551.000000
151186.000000
178130.000000
127812.000000
171737.000000
139653.000000
167747.000000
140799.000000
195764.000000
133631.000000
166022.000000
193497.000000
167095.000000
192126.000000
143689.000000
158907.000000
122768.000000
141298.000000
162706.000000
126148.000000
145810.000000
139657.000000
139310.000000
130546.000000
137196.000000
198209.000000
151672.000000
182064.000000
165038.000000
210727.000000
139479.000000
149807.000000
175255.000000
145166.000000
137062.000000
139241.000000
81261.000000
112786.000000
162325.000000
192622.000000
163392.000000
130180.000000
157877.000000
135270.000000
173821.000000
174300.000000
177438.000000
146847.000000
184007.000000
143250.000000
174774.000000
150935.000000
159099.000000
167323.000000
170775.000000
176345.000000
168064.000000
141847.000000
139797.000000
145749.000000
85530.000000
163439.000000
166529.000000
116708.000000
105425.000000
203213.000000
156088.000000
171609.000000
137855.000000
202717.000000
145341.000000
166316.000000
147956.000000
178500.000000
178890.000000
160889.000000
82447.000000
148220.000000
174559.000000
168383.000000
141616.000000
156004.000000
117944.000000
199414.000000
89070.000000
150531.000000
136853.000000
159694.000000
137848.000000
144764.000000
173718.000000
126936.000000
167313.000000
158458.000000
172502.000000
173063.000000
61728.000000
148418.000000
153996.000000
180707.000000
154172.000000
161166.000000
195371.000000
177076.000000
114628.000000
147013.000000
143387.000000
177665.000000
142074.000000
99288.000000
126567.000000
192442.000000
164968.000000
151332.000000
160990.000000
151967.000000
130178.000000
149747.000000
160343.000000
117249.000000
156740.000000
150903.000000
158728.000000
148804.000000
133854.000000
139912.000000
186543.000000
126859.000000
138208.000000
162003.000000
131363.000000
162603.000000
150260.000000
150787.000000
106804.000000
202764.000000
197320.000000
130232.000000
175912.000000
196018.000000
112839.000000
160383.000000
175548.000000
201123.000000
175385.000000
155712.000000
154961.000000
99589.000000
177180.000000
118189.000000
161930.000000
108536.000000
144149.000000
199927.000000
181684.000000
143308.000000
129418.000000
167383.000000
172004.000000
144583.000000
151138.000000
111261.000000
176847.000000
172124.000000
63997.000000
168492.000000
160592.000000
128955.000000
180843.000000
174478.000000
144731.000000
175706.000000
164419.000000
182122.000000
123397.000000
153891.000000
121843.000000
92609.000000
170334.000000
168423.000000
178456.000000
170856.000000
83803.000000
167440.000000
176781.000000
185066.000000
193052.000000
159342.000000
155924.000000
162121.000000
166766.000000
127502.000000
149279.000000
140763.000000
140938.000000
120420.000000
155003.000000
161009.000000
192504.000000
171259.000000
144408.000000
108132.000000
157078.000000
154144.000000
147436.000000
121698.000000
147145.000000
180062.000000
139396.000000
127418.000000
144625.000000
161023.000000
139359.000000
167421.000000
140370.000000
171709.000000
154668.000000
174293.000000
152505.000000
126878.000000
119289.000000
187063.000000
143887.000000
162139.000000
162632.000000
173456.000000
161351.000000
153884.000000
176582.000000
145450.000000
178300.000000
185701.000000
149001.000000
162877.000000
89896.000000
157434.000000
185904.000000
145749.000000
56669.000000
188380.000000
166302.000000
174880.000000
122154.000000
178603.000000
151554.000000
193861.000000
167902.000000
197268.000000
191115.000000
118673.000000
147454.000000
177056.000000
123611.000000
156612.000000
162423.000000
188515.000000
136460.000000
127893.000000
167344.000000
188362.000000
158201.000000
129254.000000
176453.000000
154439.000000
163655.000000
170578.000000
166060.000000
176790.000000
132645.000000
199693.000000
160749.000000
180110.000000
176620.000000
113391.000000
185835.000000
103366.000000
149233.000000
182646.000000
190640.000000
128788.000000
107569.000000
137175.000000
176834.000000
175411.000000
99942.000000
158519.000000
