0.000000
0.000000
0.000000
0.000000
0.000000
0.000000
0.000000
0.000000
0.000000
0.000000
0.000000
0.000000
0.000000
0.000000
0.000000
0.000000
0.000000
0.000000
0.000000
0.000000
0.000000
0.000000
0.000000
0.000000
0.000000
0.000000
0.000000
0.000000
0.000000
0.000000
0.000000
0.000000
0.000000
0.000000
0.000000
0.000000
0.000000
0.000000
0.000000
0.000000
0.000000
0.000000
0.000000
0.000000
0.000000
0.000000
0.000000
0.000000
0.000000
0.000000
0.000000
0.000000
0.000000
0.000000
0.000000
0.000000
0.000000
0.000000
0.000000
0.000000
0.000000
0.000000
0.000000
0.000000
0.000000
0.000000
0.000000
0.000000
0.000000
0.000000
0.000000
0.000000
0.000000
0.000000
0.000000
0.000000
0.000000
0.000000
0.000000
0.000000
0.000000
0.000000
0.000000
0.000000
0.000000
0.000000
0.000000
0.000000
0.000000
0.000000
0.000000
0.000000
0.000000
0.000000
0.000000
0.000000
0.000000
0.000000
0.000000
0.000000
0.000000
0.000000
0.000000
0.000000
0.000000
0.000000
0.000000
0.000000
0.000000
0.000000
0.000000
0.000000
0.000000
0.000000
0.000000
0.000000
0.000000
0.000000
0.000000
0.000000
0.000000
0.000000
0.000000
0.000000
0.000000
0.000000
0.000000
0.000000
0.000000
0.000000
0.000000
0.000000
0.000000
0.000000
0.000000
0.000000
0.000000
0.000000
0.000000
0.000000
0.000000
0.000000
0.000000
0.000000
0.000000
0.000000
0.000000
0.000000
0.000000
0.000000
0.000000
0.000000
0.000000
0.000000
0.000000
0.000000
0.000000
0.000000
0.000000
0.000000
0.000000
0.000000
0.000000
0.000000
0.000000
0.000000
0.000000
0.000000
0.000000
0.000000
0.000000
0.000000
0.000000
0.000000
0.000000
0.000000
0.000000
0.000000
0.000000
0.000000
0.000000
0.000000
0.000000
0.000000
0.000000
0.000000
0.000000
0.000000
0.000000
0.000000
0.000000
0.000000
0.000000
0.000000
0.000000
0.000000
0.000000
0.000000
0.000000
0.000000
0.000000
0.000000
0.000000
0.000000
0.000000
0.000000
0.000000
0.000000
0.000000
0.000000
0.000000
0.000000
0.000000
0.000000
0.000000
0.000000
0.000000
0.000000
0.000000
0.000000
0.000000
0.000000
0.000000
0.000000
0.000000
0.000000
0.000000
0.000000
0.000000
0.000000
0.000000
0.000000
0.000000
0.000000
0.000000
0.000000
0.000000
0.000000
0.000000
0.000000
0.000000
0.000000
0.000000
1538600.000000
199288.000000
570231.000000
273467.000000
151318.000000
123077.000000
641855.000000
207750.000000
392317.000000
280452.000000
961624.000000
789303.000000
380216.000000
303764.000000
917282.000000
1060862.000000
380679.000000
460345.000000
267818.000000
993076.000000
448155.000000
914748.000000
1066715.000000
187327.000000
920004.000000
845381.000000
444839.000000
675882.000000
959257.000000
386253.000000
952978.000000
637030.000000
593038.000000
902788.000000
334057.000000
404164.000000
371451.000000
1001655.000000
900788.000000
960256.000000
926181.000000
315367.000000
937996.000000
484995.000000
594788.000000
910546.000000
903839.000000
788849.000000
733701.000000
568969.000000
419461.000000
1099890.000000
839633.000000
167962.000000
888339.000000
280020.000000
72647.000000
335502.000000
104119.000000
871469.000000
402635.000000
443532.000000
819633.000000
333291.000000
963266.000000
399529.000000
955361.000000
244927.000000
891016.000000
643070.000000
653653.000000
526487.000000
839007.000000
405897.000000
411049.000000
123211.000000
670809.000000
407626.000000
858556.000000
896415.000000
531507.000000
718100.000000
66877.000000
915771.000000
1011566.000000
905857.000000
972444.000000
870009.000000
772483.000000
558951.000000
238906.000000
1026029.000000
311275.000000
909529.000000
245838.000000
680775.000000
1021940.000000
142762.000000
631244.000000
440198.000000
385912.000000
434902.000000
262034.000000
934859.000000
1012492.000000
772399.000000
227548.000000
206280.000000
619302.000000
877445.000000
1011720.000000
330085.000000
940126.000000
425489.000000
873388.000000
795164.000000
464264.000000
346291.000000
783894.000000
1015789.000000
95187.000000
705475.000000
403887.000000
779074.000000
916162.000000
1034770.000000
153076.000000
900794.000000
754334.000000
829478.000000
399758.000000
807506.000000
927622.000000
368416.000000
496887.000000
380221.000000
950685.000000
945520.000000
657220.000000
285203.000000
872763.000000
359257.000000
886421.000000
248789.000000
347161.000000
922489.000000
498867.000000
922608.000000
152874.000000
640918.000000
236288.000000
911065.000000
424632.000000
967513.000000
289951.000000
301137.000000
723529.000000
596447.000000
861347.000000
285260.000000
673553.000000
290014.000000
377473.000000
942369.000000
826406.000000
345886.000000
980607.000000
812181.000000
249139.000000
365188.000000
973087.000000
119812.000000
648548.000000
952682.000000
518689.000000
545706.000000
383555.000000
336174.000000
330325.000000
311646.000000
670303.000000
289010.000000
368804.000000
657944.000000
563641.000000
201598.000000
933496.000000
954283.000000
1081557.000000
574922.000000
937663.000000
944343.000000
1005730.000000
671388.000000
343263.000000
487957.000000
340591.000000
474237.000000
250060.000000
249578.000000
107044.000000
420522.000000
604759.000000
1026571.000000
894369.000000
784976.000000
427935.000000
733469.000000
407286.000000
926681.000000
872088.000000
152540.000000
167809.000000
384183.000000
945501.000000
814318.000000
303724.000000
452969.000000
708419.000000
936022.000000
113539.000000
977992.000000
459414.000000
943929.000000
357337.000000
509066.000000
433467.000000
867877.000000
531441.000000
605476.000000
303791.000000
564572.000000
905673.000000
951236.000000
466123.000000
818066.000000
939865.000000
990182.000000
1018637.000000
231540.000000
713831.000000
117750.000000
864322.000000
312062.000000
179651.000000
550552.000000
817384.000000
420518.000000
891195.000000
713865.000000
395324.000000
1002019.000000
4421.000000
440816.000000
1025363.000000
966170.000000
926914.000000
354175.000000
953156.000000
187836.000000
110826.000000
945308.000000
266662.000000
991632.000000
711149.000000
926673.000000
1001248.000000
480372.000000
350789.000000
1001242.000000
87551.000000
832056.000000
453025.000000
274307.000000
935127.000000
501594.000000
855459.000000
230599.000000
608865.000000
789416.000000
634617.000000
956707.000000
178506.000000
803010.000000
830682.000000
656905.000000
875286.000000
779805.000000
215852.000000
831616.000000
943977.000000
918272.000000
233510.000000
134790.000000
729960.000000
834740.000000
880872.000000
192370.000000
499238.000000
457375.000000
371671.000000
369302.000000
284152.000000
617206.000000
202492.000000
874278.000000
775552.000000
885916.000000
390198.000000
949931.000000
1004653.000000
418637.000000
522402.000000
381638.000000
242220.000000
383527.000000
123111.000000
978689.000000
1010970.000000
812447.000000
765264.000000
628278.000000
230753.000000
636392.000000
1084435.000000
949509.000000
223039.000000
843755.000000
594990.000000
938837.000000
951904.000000
282542.000000
621924.000000
671201.000000
824981.000000
472615.000000
199102.000000
812742.000000
372467.000000
495326.000000
196531.000000
843657.000000
378355.000000
369830.000000
360310.000000
793105.000000
991640.000000
242057.000000
963966.000000
308832.000000
522148.000000
287770.000000
276330.000000
630338.000000
432369.000000
762981.000000
708872.000000
398934.000000
918494.000000
396945.000000
179034.000000
927341.000000
973872.000000
908239.000000
932051.000000
320110.000000
463660.000000
186138.000000
839082.000000
857633.000000
375149.000000
463290.000000
1060412.000000
206515.000000
923299.000000
797808.000000
715256.000000
975390.000000
692438.000000
127249.000000
780514.000000
735462.000000
244527.000000
618870.000000
1007696.000000
573105.000000
944957.000000
922437.000000
568537.000000
466917.000000
586494.000000
905642.000000
531909.000000
1005916.000000
721783.000000
499241.000000
469984.000000
422454.000000
556466.000000
664968.000000
617443.000000
527936.000000
697835.000000
546928.000000
945699.000000
1108312.000000
159367.000000
944805.000000
352085.000000
471973.000000
714462.000000
847608.000000
564389.000000
286798.000000
861491.000000
276569.000000
912857.000000
846990.000000
387816.000000
1006221.000000
286918.000000
651912.000000
419120.000000
908619.000000
355103.000000
953411.000000
680430.000000
752225.000000
40792.000000
918986.000000
300835.000000
251509.000000
671426.000000
674781.000000
873101.000000
818456.000000
435606.000000
286793.000000
556622.000000
273160.000000
405755.000000
406450.000000
890900.000000
899636.000000
925800.000000
734576.000000
100963.000000
765875.000000
160291.000000
188490.000000
627262.000000
933869.000000
630421.000000
749458.000000
613449.000000
1053388.000000
584275.000000
903986.000000
894314.000000
836708.000000
412676.000000
152946.000000
811613.000000
508221.000000
138308.000000
195743.000000
484014.000000
860381.000000
637429.000000
1006386.000000
358175.000000
181206.000000
361986.000000
53627.000000
398627.000000
1052581.000000
910283.000000
221595.000000
952755.000000
280149.000000
938848.000000
379500.000000
614321.000000
279666.000000
939767.000000
746487.000000
630654.000000
388359.000000
942329.000000
518347.000000
403401.000000
776020.000000
545699.000000
488892.000000
397295.000000
310436.000000
691853.000000
333139.000000
444952.000000
1013994.000000
343494.000000
908428.000000
871157.000000
451734.000000
359235.000000
846801.000000
472180.000000
389029.000000
537197.000000
899134.000000
416647.000000
1013056.000000
903820.000000
177932.000000
814482.000000
339381.000000
970647.000000
879716.000000
840117.000000
622900.000000
887238.000000
585890.000000
453568.000000
873329.000000
239191.000000
739278.000000
948420.000000
321642.000000
310344.000000
445054.000000
860459.000000
570372.000000
375157.000000
502590.000000
399819.000000
777675.000000
877895.000000
257983.000000
763377.000000
638166.000000
824951.000000
867358.000000
1018723.000000
1027109.000000
477865.000000
600872.000000
746068.000000
977845.000000
400263.000000
323254.000000
737574.000000
955062.000000
938262.000000
916497.000000
583040.000000
566707.000000
560972.000000
216280.000000
449006.000000
889518.000000
1066402.000000
750998.000000
872312.000000
409843.000000
884306.000000
321091.000000
173913.000000
593437.000000
817460.000000
803604.000000
643396.000000
187409.000000
182992.000000
325064.000000
1090911.000000
230838.000000
304898.000000
352964.000000
453856.000000
486906.000000
1158463.000000
968096.000000
634961.000000
180957.000000
365124.000000
265843.000000
278048.000000
1149419.000000
538465.000000
619084.000000
331327.000000
855636.000000
992504.000000
946950.000000
372620.000000
1005770.000000
1025555.000000
878743.000000
803582.000000
1001589.000000
986845.000000
560656.000000
586324.000000
348542.000000
454083.000000
904652.000000
86899.000000
721130.000000
794432.000000
887878.000000
261239.000000
612079.000000
458481.000000
153750.000000
172848.000000
725929.000000
347422.000000
555602.000000
326688.000000
763909.000000
680344.000000
661750.000000
973245.000000
438100.000000
1009115.000000
266073.000000
599885.000000
379476.000000
272393.000000
892809.000000
972676.000000
836828.000000
775244.000000
796899.000000
773940.000000
886377.000000
327654.000000
262341.000000
968122.000000
437594.000000
536665.000000
577688.000000
329804.000000
624735.000000
800617.000000
416088.000000
559583.000000
978177.000000
312914.000000
516004.000000
438293.000000
532123.000000
496732.000000
834333.000000
163069.000000
288011.000000
389545.000000
253032.000000
466566.000000
988522.000000
406580.000000
123192.000000
905397.000000
713267.000000
545069.000000
442623.000000
736644.000000
881497.000000
318711.000000
556682.000000
456398.000000
388982.000000
985406.000000
787565.000000
833377.000000
855282.000000
922022.000000
950317.000000
445253.000000
919356.000000
887716.000000
986964.000000
420205.000000
799423.000000
335162.000000
999284.000000
158506.000000
70721.000000
277329.000000
1104990.000000
864239.000000
750261.000000
283233.000000
430466.000000
957037.000000
846402.000000
117745.000000
842088.000000
856731.000000
454840.000000
279381.000000
951617.000000
762194.000000
361958.000000
95897.000000
1030406.000000
966040.000000
890746.000000
486079.000000
794047.000000
850226.000000
800860.000000
991199.000000
795998.000000
1073972.000000
952120.000000
830021.000000
493373.000000
504953.000000
990338.000000
841321.000000
522290.000000
891025.000000
545850.000000
647377.000000
629889.000000
343122.000000
678855.000000
697449.000000
497254.000000
635572.000000
697570.000000
464140.000000
520716.000000
343813.000000
586700.000000
65437.000000
408392.000000
427787.000000
404188.000000
357336.000000
390929.000000
430722.000000
1025945.000000
922186.000000
463297.000000
204427.000000
829821.000000
153032.000000
28188.000000
116192.000000
850536.000000
240053.000000
986813.000000
876813.000000
379654.000000
446806.000000
791543.000000
400778.000000
969170.000000
823166.000000
849521.000000
886507.000000
646084.000000
239514.000000
459403.000000
529197.000000
232227.000000
1052549.000000
641289.000000
249953.000000
456276.000000
410306.000000
386459.000000
934848.000000
655927.000000
115439.000000
755791.000000
523955.000000
326450.000000
251813.000000
787510.000000
362973.000000
702142.000000
813196.000000
141784.000000
399953.000000
875884.000000
329441.000000
469336.000000
135073.000000
28922.000000
263969.000000
914636.000000
526531.000000
915756.000000
380735.000000
338342.000000
1000758.000000
629580.000000
220320.000000
434792.000000
306647.000000
304888.000000
328016.000000
1003211.000000
275593.000000
889426.000000
969103.000000
156110.000000
775150.000000
1024789.000000
418886.000000
925273.000000
243641.000000
580363.000000
438976.000000
699885.000000
626222.000000
848211.000000
169535.000000
1026970.000000
372005.000000
936717.000000
480425.000000
421941.000000
639668.000000
391960.000000
962561.000000
563366.000000
862306.000000
549370.000000
218610.000000
288744.000000
259711.000000
199807.000000
375246.000000
390349.000000
711574.000000
931899.000000
566919.000000
856202.000000
656659.000000
839255.000000
868220.000000
930152.000000
975252.000000
982027.000000
450558.000000
443964.000000
310816.000000
998048.000000
1036271.000000
431328.000000
670579.000000
296824.000000
749138.000000
1015742.000000
286822.000000
955311.000000
459881.000000
413941.000000
772005.000000
251469.000000
877632.000000
200891.000000
445905.000000
837908.000000
1033232.000000
1006184.000000
496751.000000
124295.000000
407681.000000
438949.000000
819993.000000
913196.000000
937801.000000
614270.000000
369739.000000
480448.000000
670980.000000
1098390.000000
785766.000000
920758.000000
1108056.000000
960586.000000
602695.000000
990319.000000
516815.000000
844021.000000
176021.000000
334589.000000
402017.000000
74345.000000
959071.000000
326058.000000
541346.000000
465533.000000
205600.000000
276675.000000
171247.000000
432897.000000
231713.000000
614752.000000
403692.000000
227543.000000
660401.000000
362353.000000
825047.000000
868015.000000
101485.000000
951151.000000
976672.000000
279385.000000
760163.000000
234303.000000
573603.000000
405517.000000
818568.000000
924752.000000
367883.000000
867663.000000
893902.000000
194506.000000
755716.000000
848673.000000
473899.000000
235311.000000
198226.000000
538308.000000
375348.000000
441657.000000
890036.000000
833456.000000
177738.000000
797874.000000
726850.000000
169272.000000
306669.000000
448124.000000
259696.000000
837667.000000
669607.000000
598246.000000
947198.000000
469882.000000
397374.000000
1046650.000000
658059.000000
312049.000000
985321.000000
347193.000000
924702.000000
279149.000000
250817.000000
826616.000000
131984.000000
900026.000000
322154.000000
363876.000000
1012366.000000
780767.000000
543503.000000
806580.000000
472315.000000
537607.000000
74907.000000
368681.000000
310796.000000
377814.000000
462480.000000
371454.000000
1076863.000000
318242.000000
278649.000000
325926.000000
263172.000000
403354.000000
436766.000000
912637.000000
159653.000000
132276.000000
598584.000000
236635.000000
966257.000000
321409.000000
693866.000000
850680.000000
592872.000000
427133.000000
583424.000000
548343.000000
691515.000000
785616.000000
849008.000000
338661.000000
853566.000000
952097.000000
805347.000000
555297.000000
401379.000000
147523.000000
723248.000000
848549.000000
887154.000000
220914.000000
664792.000000
560608.000000
649201.000000
155741.000000
307797.000000
471039.000000
395554.000000
146899.000000
120212.000000
838819.000000
396764.000000
279693.000000
285618.000000
496746.000000
393201.000000
506555.000000
718258.000000
432528.000000
213236.000000
907910.000000
174401.000000
193365.000000
928328.000000
108239.000000
491032.000000
344579.000000
294945.000000
86126.000000
972284.000000
625336.000000
663185.000000
846162.000000
1012352.000000
872967.000000
365198.000000
870955.000000
482726.000000
1020273.000000
525791.000000
933065.000000
408389.000000
926977.000000
917286.000000
420949.000000
221662.000000
516980.000000
1086876.000000
619203.000000
358795.000000
1092176.000000
107021.000000
702624.000000
988288.000000
696739.000000
396970.000000
798577.000000
562248.000000
198355.000000
813456.000000
222547.000000
930465.000000
269647.000000
228733.000000
469503.000000
496163.000000
819122.000000
463202.000000
291433.000000
350160.000000
473391.000000
928674.000000
271193.000000
731157.000000
298970.000000
382938.000000
308105.000000
953553.000000
287431.000000
583959.000000
268853.000000
129500.000000
905018.000000
940576.000000
108714.000000
154043.000000
382593.000000
921996.000000
322290.000000
955005.000000
411107.000000
325378.000000
1069718.000000
566726.000000
444369.000000
515811.000000
116285.000000
943540.000000
926754.000000
591095.000000
1001447.000000
894589.000000
296498.000000
918181.000000
382967.000000
289792.000000
462104.000000
614230.000000
432557.000000
309861.000000
574196.000000
210715.000000
941794.000000
833563.000000
277848.000000
902587.000000
790593.000000
260732.000000
630974.000000
142814.000000
530132.000000
910803.000000
1013200.000000
449357.000000
943235.000000
881552.000000
1018772.000000
995929.000000
440867.000000
370939.000000
1005268.000000
496006.000000
667652.000000
528323.000000
596631.000000
563351.000000
373140.000000
857431.000000
574099.000000
113337.000000
945462.000000
947315.000000
159987.000000
929615.000000
576036.000000
834021.000000
413687.000000
983940.000000
511975.000000
815036.000000
922832.000000
861558.000000
264119.000000
477748.000000
368856.000000
941632.000000
440711.000000
963409.000000
932271.000000
408910.000000
418800.000000
522093.000000
544841.000000
292442.000000
1020828.000000
470180.000000
515545.000000
604342.000000
502279.000000
700702.000000
127875.000000
657499.000000
750790.000000
423606.000000
645207.000000
845610.000000
368196.000000
440286.000000
495721.000000
293856.000000
439722.000000
683817.000000
136158.000000
93112.000000
911744.000000
375788.000000
493761.000000
937639.000000
467298.000000
221153.000000
362213.000000
237677.000000
417068.000000
871850.000000
229967.000000
403858.000000
705893.000000
869175.000000
509870.000000
634050.000000
425072.000000
436166.000000
890427.000000
807957.000000
1195819.000000
794101.000000
703854.000000
462154.000000
1050909.000000
611178.000000
482425.000000
815604.000000
232711.000000
287457.000000
952424.000000
242007.000000
1026776.000000
141481.000000
1012858.000000
457758.000000
384846.000000
961514.000000
189352.000000
566194.000000
266731.000000
440221.000000
891035.000000
416883.000000
107287.000000
835195.000000
971584.000000
917514.000000
190908.000000
455424.000000
545899.000000
613691.000000
1001656.000000
910500.000000
826797.000000
937080.000000
179422.000000
310557.000000
397045.000000
83392.000000
376641.000000
340143.000000
354197.000000
643163.000000
940786.000000
884829.000000
801047.000000
882190.000000
889139.000000
353247.000000
337065.000000
420824.000000
219299.000000
96321.000000
809873.000000
914056.000000
825802.000000
687415.000000
1092788.000000
977904.000000
874620.000000
983929.000000
255299.000000
530157.000000
323933.000000
358891.000000
471302.000000
516476.000000
354807.000000
209879.000000
195854.000000
248991.000000
752976.000000
933279.000000
1023635.000000
188868.000000
407607.000000
363176.000000
1025636.000000
118700.000000
277212.000000
973354.000000
935121.000000
700819.000000
772385.000000
906593.000000
716236.000000
582099.000000
1037915.000000
696454.000000
999601.000000
409890.000000
977035.000000
397166.000000
867300.000000
262183.000000
711571.000000
407039.000000
832409.000000
543897.000000
303515.000000
345702.000000
645819.000000
326689.000000
561661.000000
301186.000000
431732.000000
365862.000000
500838.000000
733050.000000
870268.000000
977850.000000
463715.000000
442259.000000
192872.000000
587206.000000
344157.000000
401193.000000
391903.000000
375960.000000
300517.000000
341440.000000
781140.000000
854395.000000
346340.000000
786198.000000
818617.000000
428123.000000
457926.000000
743577.000000
394382.000000
476533.000000
317628.000000
865343.000000
298141.000000
135699.000000
397158.000000
644303.000000
999251.000000
252066.000000
919988.000000
327474.000000
450439.000000
911856.000000
995207.000000
423998.000000
728466.000000
1018557.000000
866859.000000
1023402.000000
227206.000000
535742.000000
284029.000000
328557.000000
429101.000000
257521.000000
366798.000000
329461.000000
230044.000000
282838.000000
527737.000000
924713.000000
370729.000000
907201.000000
844566.000000
823916.000000
519342.000000
635436.000000
903086.000000
588995.000000
474126.000000
416619.000000
88869.000000
163682.000000
539432.000000
1002564.000000
919957.000000
755551.000000
993550.000000
273301.000000
941934.000000
982841.000000
847316.000000
731319.000000
871440.000000
471638.000000
1087813.000000
767956.000000
611063.000000
608462.000000
735753.000000
869888.000000
614592.000000
555553.000000
318258.000000
520740.000000
232762.000000
1064356.000000
847306.000000
312952.000000
221327.000000
858138.000000
557014.000000
375645.000000
575143.000000
787975.000000
284282.000000
558916.000000
604350.000000
844678.000000
1071571.000000
728311.000000
75806.000000
336541.000000
659225.000000
983336.000000
696629.000000
473085.000000
349951.000000
877264.000000
187311.000000
908511.000000
678856.000000
975393.000000
561371.000000
316006.000000
514944.000000
877383.000000
827598.000000
469555.000000
711018.000000
829876.000000
83496.000000
375150.000000
949967.000000
740810.000000
491992.000000
988556.000000
594891.000000
985389.000000
204365.000000
524765.000000
204316.000000
558530.000000
601709.000000
155658.000000
374350.000000
804324.000000
885511.000000
405293.000000
962873.000000
395694.000000
496935.000000
691121.000000
740892.000000
179614.000000
1034469.000000
868378.000000
515018.000000
428564.000000
450101.000000
501130.000000
661849.000000
482432.000000
484079.000000
867764.000000
628338.000000
996322.000000
483485.000000
401953.000000
299491.000000
909238.000000
984637.000000
408745.000000
1039866.000000
941431.000000
160062.000000
862629.000000
569938.000000
613305.000000
922642.000000
585620.000000
811327.000000
143210.000000
1019818.000000
396264.000000
671546.000000
164473.000000
456871.000000
803043.000000
996192.000000
998731.000000
394730.000000
854219.000000
810489.000000
916070.000000
620980.000000
237869.000000
834432.000000
930100.000000
125704.000000
520794.000000
933115.000000
525412.000000
879166.000000
780615.000000
362045.000000
438531.000000
918304.000000
356845.000000
247396.000000
398625.000000
324795.000000
98153.000000
665041.000000
830933.000000
779956.000000
759974.000000
152553.000000
562415.000000
1064048.000000
953970.000000
878591.000000
861127.000000
592715.000000
308186.000000
802447.000000
233716.000000
744343.000000
361065.000000
656267.000000
353652.000000
501649.000000
613705.000000
1088070.000000
902994.000000
496734.000000
299270.000000
430406.000000
841119.000000
538932.000000
384082.000000
565369.000000
981859.000000
288360.000000
594695.000000
435653.000000
801476.000000
651007.000000
983043.000000
885231.000000
845794.000000
769102.000000
678644.000000
869907.000000
624532.000000
240552.000000
844533.000000
386290.000000
924394.000000
711165.000000
850336.000000
877982.000000
349773.000000
909199.000000
717790.000000
921125.000000
1020660.000000
557076.000000
634781.000000
186000.000000
696009.000000
951139.000000
1037647.000000
88791.000000
800868.000000
450421.000000
819217.000000
707250.000000
1052829.000000
704334.000000
955356.000000
1041892.000000
1001992.000000
575502.000000
216508.000000
341579.000000
678197.000000
236304.000000
325259.000000
434453.000000
918929.000000
415107.000000
484277.000000
299489.000000
958792.000000
466260.000000
203892.000000
737131.000000
311843.000000
642972.000000
764756.000000
807101.000000
319342.000000
744665.000000
1114593.000000
516814.000000
873582.000000
524773.000000
176718.000000
1101539.000000
263326.000000
849008.000000
1133001.000000
958920.000000
867346.000000
172534.000000
693100.000000
849303.000000
885280.000000
209708.000000
968261.000000
