0.000000
0.000000
0.000000
0.000000
0.000000
0.000000
0.000000
0.000000
0.000000
0.000000
0.000000
0.000000
0.000000
0.000000
0.000000
0.000000
0.000000
0.000000
0.000000
0.000000
0.000000
0.000000
0.000000
0.000000
0.000000
10185855.000000
5619470.000000
1012282.000000
574048.000000
391355.000000
73125.000000
276040.000000
122864.000000
713797.000000
251404.000000
3598074.000000
1532019.000000
213688.000000
404751.000000
159917.000000
4046696.000000
5369219.000000
620895.000000
6299793.000000
1770182.000000
1075423.000000
2943523.000000
666955.000000
1470973.000000
437532.000000
439293.000000
1049229.000000
442554.000000
5856685.000000
1298403.000000
55921.000000
334952.000000
3259384.000000
357370.000000
389462.000000
5608394.000000
244472.000000
484474.000000
576435.000000
5606904.000000
500592.000000
208317.000000
2923902.000000
3508867.000000
776574.000000
4900723.000000
364558.000000
422089.000000
719758.000000
236944.000000
5658261.000000
766934.000000
6065029.000000
1194869.000000
279344.000000
877710.000000
942030.000000
430769.000000
1366196.000000
6121932.000000
4325765.000000
449012.000000
661617.000000
3716664.000000
372102.000000
269570.000000
562263.000000
260387.000000
5500801.000000
600735.000000
369842.000000
803661.000000
431751.000000
4092047.000000
6353265.000000
532956.000000
4027174.000000
4234193.000000
352637.000000
5057217.000000
1798657.000000
239884.000000
522862.000000
821027.000000
211867.000000
358289.000000
5848444.000000
722829.000000
5925860.000000
2363372.000000
912674.000000
877922.000000
1149231.000000
6079218.000000
910505.000000
5308405.000000
621928.000000
276880.000000
274232.000000
4757752.000000
420812.000000
1533887.000000
6045974.000000
627013.000000
199795.000000
4543156.000000
4439692.000000
3783150.000000
312817.000000
4448367.000000
3815893.000000
2586341.000000
3078524.000000
3164194.000000
437955.000000
817127.000000
6260134.000000
3140654.000000
374730.000000
556066.000000
338415.000000
729310.000000
644772.000000
1885671.000000
442590.000000
4165052.000000
590855.000000
2303028.000000
287282.000000
479762.000000
264339.000000
3775450.000000
321536.000000
172963.000000
910282.000000
1078693.000000
2761231.000000
3912817.000000
6232600.000000
3220659.000000
699659.000000
126681.000000
476225.000000
33452.000000
724867.000000
470339.000000
849950.000000
958536.000000
698254.000000
595569.000000
319529.000000
385281.000000
1935557.000000
657515.000000
3594781.000000
259296.000000
640999.000000
4735781.000000
2212230.000000
6979408.000000
611367.000000
310409.000000
508461.000000
36483.000000
570595.000000
3860792.000000
1171889.000000
5337123.000000
310008.000000
1900459.000000
526517.000000
240557.000000
859370.000000
6747195.000000
357454.000000
593223.000000
958427.000000
1038296.000000
5641243.000000
333942.000000
156868.000000
418015.000000
4577743.000000
473192.000000
308863.000000
454519.000000
440918.000000
493642.000000
6576613.000000
4642284.000000
629566.000000
2398461.000000
622639.000000
432417.000000
4083927.000000
399270.000000
594015.000000
1209736.000000
489434.000000
4804227.000000
3809450.000000
189890.000000
534434.000000
2849054.000000
360436.000000
4876686.000000
468011.000000
6433599.000000
340497.000000
3330985.000000
284829.000000
4309422.000000
493665.000000
670476.000000
1487820.000000
909370.000000
898003.000000
562419.000000
1081704.000000
232835.000000
694554.000000
300742.000000
146040.000000
169298.000000
866047.000000
215374.000000
416757.000000
296383.000000
4461154.000000
3593160.000000
395128.000000
323152.000000
2942003.000000
5121894.000000
493376.000000
514095.000000
314485.000000
5977258.000000
628590.000000
2379891.000000
4050165.000000
169168.000000
3891263.000000
2396004.000000
539412.000000
1147048.000000
6238535.000000
442136.000000
5244805.000000
690785.000000
702181.000000
4998526.000000
310685.000000
517430.000000
481972.000000
6188132.000000
5111258.000000
2672876.000000
3675269.000000
357834.000000
4747511.000000
704103.000000
861303.000000
5540436.000000
2198419.000000
2418285.000000
1330007.000000
685336.000000
570754.000000
5330629.000000
1737846.000000
142457.000000
4997223.000000
286906.000000
102646.000000
431416.000000
134636.000000
1535153.000000
368641.000000
493278.000000
3515480.000000
399638.000000
3874001.000000
483306.000000
4737836.000000
252480.000000
4100818.000000
1035781.000000
830980.000000
649628.000000
4460738.000000
465121.000000
438336.000000
146658.000000
1236704.000000
479538.000000
2120646.000000
3050600.000000
697193.000000
1278234.000000
98929.000000
6547146.000000
1990202.000000
5112906.000000
6302013.000000
2986333.000000
4303791.000000
816129.000000
281617.000000
3665709.000000
380934.000000
5890514.000000
385452.000000
1311455.000000
4921465.000000
131829.000000
798648.000000
604284.000000
381461.000000
479566.000000
305672.000000
3189535.000000
4225439.000000
4050687.000000
232778.000000
241136.000000
1070306.000000
5518401.000000
4192574.000000
249977.000000
4361918.000000
473182.000000
2240072.000000
1748513.000000
691906.000000
415468.000000
1556853.000000
3004141.000000
103254.000000
1025916.000000
464501.000000
1122382.000000
3990436.000000
3609247.000000
171185.000000
2544576.000000
1232581.000000
6591511.000000
479576.000000
3009250.000000
2606575.000000
390271.000000
715945.000000
389326.000000
3787665.000000
5605684.000000
1106216.000000
326107.000000
4190430.000000
483177.000000
6137122.000000
281580.000000
426297.000000
2304397.000000
609892.000000
5895717.000000
193988.000000
1193146.000000
243752.000000
4422858.000000
581074.000000
3154749.000000
333460.000000
293572.000000
1291245.000000
1015395.000000
2787735.000000
347282.000000
982519.000000
380671.000000
491166.000000
4061550.000000
3436096.000000
378964.000000
4559857.000000
4698511.000000
317193.000000
478251.000000
6567804.000000
140507.000000
1129786.000000
3680342.000000
781727.000000
846782.000000
456528.000000
357220.000000
423572.000000
323442.000000
1226503.000000
290256.000000
386428.000000
1009372.000000
934517.000000
241131.000000
4788117.000000
6501142.000000
5848679.000000
948892.000000
5496450.000000
5471823.000000
5479949.000000
1138848.000000
348998.000000
602880.000000
347677.000000
581740.000000
314547.000000
247023.000000
139568.000000
476264.000000
840977.000000
5538483.000000
1555576.000000
4375749.000000
525825.000000
1336211.000000
659187.000000
2360545.000000
1857184.000000
152961.000000
200474.000000
503004.000000
3340655.000000
3680125.000000
325657.000000
490991.000000
1161258.000000
6601142.000000
126850.000000
6186956.000000
606491.000000
5975116.000000
376023.000000
608564.000000
521373.000000
5852886.000000
653678.000000
863327.000000
336766.000000
851351.000000
4475283.000000
3743934.000000
456745.000000
4430559.000000
3508501.000000
6411495.000000
6461336.000000
257544.000000
977500.000000
110675.000000
2187030.000000
365414.000000
205146.000000
903552.000000
1668824.000000
517429.000000
4773380.000000
996392.000000
512780.000000
4672411.000000
5239.000000
441651.000000
4051047.000000
4315154.000000
5094773.000000
493396.000000
3936517.000000
169365.000000
112132.000000
5507468.000000
283221.000000
3770955.000000
1440856.000000
6113042.000000
5294427.000000
691782.000000
480390.000000
4914909.000000
85723.000000
2332832.000000
533404.000000
299222.000000
4399067.000000
567847.000000
1970532.000000
211020.000000
851500.000000
3279523.000000
842793.000000
3631374.000000
235167.000000
2551358.000000
2324389.000000
1122600.000000
5261765.000000
1315553.000000
290952.000000
2383058.000000
4543746.000000
5914186.000000
268101.000000
196864.000000
1360766.000000
2819747.000000
5518033.000000
271025.000000
638629.000000
514908.000000
427478.000000
428573.000000
347766.000000
889373.000000
216813.000000
4979007.000000
1727687.000000
5236224.000000
407646.000000
4226873.000000
5726778.000000
564631.000000
620654.000000
455205.000000
291248.000000
543734.000000
102386.000000
5301791.000000
2965070.000000
2636849.000000
1375349.000000
882850.000000
248629.000000
1189054.000000
4263209.000000
4288980.000000
259201.000000
5188866.000000
934237.000000
6248634.000000
6259466.000000
277640.000000
974831.000000
1184210.000000
5799359.000000
478102.000000
216334.000000
1823222.000000
441730.000000
489596.000000
248739.000000
6231475.000000
531326.000000
435511.000000
474380.000000
3315451.000000
6542190.000000
273795.000000
6593409.000000
364599.000000
700264.000000
331465.000000
354076.000000
917604.000000
479000.000000
1541019.000000
1165810.000000
360809.000000
3220017.000000
479385.000000
190951.000000
2863849.000000
3264157.000000
6555228.000000
3102514.000000
316439.000000
601137.000000
225548.000000
3086603.000000
4777895.000000
461726.000000
490526.000000
5194022.000000
238762.000000
6124864.000000
3919455.000000
1159077.000000
2315943.000000
977272.000000
137965.000000
3106872.000000
1717277.000000
301908.000000
1054133.000000
6705240.000000
1022522.000000
4959681.000000
2308531.000000
751888.000000
622433.000000
637899.000000
3782305.000000
666746.000000
6692089.000000
4421083.000000
859355.000000
509762.000000
458415.000000
784163.000000
934929.000000
930081.000000
666140.000000
948817.000000
802403.000000
2159485.000000
5854844.000000
155433.000000
4037148.000000
535912.000000
662994.000000
1203470.000000
2198737.000000
763378.000000
344234.000000
1866499.000000
348303.000000
3398691.000000
1474813.000000
413480.000000
5791250.000000
284306.000000
1008149.000000
483163.000000
4364448.000000
364720.000000
2849973.000000
2893943.000000
2805512.000000
41733.000000
2797662.000000
398541.000000
262809.000000
1196758.000000
1386585.000000
2886379.000000
2827172.000000
495312.000000
390644.000000
787977.000000
315102.000000
495116.000000
579293.000000
5731835.000000
6675548.000000
4542029.000000
1073365.000000
97856.000000
2233964.000000
176380.000000
216586.000000
702650.000000
3998913.000000
982754.000000
1341191.000000
765018.000000
6215042.000000
879577.000000
1799185.000000
4330277.000000
1325647.000000
498399.000000
228172.000000
1597616.000000
597200.000000
115165.000000
199321.000000
525799.000000
3563136.000000
1070039.000000
5700595.000000
353279.000000
231702.000000
498060.000000
72449.000000
461381.000000
4383740.000000
3544062.000000
238863.000000
3967178.000000
323389.000000
4939137.000000
354647.000000
1010731.000000
387770.000000
5771508.000000
3626950.000000
950596.000000
402740.000000
1935567.000000
589874.000000
495201.000000
5240728.000000
813427.000000
722152.000000
425554.000000
370232.000000
1069243.000000
382665.000000
528089.000000
5975618.000000
326782.000000
4567288.000000
4309288.000000
443454.000000
354807.000000
5048353.000000
413396.000000
428136.000000
837277.000000
1748543.000000
576042.000000
3727970.000000
3835595.000000
168945.000000
3594629.000000
410030.000000
2858167.000000
3855793.000000
1370014.000000
914020.000000
4706068.000000
829102.000000
677544.000000
5055984.000000
285031.000000
1771135.000000
3496368.000000
339383.000000
293307.000000
411240.000000
4393621.000000
781439.000000
409274.000000
569790.000000
578030.000000
1290244.000000
2465264.000000
292335.000000
1282060.000000
1075164.000000
1712038.000000
6947699.000000
3306990.000000
6546614.000000
521943.000000
858513.000000
1480769.000000
5598240.000000
421190.000000
366462.000000
979876.000000
5586706.000000
4336170.000000
5173563.000000
1186698.000000
788241.000000
693901.000000
195722.000000
450514.000000
1653762.000000
5828086.000000
5585377.000000
4996013.000000
475168.000000
4197251.000000
313770.000000
201589.000000
779983.000000
3153569.000000
1301463.000000
923465.000000
182107.000000
215241.000000
422549.000000
6424982.000000
331574.000000
397518.000000
340637.000000
489789.000000
545073.000000
6306267.000000
5893456.000000
870858.000000
197959.000000
381932.000000
320138.000000
247070.000000
5349519.000000
764298.000000
940490.000000
333000.000000
1870833.000000
6136868.000000
2368469.000000
452403.000000
3947610.000000
6393304.000000
5644538.000000
4191288.000000
3905362.000000
4698599.000000
723766.000000
773954.000000
449930.000000
589866.000000
5382613.000000
106616.000000
1156466.000000
1518418.000000
4430658.000000
318281.000000
1088613.000000
706552.000000
152821.000000
182252.000000
4054269.000000
378666.000000
757909.000000
493853.000000
1581310.000000
1088786.000000
1119861.000000
3591493.000000
525107.000000
6066268.000000
333345.000000
719742.000000
418355.000000
306460.000000
2998186.000000
3115628.000000
3616088.000000
1951456.000000
1392360.000000
1809580.000000
4882283.000000
320807.000000
367432.000000
4977123.000000
528794.000000
624834.000000
854157.000000
394388.000000
1055534.000000
4395903.000000
501393.000000
736325.000000
6252428.000000
305531.000000
487492.000000
479234.000000
802735.000000
683004.000000
3735675.000000
223040.000000
308543.000000
504955.000000
231818.000000
545741.000000
5182055.000000
466408.000000
154778.000000
4761288.000000
1170754.000000
609588.000000
511498.000000
1254839.000000
4125136.000000
271165.000000
786982.000000
485788.000000
446268.000000
3873528.000000
1491805.000000
1903034.000000
2443026.000000
5633727.000000
4763438.000000
483779.000000
5665716.000000
3250656.000000
3755862.000000
494223.000000
4914541.000000
359089.000000
6020519.000000
178349.000000
78922.000000
354473.000000
5964074.000000
1722061.000000
1344333.000000
339911.000000
527891.000000
5818719.000000
3855486.000000
132039.000000
3855148.000000
5080792.000000
426391.000000
288791.000000
2926737.000000
1069110.000000
408158.000000
123678.000000
3370207.000000
2225169.000000
5399991.000000
661115.000000
3090409.000000
1675000.000000
2428908.000000
3108438.000000
1575301.000000
7011962.000000
5564023.000000
6670452.000000
624190.000000
503198.000000
5432511.000000
1614632.000000
625681.000000
2100629.000000
823759.000000
985993.000000
989584.000000
363064.000000
1060964.000000
1284061.000000
582072.000000
863198.000000
1102407.000000
628384.000000
669705.000000
479535.000000
838837.000000
51226.000000
488940.000000
486271.000000
405088.000000
388140.000000
451607.000000
463573.000000
6775574.000000
3472449.000000
523381.000000
227411.000000
2428631.000000
201836.000000
32949.000000
92082.000000
6351661.000000
321601.000000
3886252.000000
4771010.000000
480115.000000
580876.000000
2391171.000000
383722.000000
6442341.000000
1973147.000000
1738416.000000
4108047.000000
888966.000000
268683.000000
620682.000000
735054.000000
299015.000000
6408479.000000
836763.000000
271594.000000
494695.000000
564078.000000
484047.000000
5819914.000000
809282.000000
135710.000000
1569272.000000
544291.000000
320024.000000
266465.000000
4460960.000000
451886.000000
1154326.000000
3994796.000000
161078.000000
451616.000000
4904025.000000
397852.000000
587871.000000
135160.000000
29387.000000
290963.000000
3291980.000000
651693.000000
4683481.000000
402832.000000
415381.000000
3742110.000000
913525.000000
250473.000000
495132.000000
327220.000000
358631.000000
428839.000000
5489070.000000
295375.000000
3888798.000000
4536436.000000
212155.000000
1566447.000000
5891863.000000
445394.000000
4717020.000000
253807.000000
732317.000000
463987.000000
1455156.000000
1126021.000000
2081598.000000
235674.000000
5110741.000000
385491.000000
3950496.000000
634099.000000
505125.000000
1170782.000000
518099.000000
2895153.000000
884632.000000
2780789.000000
679134.000000
211466.000000
332534.000000
296962.000000
253759.000000
575950.000000
537446.000000
1554352.000000
6647830.000000
682171.000000
4804422.000000
927985.000000
2353352.000000
3553086.000000
6159399.000000
4652348.000000
3288348.000000
517049.000000
545068.000000
340007.000000
6239746.000000
4652323.000000
601185.000000
1063584.000000
287867.000000
2952450.000000
5931800.000000
409938.000000
4152244.000000
567746.000000
539551.000000
1232439.000000
257768.000000
1904200.000000
211113.000000
491658.000000
4080559.000000
4994763.000000
4088404.000000
663906.000000
154409.000000
473504.000000
666038.000000
4635434.000000
4896996.000000
5709288.000000
937237.000000
403187.000000
539361.000000
1120489.000000
5707431.000000
1390624.000000
3924077.000000
3792732.000000
4420611.000000
774750.000000
5213857.000000
689946.000000
2343908.000000
198639.000000
443961.000000
473963.000000
90732.000000
6282810.000000
356395.000000
696184.000000
606862.000000
203676.000000
293587.000000
208780.000000
602792.000000
244108.000000
958663.000000
559409.000000
280961.000000
1469898.000000
495621.000000
1556963.000000
4285949.000000
101817.000000
3914182.000000
5309441.000000
319712.000000
1445537.000000
260437.000000
851376.000000
373812.000000
4407804.000000
6063729.000000
376887.000000
5422813.000000
5762583.000000
225445.000000
1517785.000000
3622623.000000
527966.000000
272202.000000
209620.000000
736077.000000
477703.000000
513022.000000
4763707.000000
3889800.000000
173117.000000
3578583.000000
1548456.000000
214826.000000
411708.000000
543292.000000
277151.000000
3460843.000000
1283484.000000
871864.000000
6254806.000000
576215.000000
353803.000000
3497474.000000
1019506.000000
267372.000000
5760947.000000
429473.000000
6200756.000000
319913.000000
288085.000000
3000880.000000
152055.000000
4961648.000000
287378.000000
362787.000000
6795916.000000
1492060.000000
564392.000000
2703132.000000
669584.000000
698924.000000
73232.000000
402417.000000
335715.000000
437898.000000
498707.000000
435681.000000
5566804.000000
413315.000000
309174.000000
535050.000000
323203.000000
579293.000000
529118.000000
2564559.000000
273737.000000
135566.000000
861185.000000
276760.000000
2682657.000000
352853.000000
1089926.000000
4267861.000000
761287.000000
556247.000000
787098.000000
861396.000000
1044682.000000
1122069.000000
2637754.000000
384248.000000
3468802.000000
2484083.000000
2283651.000000
1083617.000000
500485.000000
188675.000000
1272104.000000
4259969.000000
6422211.000000
224794.000000
1155894.000000
685695.000000
1299669.000000
238701.000000
369875.000000
556632.000000
455421.000000
150578.000000
158925.000000
6130394.000000
451647.000000
373740.000000
261410.000000
529062.000000
412569.000000
616835.000000
1311088.000000
580487.000000
232759.000000
3994250.000000
175549.000000
202053.000000
4969679.000000
134042.000000
581780.000000
332188.000000
300814.000000
107519.000000
4038423.000000
885761.000000
1172651.000000
2298026.000000
2619579.000000
5161623.000000
428889.000000
5568836.000000
561533.000000
4824207.000000
693533.000000
4258014.000000
600784.000000
5834380.000000
3583824.000000
474137.000000
307541.000000
525808.000000
5534198.000000
831511.000000
528137.000000
4849968.000000
95660.000000
1211666.000000
6297382.000000
1412140.000000
520202.000000
2606376.000000
711210.000000
214699.000000
1750844.000000
270099.000000
3981082.000000
321322.000000
292419.000000
476336.000000
564560.000000
1534632.000000
599774.000000
368581.000000
395268.000000
678452.000000
5685784.000000
228967.000000
1644086.000000
315400.000000
451353.000000
387533.000000
5902542.000000
323667.000000
1010841.000000
322712.000000
119820.000000
2068151.000000
5286270.000000
141490.000000
199083.000000
519054.000000
6126672.000000
327598.000000
3357163.000000
477806.000000
374280.000000
6940512.000000
622366.000000
477692.000000
651085.000000
109229.000000
3833038.000000
6705808.000000
759655.000000
6364508.000000
5195860.000000
325573.000000
4328904.000000
435159.000000
378960.000000
706301.000000
932883.000000
421228.000000
324438.000000
809087.000000
258130.000000
5315690.000000
1794606.000000
334390.000000
3510855.000000
3502653.000000
304624.000000
845071.000000
177611.000000
752394.000000
4781080.000000
5971022.000000
513373.000000
4236989.000000
3469710.000000
5756278.000000
4623385.000000
522019.000000
420029.000000
6171805.000000
595574.000000
1066258.000000
593779.000000
828500.000000
656275.000000
475963.000000
5646586.000000
844294.000000
116453.000000
5234674.000000
5574742.000000
187995.000000
5672252.000000
748662.000000
6167828.000000
470997.000000
3761562.000000
907118.000000
1475171.000000
6038000.000000
6532377.000000
284545.000000
474884.000000
355656.000000
5818432.000000
657135.000000
6187559.000000
6499464.000000
567466.000000
546038.000000
629620.000000
744785.000000
382564.000000
5829278.000000
535601.000000
642514.000000
703076.000000
586243.000000
1054617.000000
136870.000000
921319.000000
1490665.000000
466881.000000
1072513.000000
4099525.000000
491579.000000
505582.000000
582203.000000
310633.000000
484309.000000
864341.000000
140801.000000
103030.000000
2660921.000000
408740.000000
623741.000000
4841311.000000
604190.000000
212364.000000
390745.000000
282064.000000
405609.000000
3364920.000000
212532.000000
443392.000000
1188825.000000
4702022.000000
593497.000000
1324216.000000
469311.000000
428864.000000
3217191.000000
5723845.000000
3291840.000000
2770248.000000
1120222.000000
516927.000000
4258264.000000
782589.000000
648521.000000
1251188.000000
231785.000000
355824.000000
5425100.000000
289034.000000
4134202.000000
164381.000000
6340533.000000
519829.000000
411626.000000
5583157.000000
221631.000000
857897.000000
226755.000000
590474.000000
4638677.000000
441432.000000
154596.000000
1872210.000000
6344593.000000
5176582.000000
199604.000000
425312.000000
694475.000000
1018273.000000
3771433.000000
5016262.000000
2323454.000000
5043754.000000
192552.000000
351184.000000
436790.000000
111563.000000
475218.000000
452562.000000
499737.000000
977858.000000
6280384.000000
4700085.000000
2238486.000000
5527218.000000
5120005.000000
439607.000000
491526.000000
434529.000000
237677.000000
89215.000000
5035846.000000
5383099.000000
3501753.000000
1341885.000000
6746069.000000
5750713.000000
1666930.000000
5667186.000000
225566.000000
680264.000000
389533.000000
444832.000000
630287.000000
624207.000000
499366.000000
273724.000000
215907.000000
290856.000000
2304495.000000
4409682.000000
6042240.000000
213637.000000
450875.000000
478173.000000
2971146.000000
124127.000000
392754.000000
3736882.000000
2331056.000000
1334421.000000
1447213.000000
3824579.000000
1326685.000000
983748.000000
4802072.000000
1428756.000000
4813938.000000
501120.000000
6365980.000000
417680.000000
3720991.000000
329323.000000
1417333.000000
429769.000000
4959662.000000
873618.000000
320169.000000
410167.000000
1212648.000000
422922.000000
699015.000000
335526.000000
541133.000000
488647.000000
674168.000000
1268556.000000
3991318.000000
5511861.000000
529197.000000
502255.000000
253050.000000
820445.000000
347421.000000
471424.000000
482630.000000
456162.000000
348610.000000
431417.000000
1812736.000000
3407904.000000
460743.000000
3296530.000000
2385605.000000
480533.000000
430466.000000
1256948.000000
394505.000000
592132.000000
373579.000000
5936488.000000
333156.000000
117310.000000
458906.000000
877159.000000
4465952.000000
351860.000000
3919948.000000
344044.000000
526890.000000
4649308.000000
4705831.000000
440523.000000
1775053.000000
6276055.000000
2222745.000000
5694595.000000
297320.000000
706473.000000
242669.000000
348125.000000
618854.000000
276873.000000
564079.000000
412678.000000
280256.000000
305915.000000
495553.000000
4541271.000000
473721.000000
2047606.000000
2632504.000000
5960068.000000
670939.000000
1031290.000000
2257847.000000
885279.000000
543578.000000
467951.000000
135564.000000
181262.000000
654734.000000
5404893.000000
4032839.000000
1816569.000000
3328707.000000
324268.000000
6499032.000000
4985387.000000
1660855.000000
1103090.000000
2532782.000000
650173.000000
5358105.000000
3446086.000000
766173.000000
795694.000000
4582097.000000
1621084.000000
951362.000000
766689.000000
395441.000000
843829.000000
224321.000000
6155698.000000
5985954.000000
289658.000000
292700.000000
6211245.000000
845245.000000
448146.000000
790311.000000
5596895.000000
290303.000000
746639.000000
1013134.000000
2897033.000000
4785568.000000
1420833.000000
113372.000000
435399.000000
1258201.000000
4646793.000000
1185187.000000
618746.000000
356390.000000
4325314.000000
190401.000000
4967481.000000
1153888.000000
6189916.000000
655743.000000
323488.000000
719132.000000
5153474.000000
1479017.000000
530381.000000
1165663.000000
3369956.000000
78146.000000
519614.000000
4562945.000000
1259931.000000
580885.000000
6046786.000000
747905.000000
6898909.000000
224075.000000
620978.000000
274525.000000
732880.000000
584770.000000
151543.000000
440620.000000
4248035.000000
2090567.000000
482534.000000
5625528.000000
462155.000000
745891.000000
1161860.000000
1647135.000000
252998.000000
5373083.000000
1960674.000000
701571.000000
436104.000000
553516.000000
704110.000000
1251012.000000
524187.000000
520890.000000
3575691.000000
853641.000000
6257125.000000
605106.000000
376505.000000
389712.000000
6200267.000000
5982296.000000
414057.000000
2953558.000000
6428163.000000
185113.000000
1750977.000000
656365.000000
953942.000000
5583920.000000
684904.000000
2316907.000000
145849.000000
6687423.000000
384263.000000
999831.000000
210265.000000
676823.000000
4638469.000000
6053752.000000
3827476.000000
430302.000000
2144880.000000
2103235.000000
3332121.000000
1092822.000000
233169.000000
5432671.000000
5100083.000000
111241.000000
649264.000000
6820798.000000
648816.000000
4284269.000000
4942685.000000
407440.000000
532592.000000
4957264.000000
408347.000000
254697.000000
449018.000000
288116.000000
132310.000000
917817.000000
5280849.000000
1743647.000000
1245167.000000
184638.000000
1020034.000000
4318168.000000
2590855.000000
2023647.000000
2398887.000000
772045.000000
321394.000000
3398992.000000
245423.000000
1374882.000000
360149.000000
844485.000000
386401.000000
600318.000000
753812.000000
5964503.000000
1619691.000000
648844.000000
356199.000000
554990.000000
3543473.000000
663137.000000
392542.000000
768576.000000
2268210.000000
287494.000000
743037.000000
460876.000000
4299372.000000
1932905.000000
4507453.000000
5420766.000000
2599810.000000
4026506.000000
1416095.000000
5627637.000000
944227.000000
294340.000000
3460463.000000
482544.000000
2260532.000000
1424226.000000
5761124.000000
4486538.000000
415383.000000
5617607.000000
1364820.000000
4547774.000000
4069410.000000
700231.000000
1058059.000000
178353.000000
1245555.000000
6196585.000000
6461177.000000
84725.000000
1600327.000000
407963.000000
1830291.000000
1020871.000000
4961751.000000
1015609.000000
5918678.000000
3813900.000000
4055542.000000
744717.000000
261662.000000
426696.000000
1083185.000000
241202.000000
377504.000000
466232.000000
3505126.000000
380276.000000
669535.000000
432925.000000
3080891.000000
619148.000000
234532.000000
1274876.000000
332328.000000
944832.000000
5450752.000000
5096607.000000
384485.000000
1710671.000000
6890845.000000
546417.000000
3341452.000000
742306.000000
215968.000000
4391906.000000
300091.000000
6104108.000000
5711964.000000
6089183.000000
2551958.000000
189067.000000
810099.000000
1747661.000000
4040865.000000
241294.000000
4511703.000000
