0.000000
0.000000
0.000000
0.000000
0.000000
0.000000
0.000000
0.000000
0.000000
0.000000
0.000000
0.000000
0.000000
0.000000
0.000000
0.000000
0.000000
0.000000
0.000000
0.000000
0.000000
0.000000
0.000000
0.000000
0.000000
0.000000
0.000000
0.000000
0.000000
0.000000
0.000000
0.000000
0.000000
0.000000
0.000000
0.000000
0.000000
0.000000
0.000000
0.000000
0.000000
0.000000
0.000000
0.000000
0.000000
0.000000
0.000000
0.000000
0.000000
0.000000
0.000000
0.000000
0.000000
0.000000
0.000000
0.000000
0.000000
0.000000
0.000000
0.000000
0.000000
0.000000
0.000000
0.000000
0.000000
0.000000
0.000000
0.000000
0.000000
0.000000
0.000000
0.000000
0.000000
0.000000
0.000000
0.000000
0.000000
0.000000
0.000000
0.000000
0.000000
0.000000
0.000000
0.000000
0.000000
0.000000
0.000000
0.000000
0.000000
0.000000
0.000000
0.000000
0.000000
0.000000
0.000000
0.000000
0.000000
0.000000
0.000000
0.000000
0.000000
0.000000
0.000000
0.000000
0.000000
0.000000
0.000000
0.000000
0.000000
0.000000
0.000000
0.000000
0.000000
0.000000
0.000000
0.000000
0.000000
0.000000
0.000000
0.000000
0.000000
0.000000
0.000000
0.000000
0.000000
0.000000
0.000000
0.000000
0.000000
0.000000
0.000000
0.000000
0.000000
0.000000
0.000000
0.000000
0.000000
0.000000
0.000000
0.000000
0.000000
0.000000
0.000000
0.000000
0.000000
0.000000
0.000000
0.000000
0.000000
0.000000
0.000000
0.000000
0.000000
0.000000
0.000000
0.000000
0.000000
0.000000
0.000000
0.000000
0.000000
0.000000
0.000000
0.000000
0.000000
0.000000
0.000000
0.000000
0.000000
0.000000
0.000000
0.000000
0.000000
0.000000
0.000000
0.000000
0.000000
0.000000
0.000000
0.000000
0.000000
0.000000
0.000000
0.000000
0.000000
0.000000
0.000000
0.000000
0.000000
0.000000
0.000000
0.000000
0.000000
0.000000
0.000000
0.000000
0.000000
0.000000
0.000000
0.000000
0.000000
0.000000
0.000000
0.000000
0.000000
0.000000
0.000000
0.000000
0.000000
0.000000
0.000000
0.000000
0.000000
0.000000
0.000000
0.000000
0.000000
0.000000
0.000000
0.000000
0.000000
0.000000
0.000000
0.000000
0.000000
0.000000
0.000000
0.000000
0.000000
0.000000
0.000000
0.000000
0.000000
0.000000
0.000000
0.000000
0.000000
0.000000
0.000000
0.000000
0.000000
0.000000
0.000000
0.000000
0.000000
0.000000
0.000000
0.000000
0.000000
0.000000
0.000000
0.000000
0.000000
0.000000
0.000000
0.000000
0.000000
0.000000
0.000000
735765.000000
336838.000000
239288.000000
472072.000000
320416.000000
430730.000000
424038.000000
159794.000000
482948.000000
441376.000000
293275.000000
367519.000000
430688.000000
316662.000000
510732.000000
379680.000000
380775.000000
521374.000000
246425.000000
324597.000000
324615.000000
459544.000000
467311.000000
383791.000000
429649.000000
248242.000000
398308.000000
360007.000000
386781.000000
487469.000000
449749.000000
467904.000000
411529.000000
324093.000000
340324.000000
438733.000000
371272.000000
148545.000000
378549.000000
245657.000000
81748.000000
311510.000000
115623.000000
424023.000000
290879.000000
303991.000000
474273.000000
267837.000000
405954.000000
337151.000000
461864.000000
227018.000000
371037.000000
355135.000000
405170.000000
333360.000000
435030.000000
265695.000000
308395.000000
119737.000000
401160.000000
339576.000000
420287.000000
420161.000000
315148.000000
437728.000000
83298.000000
432838.000000
461092.000000
446975.000000
436043.000000
456870.000000
420575.000000
352285.000000
210267.000000
455706.000000
268738.000000
406669.000000
264258.000000
335087.000000
397573.000000
132834.000000
385717.000000
330529.000000
234702.000000
336565.000000
205313.000000
394046.000000
509444.000000
380555.000000
231730.000000
183811.000000
422674.000000
495119.000000
481750.000000
204703.000000
422924.000000
318106.000000
461671.000000
467174.000000
325511.000000
282150.000000
464442.000000
444442.000000
93946.000000
421708.000000
314186.000000
415898.000000
442639.000000
419967.000000
173873.000000
445790.000000
393750.000000
446138.000000
312531.000000
461522.000000
497702.000000
293052.000000
352179.000000
333326.000000
425610.000000
401126.000000
336030.000000
256570.000000
451287.000000
287158.000000
404516.000000
214883.000000
268434.000000
350370.000000
359396.000000
495821.000000
161078.000000
371183.000000
199480.000000
400058.000000
361773.000000
419590.000000
242539.000000
202166.000000
365056.000000
370274.000000
411615.000000
242243.000000
397795.000000
245823.000000
274504.000000
449184.000000
417748.000000
220920.000000
455412.000000
491946.000000
248916.000000
295262.000000
448201.000000
119135.000000
461385.000000
382840.000000
376031.000000
354885.000000
227897.000000
271895.000000
301169.000000
225399.000000
392185.000000
290918.000000
259953.000000
434666.000000
358715.000000
209757.000000
413169.000000
409657.000000
406869.000000
390215.000000
403622.000000
455234.000000
425737.000000
407473.000000
271797.000000
337603.000000
263043.000000
306410.000000
281381.000000
229671.000000
118593.000000
320970.000000
416268.000000
466041.000000
415405.000000
435697.000000
313943.000000
426392.000000
305397.000000
494427.000000
465397.000000
113614.000000
164995.000000
298200.000000
358445.000000
374303.000000
242159.000000
290946.000000
477200.000000
454918.000000
114695.000000
449922.000000
349804.000000
445302.000000
273219.000000
354474.000000
292696.000000
459889.000000
398733.000000
377520.000000
230468.000000
379559.000000
439363.000000
436908.000000
314355.000000
355020.000000
396110.000000
427860.000000
471662.000000
202603.000000
407502.000000
109371.000000
387989.000000
266009.000000
175235.000000
368833.000000
400783.000000
309362.000000
459223.000000
390948.000000
301437.000000
428444.000000
4937.000000
323115.000000
440849.000000
504300.000000
437435.000000
325357.000000
377569.000000
149034.000000
103383.000000
455920.000000
244671.000000
423367.000000
332521.000000
477797.000000
484257.000000
375422.000000
274681.000000
487678.000000
110786.000000
375193.000000
290538.000000
234267.000000
470954.000000
321796.000000
462775.000000
185697.000000
402578.000000
369159.000000
362897.000000
539505.000000
211638.000000
451310.000000
465313.000000
440122.000000
446544.000000
416227.000000
234595.000000
425406.000000
469428.000000
474861.000000
222969.000000
173583.000000
397215.000000
436082.000000
377070.000000
176682.000000
344719.000000
297309.000000
278149.000000
298080.000000
264591.000000
389770.000000
167945.000000
515486.000000
463500.000000
501446.000000
281575.000000
459209.000000
419778.000000
365938.000000
322764.000000
314507.000000
252858.000000
289189.000000
109832.000000
484326.000000
465497.000000
432027.000000
388339.000000
342790.000000
210727.000000
384443.000000
451313.000000
442434.000000
185772.000000
463127.000000
407575.000000
438168.000000
456768.000000
193637.000000
432418.000000
392151.000000
522654.000000
306831.000000
201305.000000
354010.000000
320395.000000
340897.000000
234346.000000
433296.000000
313195.000000
301299.000000
288485.000000
516694.000000
417477.000000
197873.000000
487923.000000
299734.000000
332993.000000
241577.000000
262232.000000
418397.000000
315850.000000
330629.000000
412786.000000
288042.000000
471621.000000
298261.000000
143536.000000
446298.000000
500655.000000
483675.000000
441424.000000
251758.000000
343675.000000
170395.000000
435927.000000
459509.000000
288886.000000
328096.000000
492299.000000
190934.000000
438189.000000
405866.000000
403252.000000
462982.000000
437699.000000
89888.000000
410972.000000
376952.000000
230320.000000
371332.000000
490301.000000
449510.000000
436414.000000
450845.000000
346584.000000
338400.000000
397787.000000
430563.000000
313200.000000
527684.000000
427033.000000
356320.000000
328846.000000
276458.000000
395054.000000
369430.000000
352296.000000
284662.000000
366306.000000
319149.000000
454884.000000
425932.000000
143113.000000
382626.000000
343496.000000
331728.000000
384150.000000
444714.000000
359173.000000
263133.000000
425326.000000
315332.000000
391989.000000
435519.000000
287422.000000
453788.000000
249466.000000
420840.000000
297450.000000
374658.000000
273801.000000
416186.000000
352154.000000
454698.000000
39272.000000
479639.000000
249670.000000
209125.000000
474771.000000
415210.000000
443814.000000
498862.000000
318703.000000
257125.000000
412845.000000
269398.000000
292079.000000
329254.000000
405582.000000
474624.000000
456264.000000
370049.000000
93026.000000
431835.000000
171198.000000
185335.000000
376264.000000
429388.000000
275724.000000
395329.000000
417016.000000
523391.000000
467589.000000
473034.000000
444874.000000
436298.000000
290500.000000
202743.000000
425812.000000
393473.000000
109461.000000
172602.000000
299103.000000
405190.000000
368088.000000
432402.000000
280193.000000
189358.000000
319001.000000
65378.000000
288683.000000
431923.000000
438677.000000
197700.000000
374226.000000
220263.000000
468719.000000
264305.000000
347695.000000
309781.000000
475552.000000
398134.000000
402751.000000
279740.000000
456657.000000
394951.000000
349465.000000
476090.000000
376147.000000
373614.000000
321085.000000
212312.000000
462533.000000
245759.000000
310922.000000
432203.000000
258706.000000
415586.000000
457765.000000
300943.000000
251663.000000
447591.000000
318694.000000
304999.000000
367209.000000
482111.000000
272827.000000
472110.000000
504623.000000
157232.000000
389673.000000
283962.000000
441157.000000
415575.000000
491326.000000
385014.000000
398554.000000
381656.000000
370056.000000
497413.000000
255606.000000
405122.000000
378872.000000
277672.000000
184001.000000
337127.000000
398434.000000
408634.000000
300419.000000
364950.000000
303269.000000
449131.000000
436790.000000
208434.000000
434999.000000
427516.000000
428169.000000
460439.000000
394258.000000
431077.000000
265264.000000
364543.000000
485466.000000
492163.000000
324098.000000
260730.000000
381152.000000
435510.000000
491495.000000
497270.000000
414703.000000
392681.000000
365126.000000
129309.000000
324892.000000
418291.000000
450104.000000
520090.000000
440668.000000
286150.000000
450239.000000
248652.000000
185062.000000
421550.000000
459228.000000
460883.000000
435058.000000
156283.000000
172574.000000
282050.000000
486182.000000
253397.000000
268322.000000
295406.000000
315462.000000
324811.000000
413865.000000
422910.000000
362087.000000
171360.000000
285406.000000
244917.000000
260977.000000
456982.000000
355180.000000
383589.000000
272009.000000
436811.000000
462144.000000
467024.000000
266914.000000
490273.000000
464061.000000
527397.000000
494121.000000
424064.000000
466495.000000
404644.000000
382188.000000
305317.000000
345696.000000
410905.000000
86108.000000
392354.000000
415102.000000
524763.000000
253867.000000
356824.000000
336709.000000
149901.000000
145599.000000
440189.000000
308014.000000
321840.000000
279488.000000
457665.000000
385827.000000
344070.000000
446583.000000
300395.000000
486104.000000
253358.000000
371412.000000
281403.000000
241646.000000
420722.000000
419983.000000
466700.000000
414496.000000
381795.000000
405887.000000
432082.000000
238424.000000
247205.000000
429103.000000
310076.000000
303361.000000
347663.000000
237887.000000
388881.000000
500323.000000
298468.000000
349598.000000
398780.000000
221411.000000
289747.000000
332692.000000
409751.000000
403662.000000
422946.000000
195141.000000
231838.000000
334715.000000
197827.000000
324385.000000
414294.000000
363021.000000
146084.000000
451331.000000
364464.000000
388437.000000
321961.000000
361684.000000
457399.000000
235680.000000
382576.000000
302219.000000
282984.000000
431470.000000
383502.000000
400642.000000
429970.000000
444142.000000
435610.000000
333353.000000
392758.000000
420370.000000
417437.000000
340534.000000
478618.000000
283437.000000
414191.000000
152594.000000
83370.000000
262822.000000
464842.000000
349437.000000
389199.000000
221437.000000
308815.000000
419151.000000
385063.000000
106519.000000
437243.000000
426564.000000
324618.000000
272317.000000
424812.000000
471377.000000
290601.000000
104313.000000
386817.000000
399970.000000
398230.000000
360956.000000
409678.000000
544714.000000
317134.000000
445187.000000
449359.000000
493605.000000
440262.000000
433498.000000
346590.000000
320408.000000
455687.000000
412139.000000
364046.000000
488475.000000
349974.000000
396406.000000
385958.000000
261202.000000
393159.000000
474252.000000
353358.000000
448193.000000
359510.000000
319909.000000
347207.000000
294357.000000
397465.000000
62438.000000
343238.000000
305214.000000
299425.000000
227316.000000
241506.000000
339033.000000
498579.000000
459195.000000
336829.000000
190245.000000
447161.000000
151774.000000
23117.000000
111229.000000
475469.000000
211776.000000
511524.000000
434390.000000
324433.000000
308921.000000
360416.000000
250982.000000
432993.000000
451584.000000
436569.000000
431050.000000
321207.000000
225159.000000
332600.000000
366156.000000
254525.000000
478733.000000
402445.000000
207404.000000
283458.000000
322195.000000
298068.000000
493046.000000
392905.000000
131085.000000
370454.000000
273326.000000
251463.000000
256332.000000
429632.000000
296513.000000
483212.000000
403076.000000
147525.000000
337611.000000
431611.000000
285795.000000
321114.000000
136803.000000
37180.000000
220603.000000
486259.000000
325893.000000
449820.000000
280008.000000
291320.000000
408107.000000
376067.000000
238973.000000
327490.000000
253689.000000
269467.000000
258998.000000
429914.000000
225443.000000
475155.000000
440006.000000
178293.000000
409790.000000
458553.000000
297353.000000
442164.000000
240817.000000
360430.000000
301163.000000
465990.000000
317963.000000
434984.000000
191176.000000
453731.000000
282461.000000
482237.000000
356719.000000
263892.000000
457526.000000
257455.000000
432219.000000
407687.000000
450543.000000
330114.000000
143194.000000
251580.000000
239569.000000
233892.000000
297706.000000
280920.000000
311009.000000
536356.000000
339963.000000
389574.000000
391009.000000
405837.000000
436749.000000
464754.000000
421316.000000
441776.000000
354381.000000
329106.000000
266095.000000
486343.000000
432633.000000
363813.000000
330482.000000
256895.000000
366433.000000
511529.000000
303485.000000
371815.000000
331530.000000
321026.000000
392721.000000
207916.000000
421936.000000
208197.000000
313562.000000
420960.000000
445380.000000
420743.000000
398670.000000
126281.000000
336466.000000
388738.000000
523770.000000
441774.000000
466650.000000
428542.000000
295150.000000
329906.000000
506661.000000
475777.000000
377533.000000
461212.000000
452365.000000
485780.000000
342678.000000
453187.000000
321194.000000
481774.000000
158954.000000
321832.000000
269880.000000
92344.000000
452566.000000
235120.000000
327499.000000
341198.000000
155204.000000
241823.000000
184973.000000
324312.000000
251419.000000
387782.000000
319964.000000
220759.000000
393224.000000
306255.000000
442372.000000
408776.000000
89187.000000
469730.000000
390121.000000
229491.000000
444230.000000
219905.000000
340289.000000
311114.000000
415286.000000
476396.000000
269014.000000
450981.000000
394595.000000
168597.000000
385892.000000
466558.000000
305137.000000
232819.000000
219400.000000
372718.000000
301150.000000
338346.000000
484111.000000
486628.000000
163843.000000
455137.000000
408778.000000
163218.000000
321455.000000
381808.000000
200551.000000
428936.000000
361630.000000
366099.000000
456168.000000
345712.000000
273627.000000
436946.000000
406359.000000
263285.000000
396234.000000
299093.000000
484020.000000
239169.000000
229352.000000
394232.000000
147088.000000
436544.000000
250177.000000
281088.000000
452980.000000
421270.000000
356700.000000
483516.000000
383375.000000
325634.000000
74682.000000
313911.000000
265649.000000
333666.000000
304214.000000
299782.000000
479416.000000
297501.000000
228053.000000
272340.000000
238506.000000
289447.000000
287299.000000
432292.000000
217618.000000
122804.000000
400165.000000
241109.000000
408547.000000
257961.000000
374965.000000
548026.000000
362467.000000
289748.000000
327950.000000
400427.000000
368167.000000
441654.000000
425024.000000
281166.000000
489057.000000
427325.000000
385855.000000
352191.000000
323223.000000
175415.000000
414484.000000
465208.000000
450443.000000
215206.000000
394393.000000
357258.000000
321230.000000
165054.000000
265839.000000
410598.000000
289621.000000
143270.000000
128393.000000
461598.000000
266230.000000
266949.000000
212653.000000
367969.000000
282339.000000
368553.000000
423570.000000
349795.000000
206339.000000
501652.000000
156083.000000
206940.000000
520522.000000
112579.000000
344267.000000
237198.000000
242143.000000
87698.000000
464230.000000
368385.000000
425754.000000
376528.000000
410521.000000
392997.000000
296156.000000
452394.000000
302215.000000
517105.000000
373131.000000
448543.000000
311649.000000
438336.000000
437893.000000
299543.000000
234142.000000
296527.000000
490933.000000
380352.000000
309363.000000
473417.000000
95531.000000
417081.000000
497393.000000
419346.000000
307445.000000
363112.000000
380884.000000
178209.000000
452556.000000
180284.000000
464072.000000
227440.000000
157285.000000
342628.000000
316513.000000
411616.000000
306198.000000
272536.000000
283999.000000
343490.000000
476820.000000
182036.000000
374588.000000
242800.000000
321798.000000
263568.000000
460270.000000
255981.000000
400578.000000
241065.000000
95197.000000
455539.000000
445643.000000
119737.000000
181691.000000
304870.000000
492144.000000
223859.000000
464277.000000
283902.000000
253206.000000
502216.000000
405951.000000
290236.000000
359042.000000
123143.000000
443776.000000
450178.000000
354438.000000
517836.000000
472714.000000
221449.000000
461459.000000
339580.000000
267694.000000
385544.000000
371430.000000
285455.000000
262565.000000
399099.000000
205046.000000
442851.000000
466819.000000
286657.000000
455164.000000
451132.000000
263106.000000
439677.000000
177636.000000
340517.000000
468946.000000
427359.000000
307029.000000
430217.000000
437847.000000
432250.000000
450964.000000
371053.000000
263181.000000
500258.000000
336984.000000
409835.000000
313085.000000
407683.000000
383066.000000
289183.000000
412656.000000
337070.000000
107655.000000
425574.000000
422771.000000
157741.000000
406062.000000
419093.000000
464355.000000
266617.000000
422460.000000
335098.000000
429396.000000
533105.000000
432057.000000
232659.000000
339806.000000
294222.000000
458264.000000
330300.000000
442214.000000
443535.000000
322694.000000
311596.000000
302231.000000
359117.000000
248262.000000
430952.000000
305760.000000
361093.000000
336172.000000
313345.000000
425599.000000
119417.000000
423467.000000
419492.000000
328051.000000
330576.000000
440958.000000
285504.000000
326907.000000
326891.000000
234911.000000
319452.000000
421079.000000
139180.000000
90983.000000
365749.000000
240160.000000
369372.000000
439005.000000
357130.000000
183034.000000
277769.000000
191726.000000
309733.000000
384726.000000
173061.000000
248383.000000
476673.000000
395223.000000
350585.000000
393035.000000
284077.000000
321245.000000
392775.000000
526061.000000
440888.000000
489035.000000
456942.000000
352789.000000
430371.000000
386377.000000
357659.000000
405426.000000
175081.000000
268666.000000
368176.000000
221982.000000
433178.000000
154611.000000
506717.000000
343856.000000
260544.000000
501686.000000
187241.000000
387984.000000
184326.000000
341481.000000
453151.000000
322141.000000
157771.000000
490155.000000
414804.000000
446537.000000
143272.000000
251237.000000
347244.000000
420852.000000
479268.000000
516450.000000
407300.000000
409361.000000
169064.000000
275482.000000
295297.000000
113965.000000
338257.000000
282439.000000
332990.000000
361475.000000
406290.000000
440622.000000
424027.000000
472608.000000
367156.000000
243802.000000
300464.000000
328132.000000
190085.000000
87243.000000
458366.000000
367245.000000
408319.000000
427671.000000
429434.000000
424850.000000
431524.000000
405884.000000
193914.000000
368766.000000
291032.000000
335496.000000
321168.000000
331903.000000
294288.000000
203361.000000
159695.000000
222023.000000
450111.000000
405511.000000
401635.000000
170651.000000
280378.000000
286104.000000
421563.000000
109235.000000
254164.000000
431414.000000
436400.000000
412074.000000
379786.000000
428668.000000
452031.000000
378873.000000
430174.000000
389779.000000
474938.000000
332000.000000
404220.000000
206159.000000
481675.000000
232163.000000
430497.000000
329047.000000
442601.000000
373383.000000
240980.000000
255952.000000
350932.000000
324699.000000
392162.000000
254820.000000
283882.000000
303711.000000
325294.000000
414470.000000
432552.000000
451111.000000
342058.000000
275527.000000
220797.000000
402748.000000
254651.000000
296977.000000
260122.000000
300054.000000
210672.000000
292377.000000
452133.000000
497590.000000
312570.000000
436003.000000
353686.000000
344664.000000
258488.000000
432770.000000
268410.000000
370330.000000
265311.000000
442787.000000
259508.000000
110375.000000
263211.000000
370317.000000
455246.000000
258876.000000
434290.000000
275988.000000
332048.000000
482972.000000
473401.000000
294470.000000
368700.000000
420646.000000
476014.000000
459700.000000
246876.000000
364012.000000
261351.000000
233535.000000
354620.000000
230024.000000
292870.000000
258832.000000
233364.000000
239989.000000
307659.000000
413458.000000
321133.000000
432244.000000
426610.000000
495162.000000
359167.000000
403075.000000
503771.000000
373487.000000
303265.000000
277836.000000
145448.000000
149910.000000
372589.000000
454039.000000
381619.000000
429899.000000
396605.000000
257061.000000
512354.000000
447666.000000
450205.000000
438149.000000
460997.000000
346354.000000
485043.000000
386338.000000
330728.000000
371356.000000
417314.000000
489278.000000
385957.000000
332067.000000
282403.000000
314611.000000
162102.000000
482118.000000
451065.000000
237910.000000
189351.000000
479983.000000
419001.000000
324228.000000
334139.000000
407966.000000
213333.000000
402319.000000
387414.000000
482537.000000
453657.000000
389984.000000
80691.000000
300560.000000
461127.000000
403163.000000
420260.000000
317916.000000
258947.000000
468822.000000
166262.000000
469143.000000
422390.000000
431029.000000
377722.000000
275265.000000
403706.000000
431344.000000
435946.000000
344488.000000
406999.000000
421328.000000
74621.000000
331249.000000
450990.000000
447476.000000
343274.000000
559566.000000
350871.000000
458042.000000
190558.000000
324948.000000
194132.000000
371945.000000
306253.000000
143661.000000
287777.000000
412647.000000
452749.000000
316250.000000
483599.000000
301482.000000
319966.000000
335353.000000
414490.000000
175127.000000
430220.000000
429012.000000
373830.000000
301361.000000
284661.000000
393846.000000
368138.000000
329036.000000
327333.000000
415185.000000
424061.000000
459144.000000
335570.000000
300556.000000
221605.000000
494055.000000
474810.000000
303845.000000
423255.000000
495267.000000
149627.000000
412219.000000
392332.000000
398377.000000
479584.000000
385860.000000
429051.000000
133084.000000
421672.000000
264314.000000
440198.000000
157581.000000
343168.000000
497207.000000
501420.000000
445218.000000
311040.000000
454429.000000
430910.000000
409174.000000
385068.000000
220854.000000
409403.000000
478669.000000
92845.000000
356526.000000
457524.000000
397094.000000
425947.000000
462649.000000
293593.000000
335018.000000
489264.000000
322714.000000
221903.000000
333225.000000
252160.000000
174699.000000
414728.000000
430356.000000
424910.000000
368350.000000
151736.000000
450219.000000
484539.000000
435014.000000
513184.000000
450904.000000
390932.000000
281434.000000
421742.000000
194809.000000
346357.000000
239118.000000
406262.000000
252352.000000
366546.000000
370606.000000
405639.000000
422281.000000
321856.000000
229526.000000
301290.000000
436880.000000
360386.000000
262787.000000
405230.000000
465585.000000
238715.000000
318579.000000
315806.000000
482770.000000
383282.000000
509425.000000
443703.000000
394750.000000
405918.000000
369742.000000
451114.000000
372290.000000
224364.000000
463272.000000
290934.000000
472575.000000
435263.000000
531489.000000
412119.000000
297233.000000
420475.000000
448296.000000
415817.000000
451744.000000
332411.000000
406763.000000
144745.000000
408486.000000
508174.000000
452505.000000
74996.000000
382101.000000
314567.000000
408728.000000
354049.000000
511502.000000
391244.000000
465904.000000
475667.000000
453554.000000
408612.000000
212002.000000
268432.000000
410781.000000
191332.000000
265928.000000
294093.000000
463441.000000
266745.000000
348784.000000
314551.000000
490950.000000
290069.000000
197708.000000
377269.000000
241167.000000
385738.000000
428957.000000
455285.000000
282406.000000
359794.000000
544659.000000
321740.000000
357224.000000
365995.000000
210460.000000
507942.000000
250411.000000
509579.000000
421193.000000
459004.000000
404092.000000
163968.000000
363808.000000
413662.000000
467813.000000
175591.000000
452560.000000
