0.000000
0.000000
0.000000
0.000000
0.000000
0.000000
0.000000
0.000000
0.000000
0.000000
0.000000
0.000000
0.000000
0.000000
0.000000
0.000000
0.000000
0.000000
0.000000
0.000000
0.000000
0.000000
0.000000
0.000000
0.000000
0.000000
0.000000
0.000000
0.000000
0.000000
0.000000
0.000000
0.000000
0.000000
0.000000
0.000000
0.000000
0.000000
0.000000
0.000000
0.000000
0.000000
0.000000
0.000000
0.000000
0.000000
0.000000
0.000000
0.000000
0.000000
0.000000
0.000000
0.000000
0.000000
0.000000
0.000000
0.000000
0.000000
0.000000
0.000000
0.000000
0.000000
0.000000
0.000000
0.000000
0.000000
0.000000
0.000000
0.000000
0.000000
0.000000
0.000000
0.000000
0.000000
0.000000
0.000000
0.000000
0.000000
0.000000
0.000000
0.000000
0.000000
0.000000
0.000000
0.000000
0.000000
0.000000
0.000000
0.000000
0.000000
0.000000
0.000000
0.000000
0.000000
0.000000
0.000000
0.000000
0.000000
0.000000
0.000000
0.000000
0.000000
0.000000
0.000000
0.000000
0.000000
0.000000
0.000000
0.000000
0.000000
0.000000
0.000000
0.000000
0.000000
0.000000
0.000000
0.000000
0.000000
0.000000
0.000000
0.000000
0.000000
0.000000
0.000000
0.000000
0.000000
0.000000
0.000000
0.000000
0.000000
0.000000
0.000000
0.000000
0.000000
0.000000
0.000000
0.000000
0.000000
0.000000
0.000000
0.000000
0.000000
0.000000
0.000000
0.000000
0.000000
0.000000
0.000000
0.000000
0.000000
0.000000
0.000000
0.000000
0.000000
0.000000
0.000000
0.000000
0.000000
0.000000
0.000000
0.000000
0.000000
0.000000
0.000000
0.000000
0.000000
0.000000
0.000000
0.000000
0.000000
0.000000
0.000000
0.000000
0.000000
0.000000
0.000000
0.000000
0.000000
0.000000
0.000000
0.000000
0.000000
0.000000
0.000000
0.000000
0.000000
0.000000
0.000000
0.000000
0.000000
0.000000
0.000000
0.000000
0.000000
0.000000
0.000000
0.000000
0.000000
0.000000
0.000000
0.000000
0.000000
0.000000
0.000000
0.000000
0.000000
0.000000
0.000000
0.000000
0.000000
0.000000
0.000000
0.000000
0.000000
0.000000
0.000000
0.000000
0.000000
0.000000
0.000000
0.000000
0.000000
0.000000
0.000000
0.000000
0.000000
0.000000
0.000000
0.000000
0.000000
0.000000
0.000000
0.000000
0.000000
0.000000
0.000000
0.000000
0.000000
0.000000
0.000000
0.000000
0.000000
0.000000
0.000000
0.000000
0.000000
0.000000
0.000000
0.000000
0.000000
0.000000
0.000000
0.000000
0.000000
0.000000
0.000000
0.000000
0.000000
0.000000
0.000000
0.000000
0.000000
0.000000
0.000000
0.000000
9086855.000000
179716.000000
3585751.000000
2324472.000000
432863.000000
1095313.000000
6278548.000000
425887.000000
4887752.000000
751710.000000
920131.000000
4531924.000000
302591.000000
474328.000000
523163.000000
6281122.000000
4909434.000000
2258747.000000
3580945.000000
362497.000000
4453460.000000
579497.000000
869439.000000
5657945.000000
2313333.000000
2261689.000000
1272836.000000
670152.000000
506727.000000
4862980.000000
1553493.000000
209671.000000
4945233.000000
316799.000000
90863.000000
524803.000000
121465.000000
1514779.000000
477856.000000
518450.000000
3471548.000000
382582.000000
3515627.000000
508443.000000
4378759.000000
258247.000000
3500208.000000
1038509.000000
767211.000000
604796.000000
4055251.000000
390850.000000
440918.000000
150602.000000
970703.000000
413553.000000
2391175.000000
2989260.000000
657123.000000
928267.000000
94321.000000
5615555.000000
2153873.000000
4560200.000000
5145763.000000
3142103.000000
4156600.000000
977328.000000
240962.000000
3502817.000000
363662.000000
6136304.000000
321746.000000
1491340.000000
4421947.000000
155033.000000
833182.000000
556260.000000
402586.000000
433051.000000
337388.000000
3366246.000000
3924701.000000
3763309.000000
202827.000000
209133.000000
1005241.000000
4946347.000000
3737280.000000
258318.000000
3948365.000000
500269.000000
2025971.000000
1908592.000000
563015.000000
390379.000000
1585979.000000
3134451.000000
91377.000000
1189779.000000
493044.000000
1226214.000000
3755391.000000
3377577.000000
175238.000000
2469487.000000
1343594.000000
5368614.000000
423918.000000
2931634.000000
2339563.000000
449028.000000
707393.000000
441068.000000
3682792.000000
5268143.000000
1033816.000000
319756.000000
3614077.000000
501241.000000
5559235.000000
305994.000000
390494.000000
2243931.000000
557031.000000
5104741.000000
184357.000000
1293895.000000
239430.000000
4081500.000000
464587.000000
3007549.000000
290376.000000
297765.000000
1310436.000000
916009.000000
2595248.000000
373968.000000
1105515.000000
377645.000000
443747.000000
3687357.000000
3142336.000000
353602.000000
4280072.000000
4277092.000000
330080.000000
465176.000000
4938366.000000
117307.000000
999751.000000
3308351.000000
667290.000000
733630.000000
496695.000000
364230.000000
441070.000000
329000.000000
1160009.000000
332096.000000
421665.000000
923520.000000
671922.000000
260336.000000
4712610.000000
5571963.000000
5351085.000000
782025.000000
5865013.000000
5155484.000000
5093063.000000
1315827.000000
352820.000000
646131.000000
310985.000000
605756.000000
364047.000000
294796.000000
104474.000000
570259.000000
856542.000000
5459725.000000
1526548.000000
3902397.000000
548788.000000
1262587.000000
492920.000000
2467236.000000
1797101.000000
113293.000000
185129.000000
480491.000000
3117873.000000
3532829.000000
425903.000000
554988.000000
1004792.000000
5836264.000000
108134.000000
5996650.000000
535841.000000
5587741.000000
373975.000000
670968.000000
443291.000000
5384441.000000
688516.000000
937455.000000
294472.000000
806678.000000
4209589.000000
3272933.000000
412287.000000
4466764.000000
2907992.000000
5290266.000000
5259504.000000
248790.000000
886081.000000
144492.000000
1962171.000000
350847.000000
176463.000000
889505.000000
1756907.000000
410389.000000
4207584.000000
1073186.000000
494823.000000
4430639.000000
6793.000000
530635.000000
3670762.000000
3960994.000000
5173586.000000
417291.000000
3856329.000000
156391.000000
131560.000000
4740794.000000
296004.000000
3601538.000000
1196810.000000
5046421.000000
5307537.000000
671717.000000
407384.000000
4283514.000000
115303.000000
2082055.000000
460516.000000
318632.000000
4132993.000000
674834.000000
1977062.000000
180827.000000
837731.000000
3089864.000000
1048003.000000
3414504.000000
228813.000000
2344654.000000
2388143.000000
923905.000000
4601227.000000
1155372.000000
295957.000000
1965318.000000
4267259.000000
5280960.000000
290038.000000
189130.000000
1013926.000000
2431798.000000
5314743.000000
253593.000000
641782.000000
535456.000000
464080.000000
515732.000000
370340.000000
793171.000000
238230.000000
4645558.000000
1800024.000000
4878087.000000
419705.000000
3843557.000000
4633137.000000
587837.000000
628117.000000
515514.000000
371655.000000
423743.000000
105931.000000
4773472.000000
2843965.000000
2612500.000000
1244460.000000
959860.000000
211587.000000
1304240.000000
3994107.000000
3982873.000000
201810.000000
4822869.000000
877101.000000
5400547.000000
5869521.000000
283377.000000
864414.000000
1135535.000000
5342381.000000
545258.000000
197750.000000
1775863.000000
417431.000000
529460.000000
241645.000000
5225421.000000
592692.000000
496819.000000
381474.000000
3075258.000000
5706045.000000
283905.000000
5612847.000000
367267.000000
694346.000000
391602.000000
391378.000000
921146.000000
441106.000000
1538279.000000
1096184.000000
463500.000000
2943875.000000
448731.000000
145883.000000
2908824.000000
2990017.000000
5728236.000000
2861066.000000
360735.000000
638225.000000
237034.000000
2996247.000000
4456429.000000
484296.000000
565824.000000
4533480.000000
202724.000000
5259115.000000
3441931.000000
1142485.000000
2380150.000000
1063288.000000
113298.000000
2853349.000000
1613280.000000
272576.000000
1174904.000000
6093551.000000
1056410.000000
4848468.000000
2363884.000000
730708.000000
623204.000000
598851.000000
3289564.000000
581671.000000
5681233.000000
3914686.000000
786373.000000
443321.000000
485298.000000
696484.000000
1070524.000000
662090.000000
578935.000000
1139068.000000
668425.000000
2251131.000000
5258233.000000
179747.000000
4015301.000000
457484.000000
545164.000000
1147066.000000
2273646.000000
597468.000000
310932.000000
1915035.000000
318745.000000
3375942.000000
1335727.000000
479417.000000
5967963.000000
292436.000000
865994.000000
413380.000000
4202100.000000
381995.000000
3063345.000000
2701444.000000
2721498.000000
39637.000000
2538575.000000
380584.000000
312509.000000
1160440.000000
1273433.000000
3068879.000000
2818151.000000
455212.000000
343982.000000
811485.000000
317701.000000
456246.000000
463134.000000
4982193.000000
5468925.000000
4312507.000000
897864.000000
99016.000000
2361676.000000
181034.000000
211417.000000
808304.000000
3631309.000000
1082875.000000
1442407.000000
832956.000000
5131617.000000
903858.000000
1886605.000000
3848969.000000
1486017.000000
476226.000000
161974.000000
1687790.000000
713439.000000
132254.000000
228327.000000
461672.000000
2966364.000000
964541.000000
5090750.000000
338138.000000
216552.000000
471074.000000
62820.000000
541214.000000
3595486.000000
3209881.000000
231762.000000
3702760.000000
327036.000000
4580734.000000
383549.000000
806505.000000
378166.000000
5993970.000000
3564984.000000
863732.000000
368137.000000
1979651.000000
598337.000000
493799.000000
4776076.000000
868705.000000
646323.000000
454969.000000
384624.000000
1167775.000000
357522.000000
512117.000000
4890536.000000
431586.000000
4304563.000000
4001021.000000
519514.000000
334670.000000
4121135.000000
483161.000000
417645.000000
792983.000000
1785394.000000
519790.000000
3764936.000000
3628475.000000
157047.000000
3003184.000000
383229.000000
2629161.000000
3824207.000000
1442072.000000
796337.000000
4505338.000000
684873.000000
643724.000000
4484772.000000
312925.000000
1681831.000000
3280446.000000
396010.000000
336805.000000
510914.000000
3896754.000000
855795.000000
392676.000000
492448.000000
460604.000000
1415212.000000
2219341.000000
312236.000000
1276780.000000
878737.000000
1464680.000000
4946815.000000
3503380.000000
5329950.000000
456402.000000
695835.000000
1361676.000000
5477346.000000
484692.000000
417074.000000
1110435.000000
5127247.000000
3927882.000000
4740813.000000
1253823.000000
678002.000000
892472.000000
182916.000000
500120.000000
1706142.000000
5130118.000000
4936048.000000
5012048.000000
516646.000000
3938922.000000
291032.000000
234100.000000
878917.000000
2886050.000000
1415449.000000
1082095.000000
200929.000000
155016.000000
346474.000000
5574066.000000
315354.000000
373117.000000
400348.000000
519231.000000
562743.000000
5576537.000000
5009805.000000
847657.000000
190636.000000
417046.000000
400742.000000
294409.000000
4905633.000000
859473.000000
868367.000000
372597.000000
1803233.000000
5518054.000000
2543624.000000
398689.000000
4015766.000000
5295143.000000
5281739.000000
3798404.000000
3478472.000000
4597552.000000
837928.000000
826719.000000
435541.000000
427977.000000
4469931.000000
86185.000000
1180907.000000
1133570.000000
3928122.000000
345290.000000
1092793.000000
601515.000000
136832.000000
217861.000000
3890052.000000
459942.000000
696385.000000
341056.000000
1639716.000000
1111512.000000
1056094.000000
3636519.000000
514781.000000
5411891.000000
287071.000000
759320.000000
386728.000000
292959.000000
2469368.000000
3181619.000000
3361854.000000
2042281.000000
1361892.000000
2025845.000000
4529075.000000
304298.000000
334714.000000
4168240.000000
574836.000000
571869.000000
626593.000000
427915.000000
1034457.000000
4287044.000000
485877.000000
676426.000000
5625956.000000
329003.000000
522688.000000
505165.000000
780001.000000
735242.000000
3638601.000000
178915.000000
297812.000000
523228.000000
259085.000000
571255.000000
4953094.000000
511450.000000
153018.000000
4245110.000000
1136194.000000
569453.000000
515068.000000
1276390.000000
3811003.000000
293442.000000
722646.000000
450051.000000
495402.000000
3498515.000000
1465785.000000
1655395.000000
2391884.000000
4998713.000000
4320976.000000
549658.000000
5133115.000000
2885110.000000
3493250.000000
483865.000000
4500380.000000
347421.000000
5336214.000000
186216.000000
77904.000000
328928.000000
5506960.000000
1802993.000000
1434027.000000
295505.000000
516691.000000
5510409.000000
3480282.000000
141135.000000
3524533.000000
4231998.000000
438373.000000
260157.000000
2889868.000000
1322452.000000
452085.000000
98971.000000
2901819.000000
2177512.000000
5084715.000000
606466.000000
2631728.000000
1717507.000000
2305491.000000
3020844.000000
1354908.000000
5956890.000000
5446350.000000
5453043.000000
675275.000000
543949.000000
4886590.000000
1924060.000000
579445.000000
1751516.000000
679764.000000
858733.000000
938435.000000
334194.000000
1132680.000000
1195873.000000
537278.000000
978927.000000
1148472.000000
628947.000000
643814.000000
427784.000000
874197.000000
57655.000000
440741.000000
514115.000000
412411.000000
346849.000000
395364.000000
465877.000000
6017749.000000
3506892.000000
534218.000000
226808.000000
2957410.000000
198036.000000
29981.000000
103987.000000
5858420.000000
243973.000000
3557362.000000
4354073.000000
477758.000000
460806.000000
2041464.000000
445587.000000
6267526.000000
1887553.000000
1911457.000000
3671417.000000
905173.000000
259732.000000
563430.000000
679570.000000
315734.000000
5719578.000000
661508.000000
371169.000000
498975.000000
662510.000000
510286.000000
5232483.000000
815938.000000
109163.000000
1605371.000000
602461.000000
357310.000000
257899.000000
3897336.000000
410384.000000
1299328.000000
3730861.000000
176599.000000
560692.000000
4346692.000000
486182.000000
511969.000000
140672.000000
34430.000000
263973.000000
3061166.000000
703879.000000
4236025.000000
430893.000000
427342.000000
3452629.000000
974692.000000
230345.000000
556135.000000
368830.000000
344036.000000
312515.000000
5226253.000000
288455.000000
4020853.000000
4374424.000000
187990.000000
1416925.000000
5530952.000000
465938.000000
4570492.000000
304741.000000
661961.000000
537505.000000
1499560.000000
1003239.000000
1844521.000000
188592.000000
4985532.000000
391597.000000
3592462.000000
510111.000000
443457.000000
1039655.000000
486651.000000
3094363.000000
807784.000000
2658159.000000
592558.000000
207908.000000
324878.000000
298231.000000
232755.000000
454130.000000
467540.000000
1289194.000000
5731923.000000
770335.000000
3891556.000000
905567.000000
2200164.000000
2967105.000000
5704067.000000
3974272.000000
3136365.000000
473429.000000
569424.000000
318962.000000
5153380.000000
4263464.000000
543736.000000
1200174.000000
358803.000000
2898623.000000
6235331.000000
432139.000000
3789759.000000
532961.000000
531761.000000
1132102.000000
300053.000000
1505194.000000
242841.000000
531848.000000
3740571.000000
4607802.000000
3486452.000000
702046.000000
149564.000000
498804.000000
610901.000000
4236833.000000
4443709.000000
5009486.000000
1110121.000000
356869.000000
483450.000000
1019275.000000
5033738.000000
1223529.000000
3572758.000000
3504345.000000
4167396.000000
712725.000000
4750247.000000
681563.000000
2211718.000000
200341.000000
368658.000000
445511.000000
70309.000000
5177029.000000
397394.000000
665570.000000
603193.000000
194808.000000
308675.000000
202376.000000
603399.000000
244850.000000
926317.000000
495220.000000
309656.000000
1220602.000000
428004.000000
1306561.000000
3844801.000000
98099.000000
3636111.000000
5102787.000000
352433.000000
1618095.000000
229877.000000
956618.000000
437452.000000
4237403.000000
5314052.000000
359512.000000
4458887.000000
5423087.000000
197572.000000
1419229.000000
3528997.000000
482051.000000
301766.000000
203048.000000
792563.000000
403402.000000
463329.000000
4272947.000000
3520315.000000
203050.000000
3136316.000000
1278209.000000
182816.000000
410736.000000
557849.000000
257742.000000
3196225.000000
1235560.000000
598066.000000
5387859.000000
529647.000000
350257.000000
3497947.000000
885352.000000
321617.000000
4985449.000000
432398.000000
5432461.000000
345866.000000
332042.000000
2929607.000000
138341.000000
4518831.000000
352413.000000
364232.000000
5629670.000000
1257133.000000
609649.000000
2647408.000000
648089.000000
657089.000000
61332.000000
406699.000000
310271.000000
415132.000000
463727.000000
384128.000000
5460900.000000
416182.000000
330566.000000
406783.000000
307112.000000
516437.000000
500912.000000
2190680.000000
250934.000000
138512.000000
776524.000000
268856.000000
2593224.000000
338733.000000
977616.000000
4027947.000000
755781.000000
449509.000000
811958.000000
861075.000000
1106586.000000
1243923.000000
2566841.000000
379447.000000
3348011.000000
2132284.000000
2168438.000000
873251.000000
476313.000000
203741.000000
1107109.000000
4146001.000000
5229037.000000
220376.000000
1011050.000000
710573.000000
1131752.000000
207016.000000
391143.000000
565241.000000
362631.000000
143846.000000
151200.000000
5286435.000000
483521.000000
369633.000000
284354.000000
671681.000000
350806.000000
594132.000000
1257735.000000
610154.000000
312230.000000
3460565.000000
162575.000000
184862.000000
4341666.000000
125790.000000
464848.000000
337281.000000
331862.000000
102429.000000
3725610.000000
933603.000000
953788.000000
2325086.000000
2522811.000000
4366067.000000
442266.000000
4796214.000000
643374.000000
4287772.000000
551585.000000
4126960.000000
568856.000000
4909821.000000
3385737.000000
527578.000000
271696.000000
544584.000000
4361537.000000
850384.000000
438791.000000
4364071.000000
87706.000000
1191357.000000
5644353.000000
1293058.000000
548213.000000
2493345.000000
764926.000000
224595.000000
1809927.000000
272904.000000
3863967.000000
313086.000000
221762.000000
547488.000000
492426.000000
1857642.000000
606840.000000
411697.000000
452208.000000
665820.000000
5551668.000000
218306.000000
1680016.000000
275297.000000
390510.000000
347615.000000
5436952.000000
326260.000000
945003.000000
330691.000000
110973.000000
2105023.000000
5329588.000000
143709.000000
172138.000000
513691.000000
4625027.000000
260435.000000
3237849.000000
389507.000000
345466.000000
5453582.000000
649956.000000
547010.000000
566571.000000
130520.000000
3730338.000000
5425743.000000
698147.000000
5751261.000000
4994105.000000
292613.000000
3766722.000000
422640.000000
443231.000000
724405.000000
857951.000000
384265.000000
373889.000000
868724.000000
230877.000000
4839532.000000
1713951.000000
347347.000000
3330569.000000
3052479.000000
278412.000000
774592.000000
157510.000000
691539.000000
4586696.000000
4826659.000000
560969.000000
3622003.000000
2929094.000000
5118536.000000
4228131.000000
574344.000000
370903.000000
5455328.000000
638450.000000
1137063.000000
536320.000000
773255.000000
638584.000000
365047.000000
5683896.000000
906706.000000
97651.000000
4855918.000000
4717659.000000
169779.000000
5368471.000000
865298.000000
5119879.000000
416022.000000
3462288.000000
939422.000000
1474886.000000
5184494.000000
5398614.000000
275658.000000
505480.000000
387792.000000
5014172.000000
551072.000000
5346811.000000
5213287.000000
477850.000000
484599.000000
583795.000000
806957.000000
307103.000000
4804284.000000
616148.000000
570810.000000
845485.000000
568803.000000
1130089.000000
127192.000000
876066.000000
1539121.000000
559539.000000
1059292.000000
3751855.000000
447707.000000
431380.000000
563622.000000
323138.000000
506965.000000
916432.000000
128297.000000
89319.000000
2533792.000000
423341.000000
545877.000000
4272008.000000
514811.000000
211424.000000
379820.000000
345597.000000
380212.000000
2940473.000000
220442.000000
339854.000000
1122866.000000
4507755.000000
545060.000000
1200831.000000
538782.000000
400489.000000
2767123.000000
5176921.000000
3317461.000000
2685288.000000
1139837.000000
608332.000000
4007614.000000
768282.000000
670794.000000
1388950.000000
222860.000000
383091.000000
5163259.000000
309348.000000
3760458.000000
185147.000000
5077470.000000
552354.000000
415644.000000
5074627.000000
171526.000000
985873.000000
239556.000000
557733.000000
4208588.000000
539707.000000
123010.000000
1897663.000000
5208158.000000
4808199.000000
230487.000000
421833.000000
772893.000000
1005072.000000
3707050.000000
4436776.000000
2257591.000000
4425946.000000
185793.000000
390211.000000
415554.000000
83556.000000
468108.000000
413490.000000
436609.000000
1029228.000000
5440530.000000
4464598.000000
2129192.000000
5588743.000000
5046671.000000
419285.000000
527356.000000
502934.000000
199689.000000
95409.000000
5046102.000000
4582680.000000
3221084.000000
1254322.000000
5527345.000000
4461674.000000
1829005.000000
4682190.000000
232816.000000
589421.000000
378132.000000
520401.000000
456216.000000
695502.000000
511986.000000
256074.000000
200225.000000
325946.000000
1889983.000000
4328404.000000
5473437.000000
211952.000000
451067.000000
448136.000000
2783309.000000
106929.000000
280249.000000
3667152.000000
2330630.000000
1330536.000000
1450557.000000
3213394.000000
1381420.000000
849154.000000
4691059.000000
1214589.000000
4472425.000000
461448.000000
4915531.000000
397702.000000
3374907.000000
321132.000000
1417514.000000
504800.000000
4249715.000000
695834.000000
357719.000000
402130.000000
1158501.000000
361482.000000
645775.000000
311923.000000
518911.000000
353183.000000
554314.000000
1240798.000000
3645310.000000
5230276.000000
539985.000000
506194.000000
224591.000000
701291.000000
300545.000000
481620.000000
400423.000000
357244.000000
321009.000000
414376.000000
2107268.000000
3148076.000000
454240.000000
2893955.000000
2462655.000000
429394.000000
526317.000000
1408633.000000
349952.000000
539574.000000
371844.000000
5207465.000000
310276.000000
122289.000000
491792.000000
942117.000000
4363800.000000
288098.000000
3530746.000000
406983.000000
470319.000000
4181089.000000
4500371.000000
506889.000000
1713409.000000
5698764.000000
1818633.000000
4936441.000000
257998.000000
737457.000000
269177.000000
335215.000000
604723.000000
266104.000000
500484.000000
394570.000000
280846.000000
350052.000000
513991.000000
4208191.000000
471125.000000
1904753.000000
2710717.000000
5142900.000000
663548.000000
887630.000000
2010909.000000
850099.000000
466431.000000
476254.000000
102881.000000
156556.000000
738203.000000
4587256.000000
3734289.000000
1434836.000000
2782616.000000
339641.000000
5343610.000000
4535943.000000
1411299.000000
1104882.000000
2173746.000000
570359.000000
5732236.000000
2882749.000000
731194.000000
580048.000000
3737682.000000
1516190.000000
921981.000000
583662.000000
354320.000000
842007.000000
223206.000000
5409906.000000
4476269.000000
388432.000000
243111.000000
4898547.000000
959602.000000
506785.000000
716066.000000
4939847.000000
282373.000000
762404.000000
849892.000000
2706156.000000
4002499.000000
1373341.000000
88393.000000
477042.000000
1326112.000000
4137566.000000
1148159.000000
514869.000000
373235.000000
3642803.000000
185173.000000
4571084.000000
1281272.000000
5601049.000000
777680.000000
353963.000000
693241.000000
4779559.000000
1598637.000000
494294.000000
988029.000000
3108770.000000
93599.000000
455872.000000
4136106.000000
1501970.000000
561382.000000
5392835.000000
1062837.000000
5829100.000000
233913.000000
682338.000000
221600.000000
702817.000000
751514.000000
169705.000000
361442.000000
3423385.000000
1888460.000000
398427.000000
5232011.000000
460696.000000
709229.000000
949644.000000
1701423.000000
220342.000000
4987591.000000
2315400.000000
710936.000000
482764.000000
723213.000000
638353.000000
1267237.000000
532488.000000
467380.000000
3428357.000000
797806.000000
5171621.000000
581134.000000
409850.000000
357999.000000
6156091.000000
4854984.000000
392288.000000
2587072.000000
5357902.000000
196074.000000
1810696.000000
661352.000000
939351.000000
4878333.000000
806426.000000
2232402.000000
144723.000000
5686863.000000
345417.000000
1023223.000000
148052.000000
671277.000000
4186161.000000
5530068.000000
3521204.000000
441670.000000
2332407.000000
1879079.000000
3337888.000000
1117457.000000
232377.000000
4931096.000000
5466781.000000
112815.000000
609458.000000
5866315.000000
684323.000000
3702807.000000
4455442.000000
402650.000000
587527.000000
4267986.000000
425341.000000
276321.000000
458188.000000
291111.000000
144162.000000
1031871.000000
4800838.000000
2100398.000000
1489276.000000
172924.000000
974364.000000
4037515.000000
2774641.000000
2102597.000000
2545245.000000
822267.000000
360313.000000
2977454.000000
285267.000000
1337237.000000
376904.000000
750605.000000
356606.000000
599202.000000
697768.000000
4596759.000000
1531956.000000
614702.000000
308851.000000
599103.000000
3408321.000000
615289.000000
371619.000000
789500.000000
2280810.000000
270321.000000
716644.000000
442584.000000
3730699.000000
2066969.000000
4221915.000000
4910418.000000
2249037.000000
3651400.000000
1491221.000000
5269712.000000
715353.000000
319527.000000
3617518.000000
429825.000000
2206513.000000
1502510.000000
5172792.000000
4252800.000000
405515.000000
5004947.000000
1486542.000000
4272060.000000
3906029.000000
680310.000000
1075194.000000
167594.000000
1133693.000000
6010480.000000
5654390.000000
99400.000000
1613706.000000
457874.000000
1624285.000000
1059366.000000
4435851.000000
949155.000000
6182618.000000
3559714.000000
3747734.000000
817018.000000
300226.000000
417848.000000
1114315.000000
240754.000000
410576.000000
507337.000000
3116166.000000
398419.000000
651878.000000
396296.000000
2918881.000000
501229.000000
216997.000000
1407812.000000
309116.000000
929819.000000
5413297.000000
4522082.000000
360935.000000
1495865.000000
5816736.000000
631919.000000
3309760.000000
747284.000000
227944.000000
4237264.000000
263380.000000
5593669.000000
5645331.000000
5632987.000000
2217486.000000
181759.000000
820307.000000
1940615.000000
3852837.000000
214281.000000
4333008.000000
