0.000000
0.000000
0.000000
0.000000
0.000000
0.000000
0.000000
0.000000
0.000000
0.000000
0.000000
0.000000
0.000000
0.000000
0.000000
0.000000
0.000000
0.000000
0.000000
0.000000
0.000000
0.000000
0.000000
0.000000
0.000000
0.000000
0.000000
0.000000
0.000000
0.000000
0.000000
0.000000
0.000000
0.000000
0.000000
0.000000
0.000000
0.000000
0.000000
0.000000
0.000000
0.000000
0.000000
0.000000
0.000000
0.000000
0.000000
0.000000
0.000000
0.000000
0.000000
0.000000
0.000000
0.000000
0.000000
0.000000
0.000000
0.000000
0.000000
0.000000
0.000000
0.000000
0.000000
0.000000
0.000000
0.000000
0.000000
0.000000
0.000000
0.000000
0.000000
0.000000
0.000000
0.000000
0.000000
0.000000
0.000000
0.000000
0.000000
0.000000
0.000000
0.000000
0.000000
0.000000
0.000000
0.000000
0.000000
0.000000
0.000000
0.000000
0.000000
0.000000
0.000000
0.000000
0.000000
0.000000
0.000000
0.000000
0.000000
0.000000
0.000000
0.000000
0.000000
0.000000
0.000000
0.000000
0.000000
0.000000
0.000000
0.000000
0.000000
0.000000
0.000000
0.000000
0.000000
0.000000
0.000000
0.000000
0.000000
0.000000
0.000000
0.000000
0.000000
0.000000
0.000000
0.000000
0.000000
0.000000
0.000000
0.000000
0.000000
0.000000
0.000000
0.000000
0.000000
0.000000
0.000000
0.000000
0.000000
0.000000
0.000000
0.000000
0.000000
0.000000
0.000000
0.000000
0.000000
0.000000
0.000000
0.000000
0.000000
0.000000
0.000000
0.000000
0.000000
0.000000
0.000000
0.000000
0.000000
0.000000
0.000000
0.000000
0.000000
0.000000
0.000000
0.000000
0.000000
0.000000
0.000000
0.000000
0.000000
0.000000
0.000000
0.000000
0.000000
0.000000
0.000000
0.000000
0.000000
0.000000
0.000000
0.000000
0.000000
0.000000
0.000000
0.000000
0.000000
0.000000
0.000000
0.000000
0.000000
0.000000
0.000000
0.000000
0.000000
0.000000
0.000000
0.000000
0.000000
0.000000
0.000000
0.000000
0.000000
0.000000
0.000000
0.000000
0.000000
0.000000
0.000000
0.000000
0.000000
0.000000
0.000000
0.000000
0.000000
0.000000
0.000000
0.000000
0.000000
0.000000
0.000000
0.000000
0.000000
0.000000
0.000000
0.000000
0.000000
0.000000
0.000000
0.000000
0.000000
0.000000
0.000000
0.000000
0.000000
0.000000
0.000000
0.000000
0.000000
0.000000
0.000000
0.000000
0.000000
0.000000
0.000000
0.000000
0.000000
0.000000
0.000000
0.000000
0.000000
0.000000
0.000000
0.000000
0.000000
0.000000
0.000000
0.000000
0.000000
0.000000
0.000000
0.000000
0.000000
0.000000
0.000000
0.000000
0.000000
0.000000
0.000000
0.000000
0.000000
0.000000
0.000000
0.000000
0.000000
1305015.000000
870774.000000
389650.000000
356504.000000
369777.000000
856849.000000
748182.000000
802094.000000
752495.000000
337000.000000
872981.000000
511464.000000
574865.000000
796346.000000
735338.000000
791570.000000
707846.000000
501104.000000
420216.000000
845990.000000
538852.000000
199801.000000
703836.000000
263311.000000
79362.000000
408659.000000
126416.000000
764750.000000
365668.000000
416374.000000
715538.000000
286017.000000
863158.000000
376987.000000
828327.000000
245901.000000
927513.000000
589743.000000
544849.000000
497108.000000
840428.000000
368170.000000
407570.000000
117544.000000
609910.000000
328708.000000
758932.000000
763306.000000
471826.000000
674458.000000
83333.000000
778222.000000
761411.000000
767982.000000
797164.000000
856814.000000
683901.000000
519347.000000
240509.000000
815696.000000
329151.000000
769998.000000
274373.000000
588534.000000
727605.000000
131376.000000
573972.000000
460644.000000
391231.000000
409969.000000
223155.000000
701246.000000
840825.000000
763201.000000
194337.000000
157209.000000
587047.000000
889897.000000
685465.000000
205337.000000
701936.000000
420026.000000
866459.000000
726790.000000
507381.000000
357549.000000
756996.000000
707729.000000
87007.000000
639123.000000
450471.000000
589731.000000
748233.000000
882976.000000
147566.000000
875874.000000
652583.000000
766738.000000
403197.000000
694982.000000
919234.000000
375411.000000
458638.000000
358600.000000
749915.000000
816198.000000
641084.000000
254442.000000
756356.000000
369662.000000
683893.000000
232801.000000
338760.000000
646166.000000
488027.000000
878453.000000
175217.000000
676502.000000
244779.000000
777523.000000
380206.000000
746843.000000
256622.000000
258174.000000
630428.000000
628543.000000
869356.000000
306296.000000
623368.000000
238438.000000
318280.000000
693718.000000
838394.000000
313225.000000
870581.000000
779670.000000
262151.000000
413504.000000
955623.000000
113078.000000
543013.000000
691111.000000
419859.000000
438459.000000
380535.000000
310208.000000
316077.000000
232430.000000
548116.000000
372657.000000
324780.000000
591898.000000
580802.000000
211487.000000
769118.000000
756300.000000
832224.000000
544151.000000
719289.000000
778372.000000
757376.000000
593725.000000
369405.000000
488238.000000
312488.000000
416451.000000
320862.000000
237593.000000
109864.000000
386528.000000
570253.000000
808965.000000
737890.000000
848645.000000
409776.000000
587334.000000
422185.000000
719887.000000
733036.000000
110230.000000
198957.000000
424102.000000
740499.000000
767721.000000
335862.000000
464249.000000
647281.000000
947759.000000
129682.000000
869946.000000
450377.000000
852801.000000
387628.000000
512190.000000
429549.000000
796302.000000
561937.000000
580496.000000
311990.000000
548013.000000
808926.000000
825714.000000
354163.000000
758157.000000
889499.000000
757475.000000
870472.000000
219812.000000
610610.000000
99667.000000
818757.000000
343334.000000
146014.000000
472190.000000
709194.000000
380337.000000
758704.000000
621723.000000
353745.000000
788471.000000
5312.000000
430683.000000
839918.000000
832565.000000
796370.000000
422393.000000
724367.000000
144314.000000
91076.000000
877911.000000
294435.000000
831786.000000
540584.000000
797009.000000
795472.000000
432437.000000
468717.000000
974647.000000
98900.000000
711729.000000
376751.000000
256797.000000
828139.000000
523715.000000
744316.000000
173806.000000
575981.000000
675642.000000
545138.000000
850183.000000
214418.000000
781543.000000
778023.000000
606666.000000
765686.000000
590301.000000
236500.000000
736194.000000
723007.000000
825415.000000
216499.000000
161844.000000
670371.000000
753225.000000
866047.000000
206661.000000
440881.000000
431604.000000
361206.000000
328544.000000
280379.000000
595367.000000
209635.000000
779993.000000
633642.000000
857500.000000
336598.000000
888957.000000
846925.000000
393693.000000
515470.000000
351606.000000
288393.000000
349518.000000
105633.000000
816079.000000
795957.000000
695590.000000
660035.000000
583636.000000
233003.000000
638882.000000
800277.000000
905526.000000
255327.000000
632905.000000
606424.000000
864105.000000
874056.000000
307476.000000
592991.000000
619999.000000
795765.000000
392527.000000
170479.000000
721613.000000
413863.000000
431236.000000
200655.000000
693715.000000
401431.000000
403187.000000
353177.000000
835493.000000
798053.000000
228957.000000
867301.000000
293053.000000
501715.000000
290105.000000
303210.000000
556910.000000
448476.000000
680463.000000
610336.000000
337833.000000
815290.000000
445276.000000
151050.000000
795625.000000
826923.000000
803405.000000
803301.000000
313122.000000
524696.000000
170433.000000
755804.000000
851013.000000
352631.000000
384766.000000
847212.000000
150570.000000
748151.000000
781810.000000
662085.000000
680143.000000
690625.000000
97040.000000
764187.000000
749577.000000
252690.000000
632208.000000
911894.000000
495799.000000
761548.000000
818466.000000
540012.000000
448787.000000
557046.000000
870219.000000
508393.000000
728876.000000
922782.000000
583408.000000
371440.000000
361393.000000
557007.000000
536874.000000
537576.000000
469471.000000
627726.000000
495025.000000
713893.000000
841005.000000
161833.000000
719500.000000
383130.000000
471738.000000
595478.000000
800515.000000
495494.000000
301144.000000
750214.000000
290648.000000
762336.000000
634843.000000
376081.000000
785663.000000
293462.000000
575800.000000
349274.000000
812985.000000
244932.000000
608830.000000
735588.000000
748856.000000
50579.000000
807787.000000
375310.000000
263444.000000
622646.000000
621668.000000
731618.000000
765428.000000
461788.000000
294555.000000
494051.000000
275128.000000
370946.000000
445793.000000
679359.000000
905628.000000
846606.000000
634613.000000
98340.000000
718414.000000
157906.000000
163595.000000
491842.000000
763018.000000
536449.000000
617372.000000
515128.000000
935832.000000
490565.000000
789960.000000
862921.000000
704373.000000
431521.000000
188466.000000
803683.000000
469335.000000
150131.000000
225613.000000
420466.000000
670307.000000
594161.000000
748543.000000
314883.000000
183958.000000
381588.000000
57576.000000
372017.000000
832097.000000
843986.000000
205332.000000
835859.000000
299852.000000
636464.000000
387997.000000
625893.000000
353592.000000
826517.000000
767680.000000
613896.000000
391945.000000
729446.000000
471376.000000
411050.000000
753832.000000
569294.000000
483125.000000
438302.000000
274302.000000
556703.000000
301259.000000
423702.000000
826407.000000
315061.000000
808237.000000
746117.000000
394165.000000
369936.000000
858860.000000
419039.000000
412465.000000
495012.000000
797502.000000
477401.000000
722933.000000
711406.000000
149697.000000
807581.000000
321574.000000
815281.000000
743839.000000
643576.000000
564313.000000
717639.000000
535034.000000
415076.000000
769354.000000
258474.000000
670810.000000
767768.000000
336147.000000
335541.000000
429497.000000
777611.000000
561437.000000
328682.000000
455396.000000
408743.000000
639965.000000
841611.000000
255170.000000
647194.000000
614763.000000
711421.000000
945041.000000
694344.000000
821146.000000
433817.000000
624897.000000
726189.000000
790055.000000
394972.000000
357894.000000
580242.000000
796145.000000
915251.000000
827991.000000
677712.000000
549952.000000
464629.000000
189439.000000
415859.000000
724240.000000
906943.000000
662363.000000
704336.000000
398858.000000
914690.000000
280188.000000
162886.000000
569249.000000
736414.000000
711394.000000
566429.000000
158085.000000
146687.000000
324387.000000
822801.000000
262035.000000
356962.000000
380096.000000
401013.000000
477265.000000
800617.000000
738332.000000
595758.000000
151795.000000
342974.000000
271789.000000
287660.000000
811423.000000
546660.000000
581430.000000
340225.000000
667740.000000
738404.000000
673258.000000
433442.000000
736121.000000
701140.000000
766673.000000
710233.000000
784868.000000
857763.000000
562200.000000
536073.000000
376962.000000
446774.000000
750570.000000
93680.000000
671154.000000
667150.000000
768036.000000
327190.000000
504291.000000
453979.000000
155057.000000
162312.000000
711136.000000
378555.000000
533054.000000
335646.000000
599081.000000
725213.000000
598799.000000
817888.000000
467291.000000
776501.000000
237879.000000
490277.000000
316210.000000
224275.000000
663519.000000
698128.000000
704755.000000
691782.000000
762275.000000
864104.000000
943916.000000
270189.000000
220283.000000
755806.000000
471799.000000
550229.000000
522582.000000
278496.000000
557530.000000
742989.000000
346962.000000
498411.000000
806577.000000
286827.000000
361878.000000
334274.000000
582501.000000
425393.000000
671251.000000
161386.000000
277059.000000
444779.000000
202826.000000
465379.000000
805091.000000
377381.000000
131104.000000
791846.000000
722308.000000
512046.000000
388138.000000
556163.000000
761713.000000
292002.000000
441691.000000
436876.000000
411062.000000
861603.000000
737861.000000
778316.000000
716487.000000
854177.000000
816516.000000
418616.000000
879161.000000
804155.000000
695109.000000
405307.000000
825308.000000
335869.000000
790786.000000
179041.000000
81273.000000
303858.000000
864901.000000
783844.000000
680851.000000
301491.000000
411985.000000
882351.000000
752453.000000
118017.000000
657538.000000
769423.000000
332389.000000
254046.000000
839970.000000
659392.000000
306331.000000
89610.000000
722078.000000
795449.000000
799586.000000
427047.000000
686828.000000
716785.000000
629345.000000
738157.000000
719831.000000
872735.000000
780761.000000
711556.000000
420974.000000
411761.000000
875031.000000
724965.000000
436714.000000
791646.000000
584469.000000
573015.000000
621345.000000
336946.000000
570935.000000
683574.000000
482530.000000
590940.000000
599744.000000
514222.000000
560081.000000
398880.000000
489228.000000
55127.000000
430276.000000
419283.000000
368495.000000
224016.000000
335334.000000
369553.000000
831586.000000
723766.000000
456692.000000
225579.000000
648628.000000
183890.000000
35166.000000
78428.000000
831655.000000
252227.000000
806081.000000
711585.000000
393946.000000
395170.000000
680046.000000
373406.000000
884222.000000
746744.000000
697622.000000
831679.000000
590622.000000
227678.000000
457618.000000
493412.000000
335166.000000
798346.000000
582414.000000
217277.000000
447122.000000
445532.000000
378445.000000
840335.000000
524914.000000
130746.000000
628963.000000
489490.000000
337927.000000
277540.000000
811650.000000
321755.000000
610443.000000
748127.000000
139915.000000
380131.000000
858562.000000
439783.000000
436701.000000
119245.000000
30957.000000
223331.000000
789323.000000
509893.000000
758732.000000
354817.000000
342542.000000
721964.000000
558264.000000
202466.000000
372508.000000
325772.000000
348057.000000
311269.000000
831322.000000
262185.000000
789228.000000
810034.000000
191298.000000
721877.000000
807585.000000
391974.000000
850856.000000
233014.000000
484974.000000
402239.000000
671488.000000
630567.000000
764446.000000
185829.000000
806319.000000
385851.000000
704001.000000
454364.000000
406662.000000
557493.000000
411305.000000
752881.000000
517217.000000
788416.000000
506853.000000
163710.000000
269094.000000
273982.000000
236466.000000
417322.000000
332975.000000
678046.000000
875491.000000
492517.000000
810672.000000
492855.000000
724065.000000
825481.000000
867916.000000
769376.000000
884532.000000
400307.000000
480789.000000
283679.000000
875022.000000
822825.000000
441015.000000
653598.000000
300342.000000
751538.000000
769533.000000
292849.000000
776942.000000
455480.000000
461022.000000
694366.000000
295842.000000
702515.000000
186720.000000
423714.000000
822626.000000
822606.000000
789209.000000
449076.000000
138144.000000
340610.000000
437612.000000
625343.000000
820667.000000
763188.000000
579133.000000
337203.000000
457213.000000
619796.000000
751310.000000
613934.000000
765632.000000
823403.000000
847067.000000
542666.000000
806788.000000
511264.000000
785012.000000
154692.000000
367522.000000
404347.000000
72184.000000
775909.000000
272126.000000
509218.000000
446391.000000
188697.000000
234421.000000
152758.000000
384831.000000
233634.000000
574721.000000
349599.000000
282174.000000
783512.000000
399721.000000
751328.000000
741188.000000
92247.000000
820259.000000
774767.000000
286272.000000
725158.000000
232039.000000
573306.000000
355428.000000
686241.000000
839502.000000
352581.000000
841243.000000
896772.000000
177743.000000
657755.000000
748909.000000
441034.000000
287959.000000
194326.000000
583431.000000
347335.000000
439148.000000
849500.000000
832306.000000
200702.000000
814543.000000
723846.000000
176407.000000
364372.000000
429530.000000
193220.000000
760717.000000
675330.000000
583672.000000
924426.000000
430365.000000
361014.000000
914975.000000
575731.000000
349648.000000
821294.000000
385814.000000
925148.000000
312176.000000
257621.000000
677398.000000
135444.000000
896511.000000
303673.000000
334116.000000
815995.000000
667411.000000
454261.000000
630594.000000
523748.000000
509721.000000
59860.000000
342397.000000
277173.000000
399669.000000
427282.000000
416346.000000
884541.000000
285598.000000
229747.000000
350062.000000
293756.000000
515106.000000
384815.000000
680271.000000
209201.000000
117529.000000
526228.000000
298119.000000
687435.000000
314635.000000
651416.000000
754430.000000
561794.000000
392963.000000
572373.000000
531939.000000
634243.000000
729696.000000
861970.000000
328206.000000
695984.000000
737201.000000
755352.000000
482268.000000
400305.000000
151527.000000
710844.000000
717756.000000
911804.000000
179363.000000
555913.000000
540199.000000
600998.000000
196634.000000
299937.000000
473492.000000
384949.000000
128527.000000
133128.000000
725324.000000
429960.000000
370144.000000
215381.000000
460709.000000
323302.000000
488056.000000
732657.000000
430905.000000
231099.000000
895148.000000
180725.000000
176485.000000
967708.000000
108531.000000
461647.000000
254797.000000
240285.000000
96936.000000
680065.000000
565629.000000
610674.000000
632468.000000
765065.000000
852363.000000
320040.000000
697959.000000
469108.000000
873009.000000
508105.000000
716715.000000
426385.000000
780532.000000
749973.000000
341232.000000
208608.000000
437080.000000
774542.000000
514331.000000
395834.000000
800947.000000
74305.000000
494715.000000
824972.000000
697139.000000
407170.000000
715207.000000
513311.000000
211993.000000
780495.000000
208895.000000
759604.000000
275157.000000
261934.000000
389758.000000
446624.000000
696745.000000
483019.000000
348141.000000
341734.000000
452780.000000
746004.000000
179350.000000
722172.000000
252085.000000
364502.000000
298621.000000
859070.000000
261567.000000
576916.000000
257166.000000
118098.000000
842248.000000
834491.000000
118481.000000
139508.000000
385472.000000
803980.000000
268147.000000
826637.000000
371467.000000
380709.000000
784928.000000
499297.000000
358102.000000
466005.000000
124767.000000
873900.000000
897778.000000
585742.000000
875149.000000
916231.000000
302047.000000
810131.000000
441557.000000
380747.000000
464382.000000
583553.000000
354491.000000
315908.000000
446255.000000
257559.000000
846284.000000
766859.000000
310875.000000
714286.000000
760763.000000
286100.000000
602724.000000
146918.000000
473957.000000
814454.000000
742473.000000
391961.000000
955919.000000
819571.000000
790217.000000
692384.000000
381233.000000
328075.000000
808038.000000
474872.000000
548999.000000
458053.000000
587721.000000
499583.000000
262701.000000
837492.000000
625157.000000
121987.000000
921881.000000
857962.000000
176149.000000
701121.000000
510001.000000
811890.000000
371998.000000
836863.000000
542315.000000
664622.000000
850199.000000
784274.000000
210121.000000
421584.000000
432771.000000
807206.000000
447693.000000
794504.000000
715368.000000
422977.000000
469986.000000
457195.000000
381823.000000
297776.000000
807866.000000
427388.000000
431968.000000
520940.000000
437762.000000
597960.000000
99934.000000
616037.000000
645110.000000
433557.000000
660048.000000
841988.000000
444520.000000
414133.000000
457161.000000
229401.000000
438857.000000
618078.000000
143599.000000
94420.000000
707796.000000
367904.000000
461651.000000
802138.000000
422858.000000
143449.000000
367678.000000
262911.000000
343971.000000
801040.000000
197211.000000
315295.000000
615977.000000
745097.000000
437157.000000
694814.000000
450626.000000
389951.000000
738797.000000
813848.000000
772095.000000
568963.000000
689838.000000
454293.000000
803629.000000
533542.000000
482701.000000
643043.000000
184111.000000
340222.000000
763141.000000
251570.000000
843937.000000
146242.000000
813752.000000
445146.000000
439854.000000
818383.000000
204492.000000
583117.000000
201170.000000
406755.000000
706086.000000
411755.000000
108650.000000
743194.000000
829739.000000
836930.000000
185075.000000
381283.000000
521269.000000
564570.000000
833902.000000
741152.000000
729835.000000
907281.000000
172971.000000
359051.000000
402198.000000
105669.000000
370573.000000
460792.000000
380512.000000
532310.000000
803489.000000
744743.000000
671133.000000
743801.000000
820656.000000
369001.000000
384331.000000
353196.000000
211724.000000
76417.000000
772371.000000
779127.000000
615491.000000
710168.000000
816730.000000
845644.000000
743412.000000
626782.000000
200891.000000
507640.000000
328657.000000
455497.000000
437951.000000
445843.000000
310076.000000
253103.000000
159586.000000
289721.000000
636478.000000
667013.000000
783061.000000
239276.000000
424982.000000
379331.000000
798321.000000
115423.000000
259776.000000
812088.000000
768105.000000
681394.000000
715191.000000
646683.000000
743963.000000
567594.000000
817781.000000
605137.000000
783660.000000
390294.000000
805265.000000
392736.000000
866658.000000
278476.000000
609055.000000
381814.000000
869708.000000
551886.000000
275849.000000
311321.000000
664933.000000
336349.000000
543281.000000
234385.000000
458776.000000
314478.000000
413354.000000
677213.000000
897849.000000
893472.000000
368884.000000
399189.000000
231319.000000
563131.000000
306380.000000
406677.000000
375384.000000
427650.000000
299626.000000
317490.000000
827604.000000
816025.000000
398575.000000
767879.000000
753127.000000
424579.000000
402861.000000
744685.000000
363823.000000
450336.000000
328397.000000
770292.000000
309241.000000
107324.000000
328144.000000
575583.000000
830113.000000
281410.000000
826192.000000
294981.000000
399930.000000
772324.000000
786693.000000
404582.000000
713292.000000
860976.000000
772550.000000
901039.000000
225702.000000
448336.000000
265459.000000
356147.000000
511170.000000
236356.000000
422779.000000
355479.000000
276044.000000
304822.000000
455269.000000
894744.000000
382789.000000
855237.000000
794433.000000
851903.000000
490966.000000
592057.000000
687251.000000
604505.000000
441672.000000
377085.000000
114166.000000
147661.000000
496145.000000
859829.000000
755408.000000
689246.000000
698748.000000
302117.000000
891063.000000
810148.000000
693741.000000
694744.000000
834646.000000
456924.000000
756775.000000
717348.000000
556998.000000
512773.000000
709132.000000
711531.000000
610511.000000
524184.000000
309042.000000
470912.000000
177649.000000
815226.000000
804625.000000
265636.000000
275960.000000
749583.000000
562581.000000
390830.000000
537025.000000
848307.000000
262553.000000
570063.000000
589056.000000
836777.000000
742488.000000
728762.000000
88023.000000
324720.000000
635516.000000
783937.000000
704160.000000
497061.000000
326462.000000
892671.000000
137039.000000
767314.000000
631493.000000
863418.000000
573804.000000
262951.000000
483073.000000
714144.000000
589085.000000
434446.000000
661094.000000
782768.000000
98673.000000
357100.000000
741384.000000
670989.000000
387599.000000
761039.000000
551673.000000
824296.000000
182338.000000
475691.000000
199734.000000
505589.000000
496663.000000
174369.000000
381061.000000
749120.000000
718915.000000
448630.000000
711436.000000
399800.000000
547751.000000
602578.000000
675965.000000
191835.000000
832210.000000
702777.000000
456401.000000
430720.000000
408457.000000
374263.000000
567369.000000
445046.000000
391426.000000
781690.000000
528171.000000
883467.000000
425058.000000
341678.000000
389603.000000
872148.000000
895931.000000
361251.000000
805984.000000
896036.000000
137048.000000
767811.000000
555972.000000
539610.000000
829202.000000
565711.000000
772657.000000
130147.000000
919071.000000
310391.000000
587110.000000
158661.000000
351688.000000
774405.000000
793265.000000
839526.000000
347141.000000
645250.000000
762272.000000
804806.000000
598884.000000
267132.000000
839697.000000
789908.000000
108913.000000
459292.000000
834793.000000
413640.000000
678831.000000
719650.000000
291076.000000
390959.000000
884674.000000
416597.000000
227225.000000
449039.000000
273727.000000
117898.000000
577355.000000
669691.000000
738775.000000
659461.000000
186545.000000
585244.000000
767788.000000
767826.000000
768156.000000
747209.000000
570724.000000
346637.000000
700010.000000
213597.000000
648137.000000
324247.000000
548344.000000
360234.000000
412770.000000
517183.000000
872188.000000
710917.000000
443369.000000
303967.000000
418805.000000
838072.000000
536852.000000
405094.000000
538681.000000
732859.000000
275357.000000
498236.000000
382593.000000
791180.000000
643729.000000
791026.000000
810703.000000
703665.000000
649592.000000
716067.000000
814567.000000
602348.000000
287341.000000
786844.000000
392918.000000
754932.000000
651589.000000
850809.000000
721838.000000
317731.000000
805561.000000
612406.000000
762055.000000
806286.000000
445722.000000
599274.000000
163329.000000
616384.000000
745093.000000
714908.000000
80570.000000
612144.000000
326550.000000
709095.000000
583807.000000
769060.000000
637125.000000
835906.000000
842949.000000
802752.000000
536775.000000
271934.000000
333452.000000
610864.000000
193988.000000
345085.000000
430984.000000
787467.000000
404691.000000
466764.000000
393957.000000
795775.000000
454743.000000
224481.000000
624667.000000
247999.000000
614706.000000
733527.000000
765203.000000
314257.000000
770506.000000
787059.000000
461093.000000
698154.000000
473309.000000
166786.000000
849393.000000
242292.000000
702639.000000
806125.000000
745605.000000
682253.000000
158924.000000
587719.000000
664253.000000
810837.000000
209873.000000
698126.000000
