0.000000
0.000000
0.000000
0.000000
0.000000
0.000000
0.000000
0.000000
0.000000
0.000000
0.000000
0.000000
0.000000
0.000000
0.000000
0.000000
0.000000
0.000000
0.000000
0.000000
0.000000
0.000000
0.000000
0.000000
0.000000
0.000000
0.000000
0.000000
0.000000
0.000000
0.000000
0.000000
0.000000
0.000000
0.000000
0.000000
0.000000
0.000000
0.000000
0.000000
0.000000
0.000000
0.000000
0.000000
0.000000
0.000000
0.000000
0.000000
0.000000
0.000000
0.000000
0.000000
0.000000
0.000000
0.000000
0.000000
0.000000
0.000000
0.000000
0.000000
0.000000
0.000000
0.000000
0.000000
0.000000
0.000000
0.000000
0.000000
0.000000
0.000000
0.000000
0.000000
0.000000
0.000000
0.000000
0.000000
0.000000
0.000000
0.000000
0.000000
0.000000
0.000000
0.000000
0.000000
0.000000
0.000000
0.000000
0.000000
0.000000
0.000000
0.000000
0.000000
0.000000
0.000000
0.000000
0.000000
0.000000
0.000000
0.000000
0.000000
0.000000
0.000000
0.000000
0.000000
0.000000
0.000000
0.000000
0.000000
0.000000
0.000000
0.000000
0.000000
0.000000
0.000000
0.000000
0.000000
0.000000
0.000000
0.000000
0.000000
0.000000
0.000000
0.000000
0.000000
0.000000
0.000000
0.000000
0.000000
0.000000
0.000000
0.000000
0.000000
0.000000
0.000000
0.000000
0.000000
0.000000
0.000000
0.000000
0.000000
0.000000
0.000000
0.000000
0.000000
0.000000
0.000000
0.000000
0.000000
0.000000
0.000000
0.000000
0.000000
0.000000
0.000000
0.000000
0.000000
0.000000
0.000000
0.000000
0.000000
0.000000
0.000000
0.000000
0.000000
0.000000
0.000000
0.000000
0.000000
0.000000
0.000000
0.000000
0.000000
0.000000
0.000000
0.000000
0.000000
0.000000
0.000000
0.000000
0.000000
0.000000
0.000000
0.000000
0.000000
0.000000
0.000000
0.000000
0.000000
0.000000
0.000000
0.000000
0.000000
0.000000
0.000000
0.000000
0.000000
0.000000
0.000000
0.000000
0.000000
0.000000
0.000000
0.000000
0.000000
0.000000
0.000000
0.000000
0.000000
0.000000
0.000000
0.000000
0.000000
0.000000
0.000000
0.000000
0.000000
0.000000
0.000000
0.000000
0.000000
0.000000
0.000000
0.000000
0.000000
0.000000
0.000000
0.000000
0.000000
0.000000
0.000000
0.000000
0.000000
0.000000
0.000000
0.000000
0.000000
0.000000
0.000000
0.000000
0.000000
0.000000
0.000000
0.000000
0.000000
0.000000
0.000000
0.000000
0.000000
0.000000
0.000000
0.000000
0.000000
0.000000
0.000000
0.000000
0.000000
0.000000
0.000000
0.000000
0.000000
0.000000
0.000000
0.000000
0.000000
0.000000
0.000000
0.000000
0.000000
0.000000
0.000000
0.000000
0.000000
0.000000
0.000000
0.000000
0.000000
0.000000
0.000000
0.000000
0.000000
0.000000
0.000000
0.000000
0.000000
0.000000
0.000000
0.000000
0.000000
23692905.000000
2328830.000000
2292595.000000
1279202.000000
692413.000000
462273.000000
7476274.000000
1845391.000000
206829.000000
6796319.000000
306199.000000
101860.000000
482037.000000
96332.000000
1557199.000000
422082.000000
509693.000000
4241176.000000
328486.000000
5235869.000000
481287.000000
7547786.000000
281919.000000
5734919.000000
1186819.000000
826534.000000
634068.000000
4757222.000000
482889.000000
511982.000000
126026.000000
1030309.000000
468777.000000
2463601.000000
3629503.000000
733408.000000
1018538.000000
77555.000000
10762611.000000
1904359.000000
7407125.000000
12427192.000000
3739795.000000
5326393.000000
857226.000000
257076.000000
4556807.000000
397146.000000
13083545.000000
302601.000000
1463660.000000
6555192.000000
157260.000000
1015767.000000
654639.000000
431317.000000
609805.000000
265107.000000
3566080.000000
5711526.000000
5974430.000000
244782.000000
189024.000000
1108905.000000
9330493.000000
4868299.000000
291077.000000
6461276.000000
453892.000000
1951119.000000
1881473.000000
625759.000000
372708.000000
1830775.000000
3170867.000000
115840.000000
1187621.000000
530999.000000
1284317.000000
5064169.000000
4252131.000000
178454.000000
2859610.000000
1171898.000000
13234086.000000
445227.000000
3664066.000000
2220144.000000
475478.000000
753838.000000
510182.000000
4592597.000000
9096464.000000
1196525.000000
306071.000000
5182418.000000
498423.000000
13104211.000000
372638.000000
387989.000000
2587378.000000
691733.000000
9868865.000000
189991.000000
1330503.000000
226205.000000
7347332.000000
566178.000000
3547525.000000
323783.000000
313365.000000
1519148.000000
991554.000000
3407680.000000
394463.000000
1133486.000000
385094.000000
467916.000000
5872619.000000
4414127.000000
339463.000000
7370522.000000
6534853.000000
318444.000000
493914.000000
11017494.000000
117656.000000
1031069.000000
3738916.000000
710141.000000
809665.000000
547963.000000
345114.000000
402429.000000
352236.000000
1283199.000000
450650.000000
395293.000000
976685.000000
795564.000000
262662.000000
7383556.000000
11615379.000000
10599854.000000
891926.000000
13743079.000000
7327883.000000
10688366.000000
1113132.000000
428403.000000
643847.000000
351177.000000
555931.000000
382926.000000
306678.000000
133955.000000
500480.000000
844959.000000
8893325.000000
1512733.000000
7386937.000000
544337.000000
1347144.000000
522047.000000
2970645.000000
1883398.000000
123671.000000
223993.000000
580034.000000
3996414.000000
5765092.000000
404184.000000
565876.000000
1165722.000000
14978998.000000
109778.000000
14957043.000000
608660.000000
10411852.000000
458261.000000
736359.000000
499770.000000
11042525.000000
795586.000000
874421.000000
356232.000000
957693.000000
6514791.000000
3791035.000000
502073.000000
6446304.000000
3544334.000000
11484371.000000
13175599.000000
246359.000000
1106067.000000
121841.000000
2532293.000000
428306.000000
227407.000000
800220.000000
1748127.000000
531007.000000
6694891.000000
1097988.000000
533884.000000
6275975.000000
4773.000000
492190.000000
5224324.000000
5684754.000000
9592651.000000
536612.000000
4786238.000000
176559.000000
90046.000000
9428974.000000
346414.000000
4703316.000000
1496872.000000
12148474.000000
11645636.000000
672412.000000
497832.000000
6671602.000000
99010.000000
2144285.000000
518208.000000
302387.000000
5077082.000000
653157.000000
2188439.000000
228350.000000
734086.000000
3592444.000000
935083.000000
4360156.000000
215863.000000
2756248.000000
2316471.000000
1011278.000000
8278138.000000
1625494.000000
310107.000000
2434703.000000
6383085.000000
10416355.000000
283727.000000
188409.000000
1379679.000000
2567174.000000
9186994.000000
264368.000000
591405.000000
488302.000000
464581.000000
442022.000000
303545.000000
942761.000000
263555.000000
7465386.000000
2123865.000000
7201122.000000
414500.000000
5695651.000000
8103290.000000
673682.000000
699794.000000
491918.000000
326865.000000
500288.000000
123006.000000
8554858.000000
3502016.000000
2567953.000000
1366989.000000
885455.000000
250916.000000
1121626.000000
5777388.000000
5759923.000000
286355.000000
8349497.000000
833462.000000
10547122.000000
10417579.000000
273540.000000
937716.000000
1169250.000000
9099771.000000
569558.000000
225644.000000
1930192.000000
427327.000000
543749.000000
268230.000000
9168649.000000
519014.000000
455791.000000
452242.000000
3405534.000000
12713607.000000
255482.000000
12328759.000000
330663.000000
757977.000000
359029.000000
356119.000000
1005852.000000
559910.000000
1644660.000000
1179356.000000
390090.000000
3278249.000000
519224.000000
168712.000000
2804210.000000
3103737.000000
13871795.000000
4062109.000000
374901.000000
726859.000000
239269.000000
3343787.000000
5855915.000000
468250.000000
518338.000000
7964112.000000
216744.000000
14643354.000000
5053617.000000
1185095.000000
2385707.000000
1091464.000000
121199.000000
3566203.000000
1867453.000000
298511.000000
1413914.000000
13934403.000000
1173859.000000
8414296.000000
2512782.000000
706904.000000
576652.000000
746178.000000
4294552.000000
577843.000000
13214593.000000
6535124.000000
855068.000000
508512.000000
505104.000000
817505.000000
963485.000000
854103.000000
654005.000000
1170423.000000
677101.000000
2332425.000000
9650974.000000
149922.000000
5778233.000000
515408.000000
616578.000000
1098737.000000
2461589.000000
786041.000000
424100.000000
1868221.000000
369930.000000
4102009.000000
1372904.000000
454482.000000
10019248.000000
295786.000000
1106389.000000
466530.000000
5383648.000000
367398.000000
3461336.000000
3102153.000000
2902065.000000
51561.000000
2564044.000000
342452.000000
322312.000000
1143014.000000
1337182.000000
2902853.000000
3355747.000000
487029.000000
397359.000000
871703.000000
360450.000000
444409.000000
578634.000000
12195558.000000
12986455.000000
6477482.000000
1167740.000000
86578.000000
2344745.000000
173141.000000
220644.000000
993826.000000
5735228.000000
991138.000000
1885804.000000
882911.000000
10329048.000000
820753.000000
1867301.000000
6372071.000000
1612464.000000
532661.000000
219965.000000
1797121.000000
736319.000000
109263.000000
206381.000000
556710.000000
5157788.000000
1060520.000000
11344552.000000
369947.000000
260873.000000
451990.000000
67311.000000
496211.000000
5564140.000000
4328772.000000
243846.000000
4958598.000000
324657.000000
6803750.000000
449243.000000
864771.000000
403098.000000
9765167.000000
5722135.000000
914778.000000
400906.000000
1924162.000000
720949.000000
530812.000000
9343437.000000
1005571.000000
767179.000000
536165.000000
363735.000000
1190907.000000
353077.000000
506455.000000
9249086.000000
362327.000000
6773789.000000
5396264.000000
514464.000000
372677.000000
7853544.000000
572946.000000
472175.000000
955608.000000
1821443.000000
585409.000000
5092506.000000
5650243.000000
187945.000000
3646911.000000
365531.000000
2933708.000000
5877890.000000
1524262.000000
994917.000000
6882929.000000
757087.000000
583879.000000
7558564.000000
332349.000000
1830256.000000
4007725.000000
337385.000000
419541.000000
558706.000000
6910852.000000
759832.000000
394172.000000
620140.000000
460716.000000
1315136.000000
2589553.000000
275604.000000
1485032.000000
983662.000000
1663915.000000
11025891.000000
3827511.000000
11183280.000000
626261.000000
777518.000000
1378269.000000
8820658.000000
414770.000000
437474.000000
1168073.000000
8698862.000000
6061471.000000
6063257.000000
1159475.000000
714246.000000
854858.000000
186386.000000
538805.000000
1802362.000000
8447011.000000
9409688.000000
7616007.000000
531023.000000
5476602.000000
292543.000000
214467.000000
963725.000000
3719851.000000
1608476.000000
986615.000000
204281.000000
237272.000000
488593.000000
10362827.000000
305682.000000
389524.000000
472105.000000
618619.000000
565333.000000
13340304.000000
10734006.000000
912641.000000
236204.000000
372555.000000
367181.000000
295687.000000
7810160.000000
840461.000000
1035838.000000
350478.000000
2017103.000000
14803462.000000
2800221.000000
441355.000000
5459221.000000
11883586.000000
8146638.000000
4739362.000000
4500984.000000
7143213.000000
732443.000000
851451.000000
427942.000000
456017.000000
9908625.000000
88365.000000
1175018.000000
1502546.000000
6103190.000000
318152.000000
999734.000000
619576.000000
148572.000000
189249.000000
5355168.000000
404763.000000
832777.000000
370341.000000
1682363.000000
1297155.000000
996882.000000
4089605.000000
498615.000000
12220744.000000
320415.000000
655842.000000
469074.000000
279516.000000
2890609.000000
3291799.000000
4226396.000000
1808626.000000
1394425.000000
1864569.000000
7780305.000000
319159.000000
333366.000000
7940526.000000
611050.000000
664637.000000
828535.000000
395000.000000
1083696.000000
5861922.000000
545663.000000
679970.000000
14909444.000000
303231.000000
455363.000000
520966.000000
888530.000000
667140.000000
4878319.000000
214133.000000
355070.000000
572369.000000
267462.000000
643423.000000
7642101.000000
548573.000000
151056.000000
6094569.000000
1291619.000000
695955.000000
444653.000000
1441151.000000
4840360.000000
244432.000000
818664.000000
542474.000000
489903.000000
4923618.000000
1467175.000000
1914253.000000
2610899.000000
9587862.000000
6787089.000000
567851.000000
10082313.000000
3640730.000000
4869981.000000
526456.000000
6755703.000000
399424.000000
9332614.000000
174009.000000
93806.000000
544101.000000
13031864.000000
1924638.000000
1503479.000000
324950.000000
579534.000000
8744717.000000
6655690.000000
122348.000000
4083048.000000
7486755.000000
438832.000000
294057.000000
3005419.000000
1336296.000000
378888.000000
109617.000000
4188824.000000
2507947.000000
8103309.000000
661125.000000
3881733.000000
1614040.000000
3066285.000000
3401331.000000
1528331.000000
12922235.000000
11781451.000000
13609107.000000
647836.000000
606394.000000
10754809.000000
1784511.000000
600817.000000
1968750.000000
828128.000000
1003472.000000
1076825.000000
454007.000000
1109406.000000
1208612.000000
611931.000000
952143.000000
1199590.000000
619937.000000
726962.000000
409558.000000
891050.000000
55099.000000
524612.000000
536588.000000
447570.000000
382285.000000
419286.000000
474570.000000
11744172.000000
4566248.000000
588745.000000
265563.000000
3036869.000000
189906.000000
27811.000000
83070.000000
14144332.000000
320164.000000
5172487.000000
7259407.000000
546270.000000
572216.000000
2513004.000000
353679.000000
11139665.000000
1897924.000000
2101433.000000
4983770.000000
878094.000000
226892.000000
633904.000000
707271.000000
317671.000000
10061490.000000
753735.000000
290276.000000
504604.000000
742228.000000
483342.000000
9051504.000000
817720.000000
141242.000000
1833240.000000
671353.000000
361412.000000
306007.000000
6995528.000000
438602.000000
1255520.000000
5287403.000000
172966.000000
518797.000000
7782646.000000
511285.000000
613887.000000
150113.000000
37054.000000
233008.000000
4153566.000000
739459.000000
6491068.000000
446741.000000
452155.000000
4484371.000000
1036779.000000
232395.000000
521823.000000
365064.000000
398521.000000
332322.000000
9014651.000000
361160.000000
4770610.000000
6171239.000000
169552.000000
1532994.000000
9421631.000000
456547.000000
7100289.000000
279935.000000
729793.000000
555146.000000
1409747.000000
1257719.000000
1897107.000000
189175.000000
7541809.000000
448803.000000
4976103.000000
688170.000000
513356.000000
1084134.000000
565916.000000
3566726.000000
1048075.000000
3078236.000000
684917.000000
219256.000000
333207.000000
296926.000000
235667.000000
496299.000000
452417.000000
1679359.000000
12746067.000000
793692.000000
6198251.000000
1018221.000000
2549390.000000
4237212.000000
11447138.000000
6752554.000000
3648479.000000
571398.000000
652393.000000
337910.000000
9646840.000000
6983806.000000
609329.000000
1160995.000000
389202.000000
3474445.000000
13757945.000000
397633.000000
5645706.000000
531027.000000
554795.000000
1302627.000000
266043.000000
1773861.000000
214308.000000
517671.000000
6117996.000000
6961362.000000
5696505.000000
694189.000000
153156.000000
472994.000000
667821.000000
7462615.000000
6581977.000000
8562615.000000
1088662.000000
420300.000000
694070.000000
1242857.000000
11508142.000000
1261548.000000
4612601.000000
4513221.000000
6769541.000000
836893.000000
7431800.000000
694487.000000
2456643.000000
184825.000000
467605.000000
433880.000000
69454.000000
11714478.000000
374384.000000
728811.000000
595473.000000
217071.000000
298570.000000
251911.000000
652560.000000
264230.000000
979755.000000
578943.000000
299357.000000
1476067.000000
427319.000000
1608371.000000
5989951.000000
86239.000000
5227618.000000
8773191.000000
295775.000000
1788493.000000
295710.000000
862096.000000
448418.000000
5618979.000000
12599454.000000
378374.000000
8181672.000000
9883616.000000
215285.000000
1606678.000000
4462980.000000
503243.000000
272407.000000
250889.000000
854985.000000
511776.000000
529632.000000
6030026.000000
5632510.000000
206396.000000
4921853.000000
1481438.000000
211827.000000
436110.000000
620053.000000
235341.000000
3960944.000000
1279604.000000
687719.000000
13466841.000000
550583.000000
426309.000000
3995194.000000
896623.000000
301080.000000
9785127.000000
410051.000000
11450420.000000
331236.000000
349161.000000
3077861.000000
173896.000000
7423157.000000
333534.000000
418801.000000
14227402.000000
1459285.000000
614966.000000
2566466.000000
724079.000000
799277.000000
70174.000000
442404.000000
349066.000000
427721.000000
472371.000000
414472.000000
10412026.000000
409497.000000
285869.000000
403467.000000
313948.000000
653081.000000
621884.000000
3245160.000000
224139.000000
142089.000000
966005.000000
323622.000000
2493733.000000
321821.000000
983196.000000
6043346.000000
770309.000000
549030.000000
770864.000000
790589.000000
1427795.000000
1259505.000000
2803039.000000
362986.000000
3773699.000000
2419387.000000
2440536.000000
833414.000000
475068.000000
201939.000000
1270709.000000
7032398.000000
15262585.000000
263857.000000
1152378.000000
689896.000000
1212572.000000
202398.000000
350886.000000
656674.000000
434288.000000
152782.000000
138240.000000
14352668.000000
505863.000000
385950.000000
275997.000000
655104.000000
408994.000000
683256.000000
1252274.000000
534249.000000
270257.000000
4286999.000000
210621.000000
204199.000000
7157574.000000
108809.000000
573847.000000
384850.000000
377255.000000
117589.000000
4601935.000000
920752.000000
1059144.000000
2531589.000000
2371714.000000
7971174.000000
415381.000000
10291668.000000
646789.000000
6833799.000000
680164.000000
6064851.000000
554032.000000
11033110.000000
3639218.000000
573145.000000
293856.000000
535378.000000
8381054.000000
885271.000000
531066.000000
7074315.000000
115651.000000
1289843.000000
11762902.000000
1447892.000000
561502.000000
2834980.000000
811927.000000
238981.000000
1838521.000000
270873.000000
4738414.000000
342668.000000
213332.000000
492861.000000
558026.000000
1401274.000000
704323.000000
456652.000000
431365.000000
690840.000000
13707219.000000
262514.000000
1648483.000000
275297.000000
459017.000000
330263.000000
9263659.000000
371863.000000
1059849.000000
280646.000000
103966.000000
2087077.000000
9704140.000000
128378.000000
213259.000000
570083.000000
13665149.000000
306003.000000
3937559.000000
355910.000000
407203.000000
11533638.000000
646267.000000
521585.000000
645057.000000
117724.000000
4904868.000000
14729316.000000
834973.000000
16523082.000000
7462454.000000
357250.000000
5204500.000000
488112.000000
438357.000000
869248.000000
876010.000000
475616.000000
399513.000000
855557.000000
271927.000000
9731670.000000
2106555.000000
414862.000000
3890923.000000
4370778.000000
360602.000000
787616.000000
155595.000000
702980.000000
6816550.000000
12332902.000000
513676.000000
4884658.000000
3429597.000000
8453518.000000
7185476.000000
579246.000000
392624.000000
10645125.000000
674712.000000
1053635.000000
703391.000000
780882.000000
648666.000000
496860.000000
9243786.000000
841719.000000
99924.000000
7442204.000000
8060056.000000
170691.000000
9144488.000000
740440.000000
10624102.000000
456394.000000
4443447.000000
918681.000000
1846210.000000
13855245.000000
11862910.000000
303383.000000
587664.000000
452084.000000
8969033.000000
622806.000000
11955515.000000
11401604.000000
537145.000000
568805.000000
674799.000000
785818.000000
331875.000000
10285680.000000
640686.000000
615067.000000
814514.000000
582036.000000
1035187.000000
117119.000000
927368.000000
1698665.000000
550986.000000
1165579.000000
5809570.000000
446524.000000
541054.000000
640454.000000
349785.000000
460837.000000
1002145.000000
133839.000000
99442.000000
2658911.000000
477237.000000
528051.000000
6686606.000000
886282.000000
266686.000000
391518.000000
280750.000000
458698.000000
3920486.000000
238494.000000
417075.000000
1060808.000000
6907186.000000
609476.000000
1341088.000000
518859.000000
530709.000000
3713393.000000
11210618.000000
3891633.000000
3028917.000000
1087982.000000
600097.000000
6170425.000000
861059.000000
702515.000000
1450339.000000
204472.000000
345244.000000
13753133.000000
344117.000000
5467475.000000
167493.000000
12496847.000000
596070.000000
480913.000000
9112970.000000
200426.000000
859039.000000
302738.000000
508943.000000
6753727.000000
551663.000000
187900.000000
2118123.000000
15520033.000000
8553593.000000
207986.000000
436115.000000
762990.000000
869308.000000
4614119.000000
8488224.000000
2522974.000000
7149301.000000
211658.000000
394544.000000
382928.000000
98667.000000
458417.000000
535451.000000
480926.000000
1003369.000000
11168394.000000
7631090.000000
2570856.000000
9728778.000000
8668384.000000
456859.000000
503295.000000
448461.000000
263388.000000
95363.000000
10991909.000000
8389625.000000
4201380.000000
1269086.000000
13320161.000000
13656794.000000
2099392.000000
8774237.000000
227224.000000
701459.000000
470062.000000
480558.000000
578055.000000
651480.000000
454630.000000
242990.000000
221597.000000
295147.000000
2197254.000000
5241657.000000
11329455.000000
197440.000000
389028.000000
497853.000000
2864105.000000
111031.000000
396730.000000
4619303.000000
2759189.000000
1578827.000000
1246282.000000
4460896.000000
1398558.000000
1068696.000000
6404687.000000
1388814.000000
6761705.000000
500641.000000
11138012.000000
339658.000000
4570369.000000
323322.000000
1446666.000000
477024.000000
7082888.000000
785793.000000
289697.000000
390782.000000
1087610.000000
432611.000000
815430.000000
374929.000000
521443.000000
469567.000000
587257.000000
1207761.000000
5797914.000000
9996877.000000
541452.000000
477182.000000
243222.000000
728302.000000
415179.000000
500981.000000
412312.000000
554946.000000
357471.000000
397839.000000
1880790.000000
3700072.000000
474495.000000
3796003.000000
2555962.000000
515846.000000
534132.000000
1248389.000000
443043.000000
557155.000000
358640.000000
11039080.000000
397725.000000
122003.000000
491836.000000
946001.000000
5086213.000000
288100.000000
4922308.000000
389017.000000
489199.000000
7420394.000000
5905396.000000
519170.000000
1874015.000000
13730522.000000
1811979.000000
7593608.000000
252932.000000
670887.000000
310996.000000
302867.000000
622379.000000
298183.000000
494777.000000
382004.000000
309542.000000
329212.000000
584369.000000
6503724.000000
530945.000000
2067295.000000
2614724.000000
14728565.000000
820125.000000
879842.000000
2440140.000000
1063551.000000
477894.000000
500591.000000
149894.000000
157713.000000
855951.000000
8170421.000000
4870653.000000
1790875.000000
3332886.000000
351868.000000
13634880.000000
7618204.000000
1239166.000000
1340752.000000
2623985.000000
596484.000000
10976331.000000
4435525.000000
926197.000000
630507.000000
6344287.000000
1864874.000000
817758.000000
718216.000000
387903.000000
862948.000000
221022.000000
8726807.000000
11698538.000000
363788.000000
261021.000000
11114654.000000
1065511.000000
460905.000000
859004.000000
9003419.000000
262200.000000
833172.000000
926562.000000
3134707.000000
6842241.000000
1411346.000000
93428.000000
416627.000000
1330236.000000
5931229.000000
1237334.000000
588069.000000
374593.000000
7227858.000000
180584.000000
8877464.000000
1143871.000000
14941797.000000
811040.000000
276771.000000
825607.000000
7703622.000000
1648450.000000
587460.000000
1204618.000000
3622678.000000
116317.000000
514588.000000
6111030.000000
1372409.000000
703955.000000
13022705.000000
855307.000000
13962785.000000
241387.000000
589169.000000
267827.000000
764085.000000
757179.000000
174845.000000
409091.000000
5613813.000000
2068865.000000
532109.000000
8269293.000000
524726.000000
713403.000000
1451715.000000
1633478.000000
242624.000000
9520367.000000
1949603.000000
653943.000000
522508.000000
628476.000000
766476.000000
1246796.000000
568544.000000
492957.000000
4245507.000000
824290.000000
11664525.000000
614494.000000
381799.000000
391922.000000
13564461.000000
12433116.000000
512616.000000
2771468.000000
12507222.000000
200186.000000
1716071.000000
803308.000000
881921.000000
7955581.000000
841806.000000
2283311.000000
138496.000000
16287294.000000
340424.000000
1079902.000000
162014.000000
684653.000000
6415595.000000
10206175.000000
5409229.000000
423639.000000
2021417.000000
2188683.000000
3697926.000000
1096315.000000
261535.000000
9125400.000000
12516792.000000
126897.000000
695764.000000
13518426.000000
765574.000000
5138518.000000
7325924.000000
276579.000000
608920.000000
6603886.000000
419338.000000
272309.000000
513683.000000
371604.000000
152138.000000
1032870.000000
7892642.000000
2043063.000000
1455464.000000
150849.000000
986287.000000
5786525.000000
2710092.000000
1941713.000000
3008431.000000
792688.000000
363920.000000
3462628.000000
283199.000000
1350466.000000
343452.000000
831425.000000
432103.000000
558221.000000
869768.000000
9759326.000000
1877036.000000
625514.000000
288937.000000
508751.000000
5142118.000000
690490.000000
478890.000000
805294.000000
2379777.000000
334772.000000
787993.000000
444792.000000
6150143.000000
2077848.000000
6525979.000000
10574599.000000
2571186.000000
6640695.000000
1751010.000000
10559043.000000
809750.000000
321971.000000
3925246.000000
490685.000000
2083150.000000
1500584.000000
9527875.000000
5908087.000000
361115.000000
8225369.000000
1429812.000000
6447252.000000
5081955.000000
827968.000000
1146423.000000
187599.000000
1234809.000000
12501286.000000
9661571.000000
82668.000000
1599304.000000
412702.000000
1879898.000000
1167405.000000
7232223.000000
1190531.000000
10962658.000000
4495123.000000
5334540.000000
911792.000000
298809.000000
403487.000000
1162082.000000
252627.000000
412694.000000
558093.000000
4340189.000000
469638.000000
604217.000000
400592.000000
3469937.000000
568420.000000
234653.000000
1399677.000000
339302.000000
954594.000000
13197778.000000
7751245.000000
408722.000000
1657396.000000
10859387.000000
609849.000000
3823795.000000
808833.000000
220906.000000
5376651.000000
329970.000000
10795918.000000
11467230.000000
11193490.000000
2802952.000000
208309.000000
933102.000000
2224892.000000
5178753.000000
248337.000000
6570707.000000
