0.000000
0.000000
0.000000
0.000000
0.000000
0.000000
0.000000
0.000000
0.000000
0.000000
0.000000
0.000000
0.000000
0.000000
0.000000
0.000000
0.000000
0.000000
0.000000
0.000000
0.000000
0.000000
0.000000
0.000000
0.000000
0.000000
0.000000
0.000000
0.000000
0.000000
0.000000
0.000000
0.000000
0.000000
0.000000
0.000000
0.000000
0.000000
0.000000
0.000000
0.000000
0.000000
0.000000
0.000000
0.000000
0.000000
0.000000
0.000000
0.000000
0.000000
0.000000
0.000000
0.000000
0.000000
0.000000
0.000000
0.000000
0.000000
0.000000
0.000000
0.000000
0.000000
0.000000
0.000000
0.000000
0.000000
0.000000
0.000000
0.000000
0.000000
0.000000
0.000000
0.000000
0.000000
0.000000
0.000000
0.000000
0.000000
0.000000
0.000000
0.000000
0.000000
0.000000
0.000000
0.000000
0.000000
0.000000
0.000000
0.000000
0.000000
0.000000
0.000000
0.000000
0.000000
0.000000
0.000000
0.000000
0.000000
0.000000
0.000000
0.000000
0.000000
0.000000
0.000000
0.000000
0.000000
0.000000
0.000000
0.000000
0.000000
0.000000
0.000000
0.000000
0.000000
0.000000
0.000000
0.000000
0.000000
0.000000
0.000000
0.000000
0.000000
0.000000
0.000000
0.000000
0.000000
0.000000
0.000000
0.000000
0.000000
0.000000
0.000000
0.000000
0.000000
0.000000
0.000000
0.000000
0.000000
0.000000
0.000000
0.000000
0.000000
0.000000
0.000000
0.000000
0.000000
0.000000
0.000000
0.000000
0.000000
0.000000
0.000000
0.000000
0.000000
0.000000
0.000000
0.000000
0.000000
0.000000
0.000000
0.000000
0.000000
0.000000
0.000000
0.000000
0.000000
0.000000
0.000000
0.000000
0.000000
0.000000
0.000000
0.000000
0.000000
0.000000
0.000000
0.000000
0.000000
0.000000
0.000000
0.000000
0.000000
0.000000
0.000000
0.000000
0.000000
0.000000
0.000000
0.000000
0.000000
0.000000
0.000000
0.000000
0.000000
0.000000
0.000000
0.000000
0.000000
0.000000
0.000000
0.000000
0.000000
0.000000
0.000000
0.000000
0.000000
0.000000
0.000000
0.000000
0.000000
0.000000
0.000000
0.000000
0.000000
0.000000
0.000000
0.000000
0.000000
0.000000
0.000000
0.000000
0.000000
0.000000
0.000000
0.000000
0.000000
0.000000
0.000000
0.000000
0.000000
0.000000
0.000000
0.000000
0.000000
0.000000
0.000000
0.000000
0.000000
0.000000
0.000000
0.000000
0.000000
0.000000
0.000000
0.000000
0.000000
0.000000
0.000000
0.000000
0.000000
0.000000
0.000000
0.000000
0.000000
0.000000
0.000000
0.000000
0.000000
0.000000
0.000000
0.000000
0.000000
0.000000
0.000000
0.000000
0.000000
0.000000
0.000000
0.000000
0.000000
0.000000
0.000000
0.000000
0.000000
0.000000
0.000000
0.000000
0.000000
0.000000
0.000000
0.000000
0.000000
0.000000
0.000000
0.000000
0.000000
0.000000
0.000000
0.000000
0.000000
0.000000
0.000000
0.000000
0.000000
0.000000
0.000000
0.000000
0.000000
0.000000
0.000000
0.000000
0.000000
0.000000
0.000000
0.000000
0.000000
0.000000
0.000000
0.000000
0.000000
0.000000
0.000000
0.000000
0.000000
1009650.000000
581772.000000
302082.000000
400098.000000
137004.000000
491807.000000
324115.000000
675752.000000
568460.000000
450496.000000
496053.000000
86055.000000
606752.000000
592237.000000
704199.000000
669724.000000
639372.000000
513116.000000
437430.000000
255574.000000
633944.000000
327241.000000
661727.000000
303966.000000
436362.000000
608810.000000
137372.000000
565262.000000
428800.000000
342802.000000
350780.000000
237979.000000
565453.000000
648974.000000
541438.000000
239616.000000
187085.000000
507264.000000
675364.000000
615375.000000
231559.000000
482105.000000
357713.000000
659723.000000
580136.000000
352645.000000
339057.000000
651284.000000
592339.000000
96905.000000
583686.000000
439392.000000
527374.000000
656250.000000
582660.000000
171238.000000
552568.000000
523367.000000
635071.000000
323313.000000
614545.000000
745430.000000
370331.000000
439326.000000
375048.000000
586836.000000
538449.000000
539265.000000
269883.000000
716176.000000
345991.000000
641276.000000
277539.000000
328321.000000
613062.000000
435452.000000
642952.000000
143893.000000
446984.000000
199524.000000
534804.000000
365351.000000
625841.000000
270505.000000
269352.000000
519828.000000
451118.000000
591887.000000
294391.000000
502018.000000
272173.000000
341494.000000
533292.000000
613628.000000
295305.000000
558290.000000
560286.000000
278273.000000
338815.000000
666009.000000
129664.000000
510365.000000
592081.000000
446938.000000
378310.000000
376781.000000
313432.000000
337477.000000
298886.000000
561226.000000
266768.000000
319545.000000
562106.000000
440988.000000
208984.000000
554845.000000
620234.000000
580107.000000
502885.000000
599831.000000
560313.000000
556028.000000
561015.000000
297164.000000
423659.000000
286898.000000
385184.000000
279954.000000
260391.000000
123748.000000
340909.000000
513913.000000
621397.000000
655602.000000
596741.000000
384028.000000
533055.000000
396544.000000
726042.000000
569000.000000
92723.000000
187666.000000
374410.000000
544345.000000
545334.000000
271537.000000
367872.000000
569127.000000
650223.000000
90687.000000
573952.000000
398083.000000
638561.000000
278797.000000
407595.000000
412951.000000
609439.000000
527463.000000
511009.000000
287206.000000
470371.000000
686574.000000
598063.000000
363261.000000
514070.000000
573247.000000
699891.000000
723219.000000
223242.000000
559098.000000
99568.000000
580232.000000
290214.000000
149283.000000
506277.000000
620715.000000
374262.000000
678080.000000
594118.000000
351033.000000
539373.000000
4744.000000
376955.000000
601479.000000
515601.000000
656518.000000
384686.000000
601869.000000
182627.000000
96498.000000
582234.000000
256501.000000
643890.000000
496354.000000
600848.000000
590629.000000
439844.000000
406223.000000
652752.000000
122632.000000
558566.000000
424665.000000
221766.000000
650312.000000
416971.000000
670094.000000
209887.000000
506793.000000
473218.000000
515494.000000
689636.000000
176089.000000
650906.000000
609601.000000
560265.000000
557386.000000
529103.000000
251794.000000
568316.000000
585313.000000
658295.000000
258744.000000
186325.000000
595572.000000
559047.000000
681746.000000
205034.000000
412126.000000
367470.000000
332758.000000
312127.000000
280871.000000
502900.000000
187612.000000
602083.000000
530005.000000
661544.000000
323047.000000
616300.000000
629621.000000
373629.000000
413631.000000
338306.000000
271640.000000
364604.000000
115258.000000
650547.000000
631532.000000
617871.000000
529474.000000
464316.000000
216455.000000
542293.000000
645978.000000
655283.000000
213843.000000
613190.000000
521834.000000
611335.000000
597838.000000
245857.000000
442452.000000
477646.000000
704975.000000
380799.000000
149634.000000
556622.000000
370621.000000
389365.000000
213470.000000
559259.000000
343202.000000
353771.000000
341495.000000
570874.000000
667500.000000
249242.000000
723608.000000
293771.000000
437645.000000
320545.000000
274602.000000
524887.000000
368260.000000
599819.000000
578150.000000
343385.000000
617645.000000
340612.000000
148722.000000
609341.000000
588313.000000
686442.000000
707822.000000
339785.000000
449490.000000
220822.000000
634612.000000
683690.000000
360066.000000
390999.000000
661917.000000
207335.000000
588775.000000
551288.000000
609381.000000
542886.000000
561242.000000
92274.000000
577414.000000
562366.000000
246881.000000
451418.000000
649846.000000
437461.000000
551910.000000
656301.000000
413044.000000
410289.000000
467882.000000
592373.000000
362122.000000
619581.000000
655661.000000
446961.000000
338487.000000
338230.000000
505329.000000
493436.000000
501078.000000
427239.000000
474441.000000
456955.000000
581817.000000
588858.000000
126437.000000
547408.000000
414327.000000
458533.000000
560139.000000
627864.000000
449717.000000
269485.000000
571173.000000
277323.000000
621089.000000
607051.000000
350595.000000
643485.000000
267857.000000
527854.000000
336471.000000
639908.000000
285073.000000
699525.000000
604112.000000
597699.000000
42615.000000
621922.000000
283809.000000
252486.000000
538170.000000
534176.000000
634897.000000
630804.000000
324471.000000
301799.000000
460113.000000
255109.000000
354491.000000
291245.000000
651927.000000
619740.000000
631923.000000
464395.000000
90352.000000
618722.000000
146531.000000
248688.000000
462263.000000
628647.000000
501831.000000
512360.000000
473919.000000
672324.000000
495051.000000
639237.000000
679406.000000
599315.000000
368245.000000
190063.000000
648526.000000
422963.000000
137591.000000
204642.000000
358175.000000
492712.000000
566143.000000
656474.000000
281529.000000
188917.000000
380167.000000
69310.000000
340833.000000
662019.000000
599885.000000
238535.000000
598348.000000
266989.000000
549541.000000
312643.000000
528241.000000
356266.000000
768908.000000
622436.000000
487474.000000
336813.000000
601972.000000
398078.000000
350887.000000
587650.000000
504504.000000
450590.000000
373617.000000
303640.000000
513481.000000
282995.000000
410257.000000
679430.000000
304179.000000
613400.000000
647487.000000
383379.000000
317880.000000
606043.000000
385896.000000
352773.000000
458110.000000
563179.000000
392606.000000
637445.000000
544205.000000
180244.000000
573798.000000
321226.000000
583176.000000
571695.000000
598893.000000
476275.000000
589839.000000
460517.000000
412314.000000
563943.000000
234830.000000
598060.000000
579357.000000
306194.000000
270372.000000
392289.000000
632935.000000
460077.000000
349575.000000
394373.000000
394891.000000
570827.000000
588079.000000
269659.000000
640380.000000
560222.000000
571825.000000
624319.000000
510477.000000
585926.000000
352093.000000
480290.000000
542626.000000
724361.000000
338763.000000
321956.000000
585507.000000
623785.000000
597491.000000
746648.000000
516474.000000
482492.000000
484313.000000
145634.000000
408177.000000
689656.000000
609098.000000
605132.000000
637184.000000
357633.000000
562324.000000
255529.000000
215297.000000
523889.000000
589914.000000
590182.000000
519683.000000
165876.000000
188415.000000
313668.000000
633501.000000
245370.000000
345524.000000
318728.000000
381105.000000
441480.000000
606309.000000
603511.000000
495277.000000
188211.000000
307755.000000
282054.000000
262296.000000
647859.000000
455737.000000
460368.000000
302954.000000
583984.000000
719969.000000
651340.000000
328097.000000
659291.000000
602458.000000
576424.000000
613429.000000
666140.000000
583810.000000
492673.000000
410238.000000
355927.000000
368704.000000
606045.000000
96837.000000
573874.000000
560811.000000
699424.000000
270532.000000
474165.000000
453866.000000
166641.000000
187740.000000
567839.000000
310302.000000
443887.000000
334033.000000
535022.000000
520025.000000
467929.000000
588007.000000
363851.000000
611904.000000
269703.000000
422758.000000
308043.000000
273574.000000
639201.000000
595631.000000
664993.000000
628479.000000
535729.000000
674662.000000
597314.000000
300341.000000
262043.000000
600968.000000
404600.000000
344007.000000
451076.000000
288898.000000
518198.000000
577535.000000
360047.000000
472280.000000
661161.000000
290252.000000
390511.000000
370468.000000
496391.000000
473452.000000
568081.000000
210273.000000
287708.000000
369328.000000
251677.000000
429266.000000
624210.000000
420402.000000
139164.000000
721269.000000
478349.000000
429306.000000
375462.000000
524781.000000
626382.000000
247895.000000
410868.000000
365900.000000
385056.000000
506921.000000
579636.000000
557486.000000
567660.000000
655568.000000
662227.000000
406053.000000
608912.000000
531635.000000
516837.000000
396712.000000
612332.000000
346946.000000
610601.000000
192083.000000
91052.000000
295894.000000
595422.000000
562012.000000
595145.000000
279938.000000
413965.000000
713330.000000
577648.000000
152410.000000
618668.000000
563615.000000
346721.000000
259388.000000
582293.000000
556191.000000
313737.000000
114909.000000
571143.000000
675972.000000
618801.000000
435595.000000
553407.000000
598566.000000
453539.000000
622965.000000
608182.000000
608616.000000
568522.000000
544726.000000
392027.000000
380013.000000
615312.000000
622752.000000
419701.000000
571580.000000
435760.000000
479207.000000
450408.000000
302593.000000
519764.000000
537713.000000
387241.000000
534139.000000
518286.000000
404762.000000
471768.000000
378784.000000
509641.000000
73568.000000
407917.000000
376361.000000
353866.000000
318201.000000
363007.000000
401188.000000
626126.000000
687921.000000
385849.000000
248184.000000
566683.000000
208853.000000
34962.000000
95358.000000
620204.000000
219105.000000
640922.000000
570127.000000
359564.000000
394191.000000
573617.000000
352694.000000
699592.000000
612245.000000
567270.000000
714069.000000
431344.000000
227548.000000
367336.000000
483391.000000
314109.000000
619303.000000
480241.000000
243336.000000
388489.000000
396070.000000
391978.000000
566458.000000
467222.000000
117650.000000
637639.000000
417982.000000
262022.000000
243448.000000
618724.000000
348735.000000
526142.000000
549315.000000
152901.000000
415351.000000
661548.000000
357851.000000
378197.000000
133852.000000
31023.000000
227832.000000
585784.000000
451931.000000
658780.000000
346258.000000
312976.000000
570964.000000
552398.000000
235978.000000
364366.000000
264879.000000
300725.000000
274473.000000
599484.000000
283812.000000
611746.000000
603065.000000
191874.000000
627705.000000
731797.000000
335560.000000
710648.000000
249217.000000
415087.000000
329477.000000
579833.000000
513477.000000
642808.000000
148021.000000
718394.000000
321804.000000
645341.000000
408251.000000
325246.000000
484163.000000
379387.000000
560340.000000
475139.000000
623275.000000
423805.000000
184453.000000
274353.000000
223624.000000
214736.000000
378306.000000
336116.000000
494105.000000
751445.000000
466567.000000
510795.000000
515026.000000
494811.000000
549377.000000
657696.000000
655651.000000
569659.000000
396845.000000
409148.000000
277158.000000
719862.000000
630793.000000
368582.000000
491170.000000
329576.000000
512532.000000
595345.000000
306251.000000
614213.000000
405520.000000
405737.000000
588729.000000
264447.000000
617014.000000
192923.000000
367933.000000
653144.000000
585612.000000
563394.000000
397125.000000
139276.000000
394336.000000
413657.000000
613523.000000
645248.000000
673276.000000
542939.000000
347372.000000
407665.000000
524633.000000
596491.000000
522204.000000
650910.000000
682428.000000
522392.000000
544298.000000
663325.000000
420934.000000
559801.000000
175499.000000
381621.000000
348789.000000
77743.000000
648192.000000
301116.000000
463553.000000
422966.000000
158973.000000
228132.000000
174620.000000
410366.000000
245857.000000
500878.000000
352116.000000
253636.000000
507596.000000
330883.000000
646153.000000
649744.000000
100296.000000
679713.000000
581120.000000
288254.000000
528632.000000
214692.000000
474798.000000
335585.000000
528639.000000
542511.000000
288100.000000
641384.000000
549153.000000
211159.000000
521949.000000
575300.000000
368991.000000
246997.000000
217921.000000
453171.000000
333562.000000
364577.000000
625261.000000
694660.000000
197613.000000
620708.000000
510920.000000
185989.000000
356001.000000
382227.000000
225683.000000
608105.000000
491272.000000
458203.000000
637310.000000
394688.000000
296835.000000
561757.000000
520697.000000
272455.000000
663989.000000
337917.000000
583138.000000
297773.000000
284098.000000
549365.000000
143240.000000
667938.000000
256514.000000
311573.000000
639045.000000
574063.000000
421795.000000
593935.000000
465681.000000
420813.000000
73539.000000
335610.000000
304818.000000
342801.000000
363718.000000
328916.000000
664616.000000
319463.000000
280711.000000
353844.000000
281871.000000
358056.000000
356105.000000
569905.000000
167940.000000
141440.000000
517719.000000
297393.000000
638919.000000
296155.000000
549882.000000
695280.000000
497967.000000
338051.000000
501522.000000
429255.000000
516551.000000
599562.000000
545157.000000
343212.000000
577867.000000
597920.000000
611443.000000
478897.000000
361000.000000
178300.000000
573174.000000
611798.000000
632955.000000
225013.000000
526653.000000
402056.000000
462825.000000
191951.000000
304313.000000
417658.000000
313853.000000
139443.000000
138435.000000
637173.000000
353089.000000
267474.000000
252748.000000
449232.000000
325627.000000
426394.000000
639221.000000
407485.000000
229261.000000
549372.000000
156810.000000
181758.000000
634915.000000
126269.000000
376852.000000
266871.000000
304156.000000
89306.000000
537729.000000
495238.000000
507350.000000
574764.000000
651005.000000
648640.000000
327403.000000
626045.000000
399459.000000
586899.000000
377093.000000
690112.000000
396435.000000
683258.000000
683988.000000
357505.000000
251495.000000
428368.000000
672774.000000
432701.000000
347384.000000
626003.000000
105729.000000
529444.000000
667331.000000
568651.000000
395863.000000
623773.000000
462907.000000
231763.000000
609785.000000
222644.000000
643505.000000
292102.000000
187984.000000
362709.000000
391393.000000
564972.000000
401151.000000
323506.000000
356445.000000
362861.000000
637047.000000
231517.000000
531187.000000
240332.000000
372951.000000
263825.000000
722884.000000
296208.000000
516237.000000
257595.000000
121683.000000
678291.000000
651023.000000
114046.000000
182859.000000
417817.000000
628153.000000
246424.000000
706626.000000
328568.000000
302042.000000
574929.000000
433601.000000
384518.000000
393216.000000
118631.000000
641922.000000
577198.000000
524580.000000
685606.000000
545434.000000
261844.000000
573439.000000
357670.000000
353852.000000
438320.000000
498923.000000
310319.000000
320531.000000
440003.000000
243680.000000
601768.000000
611088.000000
315302.000000
577924.000000
594435.000000
271229.000000
511468.000000
163188.000000
420391.000000
581634.000000
638243.000000
413122.000000
591572.000000
574872.000000
624986.000000
556835.000000
373718.000000
314004.000000
627949.000000
430272.000000
476458.000000
399279.000000
475016.000000
423538.000000
340218.000000
579186.000000
472496.000000
113990.000000
632395.000000
777109.000000
168051.000000
662918.000000
493584.000000
687734.000000
307928.000000
557580.000000
463184.000000
463631.000000
656509.000000
671503.000000
217207.000000
394913.000000
332208.000000
617419.000000
393803.000000
677338.000000
655118.000000
364388.000000
336135.000000
436048.000000
443989.000000
263345.000000
590233.000000
427244.000000
429506.000000
401708.000000
434404.000000
591125.000000
141736.000000
478577.000000
535020.000000
404735.000000
467167.000000
566317.000000
397005.000000
373547.000000
390619.000000
306454.000000
366588.000000
537410.000000
150112.000000
82818.000000
571661.000000
367902.000000
422011.000000
666529.000000
432472.000000
190795.000000
305882.000000
275006.000000
354665.000000
621749.000000
204235.000000
288517.000000
562845.000000
520188.000000
436940.000000
494766.000000
375104.000000
369221.000000
614853.000000
707064.000000
644302.000000
484311.000000
602271.000000
389821.000000
573231.000000
466281.000000
397499.000000
543853.000000
175049.000000
286781.000000
572806.000000
229954.000000
623468.000000
171161.000000
650467.000000
401342.000000
359644.000000
644142.000000
191490.000000
454120.000000
256496.000000
402269.000000
638454.000000
359727.000000
152557.000000
546992.000000
595412.000000
694261.000000
192574.000000
321124.000000
461499.000000
463580.000000
755526.000000
628036.000000
453475.000000
633995.000000
195382.000000
327566.000000
359363.000000
92218.000000
295820.000000
374535.000000
366945.000000
495640.000000
668862.000000
588093.000000
582216.000000
614683.000000
594680.000000
308092.000000
385669.000000
385741.000000
236656.000000
79223.000000
614087.000000
554449.000000
533480.000000
566641.000000
676109.000000
637002.000000
604909.000000
621068.000000
201079.000000
419501.000000
289707.000000
380982.000000
402350.000000
396882.000000
343376.000000
188178.000000
159994.000000
285266.000000
592898.000000
637704.000000
739353.000000
206236.000000
325792.000000
301751.000000
616004.000000
123894.000000
290068.000000
591975.000000
636522.000000
541988.000000
538287.000000
598682.000000
581635.000000
495452.000000
738558.000000
570413.000000
551518.000000
388652.000000
655160.000000
296497.000000
671619.000000
283303.000000
554849.000000
376285.000000
537391.000000
459808.000000
279071.000000
269466.000000
508979.000000
305848.000000
458368.000000
285138.000000
359429.000000
292054.000000
397182.000000
497289.000000
661248.000000
657520.000000
366911.000000
371668.000000
217812.000000
492056.000000
283364.000000
334971.000000
298234.000000
342163.000000
297940.000000
310490.000000
579085.000000
578678.000000
357553.000000
592905.000000
542233.000000
395347.000000
363260.000000
558281.000000
306138.000000
381591.000000
276922.000000
619325.000000
281295.000000
105097.000000
375251.000000
470290.000000
617615.000000
275110.000000
671913.000000
310671.000000
404146.000000
573787.000000
626831.000000
382933.000000
538557.000000
613842.000000
652718.000000
647491.000000
243797.000000
444723.000000
291470.000000
285969.000000
468190.000000
254853.000000
363230.000000
313845.000000
270957.000000
256604.000000
378341.000000
540499.000000
380531.000000
541714.000000
585655.000000
636402.000000
410764.000000
516581.000000
604224.000000
485273.000000
400254.000000
286601.000000
106698.000000
156496.000000
456305.000000
701284.000000
635329.000000
489747.000000
531343.000000
280944.000000
664845.000000
699798.000000
535325.000000
577987.000000
565374.000000
390226.000000
646975.000000
536345.000000
446258.000000
460654.000000
507565.000000
597406.000000
492164.000000
452060.000000
351415.000000
468711.000000
167508.000000
542973.000000
594290.000000
283976.000000
237584.000000
616472.000000
489325.000000
344026.000000
416023.000000
516457.000000
236337.000000
490671.000000
436027.000000
538653.000000
567479.000000
600721.000000
84822.000000
325597.000000
557735.000000
555790.000000
571673.000000
385131.000000
292448.000000
621219.000000
184663.000000
680984.000000
564349.000000
671286.000000
468856.000000
276154.000000
477869.000000
605401.000000
599052.000000
384344.000000
561325.000000
690527.000000
100624.000000
349316.000000
652249.000000
520055.000000
387080.000000
723078.000000
444009.000000
698278.000000
208445.000000
393474.000000
219690.000000
417122.000000
432543.000000
142538.000000
300370.000000
524409.000000
587411.000000
359855.000000
623179.000000
379325.000000
444096.000000
510827.000000
568328.000000
201094.000000
654889.000000
544723.000000
457093.000000
382742.000000
390565.000000
400260.000000
529688.000000
377364.000000
334617.000000
666989.000000
495082.000000
648263.000000
387254.000000
369960.000000
285921.000000
738477.000000
571255.000000
324110.000000
624318.000000
606816.000000
167416.000000
677204.000000
440373.000000
446368.000000
670360.000000
423340.000000
534201.000000
112922.000000
672693.000000
268333.000000
494966.000000
151133.000000
372014.000000
593026.000000
598661.000000
580133.000000
341197.000000
557159.000000
589963.000000
595013.000000
513169.000000
222215.000000
586222.000000
600753.000000
107105.000000
428166.000000
617143.000000
431895.000000
666548.000000
574539.000000
297773.000000
337911.000000
714928.000000
332124.000000
265116.000000
384539.000000
276232.000000
134163.000000
525991.000000
558427.000000
586619.000000
525699.000000
185088.000000
499979.000000
565114.000000
670534.000000
614348.000000
693885.000000
487427.000000
295849.000000
581055.000000
247373.000000
589999.000000
310552.000000
485183.000000
311284.000000
369364.000000
481395.000000
646787.000000
655422.000000
458096.000000
250463.000000
363108.000000
574301.000000
492565.000000
300530.000000
447539.000000
627374.000000
257328.000000
447543.000000
347931.000000
613941.000000
550748.000000
633279.000000
521723.000000
505370.000000
501536.000000
516737.000000
542341.000000
461426.000000
292100.000000
592207.000000
382192.000000
605602.000000
575946.000000
678039.000000
654866.000000
337502.000000
634409.000000
528800.000000
569625.000000
603777.000000
420467.000000
498421.000000
178526.000000
554175.000000
709154.000000
591624.000000
79493.000000
533820.000000
365378.000000
601175.000000
487125.000000
661587.000000
533290.000000
653104.000000
626815.000000
679215.000000
475468.000000
265030.000000
329510.000000
506186.000000
200535.000000
333684.000000
391037.000000
696152.000000
336967.000000
445057.000000
325773.000000
635976.000000
333368.000000
223173.000000
520193.000000
273939.000000
488977.000000
619655.000000
614032.000000
340669.000000
600771.000000
726160.000000
390270.000000
619220.000000
474138.000000
200644.000000
721858.000000
215805.000000
507055.000000
612751.000000
606587.000000
592405.000000
220458.000000
512261.000000
523183.000000
591305.000000
222302.000000
639837.000000
