0.000000
0.000000
0.000000
0.000000
0.000000
0.000000
0.000000
0.000000
0.000000
0.000000
0.000000
0.000000
0.000000
0.000000
0.000000
0.000000
0.000000
0.000000
0.000000
0.000000
0.000000
0.000000
0.000000
0.000000
0.000000
0.000000
0.000000
0.000000
0.000000
0.000000
0.000000
0.000000
0.000000
0.000000
0.000000
0.000000
0.000000
0.000000
0.000000
0.000000
0.000000
0.000000
0.000000
0.000000
0.000000
0.000000
0.000000
0.000000
0.000000
0.000000
0.000000
0.000000
0.000000
0.000000
0.000000
0.000000
0.000000
0.000000
0.000000
0.000000
0.000000
0.000000
0.000000
0.000000
0.000000
0.000000
0.000000
0.000000
0.000000
0.000000
0.000000
0.000000
0.000000
0.000000
0.000000
0.000000
0.000000
0.000000
0.000000
0.000000
0.000000
0.000000
0.000000
0.000000
0.000000
0.000000
0.000000
0.000000
0.000000
0.000000
0.000000
0.000000
0.000000
0.000000
0.000000
0.000000
0.000000
0.000000
0.000000
0.000000
0.000000
0.000000
0.000000
0.000000
0.000000
0.000000
0.000000
0.000000
0.000000
0.000000
0.000000
0.000000
0.000000
0.000000
0.000000
0.000000
0.000000
0.000000
0.000000
0.000000
0.000000
0.000000
0.000000
0.000000
0.000000
0.000000
0.000000
0.000000
0.000000
0.000000
0.000000
0.000000
0.000000
0.000000
0.000000
0.000000
0.000000
0.000000
0.000000
0.000000
0.000000
0.000000
0.000000
0.000000
0.000000
0.000000
0.000000
0.000000
0.000000
0.000000
0.000000
0.000000
0.000000
0.000000
0.000000
0.000000
0.000000
0.000000
0.000000
0.000000
0.000000
0.000000
0.000000
0.000000
0.000000
0.000000
0.000000
0.000000
0.000000
0.000000
0.000000
0.000000
0.000000
0.000000
0.000000
0.000000
0.000000
0.000000
0.000000
0.000000
0.000000
0.000000
0.000000
0.000000
0.000000
0.000000
0.000000
0.000000
0.000000
0.000000
0.000000
0.000000
0.000000
0.000000
0.000000
0.000000
0.000000
0.000000
0.000000
0.000000
0.000000
0.000000
0.000000
0.000000
0.000000
0.000000
0.000000
0.000000
0.000000
0.000000
0.000000
0.000000
0.000000
0.000000
0.000000
0.000000
0.000000
0.000000
0.000000
0.000000
0.000000
0.000000
0.000000
0.000000
0.000000
0.000000
0.000000
0.000000
0.000000
0.000000
0.000000
0.000000
0.000000
0.000000
0.000000
0.000000
0.000000
0.000000
0.000000
0.000000
0.000000
0.000000
0.000000
0.000000
0.000000
0.000000
0.000000
0.000000
0.000000
0.000000
0.000000
0.000000
0.000000
0.000000
0.000000
0.000000
0.000000
0.000000
0.000000
0.000000
0.000000
0.000000
0.000000
0.000000
0.000000
0.000000
0.000000
0.000000
0.000000
0.000000
0.000000
0.000000
0.000000
0.000000
0.000000
0.000000
0.000000
0.000000
0.000000
0.000000
0.000000
0.000000
0.000000
0.000000
0.000000
0.000000
0.000000
0.000000
0.000000
0.000000
0.000000
0.000000
0.000000
0.000000
0.000000
0.000000
0.000000
0.000000
0.000000
0.000000
0.000000
0.000000
0.000000
0.000000
0.000000
0.000000
0.000000
0.000000
0.000000
0.000000
0.000000
0.000000
0.000000
0.000000
0.000000
0.000000
0.000000
0.000000
0.000000
0.000000
779805.000000
494024.000000
472730.000000
337925.000000
437769.000000
78337.000000
484260.000000
421514.000000
488717.000000
453590.000000
494904.000000
395388.000000
386565.000000
217002.000000
565493.000000
237674.000000
453111.000000
275635.000000
396929.000000
478871.000000
146060.000000
429033.000000
365372.000000
266999.000000
331151.000000
203389.000000
398979.000000
562571.000000
345979.000000
208228.000000
166089.000000
394382.000000
429601.000000
428982.000000
233659.000000
430353.000000
321302.000000
461249.000000
460440.000000
342461.000000
272846.000000
424509.000000
406601.000000
65975.000000
426121.000000
363979.000000
454733.000000
468232.000000
421092.000000
138408.000000
403253.000000
489618.000000
530940.000000
302184.000000
433765.000000
547919.000000
278891.000000
378421.000000
283376.000000
494657.000000
459665.000000
394121.000000
232530.000000
445038.000000
282378.000000
476546.000000
253239.000000
307727.000000
417863.000000
377894.000000
503148.000000
165148.000000
402080.000000
185359.000000
452739.000000
351849.000000
424767.000000
248541.000000
231681.000000
400986.000000
326977.000000
556285.000000
223486.000000
437183.000000
219786.000000
259297.000000
453898.000000
526172.000000
243953.000000
469938.000000
489026.000000
249747.000000
258303.000000
492571.000000
103540.000000
406984.000000
480493.000000
313946.000000
263875.000000
230065.000000
272600.000000
307333.000000
244794.000000
341312.000000
300481.000000
274894.000000
438913.000000
391753.000000
187776.000000
481073.000000
492578.000000
493682.000000
414697.000000
462751.000000
463027.000000
430255.000000
403366.000000
261690.000000
349189.000000
264295.000000
246902.000000
261072.000000
207211.000000
111225.000000
319504.000000
382796.000000
468018.000000
443570.000000
499071.000000
315131.000000
421558.000000
339356.000000
531108.000000
460269.000000
128858.000000
166828.000000
302819.000000
480411.000000
492279.000000
239212.000000
255713.000000
362361.000000
470690.000000
132170.000000
400701.000000
330191.000000
521860.000000
306175.000000
387247.000000
340380.000000
493783.000000
385218.000000
379291.000000
264597.000000
369015.000000
488061.000000
453751.000000
307147.000000
445781.000000
441377.000000
558857.000000
478597.000000
168156.000000
485988.000000
117942.000000
507066.000000
283672.000000
171840.000000
414379.000000
443404.000000
321723.000000
454940.000000
471821.000000
278486.000000
402822.000000
6043.000000
298764.000000
472623.000000
549251.000000
518553.000000
320919.000000
500877.000000
138321.000000
67031.000000
497518.000000
269527.000000
456153.000000
404740.000000
489327.000000
502368.000000
355572.000000
320411.000000
556488.000000
82704.000000
494063.000000
333289.000000
214567.000000
532353.000000
261833.000000
520804.000000
170429.000000
384447.000000
399766.000000
334637.000000
473642.000000
180625.000000
497631.000000
507123.000000
400000.000000
497626.000000
461344.000000
232207.000000
424739.000000
548446.000000
552360.000000
196995.000000
137505.000000
414723.000000
449279.000000
475724.000000
190710.000000
331479.000000
335315.000000
281839.000000
301791.000000
246595.000000
389266.000000
165400.000000
511716.000000
396080.000000
433374.000000
297841.000000
470576.000000
476788.000000
334607.000000
338983.000000
285760.000000
231035.000000
297772.000000
100534.000000
500294.000000
464127.000000
385447.000000
422032.000000
376161.000000
211994.000000
428749.000000
535724.000000
490719.000000
205474.000000
396396.000000
401239.000000
536896.000000
484804.000000
204885.000000
446781.000000
440811.000000
446331.000000
359874.000000
154392.000000
444495.000000
304536.000000
355445.000000
166009.000000
534378.000000
343582.000000
305266.000000
271531.000000
474045.000000
498765.000000
203296.000000
482931.000000
246485.000000
350265.000000
200577.000000
242751.000000
375137.000000
335829.000000
338753.000000
406483.000000
295716.000000
467299.000000
323039.000000
144746.000000
507543.000000
489336.000000
506003.000000
471679.000000
260783.000000
338517.000000
129483.000000
458003.000000
456453.000000
277524.000000
282741.000000
505967.000000
164835.000000
475004.000000
438432.000000
513638.000000
418946.000000
476724.000000
106296.000000
502239.000000
397931.000000
217050.000000
398316.000000
526049.000000
369802.000000
526101.000000
423185.000000
447443.000000
370573.000000
411985.000000
535431.000000
368393.000000
487999.000000
500788.000000
393301.000000
312294.000000
293695.000000
397047.000000
379395.000000
440641.000000
337326.000000
400353.000000
310336.000000
470639.000000
575451.000000
140845.000000
499185.000000
318448.000000
345262.000000
375752.000000
520962.000000
373233.000000
282832.000000
454045.000000
296726.000000
436158.000000
433109.000000
328034.000000
523535.000000
238257.000000
387771.000000
310268.000000
446670.000000
234168.000000
368011.000000
412373.000000
401171.000000
36874.000000
491230.000000
262574.000000
203119.000000
458135.000000
440539.000000
437072.000000
397640.000000
334294.000000
266989.000000
399110.000000
234630.000000
295584.000000
346927.000000
502030.000000
537388.000000
438343.000000
438975.000000
82145.000000
433116.000000
149657.000000
173431.000000
431796.000000
486433.000000
345505.000000
379538.000000
413122.000000
442304.000000
405896.000000
430841.000000
487821.000000
416492.000000
315613.000000
185967.000000
416113.000000
359316.000000
77720.000000
158759.000000
307628.000000
406840.000000
405459.000000
518118.000000
279121.000000
162926.000000
278585.000000
53111.000000
276830.000000
587365.000000
459043.000000
228301.000000
440326.000000
242729.000000
452519.000000
266061.000000
408794.000000
278392.000000
488828.000000
486605.000000
411858.000000
309295.000000
444698.000000
395662.000000
351371.000000
485502.000000
358378.000000
328532.000000
362595.000000
200485.000000
424136.000000
270743.000000
321256.000000
565626.000000
237820.000000
409548.000000
445645.000000
278680.000000
290391.000000
482844.000000
300302.000000
315902.000000
400535.000000
495210.000000
326805.000000
463870.000000
518408.000000
133841.000000
461753.000000
261760.000000
530092.000000
585208.000000
433983.000000
383028.000000
428985.000000
357290.000000
351423.000000
493335.000000
191875.000000
447237.000000
426153.000000
264053.000000
263938.000000
362745.000000
431164.000000
394900.000000
265050.000000
373219.000000
325175.000000
474208.000000
483228.000000
205004.000000
455979.000000
477126.000000
521625.000000
480915.000000
426004.000000
467004.000000
314022.000000
415087.000000
476981.000000
468353.000000
316387.000000
237475.000000
414091.000000
444554.000000
503962.000000
504835.000000
438656.000000
400004.000000
326361.000000
195562.000000
307937.000000
468512.000000
514592.000000
433405.000000
476235.000000
257832.000000
462731.000000
241257.000000
171457.000000
401242.000000
443084.000000
449594.000000
464569.000000
145818.000000
181123.000000
306766.000000
516525.000000
231110.000000
238639.000000
344344.000000
312601.000000
373669.000000
531565.000000
499525.000000
450607.000000
153997.000000
295229.000000
192066.000000
213805.000000
506883.000000
386924.000000
448754.000000
296424.000000
467218.000000
479161.000000
446123.000000
273293.000000
450552.000000
464192.000000
414702.000000
466509.000000
552309.000000
471455.000000
407887.000000
423593.000000
293642.000000
392046.000000
460915.000000
84943.000000
445816.000000
406144.000000
481304.000000
238766.000000
356064.000000
308175.000000
117245.000000
125661.000000
420514.000000
328629.000000
418084.000000
245869.000000
413255.000000
467171.000000
453429.000000
533919.000000
315953.000000
555102.000000
209431.000000
374159.000000
297986.000000
210378.000000
466597.000000
460217.000000
438524.000000
406809.000000
454712.000000
500931.000000
501646.000000
232560.000000
212318.000000
491613.000000
337528.000000
377552.000000
407402.000000
223636.000000
407627.000000
305145.000000
324817.000000
373953.000000
505411.000000
219902.000000
295050.000000
287495.000000
376292.000000
325089.000000
487550.000000
129469.000000
209479.000000
324207.000000
166234.000000
335619.000000
428182.000000
319409.000000
101074.000000
512771.000000
436656.000000
403990.000000
314039.000000
393177.000000
466832.000000
238830.000000
331155.000000
313536.000000
247030.000000
545735.000000
442536.000000
463014.000000
415093.000000
483741.000000
483344.000000
307105.000000
514560.000000
474257.000000
514239.000000
319335.000000
504387.000000
280812.000000
473532.000000
163766.000000
58603.000000
299687.000000
518313.000000
467857.000000
422435.000000
232428.000000
324932.000000
517315.000000
494946.000000
129346.000000
531365.000000
501684.000000
284713.000000
247913.000000
331989.000000
438609.000000
267997.000000
95607.000000
464025.000000
458782.000000
460899.000000
349706.000000
491567.000000
479012.000000
365683.000000
477579.000000
376309.000000
472922.000000
416100.000000
544558.000000
357884.000000
322471.000000
459863.000000
452280.000000
364636.000000
506201.000000
410066.000000
447319.000000
394173.000000
305114.000000
372389.000000
452654.000000
363504.000000
449268.000000
358197.000000
305439.000000
407943.000000
283378.000000
352752.000000
64845.000000
312993.000000
341959.000000
300114.000000
220039.000000
276116.000000
337884.000000
485242.000000
450973.000000
351703.000000
151508.000000
407267.000000
144445.000000
25547.000000
44579.000000
476709.000000
233054.000000
532497.000000
435651.000000
345590.000000
344525.000000
402022.000000
266896.000000
488337.000000
464904.000000
442669.000000
503029.000000
375550.000000
203178.000000
363555.000000
296875.000000
271122.000000
512776.000000
480795.000000
175734.000000
266653.000000
294174.000000
289379.000000
509612.000000
403370.000000
152130.000000
400698.000000
366774.000000
250703.000000
266123.000000
427227.000000
233608.000000
387748.000000
422252.000000
130749.000000
326061.000000
513040.000000
285845.000000
321413.000000
110800.000000
28349.000000
192597.000000
521970.000000
394628.000000
488133.000000
264328.000000
278949.000000
463160.000000
405462.000000
188610.000000
264508.000000
232855.000000
263576.000000
267646.000000
479739.000000
195022.000000
366437.000000
462935.000000
180234.000000
439922.000000
460296.000000
303985.000000
485109.000000
264793.000000
362175.000000
300943.000000
429880.000000
466371.000000
469721.000000
197138.000000
441545.000000
305590.000000
473158.000000
335685.000000
318374.000000
446909.000000
273463.000000
467986.000000
391547.000000
397668.000000
361386.000000
175045.000000
223440.000000
210725.000000
195900.000000
266741.000000
291797.000000
406938.000000
455912.000000
390249.000000
500844.000000
369364.000000
438561.000000
405677.000000
512751.000000
537623.000000
463533.000000
336864.000000
323460.000000
259216.000000
519615.000000
543325.000000
368450.000000
398840.000000
227353.000000
409136.000000
449115.000000
242588.000000
411858.000000
358233.000000
318598.000000
413377.000000
215241.000000
422275.000000
166152.000000
292952.000000
459585.000000
468874.000000
450183.000000
367409.000000
98499.000000
310289.000000
359679.000000
456796.000000
485389.000000
491773.000000
418372.000000
265075.000000
343239.000000
457255.000000
422724.000000
472474.000000
459881.000000
466368.000000
445334.000000
385257.000000
468014.000000
395507.000000
522173.000000
111042.000000
327954.000000
294343.000000
57503.000000
483828.000000
263275.000000
358667.000000
358220.000000
188616.000000
222524.000000
160385.000000
339223.000000
215181.000000
370497.000000
261830.000000
241212.000000
453702.000000
321119.000000
486583.000000
515515.000000
64594.000000
525571.000000
490177.000000
187859.000000
448105.000000
227532.000000
343572.000000
317093.000000
388854.000000
480890.000000
318102.000000
498978.000000
448673.000000
169709.000000
386090.000000
430026.000000
303080.000000
279600.000000
192608.000000
391913.000000
304936.000000
372820.000000
528311.000000
457300.000000
171538.000000
525962.000000
512648.000000
166976.000000
335422.000000
395547.000000
234842.000000
495029.000000
395818.000000
398563.000000
495591.000000
305981.000000
293616.000000
414454.000000
439266.000000
293788.000000
532421.000000
273112.000000
513944.000000
240894.000000
210096.000000
450263.000000
129160.000000
549837.000000
241951.000000
292816.000000
419367.000000
464892.000000
313172.000000
413674.000000
400681.000000
380358.000000
48419.000000
255101.000000
236744.000000
252818.000000
268750.000000
329739.000000
455644.000000
267379.000000
239433.000000
251609.000000
211233.000000
316451.000000
335731.000000
422219.000000
170695.000000
120337.000000
434514.000000
251709.000000
499371.000000
286380.000000
432742.000000
449217.000000
367937.000000
307441.000000
333102.000000
388304.000000
441978.000000
503387.000000
521551.000000
283552.000000
440816.000000
400023.000000
448526.000000
358328.000000
333181.000000
130908.000000
452612.000000
524611.000000
479649.000000
213828.000000
418274.000000
373774.000000
425727.000000
173750.000000
279110.000000
378073.000000
330758.000000
130289.000000
114394.000000
423509.000000
291500.000000
289750.000000
204478.000000
289564.000000
272554.000000
346143.000000
437969.000000
327408.000000
197269.000000
447133.000000
150477.000000
159972.000000
501074.000000
64053.000000
326948.000000
237085.000000
235409.000000
71182.000000
473077.000000
386178.000000
469458.000000
364665.000000
490758.000000
415814.000000
273442.000000
480585.000000
335092.000000
496733.000000
368387.000000
529963.000000
304483.000000
470795.000000
398998.000000
295173.000000
209137.000000
337672.000000
506006.000000
391710.000000
280560.000000
514199.000000
90377.000000
367921.000000
474879.000000
478134.000000
313004.000000
443047.000000
383401.000000
221506.000000
444506.000000
179142.000000
523188.000000
180448.000000
157534.000000
269173.000000
338310.000000
377755.000000
306193.000000
292257.000000
257236.000000
374133.000000
482697.000000
189287.000000
353237.000000
278269.000000
344520.000000
224223.000000
524950.000000
262860.000000
436414.000000
224950.000000
109920.000000
500390.000000
539899.000000
116098.000000
185744.000000
334179.000000
555373.000000
238328.000000
463808.000000
290052.000000
304652.000000
529357.000000
393704.000000
314729.000000
396725.000000
91956.000000
436203.000000
506006.000000
341239.000000
465072.000000
445824.000000
201969.000000
531653.000000
361153.000000
244990.000000
378115.000000
420809.000000
282248.000000
229797.000000
362146.000000
194747.000000
463326.000000
561373.000000
250331.000000
467706.000000
508691.000000
249064.000000
387720.000000
148476.000000
386904.000000
424091.000000
489961.000000
279377.000000
443813.000000
418817.000000
498327.000000
478156.000000
312720.000000
260784.000000
478050.000000
314093.000000
362495.000000
362574.000000
415043.000000
375105.000000
275167.000000
516035.000000
365592.000000
123633.000000
511324.000000
570983.000000
148445.000000
453152.000000
413361.000000
477015.000000
331860.000000
484107.000000
286733.000000
450204.000000
537796.000000
388062.000000
170601.000000
343753.000000
317337.000000
547964.000000
326208.000000
502846.000000
461744.000000
312469.000000
345349.000000
316945.000000
344124.000000
245957.000000
447209.000000
350542.000000
346770.000000
390621.000000
337438.000000
451692.000000
125334.000000
402335.000000
343357.000000
312283.000000
387476.000000
503372.000000
302598.000000
370619.000000
307570.000000
202819.000000
313132.000000
466397.000000
125664.000000
87091.000000
425871.000000
269826.000000
372110.000000
494733.000000
343741.000000
146301.000000
297355.000000
170209.000000
338813.000000
485008.000000
177845.000000
307151.000000
420831.000000
493779.000000
393225.000000
431375.000000
269394.000000
340989.000000
411012.000000
455551.000000
530475.000000
471682.000000
486919.000000
328064.000000
423072.000000
359973.000000
339153.000000
451480.000000
178564.000000
280606.000000
405152.000000
209000.000000
534959.000000
132032.000000
511768.000000
344787.000000
304116.000000
503356.000000
181726.000000
392847.000000
184025.000000
386899.000000
430901.000000
315161.000000
134722.000000
448678.000000
531701.000000
514380.000000
144178.000000
313765.000000
358321.000000
381462.000000
456769.000000
532783.000000
392229.000000
468214.000000
139890.000000
290871.000000
336208.000000
98343.000000
355400.000000
268409.000000
297875.000000
343653.000000
501108.000000
392875.000000
367063.000000
417801.000000
494484.000000
204508.000000
304630.000000
299130.000000
146270.000000
59513.000000
485365.000000
501996.000000
440881.000000
457527.000000
478922.000000
443385.000000
504718.000000
544717.000000
162356.000000
369402.000000
258310.000000
303506.000000
349630.000000
309881.000000
255909.000000
184629.000000
188341.000000
216087.000000
478925.000000
465430.000000
530866.000000
217183.000000
304628.000000
290963.000000
399407.000000
122704.000000
285341.000000
476494.000000
512580.000000
425921.000000
423319.000000
483069.000000
472728.000000
443399.000000
444131.000000
468413.000000
470332.000000
306356.000000
465374.000000
226938.000000
528890.000000
235207.000000
369420.000000
331009.000000
486957.000000
452088.000000
207469.000000
277176.000000
431156.000000
256981.000000
398240.000000
246387.000000
326553.000000
349663.000000
358850.000000
508914.000000
527693.000000
496420.000000
281024.000000
299531.000000
210418.000000
409217.000000
290848.000000
337814.000000
287336.000000
321246.000000
269460.000000
231370.000000
434833.000000
507095.000000
307933.000000
425099.000000
479448.000000
363968.000000
289034.000000
443119.000000
264925.000000
313217.000000
285844.000000
505359.000000
272404.000000
98886.000000
275957.000000
376348.000000
475442.000000
245064.000000
476794.000000
223262.000000
300095.000000
432292.000000
424392.000000
273949.000000
449208.000000
566860.000000
453336.000000
475575.000000
203338.000000
360910.000000
223127.000000
237705.000000
371009.000000
188610.000000
347973.000000
261148.000000
239195.000000
253352.000000
328053.000000
436209.000000
307488.000000
458906.000000
419335.000000
496615.000000
399785.000000
379081.000000
566913.000000
410781.000000
329602.000000
310781.000000
109218.000000
159383.000000
369882.000000
452681.000000
414079.000000
481914.000000
414797.000000
234354.000000
554190.000000
547204.000000
456315.000000
465376.000000
442078.000000
347429.000000
488746.000000
508176.000000
374810.000000
417246.000000
449496.000000
453152.000000
393834.000000
393781.000000
281194.000000
329698.000000
213190.000000
466225.000000
486946.000000
243619.000000
198696.000000
445827.000000
331166.000000
321290.000000
371236.000000
451244.000000
239872.000000
405480.000000
417512.000000
426604.000000
504226.000000
489255.000000
91215.000000
253163.000000
468010.000000
409897.000000
444210.000000
355048.000000
258519.000000
529114.000000
152283.000000
464144.000000
404455.000000
494199.000000
365639.000000
285982.000000
387603.000000
418176.000000
454237.000000
325590.000000
379272.000000
448352.000000
83424.000000
301864.000000
449292.000000
470336.000000
334602.000000
522354.000000
344104.000000
512165.000000
182131.000000
354020.000000
197944.000000
407417.000000
330372.000000
159016.000000
267329.000000
417421.000000
563140.000000
339606.000000
460874.000000
309130.000000
337276.000000
426011.000000
397182.000000
175678.000000
479949.000000
492051.000000
343720.000000
297187.000000
274607.000000
338174.000000
394506.000000
309989.000000
331334.000000
467178.000000
378679.000000
526369.000000
353751.000000
282389.000000
244853.000000
480763.000000
511723.000000
271952.000000
483380.000000
441606.000000
149125.000000
457075.000000
406987.000000
425192.000000
525524.000000
355658.000000
443215.000000
109258.000000
490941.000000
257128.000000
471135.000000
173560.000000
290870.000000
500761.000000
461342.000000
559443.000000
319861.000000
459882.000000
448309.000000
481173.000000
322798.000000
205816.000000
410392.000000
461429.000000
60132.000000
340873.000000
573969.000000
336454.000000
479660.000000
433211.000000
250410.000000
302379.000000
510585.000000
333685.000000
219755.000000
367309.000000
209283.000000
147103.000000
390098.000000
443966.000000
396694.000000
351471.000000
142987.000000
369879.000000
483572.000000
501224.000000
488178.000000
410756.000000
424316.000000
267507.000000
461419.000000
202411.000000
371711.000000
283522.000000
436211.000000
261439.000000
377321.000000
347030.000000
460231.000000
528096.000000
363646.000000
261847.000000
339249.000000
470232.000000
358202.000000
300708.000000
404679.000000
434808.000000
252380.000000
336907.000000
298932.000000
542146.000000
428224.000000
472383.000000
430105.000000
486934.000000
475961.000000
393922.000000
527818.000000
410668.000000
242635.000000
489637.000000
299887.000000
522609.000000
395832.000000
497706.000000
509025.000000
264466.000000
513762.000000
383831.000000
506280.000000
421987.000000
253269.000000
377259.000000
150687.000000
405110.000000
450578.000000
476263.000000
64554.000000
439452.000000
295703.000000
404364.000000
381931.000000
436758.000000
368266.000000
466656.000000
504840.000000
477091.000000
392433.000000
209342.000000
312535.000000
465077.000000
205516.000000
258352.000000
308098.000000
408148.000000
269845.000000
323743.000000
299452.000000
535143.000000
335842.000000
199050.000000
367817.000000
263230.000000
454098.000000
402280.000000
489390.000000
283575.000000
440571.000000
557946.000000
321870.000000
434863.000000
341429.000000
202081.000000
525765.000000
235343.000000
461699.000000
477250.000000
508627.000000
431211.000000
161546.000000
395662.000000
434726.000000
418163.000000
195919.000000
455973.000000
