0.000000
0.000000
0.000000
0.000000
0.000000
0.000000
0.000000
0.000000
0.000000
0.000000
0.000000
0.000000
0.000000
0.000000
0.000000
0.000000
0.000000
0.000000
0.000000
0.000000
0.000000
0.000000
0.000000
0.000000
0.000000
0.000000
0.000000
0.000000
0.000000
0.000000
0.000000
0.000000
181575.000000
105402.000000
86114.000000
114748.000000
117002.000000
80278.000000
105763.000000
86596.000000
111211.000000
115848.000000
92188.000000
121573.000000
108909.000000
101876.000000
132000.000000
107380.000000
124119.000000
115286.000000
111896.000000
113706.000000
94524.000000
121619.000000
103472.000000
41088.000000
93881.000000
124603.000000
93228.000000
115958.000000
96167.000000
87746.000000
112839.000000
108519.000000
116187.000000
99501.000000
84015.000000
115009.000000
110252.000000
111808.000000
109898.000000
94805.000000
99985.000000
74076.000000
85524.000000
112033.000000
113857.000000
137178.000000
77914.000000
118780.000000
109854.000000
110232.000000
99902.000000
120292.000000
121734.000000
115518.000000
101227.000000
118688.000000
129223.000000
118110.000000
90479.000000
99131.000000
87315.000000
143789.000000
105376.000000
89244.000000
84513.000000
91590.000000
125825.000000
109838.000000
115716.000000
144010.000000
104367.000000
118602.000000
116530.000000
108843.000000
79730.000000
113687.000000
91217.000000
78617.000000
83969.000000
132629.000000
131434.000000
114127.000000
101303.000000
110932.000000
104043.000000
119014.000000
130180.000000
83430.000000
124480.000000
107493.000000
112423.000000
87611.000000
137299.000000
99982.000000
112979.000000
133587.000000
101855.000000
77295.000000
122379.000000
125209.000000
95933.000000
85510.000000
130619.000000
95873.000000
119986.000000
103922.000000
125432.000000
113220.000000
89459.000000
116898.000000
82182.000000
98204.000000
120061.000000
94628.000000
109384.000000
116647.000000
124371.000000
94530.000000
113260.000000
110558.000000
134815.000000
115068.000000
50053.000000
96886.000000
104779.000000
109391.000000
75201.000000
122983.000000
121874.000000
125376.000000
100198.000000
107512.000000
118945.000000
127523.000000
68810.000000
109254.000000
23958.000000
116511.000000
98423.000000
94354.000000
119201.000000
74481.000000
105954.000000
97782.000000
90919.000000
94926.000000
106568.000000
92611.000000
97081.000000
95068.000000
142243.000000
93794.000000
141960.000000
105901.000000
100758.000000
129654.000000
30393.000000
80776.000000
122125.000000
123648.000000
100947.000000
103114.000000
152359.000000
111029.000000
66860.000000
106457.000000
122229.000000
80783.000000
115383.000000
99606.000000
127248.000000
96411.000000
79230.000000
82072.000000
83104.000000
93673.000000
87870.000000
103589.000000
101206.000000
107166.000000
134371.000000
127938.000000
134535.000000
108166.000000
97458.000000
125878.000000
84126.000000
109496.000000
121693.000000
122708.000000
107263.000000
118645.000000
106502.000000
123760.000000
83857.000000
110565.000000
139773.000000
100036.000000
104456.000000
133943.000000
134000.000000
100898.000000
108581.000000
90539.000000
102875.000000
112263.000000
102364.000000
128135.000000
120580.000000
83971.000000
97829.000000
102592.000000
91643.000000
102472.000000
96964.000000
61602.000000
70013.000000
123571.000000
83937.000000
91215.000000
128958.000000
123796.000000
91433.000000
119520.000000
66275.000000
106573.000000
128257.000000
117477.000000
115178.000000
74126.000000
130829.000000
119034.000000
116225.000000
97456.000000
61600.000000
135294.000000
121723.000000
94476.000000
113064.000000
126811.000000
104297.000000
110904.000000
101882.000000
102640.000000
119393.000000
102718.000000
110274.000000
103864.000000
124535.000000
106656.000000
133190.000000
108444.000000
101515.000000
124057.000000
105986.000000
117237.000000
125244.000000
123616.000000
107243.000000
109033.000000
109887.000000
119504.000000
118201.000000
115516.000000
83976.000000
89412.000000
94565.000000
69773.000000
90433.000000
71849.000000
116585.000000
96496.000000
92617.000000
114965.000000
109793.000000
121332.000000
111953.000000
119245.000000
88589.000000
111543.000000
103914.000000
120296.000000
125412.000000
123073.000000
110430.000000
86144.000000
67814.000000
91711.000000
118167.000000
112806.000000
116997.000000
123281.000000
101288.000000
68441.000000
107845.000000
108062.000000
102678.000000
135116.000000
93638.000000
79065.000000
115630.000000
116402.000000
98915.000000
110674.000000
80455.000000
85942.000000
100479.000000
120153.000000
86305.000000
127318.000000
112453.000000
135929.000000
121793.000000
84756.000000
97774.000000
112740.000000
102320.000000
83598.000000
78074.000000
106940.000000
111458.000000
105446.000000
75382.000000
112326.000000
99345.000000
115921.000000
119520.000000
95208.000000
109510.000000
116081.000000
101640.000000
59059.000000
123434.000000
115459.000000
106994.000000
95542.000000
125003.000000
83616.000000
133631.000000
126097.000000
121590.000000
96875.000000
88294.000000
127017.000000
105633.000000
109954.000000
107184.000000
124523.000000
119342.000000
125657.000000
81457.000000
124400.000000
96417.000000
121588.000000
106038.000000
64010.000000
119543.000000
112400.000000
141211.000000
94764.000000
142468.000000
97400.000000
150944.000000
116688.000000
102548.000000
102165.000000
88601.000000
90413.000000
86337.000000
116358.000000
86110.000000
111959.000000
75294.000000
96009.000000
100446.000000
131628.000000
120881.000000
126001.000000
115265.000000
101212.000000
127436.000000
107595.000000
60370.000000
117473.000000
104046.000000
77354.000000
75442.000000
103061.000000
97695.000000
84339.000000
85883.000000
93418.000000
110493.000000
79829.000000
116214.000000
115865.000000
116068.000000
107362.000000
121967.000000
119081.000000
116380.000000
114029.000000
129822.000000
107252.000000
100091.000000
105080.000000
92906.000000
103741.000000
100604.000000
91399.000000
115954.000000
73351.000000
108295.000000
105691.000000
124992.000000
134701.000000
107807.000000
113846.000000
81749.000000
107577.000000
104103.000000
106643.000000
72934.000000
100770.000000
95914.000000
132101.000000
134892.000000
83409.000000
107231.000000
104281.000000
134620.000000
75911.000000
112159.000000
114801.000000
115229.000000
94795.000000
116058.000000
128889.000000
102810.000000
103143.000000
101934.000000
89447.000000
103207.000000
94619.000000
140769.000000
81515.000000
106039.000000
111337.000000
121007.000000
139107.000000
92903.000000
121970.000000
55127.000000
129294.000000
108979.000000
109816.000000
86864.000000
127661.000000
109661.000000
119842.000000
112335.000000
66792.000000
99564.000000
3681.000000
117182.000000
113219.000000
113089.000000
117288.000000
106893.000000
116204.000000
72516.000000
47269.000000
113745.000000
97772.000000
125392.000000
119016.000000
110591.000000
114244.000000
113730.000000
114534.000000
125685.000000
67094.000000
113982.000000
103762.000000
94116.000000
112654.000000
116510.000000
107744.000000
92128.000000
113821.000000
116137.000000
91360.000000
131644.000000
84536.000000
130771.000000
127540.000000
106731.000000
121161.000000
101549.000000
123136.000000
119422.000000
102108.000000
118684.000000
95262.000000
88199.000000
118578.000000
118174.000000
118585.000000
82054.000000
97931.000000
114385.000000
114291.000000
96237.000000
81636.000000
117419.000000
91155.000000
125910.000000
84017.000000
117335.000000
91236.000000
122072.000000
141497.000000
80212.000000
96501.000000
89138.000000
84315.000000
85130.000000
71586.000000
141251.000000
116536.000000
123695.000000
130060.000000
116375.000000
94154.000000
106255.000000
138234.000000
120858.000000
102763.000000
93789.000000
120992.000000
121405.000000
116446.000000
89558.000000
109248.000000
85260.000000
107912.000000
108480.000000
62263.000000
127844.000000
145349.000000
139341.000000
78772.000000
144649.000000
113758.000000
100059.000000
108475.000000
112184.000000
111240.000000
103320.000000
137696.000000
103840.000000
118221.000000
89504.000000
119124.000000
112538.000000
129073.000000
105957.000000
88492.000000
107345.000000
129559.000000
105713.000000
87429.000000
128473.000000
131282.000000
110338.000000
108220.000000
91445.000000
101378.000000
78333.000000
95592.000000
112995.000000
92654.000000
87663.000000
108212.000000
76676.000000
121491.000000
119872.000000
128387.000000
111408.000000
127492.000000
76890.000000
101742.000000
140899.000000
113295.000000
111658.000000
130300.000000
95834.000000
126318.000000
94970.000000
103438.000000
117865.000000
100210.000000
140080.000000
123288.000000
111262.000000
124021.000000
123267.000000
92405.000000
102495.000000
109743.000000
87567.000000
101524.000000
94342.000000
99766.000000
126533.000000
130503.000000
108892.000000
77588.000000
90689.000000
95506.000000
110236.000000
94009.000000
130670.000000
89373.000000
128100.000000
109511.000000
110272.000000
123935.000000
127075.000000
124209.000000
144923.000000
109067.000000
112939.000000
94697.000000
122344.000000
92181.000000
109483.000000
103264.000000
96650.000000
41014.000000
98919.000000
111242.000000
95214.000000
122769.000000
93032.000000
137518.000000
112145.000000
110278.000000
74304.000000
95008.000000
90329.000000
105717.000000
84373.000000
101195.000000
143570.000000
113407.000000
114586.000000
72110.000000
117644.000000
71619.000000
98247.000000
108133.000000
98113.000000
114051.000000
112427.000000
115934.000000
112192.000000
106187.000000
120791.000000
116460.000000
82927.000000
118456.000000
68349.000000
115291.000000
100545.000000
61990.000000
90066.000000
118336.000000
105401.000000
128868.000000
112585.000000
91791.000000
67466.000000
111503.000000
52246.000000
73107.000000
122200.000000
125316.000000
90711.000000
125573.000000
91442.000000
94641.000000
116298.000000
108662.000000
111231.000000
110294.000000
114851.000000
106956.000000
123908.000000
111410.000000
117392.000000
90672.000000
114124.000000
115706.000000
97787.000000
103791.000000
83138.000000
88766.000000
93708.000000
112115.000000
119023.000000
97416.000000
100710.000000
116608.000000
103560.000000
110846.000000
122215.000000
102203.000000
103837.000000
105050.000000
124780.000000
77940.000000
121607.000000
121234.000000
64549.000000
125440.000000
76622.000000
145379.000000
128544.000000
112316.000000
97626.000000
117960.000000
108783.000000
113494.000000
124975.000000
101388.000000
114954.000000
115640.000000
94836.000000
88523.000000
133443.000000
131138.000000
88624.000000
78696.000000
109840.000000
98692.000000
114050.000000
111923.000000
102590.000000
110544.000000
123020.000000
124998.000000
121118.000000
100857.000000
107926.000000
131482.000000
110589.000000
121629.000000
105785.000000
132207.000000
89144.000000
109268.000000
109771.000000
107799.000000
101137.000000
97497.000000
120552.000000
103498.000000
69879.000000
117447.000000
110552.000000
126013.000000
115828.000000
114235.000000
105330.000000
120111.000000
112705.000000
91954.000000
102694.000000
117525.000000
107978.000000
112499.000000
93647.000000
74859.000000
97132.000000
135369.000000
110595.000000
106610.000000
104407.000000
126177.000000
126680.000000
132107.000000
95517.000000
126861.000000
93008.000000
107619.000000
88160.000000
100240.000000
127515.000000
107897.000000
97876.000000
96908.000000
117135.000000
97303.000000
105328.000000
126772.000000
105333.000000
107765.000000
109440.000000
99431.000000
128934.000000
125982.000000
100380.000000
92296.000000
100565.000000
120008.000000
121667.000000
63491.000000
124156.000000
103262.000000
111217.000000
102289.000000
87927.000000
112430.000000
66519.000000
94941.000000
99491.000000
88832.000000
102108.000000
120891.000000
92789.000000
111773.000000
124768.000000
133793.000000
120860.000000
121523.000000
81891.000000
112283.000000
94352.000000
74661.000000
127161.000000
115521.000000
99893.000000
128954.000000
105211.000000
113149.000000
104158.000000
89073.000000
87113.000000
149144.000000
117207.000000
93547.000000
131723.000000
90105.000000
96739.000000
106781.000000
115045.000000
94058.000000
122607.000000
113136.000000
121629.000000
103804.000000
121628.000000
107408.000000
109333.000000
95412.000000
125696.000000
117971.000000
84673.000000
112619.000000
116119.000000
114461.000000
58790.000000
116079.000000
129300.000000
117093.000000
123502.000000
89783.000000
122385.000000
79709.000000
93378.000000
127700.000000
108694.000000
118055.000000
124286.000000
128878.000000
134162.000000
102594.000000
119730.000000
89454.000000
107965.000000
93059.000000
128448.000000
103811.000000
115710.000000
90455.000000
128017.000000
90236.000000
61607.000000
87979.000000
134239.000000
146007.000000
106951.000000
100020.000000
113024.000000
116311.000000
120789.000000
77450.000000
96397.000000
110928.000000
112068.000000
96005.000000
108826.000000
118071.000000
92164.000000
78782.000000
117562.000000
119308.000000
125004.000000
112556.000000
107383.000000
113791.000000
120694.000000
121807.000000
99373.000000
134470.000000
103223.000000
103741.000000
105127.000000
112855.000000
132534.000000
98293.000000
102142.000000
111103.000000
99495.000000
108473.000000
117273.000000
106346.000000
96326.000000
111025.000000
125707.000000
130276.000000
127971.000000
116901.000000
119154.000000
88148.000000
95547.000000
45190.000000
127826.000000
113689.000000
92861.000000
88023.000000
118621.000000
108683.000000
114107.000000
96764.000000
109577.000000
72504.000000
104458.000000
77019.000000
34461.000000
56509.000000
108013.000000
94772.000000
113002.000000
124934.000000
101967.000000
105721.000000
117064.000000
114467.000000
130020.000000
118571.000000
109399.000000
107541.000000
83592.000000
77523.000000
112142.000000
102300.000000
98174.000000
123602.000000
132709.000000
77424.000000
90746.000000
90925.000000
90639.000000
114163.000000
111908.000000
71355.000000
77252.000000
105097.000000
117187.000000
100721.000000
94673.000000
88894.000000
91150.000000
132924.000000
83675.000000
109326.000000
105223.000000
117566.000000
135904.000000
68678.000000
17070.000000
95155.000000
123033.000000
107093.000000
122935.000000
110854.000000
89898.000000
114629.000000
115020.000000
103117.000000
113850.000000
98100.000000
100537.000000
118906.000000
106767.000000
91345.000000
111823.000000
106714.000000
94755.000000
108394.000000
117829.000000
134820.000000
115418.000000
113060.000000
122728.000000
116566.000000
116403.000000
118430.000000
103342.000000
70792.000000
120567.000000
90688.000000
124542.000000
109765.000000
110813.000000
98275.000000
113135.000000
107229.000000
90064.000000
109847.000000
97737.000000
111355.000000
94497.000000
115892.000000
105120.000000
105087.000000
95261.000000
114829.000000
119382.000000
93633.000000
122489.000000
108775.000000
98544.000000
105659.000000
128494.000000
111822.000000
113656.000000
101607.000000
118717.000000
93807.000000
113947.000000
118407.000000
88032.000000
97223.000000
101287.000000
112548.000000
127627.000000
97343.000000
149675.000000
118963.000000
110023.000000
123661.000000
99939.000000
118139.000000
98764.000000
126833.000000
115871.000000
115476.000000
116662.000000
108324.000000
107801.000000
112461.000000
133915.000000
87740.000000
102227.000000
124266.000000
115136.000000
105368.000000
103251.000000
149647.000000
103820.000000
102470.000000
113776.000000
131823.000000
123235.000000
134492.000000
137387.000000
108047.000000
98919.000000
63008.000000
117574.000000
96130.000000
41782.000000
117817.000000
91601.000000
97650.000000
88053.000000
70502.000000
100506.000000
68604.000000
98771.000000
105950.000000
100321.000000
103752.000000
98612.000000
119656.000000
116518.000000
115251.000000
133731.000000
73817.000000
130060.000000
115848.000000
91368.000000
105548.000000
84153.000000
121186.000000
108998.000000
117665.000000
109993.000000
94874.000000
108541.000000
96532.000000
101379.000000
76741.000000
117607.000000
97320.000000
114290.000000
98877.000000
104433.000000
114709.000000
115245.000000
134781.000000
131704.000000
88189.000000
110251.000000
120245.000000
70471.000000
102125.000000
118910.000000
96429.000000
126411.000000
103120.000000
120221.000000
106447.000000
89472.000000
99271.000000
99531.000000
125928.000000
85638.000000
128025.000000
96876.000000
108116.000000
89420.000000
85820.000000
101537.000000
67809.000000
128496.000000
111316.000000
89532.000000
108074.000000
103379.000000
101901.000000
118072.000000
103601.000000
97923.000000
39518.000000
91093.000000
111491.000000
154905.000000
116850.000000
105135.000000
110698.000000
81519.000000
98478.000000
105838.000000
86945.000000
92913.000000
100050.000000
104387.000000
59083.000000
70874.000000
111123.000000
122346.000000
133553.000000
91450.000000
107379.000000
112416.000000
111476.000000
114346.000000
123238.000000
122153.000000
125665.000000
129913.000000
119705.000000
107460.000000
99086.000000
114242.000000
93754.000000
93237.000000
101042.000000
81722.000000
114873.000000
134482.000000
148092.000000
99341.000000
99538.000000
110223.000000
94283.000000
55024.000000
97877.000000
98160.000000
65674.000000
68963.000000
65838.000000
110750.000000
87906.000000
89020.000000
97595.000000
102172.000000
115081.000000
117178.000000
113205.000000
121797.000000
88166.000000
112741.000000
71621.000000
97589.000000
132776.000000
66433.000000
115347.000000
78811.000000
90677.000000
54419.000000
117335.000000
90153.000000
114349.000000
98043.000000
134459.000000
104686.000000
91080.000000
101507.000000
113052.000000
119407.000000
117937.000000
106178.000000
110911.000000
102712.000000
107223.000000
104027.000000
102508.000000
104812.000000
118027.000000
93076.000000
133775.000000
122751.000000
58698.000000
75705.000000
144680.000000
104983.000000
101536.000000
115260.000000
119664.000000
88802.000000
123203.000000
89102.000000
119749.000000
105106.000000
78115.000000
100532.000000
100846.000000
88501.000000
91458.000000
108929.000000
112312.000000
128588.000000
100815.000000
103314.000000
107769.000000
68970.000000
118262.000000
120147.000000
104081.000000
80224.000000
111178.000000
76113.000000
74432.000000
95545.000000
115928.000000
74439.000000
77328.000000
109212.000000
122201.000000
112980.000000
127153.000000
109538.000000
88104.000000
106423.000000
110049.000000
97553.000000
101576.000000
68442.000000
127896.000000
136390.000000
121391.000000
123729.000000
109106.000000
88117.000000
110862.000000
86150.000000
116260.000000
80668.000000
90793.000000
108302.000000
108407.000000
109605.000000
111154.000000
111357.000000
122855.000000
111938.000000
81787.000000
96032.000000
94897.000000
104246.000000
76109.000000
112699.000000
123164.000000
128164.000000
113345.000000
113318.000000
111824.000000
105749.000000
115381.000000
97111.000000
111278.000000
104988.000000
110087.000000
108176.000000
112900.000000
97442.000000
91588.000000
84872.000000
139712.000000
122484.000000
65211.000000
116207.000000
128958.000000
76902.000000
118003.000000
109040.000000
120133.000000
106479.000000
118464.000000
99856.000000
121577.000000
117332.000000
122100.000000
84821.000000
114724.000000
138847.000000
108394.000000
85269.000000
114311.000000
132968.000000
81032.000000
116137.000000
111814.000000
115928.000000
80916.000000
110214.000000
105299.000000
104857.000000
108074.000000
113543.000000
96621.000000
53150.000000
137085.000000
95655.000000
127161.000000
110028.000000
105565.000000
135864.000000
103096.000000
98284.000000
109752.000000
82857.000000
110852.000000
83621.000000
66726.000000
125821.000000
94473.000000
102241.000000
110299.000000
119701.000000
110913.000000
99468.000000
92922.000000
101275.000000
109077.000000
90842.000000
117091.000000
127026.000000
111304.000000
127642.000000
140363.000000
100697.000000
112121.000000
131209.000000
137855.000000
138095.000000
102928.000000
108924.000000
92041.000000
100523.000000
108889.000000
100831.000000
140269.000000
80918.000000
107643.000000
120593.000000
79810.000000
112024.000000
79055.000000
137422.000000
111939.000000
92116.000000
112795.000000
106692.000000
134200.000000
74523.000000
112019.000000
109083.000000
111123.000000
66122.000000
95868.000000
139272.000000
111750.000000
73900.000000
105472.000000
129148.000000
88319.000000
129097.000000
117901.000000
122133.000000
107853.000000
80748.000000
98713.000000
141710.000000
58056.000000
93433.000000
113216.000000
106765.000000
100558.000000
114176.000000
135211.000000
111008.000000
133250.000000
137565.000000
108244.000000
120976.000000
113435.000000
88654.000000
51532.000000
122042.000000
122835.000000
102132.000000
119489.000000
113680.000000
139400.000000
129710.000000
88480.000000
88428.000000
90189.000000
67443.000000
113262.000000
106296.000000
99733.000000
81080.000000
96471.000000
83178.000000
120686.000000
102531.000000
112482.000000
115645.000000
108362.000000
115438.000000
106498.000000
117621.000000
56918.000000
107251.000000
122021.000000
129269.000000
112321.000000
115954.000000
83903.000000
103517.000000
98396.000000
104476.000000
105647.000000
101906.000000
121467.000000
120717.000000
77028.000000
128879.000000
104395.000000
94566.000000
118718.000000
112127.000000
113285.000000
84992.000000
111103.000000
122293.000000
96118.000000
101469.000000
87218.000000
109550.000000
68826.000000
108411.000000
102782.000000
128942.000000
137361.000000
109132.000000
117316.000000
85888.000000
135711.000000
106083.000000
113187.000000
104807.000000
62386.000000
89005.000000
79611.000000
123942.000000
104266.000000
102943.000000
116265.000000
112242.000000
112602.000000
110356.000000
128851.000000
94228.000000
103312.000000
108986.000000
95225.000000
118763.000000
59096.000000
118234.000000
121630.000000
106896.000000
109665.000000
124707.000000
100647.000000
123148.000000
124455.000000
98366.000000
111143.000000
129913.000000
119952.000000
132283.000000
123946.000000
89603.000000
81350.000000
110629.000000
120064.000000
102736.000000
74882.000000
110369.000000
93568.000000
114254.000000
101802.000000
99847.000000
123971.000000
116103.000000
114188.000000
127649.000000
94019.000000
115596.000000
108199.000000
110173.000000
100410.000000
105253.000000
66579.000000
70815.000000
104868.000000
83276.000000
112497.000000
92859.000000
130714.000000
125930.000000
91076.000000
145882.000000
122281.000000
106593.000000
101369.000000
131970.000000
114159.000000
139230.000000
128296.000000
123069.000000
114299.000000
100466.000000
116184.000000
131342.000000
103041.000000
119226.000000
75457.000000
83067.000000
110301.000000
129552.000000
93990.000000
103929.000000
108684.000000
98549.000000
96348.000000
103023.000000
118262.000000
101868.000000
131677.000000
108404.000000
94824.000000
141328.000000
121615.000000
60687.000000
98410.000000
96300.000000
109257.000000
120465.000000
103593.000000
118464.000000
99892.000000
88248.000000
116381.000000
106367.000000
127220.000000
125514.000000
85979.000000
112264.000000
111054.000000
119404.000000
105935.000000
110361.000000
124355.000000
66728.000000
109059.000000
133597.000000
125228.000000
85029.000000
124781.000000
96418.000000
122629.000000
78006.000000
98026.000000
95134.000000
101117.000000
117135.000000
100935.000000
116327.000000
121756.000000
128265.000000
96428.000000
120297.000000
108286.000000
106941.000000
107066.000000
95585.000000
83318.000000
120856.000000
112365.000000
92538.000000
93154.000000
106492.000000
93225.000000
86242.000000
111323.000000
92835.000000
107424.000000
104579.000000
143626.000000
85672.000000
125632.000000
129088.000000
108777.000000
132793.000000
102487.000000
123376.000000
120791.000000
98177.000000
129693.000000
134307.000000
83501.000000
102288.000000
94459.000000
101039.000000
69978.000000
122221.000000
75544.000000
97538.000000
89453.000000
88136.000000
96126.000000
116196.000000
112713.000000
95634.000000
113516.000000
109812.000000
94256.000000
93793.000000
80735.000000
97398.000000
136194.000000
59019.000000
120912.000000
131013.000000
114625.000000
104989.000000
111983.000000
106140.000000
74434.000000
130887.000000
87198.000000
88185.000000
119650.000000
90995.000000
56651.000000
116676.000000
120133.000000
111829.000000
120116.000000
109695.000000
111203.000000
118582.000000
106408.000000
116037.000000
112129.000000
126361.000000
119629.000000
100649.000000
85539.000000
114316.000000
130964.000000
120085.000000
136901.000000
118336.000000
119875.000000
102784.000000
90897.000000
121709.000000
109302.000000
113746.000000
120523.000000
113034.000000
104843.000000
120036.000000
142922.000000
104608.000000
108011.000000
126264.000000
117946.000000
114988.000000
102778.000000
130185.000000
123722.000000
105250.000000
121560.000000
104512.000000
94543.000000
111449.000000
138897.000000
118102.000000
136051.000000
90930.000000
120564.000000
114636.000000
98357.000000
120960.000000
105528.000000
101251.000000
131273.000000
94875.000000
101152.000000
76542.000000
95034.000000
123407.000000
106981.000000
50280.000000
92346.000000
103581.000000
141757.000000
94353.000000
119074.000000
104822.000000
109718.000000
109483.000000
99105.000000
99831.000000
92909.000000
121711.000000
91356.000000
71063.000000
98071.000000
112011.000000
109978.000000
113908.000000
112436.000000
113924.000000
126843.000000
113459.000000
97214.000000
100015.000000
96706.000000
112930.000000
112023.000000
103979.000000
115400.000000
100507.000000
110805.000000
99266.000000
111446.000000
108694.000000
58926.000000
135390.000000
52768.000000
121378.000000
108401.000000
101550.000000
108364.000000
85957.000000
145381.000000
120654.000000
99174.000000
97852.000000
135733.000000
