0.000000
0.000000
0.000000
0.000000
0.000000
0.000000
0.000000
0.000000
0.000000
0.000000
0.000000
0.000000
0.000000
0.000000
0.000000
0.000000
0.000000
0.000000
0.000000
0.000000
0.000000
0.000000
0.000000
0.000000
0.000000
0.000000
0.000000
0.000000
0.000000
0.000000
0.000000
0.000000
0.000000
0.000000
0.000000
0.000000
0.000000
0.000000
0.000000
0.000000
0.000000
0.000000
0.000000
0.000000
0.000000
0.000000
0.000000
0.000000
0.000000
0.000000
0.000000
0.000000
0.000000
0.000000
0.000000
0.000000
0.000000
0.000000
0.000000
0.000000
0.000000
0.000000
0.000000
0.000000
0.000000
0.000000
0.000000
0.000000
0.000000
0.000000
0.000000
0.000000
0.000000
0.000000
0.000000
0.000000
0.000000
0.000000
0.000000
0.000000
0.000000
0.000000
0.000000
0.000000
0.000000
0.000000
0.000000
0.000000
0.000000
0.000000
0.000000
0.000000
0.000000
0.000000
0.000000
0.000000
0.000000
0.000000
0.000000
0.000000
0.000000
0.000000
0.000000
0.000000
0.000000
0.000000
0.000000
0.000000
0.000000
0.000000
0.000000
0.000000
0.000000
0.000000
0.000000
0.000000
0.000000
0.000000
0.000000
0.000000
0.000000
0.000000
0.000000
0.000000
0.000000
0.000000
0.000000
0.000000
0.000000
0.000000
0.000000
0.000000
0.000000
0.000000
0.000000
0.000000
0.000000
0.000000
0.000000
0.000000
0.000000
0.000000
0.000000
0.000000
0.000000
0.000000
0.000000
0.000000
0.000000
0.000000
0.000000
0.000000
0.000000
0.000000
0.000000
0.000000
0.000000
0.000000
0.000000
0.000000
0.000000
0.000000
0.000000
0.000000
0.000000
0.000000
0.000000
0.000000
0.000000
0.000000
0.000000
0.000000
0.000000
0.000000
0.000000
0.000000
0.000000
0.000000
0.000000
0.000000
0.000000
0.000000
0.000000
0.000000
0.000000
0.000000
0.000000
0.000000
0.000000
0.000000
0.000000
0.000000
0.000000
0.000000
0.000000
0.000000
0.000000
0.000000
0.000000
0.000000
0.000000
0.000000
0.000000
0.000000
0.000000
0.000000
0.000000
0.000000
0.000000
0.000000
0.000000
0.000000
0.000000
0.000000
0.000000
0.000000
0.000000
0.000000
0.000000
0.000000
0.000000
0.000000
0.000000
0.000000
0.000000
0.000000
0.000000
0.000000
0.000000
0.000000
0.000000
0.000000
0.000000
0.000000
0.000000
0.000000
0.000000
0.000000
0.000000
0.000000
0.000000
0.000000
0.000000
0.000000
0.000000
0.000000
0.000000
0.000000
0.000000
0.000000
0.000000
0.000000
0.000000
0.000000
0.000000
0.000000
0.000000
0.000000
0.000000
0.000000
0.000000
0.000000
0.000000
0.000000
0.000000
0.000000
0.000000
0.000000
0.000000
0.000000
0.000000
0.000000
0.000000
0.000000
0.000000
0.000000
0.000000
0.000000
0.000000
0.000000
0.000000
0.000000
0.000000
0.000000
0.000000
0.000000
0.000000
0.000000
0.000000
0.000000
0.000000
0.000000
0.000000
0.000000
0.000000
0.000000
0.000000
0.000000
0.000000
0.000000
0.000000
0.000000
0.000000
0.000000
0.000000
0.000000
0.000000
0.000000
0.000000
0.000000
0.000000
0.000000
0.000000
0.000000
0.000000
0.000000
0.000000
0.000000
0.000000
0.000000
0.000000
0.000000
0.000000
0.000000
0.000000
0.000000
0.000000
0.000000
0.000000
0.000000
0.000000
0.000000
0.000000
0.000000
0.000000
0.000000
0.000000
0.000000
0.000000
0.000000
218300.000000
145927.000000
154584.000000
137527.000000
115785.000000
115002.000000
128302.000000
156958.000000
116929.000000
123490.000000
94995.000000
121990.000000
153420.000000
153465.000000
123529.000000
151098.000000
122731.000000
140634.000000
139069.000000
133375.000000
131621.000000
152757.000000
138268.000000
63392.000000
156361.000000
127163.000000
118727.000000
136605.000000
123947.000000
88577.000000
120216.000000
153526.000000
175076.000000
134688.000000
138984.000000
171758.000000
126446.000000
146117.000000
131289.000000
157527.000000
129641.000000
119822.000000
101309.000000
148752.000000
129453.000000
129072.000000
125022.000000
109011.000000
138483.000000
123313.000000
166345.000000
120951.000000
123425.000000
112301.000000
129015.000000
152030.000000
162075.000000
137433.000000
107522.000000
141387.000000
118831.000000
117421.000000
106026.000000
136304.000000
123295.000000
126788.000000
156345.000000
125821.000000
126865.000000
145137.000000
158414.000000
121507.000000
130926.000000
125982.000000
81853.000000
146610.000000
123884.000000
145438.000000
116716.000000
89887.000000
119101.000000
114632.000000
114460.000000
124134.000000
130730.000000
141927.000000
135403.000000
141658.000000
140375.000000
119713.000000
116262.000000
145958.000000
133169.000000
120537.000000
168490.000000
130676.000000
134995.000000
126534.000000
107845.000000
111030.000000
132031.000000
108229.000000
123957.000000
108198.000000
134236.000000
152647.000000
152761.000000
129358.000000
128343.000000
136512.000000
134454.000000
132461.000000
139773.000000
163943.000000
74609.000000
109283.000000
122238.000000
128507.000000
137277.000000
105779.000000
111527.000000
128877.000000
135842.000000
71070.000000
128955.000000
130233.000000
138022.000000
122093.000000
122658.000000
135890.000000
133364.000000
151341.000000
130100.000000
119627.000000
111297.000000
152228.000000
131574.000000
112086.000000
135941.000000
124714.000000
131787.000000
150332.000000
104758.000000
171411.000000
82289.000000
149674.000000
135304.000000
111632.000000
125067.000000
151771.000000
136259.000000
135721.000000
141123.000000
99419.000000
124443.000000
5893.000000
143041.000000
129775.000000
151258.000000
127272.000000
144944.000000
135811.000000
86166.000000
61921.000000
115372.000000
127698.000000
167348.000000
148840.000000
142745.000000
164529.000000
120274.000000
148916.000000
161246.000000
65547.000000
134487.000000
128796.000000
115655.000000
152515.000000
136581.000000
131564.000000
115697.000000
131892.000000
126077.000000
122906.000000
123956.000000
110620.000000
143934.000000
137254.000000
153134.000000
130937.000000
135819.000000
131869.000000
151600.000000
142128.000000
128229.000000
105563.000000
106941.000000
170182.000000
142516.000000
167228.000000
120665.000000
124615.000000
129025.000000
123747.000000
124986.000000
125953.000000
143642.000000
95175.000000
76781.000000
128797.000000
149202.000000
124821.000000
147999.000000
152956.000000
124429.000000
152179.000000
140252.000000
134082.000000
103664.000000
72163.000000
132386.000000
153130.000000
120207.000000
113513.000000
141413.000000
113145.000000
124738.000000
149012.000000
142225.000000
85995.000000
132945.000000
139727.000000
139406.000000
133942.000000
103538.000000
112474.000000
148495.000000
143326.000000
112681.000000
87639.000000
125116.000000
152746.000000
147695.000000
119762.000000
122322.000000
138320.000000
114607.000000
110039.000000
137020.000000
121685.000000
109607.000000
126055.000000
95750.000000
128814.000000
114136.000000
152577.000000
138360.000000
133897.000000
105729.000000
117749.000000
131810.000000
134578.000000
135532.000000
115586.000000
147626.000000
125279.000000
144192.000000
142246.000000
128376.000000
118860.000000
96044.000000
137491.000000
127796.000000
120344.000000
154365.000000
117794.000000
115780.000000
135629.000000
135498.000000
132061.000000
148525.000000
142605.000000
87118.000000
111668.000000
136708.000000
135318.000000
125322.000000
133532.000000
97133.000000
143005.000000
127249.000000
133708.000000
131988.000000
164175.000000
118136.000000
117147.000000
145038.000000
161668.000000
126992.000000
127317.000000
166473.000000
139699.000000
134960.000000
119814.000000
127473.000000
129596.000000
129497.000000
133923.000000
119507.000000
100925.000000
122063.000000
120332.000000
130484.000000
141286.000000
125321.000000
120275.000000
140181.000000
161650.000000
123845.000000
135475.000000
158413.000000
137063.000000
145871.000000
135464.000000
132003.000000
128515.000000
144103.000000
126697.000000
142051.000000
152710.000000
133660.000000
46190.000000
135451.000000
119824.000000
121672.000000
140203.000000
122716.000000
120831.000000
156045.000000
132241.000000
113720.000000
91072.000000
117283.000000
102751.000000
127459.000000
140401.000000
130389.000000
153413.000000
132828.000000
86076.000000
135564.000000
104232.000000
113681.000000
141614.000000
132161.000000
112939.000000
148871.000000
165726.000000
148542.000000
145681.000000
123620.000000
105312.000000
119501.000000
111283.000000
94951.000000
148581.000000
141856.000000
72084.000000
113136.000000
124609.000000
127531.000000
148357.000000
119027.000000
139536.000000
114440.000000
143317.000000
35269.000000
94613.000000
161825.000000
117617.000000
85168.000000
130796.000000
107773.000000
109574.000000
124378.000000
128656.000000
160099.000000
153181.000000
129354.000000
150593.000000
138364.000000
147801.000000
134354.000000
151561.000000
124456.000000
155882.000000
114241.000000
144496.000000
112064.000000
135349.000000
107652.000000
140676.000000
126439.000000
108462.000000
123589.000000
138432.000000
139364.000000
131939.000000
136806.000000
142075.000000
148960.000000
155335.000000
129186.000000
128359.000000
143273.000000
151791.000000
98800.000000
121328.000000
132081.000000
85155.000000
130855.000000
138208.000000
139467.000000
139289.000000
118633.000000
130611.000000
137563.000000
129595.000000
125725.000000
114164.000000
128357.000000
100542.000000
123042.000000
142086.000000
121294.000000
135289.000000
149863.000000
106416.000000
127882.000000
142538.000000
114968.000000
143812.000000
154330.000000
114118.000000
116823.000000
117837.000000
133903.000000
115616.000000
132680.000000
137901.000000
157598.000000
151824.000000
116005.000000
136865.000000
150453.000000
148466.000000
152426.000000
118328.000000
145353.000000
124370.000000
98272.000000
138469.000000
144062.000000
132191.000000
157946.000000
140457.000000
126487.000000
154471.000000
108098.000000
104896.000000
129226.000000
165993.000000
137437.000000
139364.000000
106353.000000
124886.000000
105649.000000
148099.000000
118033.000000
127383.000000
116593.000000
121453.000000
159690.000000
148509.000000
138981.000000
141152.000000
120240.000000
134995.000000
123957.000000
104804.000000
148988.000000
127685.000000
101415.000000
124865.000000
116693.000000
152275.000000
107300.000000
105820.000000
142108.000000
141857.000000
142157.000000
132865.000000
153523.000000
167042.000000
168544.000000
111476.000000
143712.000000
123710.000000
111324.000000
73484.000000
123968.000000
152333.000000
154618.000000
109500.000000
136966.000000
112307.000000
97398.000000
97961.000000
126913.000000
152284.000000
138097.000000
169038.000000
117129.000000
147160.000000
122813.000000
155245.000000
115659.000000
132680.000000
116390.000000
154088.000000
103263.000000
107443.000000
152218.000000
123662.000000
155648.000000
143745.000000
137684.000000
129186.000000
155017.000000
117919.000000
111015.000000
153008.000000
132131.000000
114882.000000
143136.000000
123186.000000
103143.000000
146090.000000
107632.000000
134394.000000
112344.000000
123943.000000
126210.000000
131897.000000
152494.000000
141296.000000
124627.000000
105305.000000
129438.000000
132999.000000
113998.000000
110046.000000
121053.000000
134682.000000
78335.000000
150126.000000
113158.000000
144636.000000
111904.000000
151736.000000
151017.000000
121723.000000
123804.000000
132887.000000
127110.000000
157556.000000
132832.000000
127054.000000
132093.000000
118867.000000
142705.000000
144907.000000
140398.000000
129785.000000
123697.000000
132807.000000
112549.000000
123419.000000
135916.000000
92645.000000
58134.000000
143448.000000
164256.000000
134469.000000
136103.000000
119991.000000
122280.000000
168110.000000
143433.000000
92133.000000
128212.000000
132637.000000
146400.000000
169567.000000
134700.000000
172660.000000
120773.000000
75504.000000
141976.000000
137944.000000
154132.000000
149481.000000
112332.000000
117497.000000
127439.000000
158820.000000
121857.000000
183527.000000
107407.000000
136191.000000
129930.000000
140007.000000
137099.000000
107843.000000
137745.000000
135004.000000
137153.000000
133971.000000
121767.000000
117453.000000
135301.000000
141896.000000
133615.000000
144529.000000
130952.000000
121381.000000
121522.000000
132776.000000
121626.000000
61926.000000
150612.000000
134339.000000
133149.000000
97610.000000
125890.000000
127763.000000
166008.000000
151756.000000
138922.000000
101450.000000
133667.000000
113857.000000
35548.000000
64375.000000
130480.000000
131761.000000
140445.000000
141390.000000
119809.000000
109693.000000
129463.000000
125855.000000
119251.000000
156759.000000
131980.000000
118125.000000
112171.000000
90204.000000
145394.000000
123650.000000
137018.000000
141804.000000
134846.000000
104792.000000
130058.000000
108313.000000
122854.000000
120704.000000
109032.000000
82380.000000
112275.000000
155824.000000
125381.000000
133825.000000
140648.000000
109344.000000
115767.000000
144306.000000
88490.000000
127280.000000
140534.000000
127336.000000
146717.000000
89822.000000
27378.000000
119304.000000
150670.000000
157607.000000
160833.000000
116182.000000
130724.000000
140448.000000
133647.000000
114447.000000
121952.000000
117132.000000
134010.000000
116572.000000
125172.000000
116482.000000
151259.000000
140245.000000
105819.000000
122352.000000
128338.000000
138967.000000
119723.000000
131279.000000
139892.000000
103102.000000
115256.000000
108124.000000
125639.000000
95486.000000
126504.000000
132893.000000
127635.000000
127936.000000
109589.000000
115447.000000
107744.000000
123692.000000
151613.000000
131818.000000
140053.000000
113598.000000
125209.000000
117801.000000
114986.000000
124733.000000
130293.000000
131418.000000
162193.000000
129083.000000
164824.000000
114664.000000
178529.000000
126525.000000
118588.000000
162993.000000
145799.000000
129477.000000
143344.000000
145959.000000
154938.000000
144026.000000
125451.000000
128032.000000
106338.000000
132786.000000
161932.000000
113175.000000
149856.000000
146469.000000
139805.000000
118727.000000
112749.000000
147609.000000
116046.000000
138474.000000
129107.000000
153404.000000
135702.000000
110789.000000
92457.000000
129348.000000
140364.000000
123616.000000
143182.000000
151320.000000
121738.000000
136885.000000
104192.000000
135190.000000
127774.000000
125418.000000
130806.000000
159217.000000
128261.000000
153163.000000
139405.000000
131205.000000
121933.000000
80018.000000
117954.000000
119594.000000
51264.000000
130630.000000
139181.000000
111892.000000
149358.000000
114076.000000
123339.000000
107075.000000
109771.000000
146088.000000
142670.000000
117786.000000
111952.000000
135093.000000
142083.000000
147063.000000
133622.000000
77913.000000
139460.000000
139218.000000
127534.000000
138658.000000
106623.000000
125691.000000
140872.000000
134843.000000
155323.000000
127610.000000
118817.000000
147907.000000
91545.000000
129832.000000
130375.000000
123493.000000
113117.000000
122564.000000
113968.000000
141967.000000
128643.000000
130734.000000
129857.000000
102297.000000
149215.000000
152415.000000
101773.000000
131694.000000
158649.000000
126604.000000
154789.000000
127371.000000
151034.000000
135553.000000
144638.000000
129304.000000
122736.000000
137553.000000
96489.000000
154502.000000
140714.000000
150070.000000
135260.000000
112119.000000
128977.000000
78557.000000
122241.000000
88340.000000
116698.000000
125764.000000
145235.000000
120336.000000
108993.000000
128362.000000
134217.000000
70045.000000
144540.000000
130618.000000
149053.000000
125066.000000
133963.000000
137217.000000
116507.000000
123738.000000
128384.000000
118536.000000
98478.000000
106313.000000
145052.000000
89193.000000
94012.000000
125766.000000
121504.000000
151502.000000
120869.000000
148388.000000
150228.000000
134684.000000
119487.000000
121522.000000
124476.000000
117187.000000
124567.000000
152854.000000
138202.000000
133882.000000
143652.000000
124609.000000
131782.000000
154302.000000
87016.000000
134891.000000
139977.000000
105748.000000
114655.000000
120186.000000
127803.000000
117166.000000
58952.000000
122638.000000
136024.000000
119658.000000
93960.000000
83875.000000
152142.000000
118447.000000
122538.000000
104449.000000
129771.000000
123924.000000
149242.000000
132925.000000
142540.000000
116864.000000
129250.000000
108786.000000
108414.000000
162144.000000
71335.000000
154896.000000
126106.000000
130816.000000
64941.000000
153765.000000
117133.000000
152936.000000
122632.000000
119373.000000
143740.000000
123120.000000
152748.000000
113541.000000
135353.000000
148911.000000
156180.000000
131045.000000
160815.000000
122136.000000
122409.000000
128272.000000
122553.000000
142640.000000
113545.000000
129970.000000
103201.000000
76626.000000
124289.000000
156425.000000
140332.000000
127550.000000
133131.000000
168207.000000
117235.000000
139948.000000
122675.000000
127629.000000
141032.000000
79671.000000
130958.000000
128254.000000
133171.000000
128516.000000
116196.000000
122774.000000
129035.000000
139790.000000
111297.000000
114442.000000
124860.000000
142521.000000
132735.000000
137891.000000
113170.000000
141179.000000
110662.000000
92465.000000
125181.000000
140165.000000
98797.000000
101053.000000
128078.000000
131733.000000
128467.000000
122305.000000
121711.000000
125817.000000
115967.000000
127689.000000
116956.000000
125214.000000
88109.000000
139284.000000
105303.000000
148551.000000
120589.000000
131076.000000
102246.000000
151226.000000
173404.000000
125429.000000
127803.000000
134747.000000
134672.000000
105983.000000
115831.000000
102363.000000
73933.000000
149957.000000
109661.000000
165625.000000
112090.000000
103341.000000
126195.000000
86311.000000
146145.000000
132627.000000
83850.000000
128059.000000
149219.000000
165878.000000
145212.000000
124490.000000
134440.000000
109488.000000
127537.000000
154471.000000
161812.000000
126895.000000
115792.000000
131615.000000
143584.000000
116893.000000
125669.000000
71150.000000
159864.000000
144152.000000
102088.000000
119637.000000
118563.000000
163374.000000
117287.000000
164487.000000
128424.000000
138064.000000
163234.000000
155228.000000
113804.000000
135462.000000
124771.000000
133291.000000
115430.000000
167153.000000
136579.000000
114648.000000
127812.000000
129165.000000
144172.000000
117034.000000
128839.000000
141374.000000
119582.000000
112122.000000
144067.000000
145313.000000
84615.000000
133661.000000
135751.000000
155418.000000
124324.000000
153570.000000
132291.000000
133374.000000
122325.000000
117368.000000
128406.000000
143173.000000
100636.000000
61878.000000
123158.000000
111179.000000
138691.000000
155823.000000
130278.000000
114365.000000
125118.000000
106760.000000
130738.000000
151417.000000
117050.000000
126686.000000
148901.000000
144622.000000
160593.000000
122740.000000
141563.000000
126450.000000
138843.000000
149773.000000
131663.000000
116663.000000
147192.000000
133804.000000
130622.000000
133832.000000
146352.000000
155627.000000
113863.000000
135128.000000
138888.000000
106392.000000
139977.000000
97160.000000
141488.000000
134329.000000
109426.000000
123632.000000
107387.000000
132136.000000
118154.000000
184161.000000
161679.000000
143010.000000
82404.000000
147001.000000
186967.000000
135343.000000
103856.000000
110196.000000
110975.000000
134570.000000
149128.000000
145620.000000
121080.000000
115130.000000
102776.000000
127817.000000
135800.000000
72250.000000
143729.000000
115885.000000
137023.000000
94588.000000
118606.000000
100697.000000
142912.000000
145300.000000
124450.000000
107425.000000
127211.000000
117025.000000
113820.000000
69864.000000
120187.000000
120574.000000
120373.000000
134933.000000
138233.000000
141347.000000
153355.000000
133852.000000
109997.000000
142745.000000
99132.000000
127895.000000
136292.000000
111081.000000
104661.000000
123304.000000
94013.000000
122794.000000
119961.000000
136512.000000
133987.000000
115313.000000
124708.000000
104546.000000
154293.000000
81077.000000
123501.000000
123517.000000
130224.000000
139348.000000
119357.000000
109243.000000
115767.000000
111038.000000
136361.000000
151026.000000
145430.000000
151771.000000
145497.000000
124636.000000
162810.000000
123307.000000
96486.000000
150783.000000
135841.000000
134606.000000
132163.000000
123435.000000
148513.000000
117433.000000
140276.000000
130062.000000
126514.000000
117556.000000
137749.000000
127405.000000
148266.000000
177029.000000
159493.000000
127009.000000
115122.000000
138957.000000
132702.000000
134291.000000
122790.000000
136807.000000
119138.000000
127877.000000
137740.000000
149175.000000
127288.000000
120068.000000
139766.000000
150666.000000
103496.000000
141823.000000
133759.000000
138390.000000
117288.000000
137289.000000
118232.000000
76082.000000
137186.000000
125383.000000
139251.000000
138352.000000
168384.000000
116760.000000
158541.000000
139528.000000
145029.000000
123641.000000
130074.000000
118444.000000
162785.000000
152370.000000
132587.000000
128415.000000
123485.000000
118660.000000
143125.000000
122766.000000
132140.000000
113419.000000
135628.000000
122069.000000
130302.000000
128508.000000
139093.000000
147006.000000
134623.000000
124710.000000
134865.000000
153264.000000
143721.000000
130317.000000
100923.000000
115223.000000
84477.000000
108880.000000
115325.000000
130018.000000
132329.000000
136568.000000
127390.000000
128882.000000
167026.000000
141273.000000
154972.000000
150094.000000
146811.000000
154979.000000
120131.000000
149294.000000
139148.000000
127336.000000
123705.000000
139715.000000
118332.000000
148412.000000
114095.000000
109779.000000
107608.000000
146108.000000
153177.000000
126190.000000
104224.000000
160678.000000
106521.000000
137830.000000
122332.000000
119045.000000
129640.000000
149333.000000
130612.000000
151156.000000
123752.000000
139428.000000
74498.000000
127937.000000
137130.000000
112668.000000
147878.000000
139042.000000
113986.000000
140627.000000
100547.000000
118830.000000
166373.000000
155620.000000
139841.000000
128222.000000
136977.000000
137707.000000
142209.000000
139552.000000
132370.000000
163884.000000
73494.000000
127573.000000
124245.000000
131719.000000
148910.000000
156860.000000
128314.000000
156393.000000
91176.000000
113579.000000
127920.000000
153587.000000
135117.000000
103337.000000
100461.000000
119773.000000
140272.000000
132432.000000
136642.000000
141149.000000
114305.000000
136717.000000
116546.000000
101576.000000
128546.000000
166772.000000
161097.000000
111890.000000
107436.000000
146273.000000
119595.000000
139745.000000
113633.000000
140822.000000
131623.000000
125755.000000
133296.000000
130179.000000
124622.000000
131761.000000
134801.000000
144402.000000
155491.000000
126285.000000
106790.000000
126044.000000
133272.000000
150222.000000
128603.000000
147701.000000
111415.000000
68587.000000
142498.000000
131983.000000
133121.000000
105083.000000
112691.000000
161401.000000
163915.000000
132018.000000
145360.000000
106954.000000
143046.000000
119190.000000
113357.000000
102654.000000
135918.000000
119441.000000
83423.000000
137434.000000
137578.000000
110630.000000
141211.000000
147732.000000
121188.000000
115299.000000
132829.000000
109980.000000
105288.000000
153019.000000
121469.000000
90497.000000
117145.000000
140823.000000
141143.000000
111477.000000
98520.000000
145373.000000
140584.000000
141326.000000
137758.000000
145329.000000
162877.000000
125945.000000
148480.000000
109753.000000
105567.000000
143951.000000
152729.000000
129674.000000
160765.000000
148940.000000
145899.000000
107698.000000
115276.000000
125180.000000
147032.000000
138238.000000
146433.000000
124926.000000
132546.000000
140177.000000
138995.000000
107819.000000
117248.000000
115924.000000
125084.000000
146833.000000
164953.000000
112933.000000
123783.000000
140397.000000
137031.000000
128837.000000
124907.000000
141176.000000
113682.000000
114662.000000
130967.000000
143294.000000
146153.000000
146127.000000
128486.000000
127978.000000
146649.000000
129132.000000
109541.000000
129206.000000
100051.000000
143498.000000
126886.000000
133500.000000
66099.000000
139280.000000
133127.000000
130469.000000
128074.000000
142036.000000
134031.000000
113147.000000
130647.000000
143696.000000
153942.000000
109164.000000
118967.000000
126034.000000
106989.000000
119840.000000
119350.000000
127474.000000
141722.000000
134450.000000
132144.000000
155963.000000
148487.000000
96312.000000
125745.000000
124782.000000
115857.000000
127637.000000
139321.000000
135607.000000
126133.000000
149458.000000
112948.000000
120800.000000
128293.000000
109508.000000
132039.000000
100228.000000
138121.000000
150205.000000
142459.000000
152440.000000
86433.000000
117102.000000
125146.000000
158450.000000
95194.000000
136704.000000
