0.000000
0.000000
0.000000
0.000000
0.000000
0.000000
0.000000
0.000000
0.000000
0.000000
0.000000
0.000000
0.000000
0.000000
0.000000
0.000000
0.000000
0.000000
0.000000
0.000000
0.000000
0.000000
0.000000
0.000000
0.000000
0.000000
0.000000
0.000000
0.000000
0.000000
0.000000
0.000000
0.000000
0.000000
0.000000
0.000000
0.000000
0.000000
0.000000
0.000000
0.000000
0.000000
0.000000
0.000000
0.000000
0.000000
0.000000
0.000000
0.000000
0.000000
0.000000
0.000000
0.000000
0.000000
0.000000
0.000000
0.000000
0.000000
0.000000
0.000000
0.000000
0.000000
0.000000
0.000000
0.000000
0.000000
0.000000
0.000000
0.000000
0.000000
0.000000
0.000000
0.000000
0.000000
0.000000
0.000000
0.000000
0.000000
0.000000
0.000000
0.000000
0.000000
0.000000
0.000000
0.000000
0.000000
0.000000
0.000000
0.000000
0.000000
0.000000
0.000000
0.000000
0.000000
0.000000
0.000000
0.000000
0.000000
0.000000
0.000000
0.000000
0.000000
0.000000
0.000000
0.000000
0.000000
0.000000
0.000000
0.000000
0.000000
0.000000
0.000000
0.000000
0.000000
0.000000
0.000000
0.000000
0.000000
0.000000
0.000000
0.000000
0.000000
0.000000
0.000000
0.000000
0.000000
0.000000
0.000000
0.000000
0.000000
0.000000
0.000000
0.000000
0.000000
0.000000
0.000000
0.000000
0.000000
0.000000
0.000000
0.000000
0.000000
0.000000
0.000000
0.000000
0.000000
0.000000
0.000000
0.000000
0.000000
0.000000
0.000000
0.000000
0.000000
0.000000
0.000000
0.000000
0.000000
0.000000
0.000000
0.000000
0.000000
0.000000
0.000000
0.000000
0.000000
0.000000
0.000000
0.000000
0.000000
0.000000
0.000000
0.000000
0.000000
0.000000
0.000000
0.000000
0.000000
0.000000
0.000000
0.000000
0.000000
0.000000
0.000000
0.000000
0.000000
0.000000
0.000000
0.000000
0.000000
0.000000
0.000000
0.000000
0.000000
0.000000
0.000000
0.000000
0.000000
0.000000
0.000000
0.000000
0.000000
0.000000
0.000000
0.000000
0.000000
0.000000
0.000000
0.000000
0.000000
0.000000
0.000000
0.000000
0.000000
0.000000
0.000000
0.000000
0.000000
0.000000
0.000000
0.000000
0.000000
0.000000
0.000000
0.000000
0.000000
0.000000
0.000000
0.000000
0.000000
0.000000
0.000000
0.000000
0.000000
0.000000
0.000000
0.000000
0.000000
0.000000
0.000000
0.000000
0.000000
0.000000
0.000000
0.000000
0.000000
0.000000
0.000000
0.000000
0.000000
0.000000
0.000000
0.000000
0.000000
0.000000
0.000000
0.000000
0.000000
0.000000
0.000000
0.000000
0.000000
0.000000
0.000000
0.000000
0.000000
0.000000
0.000000
0.000000
0.000000
0.000000
0.000000
0.000000
0.000000
0.000000
0.000000
0.000000
0.000000
0.000000
0.000000
0.000000
0.000000
0.000000
0.000000
0.000000
0.000000
0.000000
0.000000
0.000000
0.000000
0.000000
0.000000
0.000000
0.000000
0.000000
0.000000
0.000000
0.000000
0.000000
0.000000
0.000000
0.000000
0.000000
0.000000
0.000000
0.000000
0.000000
0.000000
0.000000
0.000000
0.000000
0.000000
0.000000
0.000000
0.000000
0.000000
0.000000
0.000000
0.000000
0.000000
0.000000
0.000000
0.000000
0.000000
0.000000
0.000000
0.000000
0.000000
0.000000
0.000000
0.000000
0.000000
0.000000
0.000000
0.000000
0.000000
0.000000
0.000000
0.000000
0.000000
0.000000
0.000000
0.000000
0.000000
0.000000
0.000000
0.000000
0.000000
0.000000
0.000000
0.000000
0.000000
0.000000
0.000000
0.000000
0.000000
0.000000
0.000000
0.000000
0.000000
0.000000
0.000000
0.000000
0.000000
0.000000
0.000000
0.000000
0.000000
0.000000
0.000000
0.000000
2004800.000000
1186285.000000
424413.000000
1125890.000000
1121122.000000
378183.000000
604429.000000
440090.000000
1163065.000000
1333781.000000
805258.000000
326700.000000
1209192.000000
481271.000000
1127902.000000
284944.000000
451406.000000
1088331.000000
644633.000000
1369979.000000
170439.000000
687168.000000
211451.000000
1231695.000000
421130.000000
1069358.000000
276486.000000
274400.000000
836708.000000
708761.000000
1246421.000000
290826.000000
795313.000000
345910.000000
389347.000000
1230835.000000
1410752.000000
327107.000000
1227769.000000
1282710.000000
249077.000000
392134.000000
1148885.000000
132540.000000
754952.000000
1087272.000000
582626.000000
570873.000000
464509.000000
308644.000000
409310.000000
352998.000000
750385.000000
331876.000000
445641.000000
712600.000000
536356.000000
234298.000000
1102396.000000
1199427.000000
1232693.000000
630427.000000
1140347.000000
1161486.000000
1205427.000000
831162.000000
390465.000000
556775.000000
382872.000000
578385.000000
306357.000000
243984.000000
111292.000000
446706.000000
710069.000000
1186521.000000
997293.000000
1355933.000000
467688.000000
880828.000000
407611.000000
1206063.000000
1010764.000000
122848.000000
206118.000000
534351.000000
1155442.000000
1208731.000000
333864.000000
460446.000000
803610.000000
1381051.000000
110179.000000
1190037.000000
374355.000000
1258937.000000
337593.000000
598385.000000
459669.000000
1095933.000000
623693.000000
684350.000000
308143.000000
686417.000000
1123533.000000
1295554.000000
399463.000000
1117486.000000
1221059.000000
1267779.000000
1338874.000000
282463.000000
735363.000000
117584.000000
1110581.000000
377911.000000
176213.000000
661798.000000
1038397.000000
427177.000000
1312567.000000
841491.000000
430672.000000
1045440.000000
5340.000000
462143.000000
1426828.000000
1140537.000000
1254562.000000
456436.000000
1210784.000000
177671.000000
119402.000000
1079669.000000
291909.000000
1141830.000000
870021.000000
1344128.000000
1222472.000000
523297.000000
450832.000000
1141380.000000
117948.000000
1045749.000000
431085.000000
287169.000000
1093950.000000
539276.000000
1054304.000000
224132.000000
578832.000000
1043858.000000
692591.000000
1228083.000000
217011.000000
1014783.000000
999965.000000
741138.000000
1253626.000000
820037.000000
252943.000000
989026.000000
1143055.000000
1370331.000000
232633.000000
155930.000000
857336.000000
1091150.000000
1373027.000000
268427.000000
551891.000000
434967.000000
409126.000000
424800.000000
374687.000000
662538.000000
245587.000000
1278232.000000
1049492.000000
1312984.000000
368703.000000
1288312.000000
1195618.000000
511535.000000
500057.000000
382227.000000
272426.000000
413521.000000
113693.000000
1147571.000000
1314185.000000
1137040.000000
817507.000000
742505.000000
225686.000000
879064.000000
1332141.000000
1085759.000000
219135.000000
1015939.000000
647246.000000
1367791.000000
1218731.000000
276005.000000
701025.000000
798216.000000
1219405.000000
473003.000000
199940.000000
925376.000000
403331.000000
488253.000000
246806.000000
1283175.000000
456758.000000
480107.000000
421116.000000
1155886.000000
1229068.000000
223415.000000
1455551.000000
347377.000000
594556.000000
358010.000000
304995.000000
700143.000000
421539.000000
829792.000000
750454.000000
387547.000000
1364070.000000
379358.000000
179962.000000
1137978.000000
1114267.000000
1305266.000000
1314578.000000
311777.000000
560094.000000
193130.000000
1138214.000000
1205763.000000
420043.000000
463416.000000
1242393.000000
216078.000000
1202950.000000
1050183.000000
831205.000000
1186264.000000
751323.000000
114864.000000
976318.000000
866130.000000
305357.000000
701664.000000
1294374.000000
739164.000000
1218074.000000
1240899.000000
557048.000000
443564.000000
538083.000000
1194463.000000
517553.000000
1178304.000000
1016067.000000
691099.000000
449521.000000
464636.000000
659408.000000
757568.000000
739907.000000
493189.000000
784793.000000
589076.000000
1195397.000000
1259954.000000
150914.000000
1132525.000000
454232.000000
559522.000000
830915.000000
1137907.000000
662884.000000
337823.000000
1147589.000000
332599.000000
1082634.000000
931229.000000
404248.000000
1081218.000000
250382.000000
769082.000000
407555.000000
1335087.000000
298303.000000
982659.000000
1122314.000000
1236142.000000
37736.000000
1055360.000000
316103.000000
294085.000000
789325.000000
883339.000000
1132340.000000
1146093.000000
443587.000000
350924.000000
749627.000000
289023.000000
427767.000000
518924.000000
1213026.000000
1192947.000000
1167122.000000
777102.000000
93515.000000
1102827.000000
181233.000000
196175.000000
663727.000000
1237029.000000
744555.000000
744884.000000
618987.000000
1286491.000000
691804.000000
1016933.000000
1275655.000000
902767.000000
472355.000000
183871.000000
994281.000000
607218.000000
128095.000000
175325.000000
443669.000000
1073026.000000
775827.000000
1116819.000000
350655.000000
253381.000000
409966.000000
71151.000000
476855.000000
1217762.000000
1106220.000000
252073.000000
1316256.000000
266622.000000
1172984.000000
319232.000000
710444.000000
362907.000000
1304064.000000
943385.000000
761176.000000
343457.000000
988356.000000
493549.000000
396807.000000
1095584.000000
767613.000000
598168.000000
434657.000000
297886.000000
808867.000000
370291.000000
442209.000000
1336933.000000
337343.000000
1173703.000000
1281533.000000
465173.000000
308347.000000
1216909.000000
464835.000000
401943.000000
651045.000000
1063052.000000
566074.000000
1220865.000000
1067009.000000
153077.000000
1121169.000000
379873.000000
1162822.000000
1092595.000000
936297.000000
702567.000000
1112052.000000
732372.000000
524808.000000
1313932.000000
259457.000000
1007359.000000
1198233.000000
323744.000000
378228.000000
416595.000000
1239870.000000
663860.000000
335028.000000
454645.000000
435980.000000
883539.000000
981256.000000
264642.000000
904654.000000
704693.000000
897029.000000
1168625.000000
1191517.000000
1047153.000000
356673.000000
716449.000000
956799.000000
1314293.000000
463716.000000
362880.000000
809453.000000
1211949.000000
1416235.000000
1460092.000000
794223.000000
675125.000000
654018.000000
159820.000000
450487.000000
937418.000000
1336390.000000
1151697.000000
1303595.000000
488965.000000
1173134.000000
302794.000000
211935.000000
628910.000000
1151434.000000
1033381.000000
740566.000000
180089.000000
189788.000000
402489.000000
1384866.000000
321884.000000
318301.000000
384494.000000
477063.000000
474960.000000
1328562.000000
1189489.000000
707835.000000
220285.000000
384177.000000
298864.000000
276014.000000
1256901.000000
579235.000000
737935.000000
328146.000000
1066822.000000
1168305.000000
1174239.000000
368412.000000
1145678.000000
1081732.000000
1289506.000000
1094794.000000
1244653.000000
1386529.000000
581853.000000
632961.000000
400089.000000
463349.000000
1083307.000000
88587.000000
833483.000000
914137.000000
1133806.000000
315126.000000
716428.000000
511182.000000
133462.000000
174385.000000
994510.000000
442614.000000
584939.000000
311492.000000
952488.000000
742788.000000
703835.000000
1199080.000000
421286.000000
1190705.000000
308168.000000
651813.000000
398260.000000
261111.000000
1229779.000000
1238296.000000
1162446.000000
1068117.000000
901249.000000
993849.000000
1201347.000000
243977.000000
301036.000000
1280998.000000
456204.000000
534162.000000
588857.000000
316954.000000
689516.000000
1031659.000000
464698.000000
614630.000000
1201470.000000
280950.000000
434515.000000
322657.000000
651376.000000
684422.000000
1018696.000000
193847.000000
324960.000000
446724.000000
229486.000000
549385.000000
1249887.000000
480331.000000
128483.000000
1200608.000000
903192.000000
530456.000000
407561.000000
832467.000000
1276243.000000
262971.000000
634587.000000
393429.000000
439432.000000
1083951.000000
959512.000000
1104940.000000
1164906.000000
1290420.000000
1334265.000000
458798.000000
1211389.000000
1113382.000000
1039828.000000
486465.000000
1045146.000000
357457.000000
1315110.000000
185856.000000
78949.000000
336761.000000
1364649.000000
932290.000000
966879.000000
347826.000000
530727.000000
1295331.000000
1129889.000000
108207.000000
1132949.000000
1199263.000000
403243.000000
313570.000000
1184448.000000
878625.000000
402708.000000
100407.000000
933414.000000
1248054.000000
1382690.000000
563493.000000
903962.000000
1052092.000000
790187.000000
1220430.000000
966336.000000
1335383.000000
1174582.000000
1225160.000000
552121.000000
479783.000000
1220335.000000
961830.000000
505143.000000
1078858.000000
558186.000000
724136.000000
751997.000000
322871.000000
729907.000000
823803.000000
559131.000000
703268.000000
776416.000000
569845.000000
635950.000000
399411.000000
711143.000000
62161.000000
398858.000000
452635.000000
378007.000000
305500.000000
381526.000000
465290.000000
1275852.000000
1107279.000000
495723.000000
208139.000000
1031550.000000
181415.000000
30394.000000
101190.000000
1158883.000000
242588.000000
1262641.000000
1253745.000000
438596.000000
502819.000000
1049792.000000
447233.000000
1390515.000000
1094843.000000
1108279.000000
1220699.000000
716655.000000
240634.000000
532001.000000
573559.000000
269970.000000
1233006.000000
650144.000000
283451.000000
522116.000000
513710.000000
408027.000000
1189857.000000
642184.000000
113547.000000
967910.000000
504901.000000
326639.000000
253765.000000
1065619.000000
324860.000000
866634.000000
1013254.000000
163722.000000
440660.000000
1141709.000000
397863.000000
394965.000000
134239.000000
33710.000000
247357.000000
1120147.000000
630845.000000
1260069.000000
352600.000000
378181.000000
1164967.000000
701276.000000
261859.000000
412578.000000
355866.000000
368472.000000
308112.000000
1258892.000000
316836.000000
1243312.000000
1343360.000000
176866.000000
888979.000000
1186427.000000
450618.000000
1317397.000000
263414.000000
597583.000000
472529.000000
899484.000000
731735.000000
941585.000000
178912.000000
1329796.000000
368955.000000
1338385.000000
480032.000000
383025.000000
777428.000000
430067.000000
1122384.000000
672551.000000
1009423.000000
543495.000000
179946.000000
287087.000000
277840.000000
276416.000000
460231.000000
409005.000000
814026.000000
1203780.000000
603079.000000
1052039.000000
751048.000000
1040461.000000
1061038.000000
1271522.000000
1347858.000000
1208456.000000
473639.000000
461744.000000
313883.000000
1325223.000000
1356405.000000
519549.000000
842765.000000
306082.000000
1009394.000000
1221791.000000
363245.000000
1217065.000000
471309.000000
483224.000000
839254.000000
263121.000000
1054826.000000
229023.000000
442776.000000
1269363.000000
1157079.000000
1225905.000000
552307.000000
122785.000000
511414.000000
505355.000000
1068792.000000
1270599.000000
1244361.000000
750338.000000
364989.000000
522457.000000
801669.000000
1224010.000000
827374.000000
1096627.000000
1399916.000000
1183595.000000
632472.000000
1208531.000000
560103.000000
1187507.000000
181291.000000
343152.000000
485127.000000
77345.000000
1246256.000000
310924.000000
465027.000000
562282.000000
179890.000000
278238.000000
244853.000000
443661.000000
262345.000000
846609.000000
466994.000000
251008.000000
955999.000000
399249.000000
957216.000000
933970.000000
98634.000000
1238059.000000
1266053.000000
305149.000000
1072798.000000
260588.000000
743657.000000
386477.000000
1086448.000000
1186296.000000
426763.000000
1220698.000000
1216255.000000
214123.000000
895837.000000
1090511.000000
443461.000000
285910.000000
226722.000000
639089.000000
472234.000000
462916.000000
1166467.000000
1222019.000000
197563.000000
1051822.000000
954374.000000
199791.000000
328334.000000
486247.000000
245173.000000
1183346.000000
759284.000000
674133.000000
1319808.000000
496933.000000
371026.000000
1229853.000000
722099.000000
282946.000000
1330505.000000
393322.000000
1138212.000000
312032.000000
304742.000000
1061139.000000
143009.000000
1300816.000000
336804.000000
347993.000000
1255493.000000
784169.000000
498718.000000
1087296.000000
528617.000000
638339.000000
76639.000000
402756.000000
352883.000000
370560.000000
482868.000000
408871.000000
1171882.000000
361620.000000
289000.000000
411612.000000
297140.000000
481370.000000
513377.000000
1106031.000000
237288.000000
142087.000000
648782.000000
304593.000000
1090408.000000
356479.000000
805661.000000
1116785.000000
688474.000000
467196.000000
653055.000000
710292.000000
878845.000000
899348.000000
1291174.000000
390873.000000
1124396.000000
1106711.000000
1186256.000000
680395.000000
483427.000000
168611.000000
885667.000000
1347573.000000
1115368.000000
205462.000000
700952.000000
551105.000000
809600.000000
185493.000000
324225.000000
559595.000000
402294.000000
132432.000000
159525.000000
1156694.000000
447425.000000
302916.000000
263682.000000
547154.000000
355137.000000
533555.000000
843021.000000
486261.000000
275594.000000
1321388.000000
175146.000000
184856.000000
1386656.000000
118579.000000
451227.000000
340934.000000
283286.000000
107579.000000
1278884.000000
655296.000000
740424.000000
1094483.000000
1229857.000000
1125202.000000
386553.000000
1237093.000000
481337.000000
1289530.000000
584847.000000
1116442.000000
464012.000000
1164154.000000
1201298.000000
421684.000000
294061.000000
470670.000000
1237072.000000
692301.000000
461518.000000
1394585.000000
90434.000000
780757.000000
1150697.000000
774443.000000
489923.000000
1042306.000000
576086.000000
228000.000000
1015114.000000
238547.000000
1282295.000000
285082.000000
211709.000000
412775.000000
480414.000000
892577.000000
515156.000000
332256.000000
430615.000000
538135.000000
1261137.000000
208423.000000
898065.000000
266501.000000
373479.000000
291154.000000
1279683.000000
299205.000000
714273.000000
306384.000000
123047.000000
1094146.000000
1261383.000000
130836.000000
189665.000000
456037.000000
1311058.000000
313739.000000
1225901.000000
399419.000000
381278.000000
1430210.000000
524746.000000
450319.000000
567658.000000
113155.000000
1350041.000000
1308885.000000
694827.000000
1348218.000000
1313033.000000
315917.000000
1192433.000000
428636.000000
350771.000000
608273.000000
743952.000000
436416.000000
332370.000000
577442.000000
233013.000000
1345490.000000
1029391.000000
319867.000000
1232620.000000
1025012.000000
337061.000000
644465.000000
154678.000000
687236.000000
1264069.000000
1127623.000000
440362.000000
1216853.000000
1228169.000000
1309830.000000
1276577.000000
581004.000000
397322.000000
1245438.000000
558636.000000
687262.000000
497143.000000
644577.000000
653716.000000
379050.000000
1167645.000000
677683.000000
97538.000000
1423291.000000
1171379.000000
161489.000000
1185461.000000
649042.000000
1243059.000000
418175.000000
1140077.000000
710838.000000
949337.000000
1243415.000000
1300767.000000
288251.000000
543669.000000
388478.000000
1424239.000000
534641.000000
1215685.000000
1176653.000000
439153.000000
418661.000000
551459.000000
575903.000000
363738.000000
1211468.000000
536512.000000
533096.000000
678348.000000
499012.000000
784510.000000
107795.000000
673114.000000
877712.000000
446565.000000
753389.000000
1164272.000000
381386.000000
429830.000000
544780.000000
294796.000000
469928.000000
708696.000000
150670.000000
73370.000000
1062465.000000
474148.000000
468116.000000
1193291.000000
506024.000000
191494.000000
346560.000000
252517.000000
402487.000000
1194312.000000
199765.000000
400381.000000
762155.000000
1294012.000000
547196.000000
767325.000000
470211.000000
378557.000000
1174181.000000
1208620.000000
1239858.000000
985818.000000
820704.000000
455076.000000
990239.000000
735319.000000
571775.000000
965276.000000
238303.000000
330404.000000
1263206.000000
299373.000000
1169487.000000
149797.000000
1132652.000000
492464.000000
420558.000000
1295080.000000
191126.000000
796133.000000
248910.000000
446722.000000
1243098.000000
435315.000000
122568.000000
931752.000000
1310379.000000
1275697.000000
199522.000000
365127.000000
563944.000000
729651.000000
1239102.000000
1179405.000000
1092240.000000
1130262.000000
183969.000000
336202.000000
406049.000000
82825.000000
429053.000000
405255.000000
500379.000000
698293.000000
1198516.000000
1062544.000000
1029010.000000
1227912.000000
1089250.000000
341514.000000
411742.000000
402405.000000
222221.000000
71467.000000
1363094.000000
1176805.000000
1145529.000000
835374.000000
1275516.000000
1228544.000000
1043739.000000
1064891.000000
246728.000000
604598.000000
366646.000000
523167.000000
523015.000000
549722.000000
377026.000000
240696.000000
205425.000000
282075.000000
960940.000000
1209562.000000
1283941.000000
238558.000000
413590.000000
381927.000000
1162019.000000
118367.000000
312680.000000
1362696.000000
1162745.000000
925909.000000
887385.000000
1070388.000000
841266.000000
676450.000000
1243910.000000
824126.000000
1137694.000000
403155.000000
1257998.000000
382502.000000
1261417.000000
321203.000000
801749.000000
415709.000000
1204294.000000
623220.000000
341688.000000
325588.000000
756757.000000
365603.000000
546014.000000
299742.000000
417404.000000
397936.000000
556920.000000
719917.000000
1283021.000000
1318249.000000
493256.000000
474151.000000
263145.000000
657458.000000
282766.000000
439019.000000
440399.000000
441901.000000
371252.000000
340731.000000
947184.000000
1121027.000000
418471.000000
1199175.000000
1095088.000000
414209.000000
402565.000000
875697.000000
410953.000000
543065.000000
312530.000000
1179444.000000
317968.000000
108714.000000
357641.000000
690235.000000
1109495.000000
278527.000000
1115707.000000
316075.000000
488227.000000
1218894.000000
1132394.000000
484814.000000
959573.000000
1333041.000000
993520.000000
1138218.000000
220626.000000
606836.000000
322186.000000
291161.000000
615267.000000
277225.000000
453946.000000
369555.000000
229386.000000
306945.000000
486472.000000
1271851.000000
439042.000000
1021105.000000
1093967.000000
1180470.000000
641454.000000
623741.000000
1161836.000000
693947.000000
464222.000000
387619.000000
122321.000000
150708.000000
579839.000000
1331665.000000
1125020.000000
911666.000000
1128782.000000
340313.000000
1306909.000000
1052399.000000
952833.000000
860115.000000
1148369.000000
506001.000000
1371613.000000
1123167.000000
627743.000000
536900.000000
1355685.000000
996574.000000
661304.000000
510659.000000
311142.000000
604072.000000
183984.000000
1077809.000000
1256628.000000
349745.000000
258565.000000
1220720.000000
587766.000000
431943.000000
624544.000000
1136455.000000
278803.000000
701731.000000
589502.000000
1080605.000000
1283036.000000
885003.000000
99435.000000
357242.000000
828149.000000
1311218.000000
895682.000000
553416.000000
370084.000000
1370403.000000
159258.000000
1015736.000000
891713.000000
1398057.000000
599769.000000
301746.000000
569904.000000
1088998.000000
907078.000000
410375.000000
806154.000000
1245499.000000
78321.000000
423960.000000
1282170.000000
914574.000000
524215.000000
1309164.000000
676657.000000
1315866.000000
226485.000000
522701.000000
216760.000000
578527.000000
632815.000000
141754.000000
345615.000000
954555.000000
1056312.000000
459520.000000
1249113.000000
398371.000000
676003.000000
757976.000000
1026149.000000
195491.000000
1337216.000000
975061.000000
601487.000000
437014.000000
449753.000000
534221.000000
765695.000000
594214.000000
517886.000000
1202553.000000
681645.000000
1197319.000000
546610.000000
435951.000000
347075.000000
1235491.000000
1340814.000000
394618.000000
1030327.000000
1263329.000000
150588.000000
967763.000000
644507.000000
658948.000000
1239835.000000
607954.000000
1057565.000000
133314.000000
1292934.000000
313060.000000
762788.000000
195463.000000
497609.000000
1297220.000000
1099347.000000
1124075.000000
418451.000000
1006691.000000
1221075.000000
1185313.000000
825069.000000
307564.000000
1087784.000000
1290157.000000
123151.000000
487266.000000
1211488.000000
584783.000000
1269900.000000
1132008.000000
328355.000000
592244.000000
1400018.000000
427622.000000
248391.000000
468083.000000
304234.000000
137557.000000
726046.000000
1031949.000000
1002562.000000
823985.000000
158279.000000
806440.000000
1217971.000000
1187060.000000
1074289.000000
1167368.000000
682031.000000
307156.000000
1222981.000000
261296.000000
817001.000000
326158.000000
621421.000000
398937.000000
466919.000000
595945.000000
1058076.000000
856567.000000
592013.000000
314158.000000
457857.000000
1176388.000000
574958.000000
451985.000000
588784.000000
1068671.000000
262319.000000
656990.000000
482924.000000
1180370.000000
949348.000000
1313473.000000
1172076.000000
1107541.000000
1009511.000000
827615.000000
1150846.000000
607777.000000
299860.000000
1273824.000000
454184.000000
1168014.000000
885372.000000
1338055.000000
1337337.000000
400552.000000
1185073.000000
862420.000000
1082574.000000
1299243.000000
608630.000000
783966.000000
206004.000000
778964.000000
1221137.000000
1206196.000000
78104.000000
941177.000000
414924.000000
1054058.000000
781863.000000
1235526.000000
841932.000000
1178633.000000
1259660.000000
1238363.000000
662837.000000
278543.000000
374394.000000
788283.000000
243325.000000
401318.000000
432627.000000
1026683.000000
402179.000000
538990.000000
349219.000000
1319846.000000
492507.000000
221578.000000
807157.000000
302536.000000
776331.000000
1226307.000000
1151946.000000
364026.000000
958668.000000
1222824.000000
570805.000000
1135112.000000
597179.000000
204659.000000
1318416.000000
318558.000000
1213206.000000
1281732.000000
1326687.000000
1125833.000000
190957.000000
718160.000000
953078.000000
1358375.000000
222246.000000
1264130.000000
