0.000000
0.000000
0.000000
0.000000
0.000000
0.000000
0.000000
0.000000
0.000000
0.000000
0.000000
0.000000
0.000000
0.000000
0.000000
0.000000
0.000000
0.000000
0.000000
0.000000
0.000000
0.000000
0.000000
0.000000
0.000000
0.000000
0.000000
0.000000
0.000000
0.000000
0.000000
0.000000
0.000000
0.000000
0.000000
0.000000
0.000000
0.000000
0.000000
0.000000
0.000000
0.000000
0.000000
0.000000
0.000000
0.000000
0.000000
0.000000
0.000000
0.000000
0.000000
0.000000
0.000000
0.000000
0.000000
0.000000
0.000000
0.000000
0.000000
0.000000
0.000000
0.000000
0.000000
0.000000
0.000000
0.000000
0.000000
0.000000
0.000000
0.000000
0.000000
0.000000
0.000000
0.000000
0.000000
0.000000
0.000000
0.000000
0.000000
0.000000
0.000000
0.000000
0.000000
0.000000
0.000000
0.000000
0.000000
0.000000
0.000000
0.000000
0.000000
0.000000
0.000000
0.000000
0.000000
0.000000
0.000000
0.000000
0.000000
0.000000
0.000000
0.000000
0.000000
0.000000
0.000000
0.000000
0.000000
0.000000
0.000000
0.000000
0.000000
0.000000
0.000000
0.000000
0.000000
0.000000
0.000000
0.000000
0.000000
0.000000
0.000000
0.000000
0.000000
0.000000
0.000000
0.000000
0.000000
0.000000
0.000000
0.000000
0.000000
0.000000
0.000000
0.000000
0.000000
0.000000
0.000000
0.000000
0.000000
0.000000
0.000000
0.000000
0.000000
0.000000
0.000000
0.000000
0.000000
0.000000
0.000000
0.000000
0.000000
0.000000
0.000000
0.000000
0.000000
0.000000
0.000000
0.000000
0.000000
0.000000
0.000000
0.000000
0.000000
0.000000
0.000000
0.000000
0.000000
0.000000
0.000000
0.000000
0.000000
0.000000
0.000000
0.000000
0.000000
0.000000
0.000000
0.000000
0.000000
0.000000
0.000000
0.000000
0.000000
0.000000
0.000000
0.000000
0.000000
0.000000
0.000000
0.000000
0.000000
0.000000
0.000000
0.000000
0.000000
0.000000
0.000000
0.000000
0.000000
0.000000
0.000000
0.000000
0.000000
0.000000
0.000000
0.000000
0.000000
0.000000
0.000000
0.000000
0.000000
0.000000
0.000000
0.000000
0.000000
0.000000
0.000000
0.000000
0.000000
0.000000
0.000000
0.000000
0.000000
0.000000
0.000000
0.000000
0.000000
0.000000
0.000000
0.000000
0.000000
0.000000
0.000000
0.000000
0.000000
0.000000
0.000000
0.000000
0.000000
0.000000
0.000000
0.000000
0.000000
0.000000
0.000000
0.000000
0.000000
0.000000
0.000000
0.000000
0.000000
0.000000
0.000000
0.000000
0.000000
0.000000
0.000000
0.000000
0.000000
0.000000
0.000000
0.000000
0.000000
0.000000
0.000000
0.000000
0.000000
0.000000
0.000000
0.000000
0.000000
0.000000
0.000000
0.000000
0.000000
0.000000
0.000000
0.000000
0.000000
0.000000
0.000000
0.000000
0.000000
0.000000
0.000000
0.000000
0.000000
0.000000
0.000000
0.000000
0.000000
0.000000
0.000000
0.000000
0.000000
0.000000
0.000000
0.000000
0.000000
0.000000
0.000000
0.000000
0.000000
0.000000
0.000000
0.000000
0.000000
0.000000
0.000000
0.000000
0.000000
0.000000
0.000000
0.000000
0.000000
0.000000
0.000000
0.000000
0.000000
0.000000
0.000000
0.000000
0.000000
0.000000
0.000000
0.000000
0.000000
0.000000
0.000000
0.000000
0.000000
0.000000
0.000000
0.000000
0.000000
0.000000
0.000000
0.000000
0.000000
0.000000
0.000000
0.000000
0.000000
0.000000
0.000000
0.000000
0.000000
0.000000
0.000000
0.000000
0.000000
0.000000
0.000000
0.000000
0.000000
0.000000
0.000000
0.000000
0.000000
0.000000
0.000000
0.000000
0.000000
0.000000
0.000000
0.000000
0.000000
0.000000
0.000000
0.000000
0.000000
0.000000
0.000000
0.000000
0.000000
0.000000
0.000000
0.000000
0.000000
0.000000
0.000000
0.000000
505125.000000
278553.000000
294113.000000
290071.000000
198436.000000
251100.000000
278857.000000
310970.000000
340360.000000
126162.000000
217753.000000
157132.000000
278782.000000
270765.000000
319433.000000
224766.000000
184136.000000
290937.000000
278313.000000
323719.000000
254891.000000
264172.000000
226199.000000
251494.000000
330809.000000
329485.000000
197702.000000
371255.000000
366087.000000
195699.000000
257628.000000
295112.000000
128887.000000
319898.000000
308108.000000
300729.000000
272985.000000
235049.000000
232704.000000
245308.000000
205815.000000
286667.000000
211833.000000
227468.000000
309752.000000
298257.000000
184587.000000
356282.000000
291600.000000
324445.000000
306539.000000
337740.000000
307086.000000
337324.000000
322538.000000
230769.000000
208688.000000
228271.000000
256183.000000
188582.000000
186678.000000
105372.000000
278723.000000
398727.000000
351251.000000
300905.000000
290669.000000
276677.000000
284797.000000
276512.000000
326899.000000
312626.000000
134055.000000
149056.000000
248770.000000
269881.000000
312309.000000
238664.000000
216893.000000
309575.000000
329141.000000
99239.000000
308745.000000
249037.000000
351747.000000
206672.000000
302788.000000
207281.000000
360512.000000
282839.000000
307629.000000
222787.000000
346948.000000
331702.000000
351706.000000
245982.000000
347476.000000
308097.000000
336218.000000
332790.000000
188330.000000
348279.000000
116089.000000
301354.000000
251494.000000
152385.000000
355293.000000
279459.000000
238397.000000
289679.000000
362274.000000
270969.000000
309501.000000
5475.000000
219413.000000
330668.000000
318271.000000
307143.000000
264107.000000
316613.000000
143215.000000
97321.000000
356502.000000
196516.000000
280662.000000
204800.000000
288578.000000
332314.000000
312786.000000
248245.000000
371570.000000
101972.000000
301705.000000
247277.000000
202287.000000
347294.000000
239138.000000
319081.000000
159129.000000
265023.000000
277879.000000
295353.000000
359243.000000
155913.000000
376854.000000
295604.000000
298996.000000
339426.000000
258874.000000
167127.000000
251941.000000
344268.000000
354996.000000
198974.000000
161216.000000
343609.000000
333938.000000
347263.000000
195260.000000
293383.000000
249957.000000
242337.000000
264020.000000
224721.000000
290552.000000
172645.000000
344345.000000
332382.000000
317161.000000
258470.000000
314289.000000
323469.000000
263008.000000
291979.000000
282483.000000
213682.000000
236364.000000
104637.000000
355039.000000
344096.000000
294969.000000
351391.000000
295814.000000
206492.000000
295775.000000
330365.000000
363507.000000
151736.000000
269914.000000
339868.000000
325791.000000
315506.000000
186818.000000
287871.000000
311436.000000
342615.000000
266085.000000
163549.000000
293326.000000
269332.000000
269105.000000
195052.000000
322881.000000
252837.000000
250656.000000
183538.000000
308583.000000
330109.000000
192410.000000
330775.000000
223878.000000
305390.000000
212628.000000
241966.000000
332024.000000
242863.000000
270363.000000
312173.000000
220598.000000
292393.000000
232232.000000
145397.000000
292835.000000
316161.000000
315925.000000
302282.000000
231577.000000
302260.000000
148851.000000
353638.000000
338697.000000
250027.000000
284457.000000
350574.000000
177530.000000
271691.000000
273658.000000
329470.000000
304007.000000
311565.000000
98907.000000
245919.000000
316870.000000
189946.000000
221585.000000
340424.000000
288262.000000
287712.000000
281839.000000
293540.000000
270375.000000
279990.000000
298582.000000
224426.000000
320450.000000
279483.000000
314321.000000
264483.000000
279352.000000
340328.000000
301909.000000
234596.000000
225079.000000
265099.000000
271339.000000
346937.000000
328655.000000
147608.000000
325656.000000
298424.000000
310239.000000
325639.000000
348268.000000
273281.000000
208075.000000
306166.000000
213482.000000
304828.000000
322019.000000
241584.000000
349534.000000
223223.000000
276352.000000
256359.000000
336326.000000
225364.000000
330162.000000
300209.000000
332524.000000
42917.000000
382870.000000
192900.000000
203614.000000
343955.000000
307653.000000
358108.000000
340982.000000
255319.000000
240995.000000
262505.000000
238173.000000
238289.000000
216079.000000
310642.000000
357486.000000
342379.000000
312019.000000
99030.000000
334547.000000
153787.000000
175969.000000
308814.000000
297846.000000
267441.000000
302217.000000
323225.000000
326733.000000
328926.000000
344391.000000
334275.000000
317252.000000
271532.000000
162227.000000
262657.000000
286259.000000
112842.000000
151286.000000
224264.000000
317132.000000
298142.000000
324482.000000
235032.000000
188019.000000
242086.000000
61064.000000
259363.000000
343668.000000
241856.000000
193777.000000
285256.000000
190728.000000
342828.000000
189963.000000
279483.000000
258916.000000
334630.000000
240312.000000
318530.000000
205036.000000
292286.000000
255729.000000
245082.000000
344929.000000
263000.000000
285762.000000
242042.000000
227184.000000
309555.000000
227816.000000
242098.000000
295314.000000
240852.000000
303836.000000
325957.000000
264413.000000
236080.000000
316343.000000
260262.000000
273614.000000
318341.000000
294664.000000
297716.000000
337066.000000
310795.000000
142756.000000
274365.000000
267329.000000
326232.000000
315852.000000
395862.000000
289970.000000
309145.000000
300868.000000
283241.000000
299866.000000
183663.000000
333600.000000
355359.000000
219545.000000
184432.000000
251580.000000
328186.000000
279791.000000
236612.000000
272138.000000
268218.000000
310943.000000
275089.000000
212998.000000
294063.000000
324935.000000
368294.000000
366184.000000
354167.000000
313095.000000
228807.000000
266510.000000
326640.000000
327798.000000
230818.000000
240310.000000
307167.000000
311851.000000
337884.000000
292782.000000
302726.000000
330842.000000
249233.000000
141531.000000
246082.000000
297477.000000
360025.000000
308857.000000
313603.000000
257914.000000
327101.000000
215698.000000
138091.000000
263316.000000
295299.000000
341418.000000
264822.000000
145212.000000
161670.000000
244505.000000
357319.000000
177080.000000
224809.000000
231021.000000
266763.000000
277134.000000
331638.000000
318387.000000
315920.000000
163814.000000
249398.000000
208690.000000
225971.000000
316730.000000
305816.000000
344810.000000
259364.000000
348904.000000
354991.000000
326257.000000
208154.000000
319152.000000
331019.000000
341701.000000
291928.000000
368729.000000
360940.000000
299208.000000
310693.000000
256893.000000
217751.000000
358590.000000
93551.000000
331407.000000
328083.000000
309949.000000
225480.000000
297868.000000
314370.000000
120599.000000
121493.000000
314875.000000
233758.000000
321974.000000
195869.000000
351492.000000
281469.000000
250685.000000
347830.000000
244180.000000
305656.000000
197866.000000
336494.000000
234766.000000
211118.000000
350478.000000
310688.000000
283602.000000
274445.000000
328434.000000
278901.000000
285662.000000
219529.000000
207129.000000
280938.000000
271943.000000
207958.000000
298487.000000
239420.000000
310736.000000
372987.000000
237012.000000
304268.000000
373458.000000
185313.000000
265400.000000
233348.000000
311365.000000
269303.000000
281871.000000
158559.000000
201361.000000
283102.000000
183654.000000
281573.000000
345521.000000
268841.000000
109544.000000
324727.000000
270948.000000
289835.000000
268525.000000
255578.000000
351350.000000
202182.000000
295600.000000
223528.000000
281617.000000
299151.000000
323594.000000
259365.000000
315885.000000
324462.000000
281058.000000
303360.000000
345987.000000
284705.000000
316498.000000
242411.000000
291164.000000
238242.000000
340515.000000
162561.000000
75565.000000
209771.000000
323506.000000
323731.000000
330112.000000
218099.000000
259682.000000
306931.000000
232887.000000
120189.000000
309166.000000
285082.000000
262665.000000
205475.000000
293750.000000
291302.000000
222975.000000
113269.000000
255139.000000
325936.000000
344784.000000
304120.000000
300553.000000
338082.000000
197016.000000
383228.000000
276279.000000
360209.000000
351450.000000
320317.000000
308615.000000
255343.000000
287710.000000
284008.000000
272236.000000
336382.000000
254127.000000
297181.000000
245269.000000
224271.000000
316930.000000
302828.000000
264792.000000
332523.000000
257490.000000
270254.000000
280302.000000
254609.000000
307885.000000
57886.000000
297479.000000
264642.000000
229085.000000
223261.000000
243309.000000
299320.000000
301899.000000
318532.000000
287541.000000
158378.000000
296644.000000
153825.000000
34012.000000
88708.000000
353295.000000
176348.000000
306177.000000
279939.000000
266662.000000
302132.000000
228480.000000
260099.000000
323837.000000
343544.000000
333206.000000
325135.000000
285304.000000
202563.000000
231974.000000
287824.000000
176344.000000
331668.000000
275460.000000
196664.000000
248545.000000
268995.000000
260736.000000
314072.000000
305186.000000
110549.000000
312268.000000
288331.000000
213356.000000
204666.000000
346081.000000
225615.000000
314435.000000
310557.000000
140281.000000
278563.000000
341980.000000
252636.000000
257591.000000
128134.000000
33955.000000
212742.000000
332459.000000
271463.000000
285534.000000
222134.000000
253105.000000
332111.000000
336907.000000
179608.000000
284604.000000
226586.000000
246870.000000
181774.000000
323435.000000
192504.000000
309693.000000
373103.000000
148834.000000
300123.000000
348355.000000
265982.000000
326344.000000
177395.000000
345253.000000
261269.000000
339656.000000
265805.000000
274823.000000
163263.000000
334084.000000
241640.000000
338570.000000
284104.000000
188501.000000
317189.000000
237213.000000
363092.000000
298071.000000
255128.000000
286722.000000
141720.000000
206172.000000
198823.000000
215404.000000
256434.000000
237994.000000
248799.000000
328129.000000
321920.000000
307813.000000
266643.000000
331474.000000
283367.000000
321826.000000
272756.000000
311969.000000
297975.000000
248728.000000
212611.000000
324859.000000
336694.000000
283192.000000
303825.000000
217615.000000
321111.000000
325213.000000
240330.000000
266348.000000
253390.000000
287553.000000
245323.000000
216176.000000
347055.000000
144185.000000
249699.000000
281722.000000
294399.000000
332977.000000
287242.000000
100856.000000
272214.000000
281962.000000
304676.000000
334439.000000
280732.000000
299992.000000
250348.000000
279201.000000
340910.000000
306426.000000
334164.000000
329490.000000
321572.000000
342803.000000
275261.000000
359632.000000
251646.000000
333459.000000
152609.000000
265941.000000
250225.000000
60674.000000
331634.000000
238132.000000
220918.000000
259457.000000
165183.000000
176290.000000
176597.000000
245826.000000
192726.000000
287160.000000
227999.000000
170111.000000
309470.000000
257489.000000
351035.000000
269842.000000
82323.000000
322068.000000
324180.000000
228030.000000
315975.000000
186011.000000
297733.000000
251397.000000
299035.000000
323162.000000
226995.000000
265343.000000
300656.000000
168574.000000
331267.000000
321980.000000
282063.000000
204083.000000
177043.000000
263341.000000
263078.000000
271477.000000
369945.000000
303573.000000
176455.000000
260655.000000
271420.000000
167202.000000
264128.000000
309510.000000
180234.000000
263575.000000
264978.000000
242960.000000
318233.000000
275987.000000
241483.000000
314532.000000
332534.000000
208181.000000
274351.000000
252309.000000
301215.000000
214197.000000
199298.000000
323207.000000
137834.000000
357084.000000
212453.000000
233789.000000
322283.000000
281265.000000
270229.000000
289205.000000
267829.000000
275912.000000
49675.000000
240752.000000
218980.000000
248455.000000
267666.000000
233350.000000
354668.000000
223650.000000
220377.000000
244980.000000
221713.000000
219325.000000
263543.000000
302372.000000
152633.000000
112990.000000
306267.000000
203004.000000
304287.000000
238860.000000
304191.000000
302690.000000
297135.000000
262919.000000
232230.000000
281907.000000
232386.000000
334577.000000
364473.000000
233187.000000
367263.000000
312113.000000
290031.000000
283495.000000
266831.000000
144569.000000
299848.000000
294566.000000
321296.000000
173940.000000
304618.000000
299317.000000
243604.000000
151778.000000
244762.000000
340959.000000
216481.000000
148812.000000
133491.000000
358429.000000
211613.000000
185893.000000
185601.000000
269987.000000
259772.000000
284147.000000
304247.000000
285154.000000
202049.000000
339240.000000
146692.000000
164982.000000
314007.000000
108878.000000
273924.000000
240000.000000
184010.000000
94260.000000
313151.000000
333872.000000
336601.000000
327183.000000
295747.000000
346066.000000
273398.000000
315221.000000
268031.000000
332250.000000
312389.000000
318910.000000
265612.000000
299523.000000
353574.000000
259737.000000
185459.000000
267682.000000
368205.000000
236336.000000
238744.000000
309014.000000
90509.000000
317336.000000
330050.000000
330130.000000
225891.000000
307241.000000
311611.000000
177173.000000
280709.000000
208961.000000
348765.000000
212111.000000
149068.000000
261830.000000
238481.000000
267949.000000
289245.000000
255954.000000
254137.000000
288105.000000
338799.000000
166590.000000
272710.000000
188730.000000
266343.000000
212261.000000
384149.000000
214774.000000
322566.000000
208202.000000
118460.000000
348681.000000
332634.000000
128619.000000
162617.000000
286815.000000
279751.000000
220008.000000
323515.000000
256133.000000
234641.000000
342741.000000
234149.000000
202566.000000
258946.000000
124255.000000
382922.000000
343105.000000
309556.000000
342511.000000
343322.000000
213114.000000
340888.000000
269547.000000
233195.000000
301823.000000
313028.000000
241979.000000
219597.000000
278393.000000
172273.000000
368920.000000
280534.000000
207166.000000
341237.000000
266007.000000
226783.000000
268964.000000
142425.000000
284776.000000
311321.000000
277337.000000
244595.000000
340919.000000
316268.000000
296843.000000
326507.000000
268341.000000
228709.000000
369751.000000
283514.000000
331796.000000
269629.000000
289343.000000
304958.000000
248067.000000
340102.000000
320983.000000
98609.000000
355083.000000
379901.000000
168666.000000
313630.000000
281702.000000
341563.000000
233941.000000
335616.000000
277743.000000
275391.000000
320681.000000
297203.000000
219187.000000
300137.000000
223067.000000
307545.000000
288432.000000
289861.000000
276816.000000
272530.000000
253298.000000
262305.000000
282318.000000
225140.000000
291116.000000
270154.000000
294596.000000
291425.000000
288899.000000
316041.000000
107568.000000
272519.000000
312340.000000
260135.000000
273695.000000
307485.000000
254049.000000
257849.000000
254034.000000
200020.000000
281505.000000
326185.000000
123925.000000
81151.000000
344033.000000
189055.000000
279616.000000
326238.000000
266965.000000
156346.000000
245517.000000
171451.000000
275816.000000
300809.000000
170503.000000
246768.000000
293685.000000
260138.000000
317471.000000
245382.000000
221016.000000
268157.000000
291507.000000
321684.000000
360329.000000
290160.000000
336399.000000
253820.000000
291239.000000
310906.000000
262974.000000
350832.000000
147618.000000
243245.000000
284988.000000
213867.000000
357574.000000
125053.000000
346125.000000
280561.000000
255063.000000
268394.000000
164253.000000
278205.000000
172075.000000
283452.000000
272858.000000
252299.000000
116539.000000
367373.000000
318811.000000
283007.000000
163432.000000
192811.000000
275068.000000
286990.000000
333989.000000
305960.000000
247308.000000
329720.000000
162738.000000
195434.000000
235553.000000
88678.000000
265589.000000
216889.000000
279119.000000
294568.000000
288688.000000
294082.000000
377733.000000
353617.000000
337444.000000
201226.000000
253749.000000
250531.000000
168163.000000
86071.000000
308765.000000
328556.000000
302522.000000
314174.000000
309232.000000
295657.000000
294270.000000
340653.000000
173514.000000
272540.000000
243743.000000
242931.000000
280920.000000
278256.000000
231348.000000
185585.000000
157135.000000
208401.000000
292316.000000
369549.000000
312741.000000
170294.000000
264531.000000
246997.000000
326454.000000
109101.000000
198278.000000
281539.000000
293236.000000
310339.000000
296794.000000
360498.000000
321858.000000
265731.000000
291621.000000
321943.000000
289152.000000
279555.000000
283191.000000
176914.000000
339826.000000
215311.000000
308418.000000
220240.000000
267348.000000
284971.000000
208827.000000
244593.000000
276381.000000
236147.000000
253378.000000
225816.000000
212897.000000
244543.000000
276982.000000
318269.000000
312551.000000
340839.000000
256119.000000
228086.000000
194251.000000
263110.000000
224238.000000
228923.000000
206748.000000
262302.000000
228967.000000
251168.000000
321658.000000
306812.000000
251345.000000
291749.000000
251693.000000
266842.000000
186357.000000
302533.000000
280149.000000
283682.000000
229560.000000
317409.000000
200136.000000
108530.000000
264204.000000
337015.000000
333897.000000
191481.000000
304434.000000
225564.000000
278333.000000
271974.000000
325115.000000
276594.000000
299296.000000
328468.000000
308359.000000
386658.000000
176731.000000
341196.000000
161419.000000
209901.000000
294083.000000
236087.000000
247892.000000
225561.000000
194562.000000
202375.000000
275214.000000
316752.000000
268903.000000
341989.000000
367525.000000
330798.000000
309182.000000
272001.000000
342776.000000
312178.000000
206773.000000
227621.000000
122165.000000
134811.000000
311633.000000
327368.000000
284177.000000
225365.000000
260462.000000
217862.000000
351375.000000
360855.000000
304196.000000
313619.000000
347602.000000
247848.000000
284815.000000
293974.000000
300276.000000
265263.000000
313080.000000
367010.000000
270868.000000
251201.000000
195847.000000
276292.000000
141248.000000
317464.000000
320785.000000
220361.000000
182744.000000
356483.000000
324995.000000
269112.000000
243724.000000
329893.000000
204818.000000
236379.000000
212558.000000
321515.000000
266814.000000
345258.000000
72831.000000
253144.000000
342492.000000
286966.000000
321547.000000
241977.000000
201619.000000
330365.000000
142178.000000
311015.000000
337847.000000
355448.000000
296420.000000
189472.000000
276124.000000
301084.000000
299160.000000
292872.000000
330537.000000
328089.000000
90941.000000
253259.000000
371719.000000
314502.000000
317252.000000
352029.000000
316017.000000
320252.000000
136306.000000
255888.000000
177597.000000
323798.000000
286349.000000
150335.000000
221565.000000
240000.000000
337130.000000
242514.000000
360151.000000
250879.000000
294081.000000
200670.000000
248549.000000
162858.000000
408536.000000
279943.000000
314848.000000
254757.000000
246909.000000
268202.000000
256550.000000
250846.000000
258195.000000
347405.000000
302728.000000
282069.000000
296875.000000
254652.000000
185422.000000
365824.000000
344249.000000
257872.000000
319734.000000
310727.000000
128149.000000
332923.000000
301884.000000
336167.000000
369122.000000
299423.000000
323855.000000
104661.000000
335602.000000
220630.000000
347813.000000
139087.000000
292139.000000
331523.000000
321441.000000
289074.000000
257758.000000
286820.000000
322506.000000
354694.000000
294644.000000
192273.000000
273151.000000
279419.000000
101094.000000
259847.000000
298695.000000
282115.000000
340130.000000
335540.000000
209326.000000
288603.000000
302875.000000
273168.000000
210909.000000
290478.000000
205491.000000
123994.000000
304290.000000
340325.000000
325670.000000
314982.000000
159778.000000
280998.000000
349342.000000
287971.000000
334189.000000
361536.000000
274532.000000
230554.000000
321984.000000
215930.000000
268359.000000
208563.000000
324643.000000
222287.000000
288084.000000
237021.000000
295472.000000
290353.000000
288471.000000
204367.000000
270929.000000
305814.000000
286407.000000
260950.000000
326312.000000
292689.000000
183910.000000
287190.000000
230044.000000
298044.000000
290153.000000
347674.000000
326445.000000
273344.000000
292589.000000
273842.000000
319157.000000
194986.000000
203924.000000
333430.000000
285164.000000
360682.000000
302638.000000
322103.000000
309840.000000
253447.000000
291851.000000
306311.000000
320044.000000
310035.000000
244283.000000
295018.000000
145739.000000
300804.000000
331384.000000
346654.000000
72784.000000
332045.000000
262363.000000
346094.000000
321764.000000
310447.000000
268212.000000
332436.000000
321393.000000
344853.000000
298964.000000
201556.000000
218453.000000
311333.000000
169934.000000
247610.000000
266851.000000
296581.000000
194617.000000
259777.000000
253849.000000
347172.000000
265933.000000
176544.000000
306849.000000
212880.000000
311005.000000
314111.000000
331890.000000
227960.000000
308763.000000
340698.000000
288318.000000
296067.000000
273862.000000
176415.000000
348372.000000
213553.000000
343811.000000
319988.000000
389742.000000
229173.000000
139885.000000
272098.000000
273891.000000
327870.000000
180700.000000
283632.000000
