0.000000
0.000000
0.000000
0.000000
0.000000
0.000000
0.000000
0.000000
0.000000
0.000000
0.000000
0.000000
0.000000
0.000000
0.000000
0.000000
0.000000
0.000000
0.000000
0.000000
0.000000
0.000000
0.000000
0.000000
0.000000
0.000000
0.000000
0.000000
0.000000
0.000000
0.000000
0.000000
0.000000
0.000000
0.000000
0.000000
0.000000
0.000000
0.000000
0.000000
0.000000
0.000000
0.000000
0.000000
0.000000
0.000000
0.000000
0.000000
0.000000
0.000000
0.000000
0.000000
0.000000
0.000000
0.000000
0.000000
0.000000
0.000000
0.000000
0.000000
0.000000
0.000000
0.000000
0.000000
0.000000
0.000000
0.000000
0.000000
0.000000
0.000000
0.000000
0.000000
0.000000
0.000000
0.000000
0.000000
0.000000
0.000000
0.000000
0.000000
0.000000
0.000000
0.000000
0.000000
0.000000
0.000000
0.000000
0.000000
0.000000
0.000000
0.000000
0.000000
0.000000
0.000000
0.000000
0.000000
0.000000
0.000000
0.000000
0.000000
0.000000
0.000000
0.000000
0.000000
0.000000
0.000000
0.000000
0.000000
0.000000
0.000000
0.000000
0.000000
0.000000
0.000000
0.000000
0.000000
0.000000
0.000000
0.000000
0.000000
0.000000
0.000000
0.000000
0.000000
0.000000
0.000000
0.000000
0.000000
0.000000
0.000000
0.000000
0.000000
0.000000
0.000000
0.000000
0.000000
0.000000
0.000000
0.000000
0.000000
0.000000
0.000000
0.000000
0.000000
0.000000
0.000000
0.000000
0.000000
0.000000
0.000000
0.000000
0.000000
0.000000
0.000000
0.000000
0.000000
0.000000
0.000000
0.000000
0.000000
0.000000
0.000000
0.000000
0.000000
0.000000
0.000000
0.000000
0.000000
0.000000
0.000000
0.000000
0.000000
0.000000
0.000000
0.000000
0.000000
0.000000
0.000000
0.000000
0.000000
0.000000
0.000000
0.000000
0.000000
0.000000
0.000000
0.000000
0.000000
0.000000
0.000000
0.000000
0.000000
0.000000
0.000000
0.000000
0.000000
0.000000
0.000000
0.000000
0.000000
0.000000
0.000000
0.000000
0.000000
0.000000
0.000000
0.000000
0.000000
0.000000
0.000000
0.000000
0.000000
0.000000
0.000000
0.000000
0.000000
0.000000
0.000000
0.000000
0.000000
0.000000
0.000000
0.000000
0.000000
0.000000
0.000000
0.000000
0.000000
0.000000
0.000000
0.000000
0.000000
0.000000
0.000000
0.000000
0.000000
0.000000
0.000000
0.000000
0.000000
0.000000
0.000000
0.000000
0.000000
0.000000
0.000000
0.000000
0.000000
0.000000
0.000000
0.000000
0.000000
0.000000
0.000000
0.000000
0.000000
0.000000
0.000000
0.000000
0.000000
0.000000
0.000000
0.000000
0.000000
0.000000
0.000000
0.000000
0.000000
0.000000
0.000000
0.000000
0.000000
0.000000
0.000000
0.000000
0.000000
0.000000
0.000000
0.000000
0.000000
0.000000
0.000000
0.000000
0.000000
0.000000
0.000000
0.000000
0.000000
0.000000
0.000000
0.000000
0.000000
0.000000
0.000000
0.000000
0.000000
0.000000
0.000000
0.000000
0.000000
0.000000
0.000000
0.000000
0.000000
0.000000
0.000000
0.000000
0.000000
0.000000
0.000000
0.000000
0.000000
0.000000
0.000000
0.000000
0.000000
0.000000
0.000000
0.000000
0.000000
0.000000
0.000000
0.000000
0.000000
0.000000
0.000000
0.000000
0.000000
0.000000
0.000000
0.000000
0.000000
0.000000
0.000000
0.000000
0.000000
0.000000
0.000000
0.000000
0.000000
0.000000
0.000000
0.000000
0.000000
0.000000
0.000000
0.000000
0.000000
0.000000
0.000000
0.000000
0.000000
0.000000
0.000000
0.000000
0.000000
0.000000
0.000000
0.000000
0.000000
0.000000
0.000000
0.000000
0.000000
0.000000
0.000000
0.000000
0.000000
0.000000
0.000000
0.000000
0.000000
0.000000
0.000000
0.000000
0.000000
0.000000
0.000000
0.000000
0.000000
0.000000
0.000000
0.000000
0.000000
0.000000
0.000000
0.000000
0.000000
0.000000
0.000000
0.000000
0.000000
0.000000
361950.000000
270917.000000
209921.000000
264974.000000
163534.000000
178593.000000
198591.000000
190489.000000
205813.000000
158828.000000
165430.000000
148563.000000
176501.000000
214492.000000
282283.000000
174083.000000
228418.000000
253029.000000
186478.000000
188259.000000
268798.000000
86363.000000
221205.000000
183810.000000
169340.000000
177392.000000
172389.000000
209356.000000
159724.000000
168804.000000
182964.000000
200176.000000
179239.000000
226312.000000
255296.000000
155690.000000
198023.000000
237556.000000
247679.000000
211823.000000
214525.000000
294461.000000
210624.000000
229912.000000
198663.000000
208027.000000
179934.000000
177974.000000
193597.000000
167858.000000
101205.000000
210613.000000
205036.000000
251605.000000
266238.000000
217027.000000
189978.000000
201194.000000
188272.000000
238265.000000
231001.000000
116415.000000
166543.000000
185199.000000
235831.000000
226863.000000
178148.000000
208205.000000
199809.000000
290013.000000
111299.000000
217751.000000
225688.000000
254883.000000
183835.000000
243276.000000
199267.000000
221186.000000
214012.000000
225797.000000
190905.000000
218657.000000
206173.000000
236379.000000
193486.000000
176018.000000
207623.000000
254757.000000
221658.000000
145455.000000
224614.000000
91291.000000
239527.000000
189881.000000
159344.000000
160385.000000
200372.000000
223433.000000
216319.000000
205766.000000
154762.000000
205943.000000
6026.000000
233580.000000
269756.000000
254730.000000
210378.000000
245116.000000
243765.000000
110801.000000
65585.000000
208590.000000
191204.000000
275113.000000
219812.000000
251759.000000
207311.000000
206311.000000
228962.000000
248129.000000
91193.000000
216107.000000
218965.000000
166183.000000
236262.000000
275505.000000
231781.000000
151560.000000
257017.000000
192316.000000
183767.000000
255654.000000
155967.000000
223389.000000
253066.000000
226515.000000
229825.000000
207492.000000
176951.000000
210593.000000
212980.000000
229370.000000
141155.000000
126981.000000
193981.000000
221298.000000
221116.000000
142116.000000
188777.000000
216346.000000
211763.000000
184987.000000
159486.000000
247817.000000
126278.000000
231691.000000
200986.000000
219850.000000
188235.000000
222219.000000
254111.000000
163913.000000
191931.000000
172200.000000
179946.000000
166593.000000
80165.000000
233572.000000
211562.000000
180166.000000
228086.000000
181554.000000
149461.000000
183913.000000
236211.000000
202045.000000
157822.000000
162816.000000
225520.000000
221137.000000
200976.000000
151948.000000
191382.000000
228717.000000
222893.000000
218041.000000
107356.000000
256669.000000
227022.000000
200398.000000
138324.000000
201509.000000
180135.000000
225183.000000
163428.000000
247600.000000
234865.000000
156957.000000
255929.000000
173397.000000
239565.000000
186718.000000
198304.000000
191463.000000
223039.000000
164281.000000
196006.000000
213644.000000
229854.000000
206241.000000
131588.000000
234163.000000
215470.000000
243691.000000
201149.000000
154779.000000
239971.000000
118994.000000
216266.000000
259619.000000
163717.000000
208734.000000
257655.000000
132190.000000
247300.000000
228122.000000
275519.000000
220249.000000
279763.000000
111026.000000
207532.000000
175515.000000
173599.000000
244605.000000
269409.000000
125996.000000
213423.000000
252090.000000
239136.000000
240380.000000
229388.000000
271235.000000
213708.000000
230465.000000
255443.000000
201198.000000
160804.000000
191144.000000
190376.000000
163637.000000
238280.000000
205128.000000
197730.000000
227250.000000
226421.000000
256455.000000
120735.000000
183897.000000
176641.000000
190386.000000
216591.000000
283915.000000
216812.000000
193247.000000
259447.000000
149419.000000
233181.000000
221969.000000
226834.000000
242507.000000
169301.000000
238732.000000
196100.000000
232529.000000
157393.000000
239997.000000
212924.000000
174053.000000
45146.000000
210924.000000
193609.000000
184396.000000
199290.000000
277094.000000
214143.000000
221681.000000
211702.000000
134415.000000
172803.000000
163703.000000
192920.000000
215952.000000
224572.000000
274696.000000
289831.000000
221947.000000
110331.000000
227971.000000
113455.000000
166993.000000
212380.000000
209916.000000
211775.000000
228080.000000
246936.000000
243118.000000
209058.000000
200912.000000
248395.000000
233991.000000
185164.000000
102731.000000
183055.000000
214207.000000
86512.000000
150483.000000
210169.000000
229742.000000
230256.000000
261797.000000
187371.000000
137475.000000
225151.000000
51447.000000
162960.000000
269015.000000
211342.000000
144876.000000
259957.000000
173659.000000
210565.000000
195337.000000
205614.000000
182201.000000
231877.000000
225177.000000
244260.000000
226359.000000
250968.000000
251031.000000
212310.000000
263915.000000
274142.000000
200019.000000
195751.000000
138852.000000
190331.000000
172566.000000
192281.000000
254634.000000
130527.000000
209838.000000
218006.000000
204528.000000
223411.000000
202498.000000
187363.000000
200505.000000
184144.000000
229446.000000
206828.000000
249079.000000
275418.000000
126891.000000
249702.000000
154202.000000
211759.000000
251093.000000
241532.000000
198705.000000
224290.000000
227621.000000
187506.000000
219968.000000
172690.000000
220574.000000
210528.000000
172268.000000
181337.000000
227059.000000
202016.000000
217812.000000
191824.000000
228957.000000
209282.000000
252124.000000
240045.000000
172344.000000
210390.000000
253746.000000
232785.000000
238766.000000
225617.000000
214199.000000
186006.000000
221077.000000
232823.000000
263529.000000
178316.000000
165446.000000
204316.000000
228347.000000
209601.000000
231753.000000
214728.000000
252621.000000
218643.000000
128595.000000
193674.000000
237358.000000
230602.000000
227326.000000
242277.000000
186005.000000
225080.000000
171566.000000
172497.000000
229938.000000
220217.000000
219022.000000
233988.000000
144496.000000
128262.000000
168583.000000
240481.000000
146006.000000
190384.000000
197221.000000
186226.000000
261431.000000
262847.000000
224083.000000
230571.000000
136787.000000
209951.000000
151064.000000
175501.000000
242849.000000
202202.000000
143102.000000
181687.000000
229147.000000
211767.000000
225158.000000
227353.000000
222743.000000
217815.000000
243749.000000
222577.000000
209215.000000
253799.000000
223358.000000
184714.000000
188984.000000
190888.000000
225300.000000
93052.000000
218154.000000
175868.000000
238737.000000
177763.000000
156310.000000
200797.000000
110059.000000
142963.000000
225235.000000
171905.000000
200277.000000
178829.000000
188024.000000
244651.000000
206662.000000
245019.000000
209828.000000
218927.000000
153625.000000
232440.000000
165469.000000
149134.000000
241662.000000
216670.000000
205810.000000
214654.000000
244924.000000
241873.000000
268231.000000
143218.000000
155191.000000
270969.000000
195139.000000
181682.000000
220224.000000
180179.000000
213609.000000
207047.000000
190656.000000
194985.000000
204108.000000
181933.000000
178644.000000
184840.000000
227719.000000
191629.000000
242902.000000
122585.000000
195847.000000
232820.000000
132564.000000
233186.000000
231981.000000
202725.000000
81855.000000
217055.000000
219319.000000
226802.000000
193260.000000
180773.000000
230667.000000
136333.000000
174517.000000
224162.000000
226749.000000
230769.000000
257089.000000
254172.000000
237418.000000
250666.000000
219881.000000
215511.000000
220052.000000
180113.000000
228427.000000
191806.000000
225434.000000
190893.000000
231128.000000
121419.000000
89523.000000
170677.000000
231267.000000
220824.000000
199685.000000
171953.000000
212015.000000
238870.000000
211374.000000
103545.000000
264038.000000
231635.000000
215126.000000
176053.000000
278798.000000
196487.000000
153932.000000
90699.000000
268411.000000
265090.000000
256468.000000
198579.000000
194139.000000
266566.000000
226224.000000
223712.000000
202577.000000
217842.000000
234816.000000
219098.000000
192239.000000
216656.000000
233801.000000
258791.000000
237663.000000
237613.000000
189149.000000
221350.000000
234494.000000
204006.000000
188112.000000
244447.000000
223379.000000
240293.000000
218397.000000
180328.000000
263228.000000
194654.000000
210402.000000
59162.000000
200235.000000
193983.000000
197385.000000
144636.000000
206103.000000
181018.000000
216080.000000
243296.000000
230127.000000
127873.000000
189534.000000
122332.000000
31309.000000
81431.000000
192725.000000
178398.000000
244458.000000
246370.000000
168367.000000
208658.000000
216960.000000
184208.000000
225291.000000
244377.000000
223470.000000
240676.000000
164104.000000
142309.000000
205718.000000
161174.000000
188521.000000
277403.000000
264675.000000
139863.000000
225115.000000
190938.000000
157330.000000
244309.000000
203802.000000
102236.000000
173134.000000
193618.000000
203512.000000
177626.000000
223271.000000
201798.000000
213312.000000
229620.000000
134855.000000
229354.000000
243461.000000
222352.000000
232438.000000
117936.000000
34129.000000
147781.000000
211515.000000
185173.000000
252245.000000
186059.000000
167250.000000
246089.000000
190809.000000
150593.000000
198479.000000
179079.000000
212935.000000
187712.000000
220780.000000
143759.000000
223277.000000
220217.000000
142900.000000
233557.000000
255405.000000
201778.000000
215581.000000
174015.000000
209286.000000
168654.000000
190998.000000
245988.000000
184418.000000
136347.000000
212472.000000
203056.000000
263857.000000
213867.000000
199868.000000
203133.000000
196665.000000
243130.000000
216119.000000
233639.000000
188741.000000
152999.000000
183512.000000
164029.000000
160813.000000
188883.000000
158886.000000
205354.000000
242634.000000
179081.000000
246236.000000
219109.000000
228857.000000
215597.000000
220838.000000
258720.000000
224934.000000
226876.000000
245167.000000
173281.000000
242522.000000
242997.000000
185710.000000
188282.000000
191541.000000
213625.000000
237728.000000
151792.000000
199573.000000
192701.000000
224541.000000
222922.000000
157266.000000
235887.000000
138008.000000
216557.000000
228659.000000
214540.000000
236135.000000
195815.000000
122428.000000
174878.000000
214880.000000
188340.000000
227925.000000
249998.000000
182651.000000
186851.000000
229138.000000
253947.000000
178711.000000
209335.000000
250490.000000
262397.000000
223337.000000
218561.000000
206838.000000
219975.000000
192579.000000
110293.000000
211981.000000
203345.000000
57669.000000
238287.000000
170388.000000
179024.000000
234916.000000
147235.000000
172457.000000
137819.000000
204651.000000
182556.000000
238064.000000
178278.000000
173015.000000
241923.000000
209218.000000
223142.000000
248938.000000
84578.000000
261339.000000
263540.000000
168141.000000
234303.000000
165731.000000
198422.000000
170568.000000
220871.000000
236739.000000
210488.000000
269553.000000
239807.000000
146989.000000
192512.000000
215657.000000
188805.000000
194684.000000
138773.000000
225858.000000
176713.000000
226061.000000
242338.000000
276995.000000
125395.000000
233752.000000
234050.000000
116434.000000
213624.000000
211884.000000
161015.000000
230400.000000
197713.000000
238354.000000
224115.000000
155744.000000
194772.000000
257805.000000
242654.000000
185104.000000
223712.000000
183169.000000
251003.000000
162913.000000
174191.000000
185979.000000
111862.000000
243066.000000
183785.000000
165075.000000
220644.000000
244656.000000
244030.000000
189737.000000
211763.000000
195203.000000
47549.000000
162895.000000
186201.000000
224132.000000
184085.000000
212089.000000
231728.000000
149752.000000
149814.000000
177735.000000
179415.000000
154471.000000
180708.000000
234315.000000
117377.000000
110274.000000
229673.000000
173679.000000
277391.000000
138561.000000
193606.000000
226823.000000
256620.000000
199569.000000
223982.000000
201886.000000
231753.000000
254123.000000
227212.000000
201088.000000
196857.000000
213161.000000
228345.000000
190471.000000
226418.000000
148292.000000
249099.000000
242234.000000
226183.000000
164721.000000
170275.000000
251438.000000
211934.000000
88603.000000
182800.000000
222704.000000
198237.000000
106950.000000
97105.000000
209490.000000
176768.000000
212444.000000
156614.000000
215517.000000
163747.000000
215496.000000
272372.000000
215073.000000
133390.000000
233954.000000
128119.000000
137338.000000
255211.000000
95589.000000
215234.000000
154879.000000
186014.000000
85569.000000
210022.000000
196756.000000
253316.000000
190382.000000
228140.000000
189842.000000
167191.000000
193213.000000
193710.000000
205358.000000
223447.000000
233485.000000
183631.000000
201052.000000
190947.000000
179473.000000
178233.000000
208958.000000
250178.000000
169604.000000
211836.000000
222077.000000
89183.000000
183098.000000
257518.000000
209866.000000
179823.000000
253294.000000
207630.000000
131887.000000
221439.000000
152755.000000
222002.000000
159251.000000
141207.000000
164911.000000
244711.000000
255884.000000
195965.000000
170796.000000
209120.000000
204106.000000
210290.000000
163388.000000
187878.000000
136205.000000
201045.000000
156389.000000
189490.000000
166449.000000
229509.000000
163373.000000
96688.000000
223568.000000
255453.000000
122262.000000
129191.000000
209776.000000
262329.000000
176656.000000
245272.000000
177116.000000
202332.000000
249113.000000
276410.000000
183690.000000
198165.000000
97246.000000
261975.000000
239345.000000
234802.000000
243246.000000
216519.000000
150149.000000
256018.000000
163573.000000
209228.000000
174924.000000
196375.000000
196082.000000
174370.000000
203561.000000
169460.000000
211892.000000
187087.000000
184385.000000
224700.000000
226118.000000
179071.000000
201216.000000
139325.000000
209268.000000
262898.000000
219025.000000
212239.000000
276169.000000
240192.000000
217055.000000
234987.000000
193049.000000
189350.000000
229702.000000
194829.000000
195053.000000
174207.000000
201810.000000
195336.000000
140042.000000
213453.000000
209188.000000
102015.000000
247714.000000
217266.000000
114051.000000
234962.000000
243152.000000
257999.000000
195908.000000
268327.000000
203743.000000
204146.000000
249790.000000
241698.000000
130290.000000
202085.000000
224738.000000
210635.000000
129853.000000
241083.000000
216486.000000
187056.000000
236345.000000
197996.000000
217228.000000
151812.000000
230279.000000
147549.000000
224601.000000
186250.000000
200002.000000
244491.000000
107125.000000
252783.000000
177339.000000
222915.000000
215532.000000
244081.000000
213879.000000
219580.000000
185145.000000
184998.000000
170915.000000
249261.000000
108033.000000
83798.000000
211796.000000
176466.000000
192757.000000
243208.000000
191330.000000
153098.000000
190822.000000
169040.000000
200451.000000
225277.000000
119867.000000
203246.000000
193889.000000
215129.000000
213158.000000
247597.000000
220544.000000
249438.000000
251505.000000
266577.000000
244751.000000
212291.000000
247724.000000
223221.000000
275378.000000
186620.000000
195550.000000
209301.000000
144398.000000
191395.000000
227755.000000
148914.000000
246250.000000
139312.000000
264487.000000
188380.000000
199433.000000
236827.000000
146731.000000
184438.000000
142635.000000
194621.000000
211582.000000
202501.000000
99978.000000
183780.000000
241168.000000
224429.000000
128482.000000
200961.000000
193454.000000
188532.000000
230575.000000
227700.000000
239753.000000
248079.000000
108057.000000
206435.000000
226152.000000
61479.000000
173738.000000
248688.000000
199335.000000
181068.000000
224901.000000
232937.000000
216225.000000
219813.000000
248662.000000
183859.000000
207301.000000
205473.000000
141797.000000
70836.000000
235556.000000
235721.000000
177981.000000
229310.000000
258237.000000
255252.000000
238244.000000
221483.000000
130210.000000
234221.000000
146174.000000
203317.000000
246227.000000
191524.000000
129113.000000
155185.000000
115166.000000
186336.000000
170349.000000
238452.000000
232927.000000
167049.000000
212848.000000
181013.000000
216219.000000
103308.000000
215729.000000
243259.000000
218364.000000
204236.000000
249119.000000
204233.000000
241311.000000
235469.000000
228183.000000
201324.000000
223646.000000
228776.000000
244717.000000
179465.000000
217772.000000
158998.000000
188234.000000
217520.000000
218535.000000
202015.000000
196021.000000
205196.000000
203045.000000
159143.000000
230294.000000
173647.000000
228703.000000
169019.000000
229955.000000
234763.000000
274589.000000
283307.000000
195017.000000
211945.000000
147387.000000
205013.000000
182611.000000
184511.000000
186487.000000
186115.000000
157560.000000
182334.000000
244717.000000
178614.000000
214540.000000
216097.000000
230992.000000
230913.000000
225541.000000
226157.000000
183369.000000
174425.000000
168375.000000
219354.000000
177934.000000
82545.000000
182177.000000
253163.000000
216451.000000
176722.000000
259985.000000
180954.000000
200446.000000
230127.000000
237550.000000
163141.000000
237980.000000
233891.000000
207382.000000
248139.000000
142196.000000
175009.000000
193793.000000
188238.000000
202195.000000
139279.000000
201475.000000
179989.000000
177481.000000
168698.000000
200497.000000
228385.000000
209163.000000
239489.000000
221048.000000
228238.000000
215220.000000
228967.000000
215852.000000
214053.000000
194876.000000
143798.000000
92998.000000
141421.000000
181965.000000
261184.000000
191081.000000
238377.000000
240049.000000
166722.000000
242729.000000
235532.000000
287456.000000
206048.000000
214253.000000
247559.000000
246607.000000
281728.000000
193418.000000
249300.000000
217965.000000
229278.000000
236364.000000
239833.000000
192993.000000
143941.000000
162864.000000
245339.000000
244594.000000
132399.000000
174762.000000
209534.000000
176329.000000
185965.000000
237823.000000
235040.000000
186697.000000
220299.000000
225707.000000
254571.000000
250240.000000
247897.000000
97646.000000
168191.000000
200360.000000
241921.000000
232626.000000
248073.000000
190796.000000
212969.000000
141504.000000
232454.000000
236619.000000
264718.000000
236216.000000
176278.000000
187978.000000
209105.000000
221110.000000
191469.000000
199601.000000
246489.000000
88693.000000
180018.000000
232026.000000
204942.000000
192006.000000
277982.000000
249354.000000
258805.000000
156365.000000
210940.000000
157905.000000
241806.000000
248373.000000
133800.000000
199107.000000
214244.000000
256792.000000
215160.000000
203399.000000
197322.000000
164641.000000
269447.000000
226262.000000
158239.000000
260035.000000
237493.000000
204911.000000
192689.000000
184304.000000
192320.000000
169725.000000
196555.000000
175877.000000
199454.000000
169402.000000
252679.000000
179108.000000
180646.000000
202848.000000
216343.000000
239187.000000
206357.000000
284084.000000
240259.000000
133666.000000
218541.000000
210300.000000
218683.000000
208392.000000
235301.000000
204518.000000
100584.000000
214065.000000
140150.000000
236331.000000
159015.000000
180821.000000
205716.000000
212060.000000
267304.000000
193383.000000
220473.000000
246128.000000
234662.000000
179200.000000
137808.000000
241577.000000
225044.000000
83431.000000
206019.000000
273999.000000
189624.000000
236037.000000
233352.000000
185404.000000
169476.000000
226579.000000
177669.000000
150363.000000
244502.000000
172517.000000
100783.000000
225560.000000
171833.000000
200343.000000
172477.000000
134938.000000
184549.000000
232073.000000
226155.000000
213439.000000
236963.000000
250096.000000
177438.000000
249242.000000
157936.000000
166360.000000
201166.000000
247690.000000
234001.000000
228827.000000
217134.000000
243239.000000
208828.000000
192736.000000
176226.000000
223854.000000
214216.000000
231074.000000
185874.000000
231822.000000
224064.000000
191154.000000
233889.000000
180868.000000
251053.000000
216782.000000
208284.000000
261809.000000
246320.000000
196189.000000
227742.000000
227295.000000
223268.000000
181071.000000
238045.000000
205306.000000
243559.000000
197063.000000
211859.000000
186908.000000
188696.000000
218324.000000
168306.000000
247308.000000
242002.000000
166670.000000
209863.000000
125006.000000
194495.000000
223978.000000
208032.000000
67240.000000
235332.000000
170752.000000
201742.000000
173063.000000
221120.000000
247188.000000
255401.000000
254093.000000
215171.000000
221473.000000
164365.000000
233865.000000
215903.000000
140280.000000
205801.000000
209289.000000
254758.000000
179324.000000
202836.000000
235649.000000
213588.000000
182452.000000
173714.000000
181976.000000
140467.000000
245524.000000
192592.000000
189178.000000
185439.000000
218018.000000
249002.000000
211561.000000
207306.000000
206452.000000
138836.000000
228803.000000
121067.000000
236785.000000
249972.000000
220846.000000
241795.000000
142449.000000
238547.000000
231613.000000
211497.000000
149464.000000
236697.000000
