0.000000
0.000000
0.000000
0.000000
0.000000
0.000000
0.000000
0.000000
0.000000
0.000000
0.000000
0.000000
0.000000
0.000000
0.000000
0.000000
0.000000
0.000000
0.000000
0.000000
0.000000
0.000000
0.000000
0.000000
0.000000
0.000000
0.000000
0.000000
0.000000
0.000000
0.000000
0.000000
0.000000
0.000000
0.000000
0.000000
0.000000
0.000000
0.000000
0.000000
0.000000
0.000000
0.000000
0.000000
0.000000
0.000000
0.000000
0.000000
0.000000
0.000000
0.000000
0.000000
0.000000
0.000000
0.000000
0.000000
0.000000
0.000000
0.000000
0.000000
0.000000
0.000000
0.000000
0.000000
0.000000
0.000000
0.000000
0.000000
0.000000
0.000000
0.000000
0.000000
0.000000
0.000000
0.000000
0.000000
0.000000
0.000000
0.000000
0.000000
0.000000
0.000000
0.000000
0.000000
0.000000
0.000000
0.000000
0.000000
0.000000
0.000000
0.000000
0.000000
0.000000
0.000000
0.000000
0.000000
0.000000
0.000000
0.000000
0.000000
0.000000
0.000000
0.000000
0.000000
0.000000
0.000000
0.000000
0.000000
0.000000
0.000000
0.000000
0.000000
0.000000
0.000000
0.000000
0.000000
0.000000
0.000000
0.000000
0.000000
0.000000
0.000000
0.000000
0.000000
0.000000
0.000000
0.000000
0.000000
0.000000
0.000000
0.000000
0.000000
0.000000
0.000000
0.000000
0.000000
0.000000
0.000000
0.000000
0.000000
0.000000
0.000000
0.000000
0.000000
0.000000
0.000000
0.000000
0.000000
0.000000
0.000000
0.000000
0.000000
0.000000
0.000000
0.000000
0.000000
0.000000
0.000000
0.000000
0.000000
0.000000
0.000000
0.000000
0.000000
0.000000
0.000000
0.000000
0.000000
0.000000
0.000000
0.000000
0.000000
0.000000
0.000000
0.000000
0.000000
0.000000
0.000000
0.000000
0.000000
0.000000
0.000000
0.000000
0.000000
0.000000
0.000000
0.000000
0.000000
0.000000
0.000000
0.000000
0.000000
0.000000
0.000000
0.000000
0.000000
0.000000
0.000000
0.000000
0.000000
0.000000
0.000000
0.000000
0.000000
0.000000
0.000000
0.000000
0.000000
0.000000
0.000000
0.000000
0.000000
0.000000
0.000000
0.000000
0.000000
0.000000
0.000000
0.000000
0.000000
0.000000
0.000000
0.000000
0.000000
0.000000
0.000000
0.000000
0.000000
0.000000
0.000000
0.000000
0.000000
0.000000
0.000000
0.000000
0.000000
0.000000
0.000000
0.000000
0.000000
0.000000
0.000000
0.000000
0.000000
0.000000
0.000000
0.000000
0.000000
0.000000
0.000000
0.000000
0.000000
0.000000
0.000000
0.000000
0.000000
0.000000
0.000000
0.000000
0.000000
0.000000
0.000000
0.000000
0.000000
0.000000
0.000000
0.000000
0.000000
0.000000
0.000000
0.000000
0.000000
0.000000
0.000000
0.000000
0.000000
0.000000
0.000000
0.000000
0.000000
0.000000
0.000000
0.000000
0.000000
0.000000
0.000000
0.000000
0.000000
0.000000
0.000000
0.000000
0.000000
0.000000
0.000000
0.000000
0.000000
0.000000
0.000000
0.000000
0.000000
0.000000
0.000000
0.000000
0.000000
0.000000
0.000000
0.000000
0.000000
0.000000
0.000000
0.000000
0.000000
0.000000
0.000000
0.000000
0.000000
0.000000
0.000000
0.000000
0.000000
0.000000
0.000000
0.000000
0.000000
0.000000
0.000000
0.000000
0.000000
0.000000
0.000000
0.000000
0.000000
0.000000
0.000000
0.000000
0.000000
0.000000
0.000000
0.000000
0.000000
0.000000
0.000000
0.000000
0.000000
0.000000
0.000000
0.000000
0.000000
0.000000
0.000000
0.000000
0.000000
0.000000
0.000000
0.000000
0.000000
0.000000
0.000000
0.000000
0.000000
0.000000
0.000000
0.000000
0.000000
0.000000
0.000000
0.000000
0.000000
0.000000
0.000000
0.000000
0.000000
0.000000
0.000000
0.000000
0.000000
0.000000
0.000000
0.000000
0.000000
0.000000
0.000000
0.000000
0.000000
0.000000
0.000000
0.000000
0.000000
0.000000
0.000000
0.000000
0.000000
0.000000
0.000000
0.000000
0.000000
0.000000
0.000000
0.000000
0.000000
0.000000
0.000000
0.000000
0.000000
0.000000
0.000000
0.000000
0.000000
0.000000
0.000000
0.000000
0.000000
0.000000
0.000000
0.000000
1666680.000000
871360.000000
586050.000000
586482.000000
429079.000000
332632.000000
375555.000000
351898.000000
734524.000000
293499.000000
343206.000000
649445.000000
518903.000000
275713.000000
866658.000000
1151611.000000
1099143.000000
606722.000000
919712.000000
1081728.000000
942142.000000
742186.000000
371732.000000
486183.000000
295323.000000
498376.000000
300132.000000
240266.000000
108054.000000
418013.000000
621051.000000
1091590.000000
884603.000000
971911.000000
461076.000000
746405.000000
415827.000000
1058215.000000
1003407.000000
144670.000000
197242.000000
465878.000000
803357.000000
1019853.000000
355140.000000
413651.000000
738901.000000
1098132.000000
111736.000000
1004043.000000
377939.000000
1014283.000000
403138.000000
494904.000000
440512.000000
1073418.000000
605877.000000
664824.000000
273525.000000
598466.000000
1010457.000000
932279.000000
448242.000000
969502.000000
993516.000000
1050276.000000
948246.000000
224284.000000
697819.000000
122888.000000
735022.000000
363887.000000
197416.000000
632869.000000
757079.000000
350380.000000
1145006.000000
751328.000000
419778.000000
872219.000000
6200.000000
401314.000000
941896.000000
826480.000000
1085342.000000
413272.000000
995788.000000
198072.000000
113144.000000
1112635.000000
309532.000000
929061.000000
616089.000000
1003714.000000
1045547.000000
572051.000000
406761.000000
977978.000000
120536.000000
968578.000000
440104.000000
289776.000000
1015789.000000
445301.000000
988728.000000
196646.000000
660433.000000
980010.000000
682866.000000
991509.000000
188157.000000
1002076.000000
914342.000000
663716.000000
1088720.000000
703656.000000
278147.000000
907682.000000
1043745.000000
1053544.000000
263462.000000
168169.000000
741779.000000
820398.000000
1131509.000000
268377.000000
530913.000000
403625.000000
392172.000000
447455.000000
322951.000000
644387.000000
227148.000000
1003784.000000
942593.000000
1167031.000000
408443.000000
874886.000000
819408.000000
547569.000000
512658.000000
418262.000000
345213.000000
506806.000000
127005.000000
1014105.000000
1022894.000000
905135.000000
754542.000000
554604.000000
225741.000000
691802.000000
993165.000000
1069252.000000
213453.000000
966676.000000
565289.000000
1057873.000000
1049976.000000
270825.000000
540597.000000
672362.000000
1117637.000000
462138.000000
236642.000000
835735.000000
341993.000000
433620.000000
277177.000000
1163452.000000
458145.000000
478540.000000
391901.000000
1082784.000000
1047313.000000
259048.000000
1171234.000000
332256.000000
571721.000000
407324.000000
317628.000000
732226.000000
408111.000000
867277.000000
742374.000000
360297.000000
954529.000000
371037.000000
174335.000000
917830.000000
933168.000000
1023959.000000
869017.000000
320427.000000
541011.000000
201583.000000
1066180.000000
1050189.000000
430853.000000
397428.000000
1059246.000000
246209.000000
1075521.000000
890537.000000
754467.000000
929466.000000
712133.000000
104803.000000
811686.000000
720397.000000
278171.000000
613145.000000
1134104.000000
651443.000000
957487.000000
897175.000000
512541.000000
446682.000000
531170.000000
886645.000000
396164.000000
969451.000000
833965.000000
493578.000000
415578.000000
429691.000000
630410.000000
663791.000000
624166.000000
388614.000000
696136.000000
561353.000000
1038871.000000
916095.000000
146992.000000
1000203.000000
467521.000000
532542.000000
725182.000000
853000.000000
557767.000000
274491.000000
881363.000000
335598.000000
1126910.000000
846264.000000
374327.000000
1116428.000000
272740.000000
665744.000000
434679.000000
1077527.000000
311040.000000
999216.000000
831888.000000
925430.000000
41994.000000
848511.000000
310746.000000
279521.000000
722776.000000
720364.000000
1061683.000000
1064507.000000
360457.000000
345262.000000
633536.000000
293873.000000
375932.000000
483528.000000
874090.000000
1107214.000000
951943.000000
722112.000000
88234.000000
1049783.000000
193980.000000
198835.000000
597794.000000
999784.000000
718655.000000
780902.000000
593951.000000
937588.000000
586530.000000
823785.000000
890578.000000
890776.000000
398610.000000
237529.000000
799462.000000
467478.000000
124862.000000
206979.000000
342037.000000
872611.000000
664695.000000
996813.000000
345858.000000
201810.000000
396481.000000
52882.000000
469994.000000
1087105.000000
942030.000000
227397.000000
831706.000000
274104.000000
1161664.000000
288036.000000
609873.000000
359924.000000
1048807.000000
848188.000000
633079.000000
301250.000000
956964.000000
538903.000000
491273.000000
943019.000000
600781.000000
603184.000000
443122.000000
303932.000000
728837.000000
317367.000000
443592.000000
949598.000000
379599.000000
989167.000000
872857.000000
424634.000000
308950.000000
986551.000000
408036.000000
399680.000000
614921.000000
879995.000000
503647.000000
996836.000000
893477.000000
143704.000000
839264.000000
360572.000000
1197006.000000
864680.000000
845816.000000
614977.000000
984382.000000
554242.000000
563164.000000
1051297.000000
260560.000000
768134.000000
924621.000000
325701.000000
297663.000000
442601.000000
998477.000000
649278.000000
371013.000000
442918.000000
415800.000000
745580.000000
803871.000000
284004.000000
783286.000000
649489.000000
829714.000000
1001947.000000
918113.000000
1071755.000000
320343.000000
516036.000000
840496.000000
1043810.000000
385361.000000
318834.000000
704249.000000
865568.000000
894824.000000
1190852.000000
671237.000000
564452.000000
628303.000000
209352.000000
417139.000000
820232.000000
1086862.000000
1046427.000000
1000112.000000
423580.000000
871693.000000
335333.000000
204479.000000
676331.000000
1008460.000000
737953.000000
657121.000000
162935.000000
191500.000000
412496.000000
1050573.000000
345786.000000
319322.000000
357772.000000
490154.000000
443246.000000
1045611.000000
1132010.000000
646948.000000
188665.000000
344691.000000
326759.000000
308260.000000
950587.000000
550529.000000
607842.000000
378237.000000
859564.000000
1049162.000000
898559.000000
356657.000000
1115351.000000
966476.000000
1035902.000000
910081.000000
964282.000000
1138498.000000
543982.000000
683724.000000
436676.000000
449889.000000
969727.000000
90616.000000
723421.000000
808125.000000
1128370.000000
354834.000000
736491.000000
522774.000000
121448.000000
165881.000000
995021.000000
411559.000000
566572.000000
330247.000000
878395.000000
612737.000000
614336.000000
1080697.000000
450154.000000
929346.000000
269949.000000
589714.000000
401841.000000
294125.000000
983487.000000
1070460.000000
1082427.000000
947219.000000
747586.000000
713070.000000
949264.000000
266451.000000
340661.000000
837336.000000
407436.000000
436373.000000
567072.000000
318732.000000
670159.000000
899605.000000
431556.000000
540162.000000
1052198.000000
269194.000000
363216.000000
420641.000000
607206.000000
616417.000000
807871.000000
185437.000000
292408.000000
485134.000000
268265.000000
513520.000000
1032650.000000
439874.000000
125484.000000
1008742.000000
681292.000000
519734.000000
446811.000000
738282.000000
967966.000000
302420.000000
553827.000000
358318.000000
438130.000000
956534.000000
802291.000000
757165.000000
875992.000000
1060891.000000
955796.000000
459736.000000
1081126.000000
972047.000000
977797.000000
386725.000000
930905.000000
351118.000000
1178784.000000
154380.000000
94698.000000
336132.000000
925272.000000
864904.000000
830215.000000
295079.000000
514219.000000
1180060.000000
958669.000000
110099.000000
995328.000000
957003.000000
420492.000000
273678.000000
1053744.000000
850703.000000
379508.000000
99428.000000
1015266.000000
1043170.000000
994019.000000
587668.000000
709276.000000
855038.000000
668069.000000
1073872.000000
808968.000000
1080482.000000
1011203.000000
975417.000000
520180.000000
421356.000000
1003073.000000
905738.000000
554205.000000
928204.000000
567023.000000
674636.000000
581156.000000
320591.000000
784655.000000
753012.000000
495103.000000
660304.000000
681275.000000
500930.000000
522698.000000
452375.000000
673158.000000
70000.000000
366115.000000
459551.000000
386112.000000
348077.000000
351731.000000
469045.000000
1127146.000000
1010254.000000
511138.000000
263513.000000
840184.000000
219639.000000
26010.000000
81388.000000
1038392.000000
259953.000000
945004.000000
934426.000000
369442.000000
444291.000000
875156.000000
432015.000000
1009959.000000
845813.000000
930703.000000
1040596.000000
662026.000000
242391.000000
460953.000000
589320.000000
259962.000000
970158.000000
605131.000000
333440.000000
394054.000000
533852.000000
396521.000000
1085974.000000
649230.000000
142635.000000
806629.000000
482977.000000
347186.000000
241893.000000
966949.000000
417609.000000
763510.000000
913299.000000
137596.000000
518754.000000
1023009.000000
434485.000000
413272.000000
137394.000000
32248.000000
284904.000000
878877.000000
539650.000000
1107675.000000
379913.000000
425067.000000
934586.000000
635030.000000
276878.000000
440981.000000
293392.000000
347565.000000
243396.000000
1053605.000000
289465.000000
861242.000000
1004221.000000
185365.000000
854015.000000
1040923.000000
357133.000000
1062831.000000
234748.000000
615821.000000
441588.000000
737624.000000
599030.000000
843014.000000
242869.000000
1005916.000000
336350.000000
1075018.000000
512934.000000
383165.000000
686691.000000
419697.000000
1104412.000000
582625.000000
841679.000000
501321.000000
220849.000000
275773.000000
280399.000000
253157.000000
460026.000000
438084.000000
742042.000000
1087057.000000
573190.000000
757347.000000
696684.000000
944271.000000
898565.000000
1223717.000000
1010659.000000
1017328.000000
459783.000000
448180.000000
285603.000000
1125605.000000
907526.000000
420455.000000
705860.000000
333636.000000
829753.000000
992956.000000
346483.000000
846569.000000
375578.000000
480080.000000
745158.000000
279784.000000
883439.000000
206510.000000
433422.000000
951431.000000
1037416.000000
804542.000000
480401.000000
126038.000000
465087.000000
446512.000000
984636.000000
933017.000000
1026844.000000
695088.000000
367117.000000
476692.000000
775736.000000
948307.000000
709808.000000
988345.000000
1050440.000000
1003451.000000
635043.000000
1030510.000000
523800.000000
950867.000000
185583.000000
415983.000000
335174.000000
80881.000000
1059883.000000
363107.000000
480312.000000
562938.000000
215793.000000
314350.000000
201895.000000
495709.000000
247353.000000
656328.000000
441483.000000
275225.000000
671659.000000
395837.000000
873346.000000
911489.000000
93744.000000
954322.000000
980131.000000
279287.000000
814254.000000
245542.000000
581387.000000
384165.000000
911347.000000
998859.000000
361152.000000
920214.000000
988820.000000
182444.000000
758627.000000
902018.000000
416296.000000
268315.000000
203162.000000
567781.000000
362185.000000
423993.000000
995325.000000
945117.000000
163343.000000
871551.000000
787835.000000
187660.000000
406888.000000
510681.000000
253646.000000
1038293.000000
547086.000000
547313.000000
1082993.000000
457687.000000
400038.000000
960969.000000
638139.000000
278978.000000
957828.000000
391271.000000
1137179.000000
314483.000000
287276.000000
946412.000000
160904.000000
1196516.000000
266929.000000
369979.000000
923140.000000
635464.000000
466454.000000
927596.000000
519070.000000
572523.000000
69996.000000
374034.000000
345671.000000
391331.000000
440888.000000
399408.000000
1071370.000000
389415.000000
321692.000000
423441.000000
268590.000000
368608.000000
458008.000000
768362.000000
230262.000000
172028.000000
640940.000000
282706.000000
1019095.000000
342015.000000
713778.000000
1032950.000000
629700.000000
390582.000000
564647.000000
575130.000000
631543.000000
789925.000000
941932.000000
275915.000000
1071779.000000
848139.000000
941335.000000
572187.000000
487847.000000
181308.000000
754177.000000
893950.000000
960872.000000
237860.000000
764250.000000
488287.000000
676982.000000
266020.000000
334894.000000
532467.000000
383802.000000
180733.000000
153874.000000
1051479.000000
343022.000000
300433.000000
311024.000000
545632.000000
335961.000000
521020.000000
795160.000000
492934.000000
251516.000000
961612.000000
179604.000000
177899.000000
1198852.000000
114351.000000
503449.000000
337958.000000
291706.000000
103847.000000
1029792.000000
663777.000000
760187.000000
919725.000000
1143149.000000
1054240.000000
416890.000000
923213.000000
503892.000000
1040946.000000
509993.000000
1136888.000000
452969.000000
919447.000000
898651.000000
457237.000000
275283.000000
430871.000000
1113992.000000
658666.000000
389054.000000
1149377.000000
103249.000000
737037.000000
972259.000000
796475.000000
411792.000000
854483.000000
591898.000000
228693.000000
871829.000000
248152.000000
1008448.000000
251989.000000
209097.000000
397953.000000
426073.000000
786773.000000
466993.000000
383968.000000
371358.000000
511507.000000
1086257.000000
268205.000000
811074.000000
283182.000000
378226.000000
327795.000000
1126018.000000
310878.000000
578969.000000
325241.000000
134518.000000
901528.000000
1049338.000000
140043.000000
210433.000000
469823.000000
927713.000000
278778.000000
961844.000000
407740.000000
370822.000000
1024807.000000
560079.000000
379217.000000
473283.000000
115845.000000
1115010.000000
1143666.000000
641250.000000
1031535.000000
1012580.000000
280269.000000
1018347.000000
413467.000000
370346.000000
605278.000000
649951.000000
401596.000000
296547.000000
647207.000000
203933.000000
1016716.000000
902029.000000
301577.000000
865882.000000
805392.000000
333554.000000
598497.000000
161194.000000
550690.000000
1063936.000000
1063727.000000
445140.000000
951536.000000
1040759.000000
893519.000000
962388.000000
530774.000000
362930.000000
1090221.000000
441035.000000
723363.000000
490997.000000
571077.000000
528864.000000
419779.000000
1009013.000000
549933.000000
119586.000000
1022502.000000
1064219.000000
210352.000000
1106164.000000
576113.000000
1064739.000000
362694.000000
962098.000000
592306.000000
829873.000000
970045.000000
1017973.000000
254369.000000
470726.000000
341401.000000
988656.000000
494225.000000
1144785.000000
1026368.000000
415883.000000
358714.000000
520676.000000
599855.000000
304499.000000
1073121.000000
493860.000000
416859.000000
616008.000000
419474.000000
727110.000000
153117.000000
627453.000000
817698.000000
473095.000000
566743.000000
977319.000000
379122.000000
428285.000000
529081.000000
239031.000000
449013.000000
695749.000000
149696.000000
79604.000000
988192.000000
354751.000000
527377.000000
1080197.000000
487635.000000
175757.000000
332039.000000
259755.000000
400305.000000
762050.000000
217817.000000
378212.000000
725307.000000
948509.000000
521976.000000
591301.000000
414925.000000
408853.000000
1011269.000000
929048.000000
1000753.000000
1174333.000000
689809.000000
434411.000000
1125560.000000
677230.000000
532254.000000
876799.000000
220047.000000
335857.000000
953595.000000
259250.000000
887622.000000
142781.000000
1178992.000000
420077.000000
351451.000000
1108965.000000
185814.000000
706673.000000
242446.000000
439080.000000
1006572.000000
436354.000000
119059.000000
837238.000000
908179.000000
1002796.000000
201857.000000
345201.000000
563646.000000
658181.000000
1041743.000000
872707.000000
937945.000000
1084463.000000
217745.000000
359525.000000
416907.000000
84599.000000
427556.000000
406052.000000
375109.000000
624825.000000
1105286.000000
958263.000000
990650.000000
1029774.000000
893521.000000
387227.000000
385250.000000
427095.000000
160960.000000
94612.000000
971434.000000
1061570.000000
822608.000000
721249.000000
1003782.000000
936972.000000
924913.000000
918249.000000
248565.000000
601483.000000
406453.000000
413217.000000
424096.000000
530990.000000
446336.000000
269277.000000
206288.000000
263814.000000
805446.000000
996689.000000
989577.000000
224847.000000
365673.000000
398315.000000
934775.000000
123143.000000
299527.000000
1000429.000000
953394.000000
806467.000000
678371.000000
919012.000000
786433.000000
626101.000000
1127002.000000
824238.000000
1103332.000000
435178.000000
931474.000000
337626.000000
1008847.000000
294704.000000
784796.000000
438973.000000
920425.000000
555631.000000
284773.000000
279676.000000
646606.000000
354065.000000
539699.000000
276103.000000
378864.000000
370436.000000
420386.000000
622427.000000
859073.000000
1143723.000000
455576.000000
402965.000000
231670.000000
608128.000000
307298.000000
348490.000000
346947.000000
327879.000000
287422.000000
395623.000000
953262.000000
891577.000000
431447.000000
972470.000000
963866.000000
464619.000000
335024.000000
737935.000000
445184.000000
581015.000000
339774.000000
1104788.000000
270831.000000
97570.000000
403601.000000
643137.000000
938690.000000
248428.000000
883112.000000
355449.000000
439999.000000
913699.000000
1043143.000000
371431.000000
770767.000000
1047422.000000
745694.000000
959263.000000
278550.000000
600586.000000
260420.000000
276187.000000
526915.000000
275941.000000
370828.000000
327918.000000
254807.000000
271835.000000
448268.000000
1177397.000000
431165.000000
895222.000000
832199.000000
1061601.000000
604809.000000
643153.000000
1055366.000000
644299.000000
428491.000000
368918.000000
112821.000000
160562.000000
633694.000000
1158857.000000
784958.000000
772855.000000
953344.000000
327484.000000
1228314.000000
1158637.000000
744681.000000
746811.000000
721103.000000
442711.000000
1157662.000000
915804.000000
637354.000000
499844.000000
889835.000000
903143.000000
565409.000000
482591.000000
360080.000000
599821.000000
211641.000000
1220617.000000
939240.000000
344381.000000
233345.000000
1128456.000000
657731.000000
432451.000000
520168.000000
1015365.000000
253104.000000
573806.000000
655394.000000
911832.000000
1043954.000000
695798.000000
79943.000000
399222.000000
779360.000000
895458.000000
771792.000000
453246.000000
336503.000000
1033892.000000
185457.000000
956728.000000
740659.000000
1055187.000000
558896.000000
336718.000000
570450.000000
977590.000000
868248.000000
394246.000000
766513.000000
1024195.000000
92613.000000
409590.000000
913562.000000
796704.000000
489296.000000
942533.000000
631487.000000
1106965.000000
227870.000000
568890.000000
222899.000000
619604.000000
567328.000000
147248.000000
300198.000000
802471.000000
967566.000000
410326.000000
999445.000000
428898.000000
519097.000000
716823.000000
965815.000000
206203.000000
992157.000000
867871.000000
550218.000000
450752.000000
490981.000000
491572.000000
794294.000000
388495.000000
391578.000000
1085719.000000
657447.000000
1027149.000000
487127.000000
367875.000000
275197.000000
1105246.000000
1056544.000000
372240.000000
903760.000000
1057612.000000
183175.000000
975089.000000
548250.000000
641741.000000
952867.000000
653452.000000
975536.000000
154322.000000
1127755.000000
295282.000000
720108.000000
191880.000000
614750.000000
969236.000000
1185488.000000
958507.000000
345278.000000
958243.000000
991875.000000
1016444.000000
707076.000000
235208.000000
1091018.000000
1068465.000000
104498.000000
479256.000000
1009378.000000
556836.000000
1080174.000000
944148.000000
348611.000000
539279.000000
1001807.000000
448455.000000
307284.000000
439442.000000
300309.000000
152798.000000
686921.000000
946924.000000
957788.000000
766662.000000
149845.000000
702159.000000
1122233.000000
962775.000000
936426.000000
1053647.000000
574815.000000
330578.000000
1076220.000000
265740.000000
736940.000000
298979.000000
559286.000000
344043.000000
501974.000000
556595.000000
1037722.000000
936297.000000
546544.000000
256547.000000
525329.000000
952485.000000
473105.000000
416237.000000
642918.000000
869003.000000
265015.000000
598486.000000
367285.000000
910837.000000
771988.000000
1035292.000000
897403.000000
716682.000000
915870.000000
706702.000000
980747.000000
515774.000000
262800.000000
1042074.000000
454864.000000
908513.000000
816393.000000
974834.000000
968569.000000
424850.000000
975751.000000
732342.000000
940748.000000
869981.000000
573023.000000
685932.000000
209594.000000
705673.000000
1066657.000000
994476.000000
93494.000000
834282.000000
418326.000000
857888.000000
691097.000000
1107460.000000
714034.000000
1227465.000000
1085446.000000
1071277.000000
627566.000000
238114.000000
408003.000000
762789.000000
278894.000000
440097.000000
447636.000000
1005122.000000
329521.000000
432640.000000
355201.000000
914524.000000
407934.000000
189725.000000
806227.000000
315412.000000
612229.000000
1101921.000000
934868.000000
319514.000000
846021.000000
891258.000000
500423.000000
978872.000000
615146.000000
216066.000000
1000228.000000
299275.000000
1032937.000000
1157763.000000
1014687.000000
1000588.000000
170753.000000
651598.000000
732225.000000
1065313.000000
231842.000000
969382.000000
