0.000000
0.000000
0.000000
0.000000
0.000000
0.000000
0.000000
0.000000
0.000000
0.000000
0.000000
0.000000
0.000000
0.000000
0.000000
0.000000
0.000000
0.000000
0.000000
0.000000
0.000000
0.000000
0.000000
0.000000
0.000000
0.000000
0.000000
0.000000
0.000000
0.000000
0.000000
0.000000
0.000000
0.000000
0.000000
0.000000
0.000000
0.000000
0.000000
0.000000
0.000000
0.000000
0.000000
0.000000
0.000000
0.000000
0.000000
0.000000
0.000000
0.000000
0.000000
0.000000
0.000000
0.000000
0.000000
0.000000
0.000000
0.000000
0.000000
0.000000
0.000000
0.000000
0.000000
0.000000
0.000000
0.000000
0.000000
0.000000
0.000000
0.000000
0.000000
0.000000
0.000000
0.000000
0.000000
0.000000
0.000000
0.000000
0.000000
0.000000
0.000000
0.000000
0.000000
0.000000
0.000000
0.000000
0.000000
0.000000
0.000000
0.000000
0.000000
0.000000
0.000000
0.000000
0.000000
0.000000
0.000000
0.000000
0.000000
0.000000
0.000000
0.000000
0.000000
0.000000
0.000000
0.000000
0.000000
0.000000
0.000000
0.000000
0.000000
0.000000
0.000000
0.000000
0.000000
0.000000
0.000000
0.000000
0.000000
0.000000
0.000000
0.000000
0.000000
0.000000
0.000000
0.000000
0.000000
0.000000
0.000000
0.000000
0.000000
0.000000
0.000000
0.000000
0.000000
0.000000
0.000000
0.000000
0.000000
0.000000
0.000000
0.000000
0.000000
0.000000
0.000000
0.000000
0.000000
0.000000
0.000000
0.000000
0.000000
0.000000
0.000000
0.000000
0.000000
0.000000
0.000000
0.000000
0.000000
0.000000
0.000000
0.000000
0.000000
0.000000
0.000000
0.000000
0.000000
0.000000
0.000000
0.000000
0.000000
0.000000
0.000000
0.000000
0.000000
0.000000
0.000000
0.000000
0.000000
0.000000
0.000000
0.000000
0.000000
0.000000
0.000000
0.000000
0.000000
0.000000
0.000000
0.000000
0.000000
0.000000
0.000000
0.000000
0.000000
0.000000
0.000000
0.000000
0.000000
0.000000
0.000000
0.000000
0.000000
0.000000
0.000000
0.000000
0.000000
0.000000
0.000000
0.000000
0.000000
0.000000
0.000000
0.000000
0.000000
0.000000
0.000000
0.000000
0.000000
0.000000
0.000000
0.000000
0.000000
0.000000
0.000000
0.000000
0.000000
0.000000
0.000000
0.000000
0.000000
0.000000
0.000000
0.000000
0.000000
0.000000
0.000000
0.000000
0.000000
0.000000
0.000000
0.000000
0.000000
0.000000
0.000000
0.000000
0.000000
0.000000
0.000000
0.000000
0.000000
0.000000
0.000000
0.000000
0.000000
0.000000
0.000000
0.000000
0.000000
0.000000
0.000000
0.000000
0.000000
0.000000
0.000000
0.000000
0.000000
0.000000
0.000000
0.000000
0.000000
0.000000
0.000000
0.000000
0.000000
0.000000
0.000000
0.000000
0.000000
0.000000
0.000000
0.000000
0.000000
0.000000
0.000000
0.000000
0.000000
0.000000
0.000000
0.000000
0.000000
0.000000
0.000000
0.000000
0.000000
0.000000
0.000000
0.000000
0.000000
0.000000
0.000000
0.000000
0.000000
0.000000
0.000000
0.000000
0.000000
0.000000
0.000000
0.000000
0.000000
0.000000
0.000000
0.000000
0.000000
0.000000
0.000000
0.000000
0.000000
0.000000
0.000000
0.000000
0.000000
0.000000
0.000000
0.000000
0.000000
0.000000
0.000000
0.000000
0.000000
0.000000
0.000000
0.000000
0.000000
0.000000
0.000000
0.000000
0.000000
0.000000
0.000000
0.000000
0.000000
0.000000
0.000000
0.000000
0.000000
0.000000
0.000000
0.000000
0.000000
0.000000
0.000000
0.000000
0.000000
0.000000
0.000000
0.000000
0.000000
0.000000
0.000000
0.000000
0.000000
0.000000
0.000000
0.000000
0.000000
0.000000
0.000000
0.000000
0.000000
0.000000
0.000000
0.000000
0.000000
0.000000
0.000000
0.000000
0.000000
0.000000
0.000000
0.000000
0.000000
0.000000
0.000000
0.000000
0.000000
0.000000
0.000000
0.000000
0.000000
0.000000
0.000000
0.000000
0.000000
0.000000
0.000000
0.000000
0.000000
0.000000
0.000000
0.000000
0.000000
0.000000
0.000000
0.000000
0.000000
0.000000
0.000000
0.000000
0.000000
0.000000
0.000000
0.000000
0.000000
0.000000
0.000000
0.000000
0.000000
0.000000
0.000000
0.000000
0.000000
0.000000
0.000000
0.000000
0.000000
0.000000
0.000000
0.000000
0.000000
0.000000
0.000000
233216555.000000
9510798.000000
16897963.000000
1016022.000000
361106.000000
617496.000000
406540.000000
611028.000000
353557.000000
253713.000000
122675.000000
492832.000000
781162.000000
9188512.000000
1460271.000000
7037852.000000
521629.000000
1481677.000000
554296.000000
2600907.000000
1784334.000000
121895.000000
192210.000000
570900.000000
3974743.000000
4723386.000000
382443.000000
505231.000000
1018923.000000
56326960.000000
130739.000000
42508001.000000
476951.000000
14669495.000000
375601.000000
631192.000000
403684.000000
15319897.000000
690401.000000
939482.000000
324548.000000
963905.000000
6208418.000000
4342226.000000
626800.000000
7323584.000000
3347216.000000
23394880.000000
27441764.000000
214229.000000
1061669.000000
114012.000000
2149976.000000
354235.000000
139421.000000
989746.000000
1481474.000000
434972.000000
7249411.000000
1057423.000000
490291.000000
7097363.000000
6186.000000
527443.000000
5358591.000000
5705229.000000
10674362.000000
412401.000000
3974066.000000
212753.000000
129114.000000
10096264.000000
287833.000000
4532062.000000
1352315.000000
23396313.000000
15818975.000000
624234.000000
428934.000000
6920959.000000
92413.000000
1974259.000000
514478.000000
306112.000000
5251124.000000
594513.000000
2079822.000000
242327.000000
898650.000000
3689584.000000
852224.000000
4610232.000000
241706.000000
2323258.000000
2539262.000000
959610.000000
8549127.000000
1539138.000000
268544.000000
1978207.000000
6639678.000000
11963814.000000
233666.000000
206162.000000
1246992.000000
2675639.000000
10813208.000000
240299.000000
654212.000000
452441.000000
509206.000000
537188.000000
330068.000000
795779.000000
225885.000000
8149879.000000
2017864.000000
7606769.000000
384894.000000
6089859.000000
8881916.000000
629266.000000
589554.000000
461475.000000
372493.000000
464366.000000
109110.000000
7937277.000000
3073812.000000
2640944.000000
1359528.000000
929884.000000
245110.000000
1148145.000000
5715074.000000
5219274.000000
221906.000000
11142273.000000
732029.000000
13295251.000000
15045917.000000
305637.000000
853534.000000
1112492.000000
11340566.000000
483908.000000
237457.000000
1581155.000000
405577.000000
601842.000000
242637.000000
10376868.000000
583834.000000
532636.000000
459921.000000
3344314.000000
23617212.000000
282414.000000
18779719.000000
343987.000000
660714.000000
341268.000000
319954.000000
879424.000000
541285.000000
1374808.000000
1318579.000000
369409.000000
3174694.000000
401596.000000
162572.000000
3120226.000000
3627884.000000
84159116.000000
3495487.000000
360856.000000
697937.000000
243912.000000
3210145.000000
7512945.000000
441438.000000
447873.000000
7564183.000000
203511.000000
67446535.000000
4579010.000000
1097659.000000
2250436.000000
1143238.000000
99279.000000
3373966.000000
1780901.000000
257422.000000
1103880.000000
27817499.000000
1279996.000000
11028995.000000
2699464.000000
751143.000000
554763.000000
681874.000000
4551595.000000
649167.000000
25158600.000000
5834372.000000
786627.000000
484932.000000
465925.000000
813285.000000
947840.000000
725530.000000
619338.000000
1100054.000000
704742.000000
2708920.000000
12725437.000000
140760.000000
5724337.000000
487109.000000
523813.000000
1047249.000000
2188443.000000
723477.000000
460070.000000
1994263.000000
367179.000000
3878757.000000
1464503.000000
406060.000000
15244245.000000
249672.000000
949403.000000
379460.000000
6178743.000000
342960.000000
3555729.000000
3023141.000000
3179047.000000
39899.000000
2728931.000000
332921.000000
291304.000000
1220717.000000
1176433.000000
3397153.000000
2668679.000000
453930.000000
383484.000000
728659.000000
316951.000000
445424.000000
519839.000000
25228575.000000
141362749.000000
6707541.000000
1024020.000000
82391.000000
2727079.000000
174528.000000
223647.000000
818512.000000
4946163.000000
968544.000000
1394276.000000
827396.000000
13066134.000000
921200.000000
1873610.000000
5184438.000000
1487031.000000
464693.000000
174937.000000
1468744.000000
607150.000000
170523.000000
171031.000000
421664.000000
4210802.000000
906255.000000
14866458.000000
365634.000000
238529.000000
465940.000000
83109.000000
497725.000000
5260317.000000
4039261.000000
230243.000000
4801562.000000
310065.000000
8270645.000000
353422.000000
846042.000000
369837.000000
12483038.000000
4458284.000000
984248.000000
368956.000000
1779898.000000
618355.000000
510804.000000
11173486.000000
875890.000000
736492.000000
539788.000000
364769.000000
1326444.000000
360150.000000
475467.000000
10505850.000000
404551.000000
6278199.000000
5055017.000000
457592.000000
365199.000000
8154367.000000
508026.000000
430938.000000
825971.000000
1661214.000000
558671.000000
4203388.000000
4705617.000000
158458.000000
3484748.000000
457985.000000
2539106.000000
5021781.000000
1492345.000000
846778.000000
7391776.000000
714177.000000
617028.000000
8158839.000000
326403.000000
1830291.000000
3869769.000000
364604.000000
325515.000000
453006.000000
6655911.000000
766036.000000
435199.000000
543678.000000
425322.000000
1259604.000000
2205949.000000
314455.000000
1228545.000000
986652.000000
1538851.000000
15972511.000000
3991151.000000
17398147.000000
506097.000000
560551.000000
1483105.000000
10985863.000000
424044.000000
351601.000000
996577.000000
9525062.000000
5794136.000000
8029498.000000
1154658.000000
744238.000000
791961.000000
205659.000000
495923.000000
1531056.000000
9622108.000000
11865725.000000
8901471.000000
453186.000000
6051831.000000
313587.000000
247358.000000
852437.000000
3226658.000000
1335045.000000
910370.000000
181447.000000
232996.000000
405985.000000
13352937.000000
231007.000000
352937.000000
413455.000000
531312.000000
575670.000000
26722417.000000
13061098.000000
843143.000000
174296.000000
368365.000000
331638.000000
310845.000000
8429104.000000
799859.000000
989748.000000
361734.000000
1960552.000000
33395964.000000
2452712.000000
431947.000000
5727201.000000
24363831.000000
9550841.000000
4987645.000000
4412362.000000
7992389.000000
711906.000000
995465.000000
450243.000000
413494.000000
11960297.000000
66064.000000
939135.000000
1371743.000000
6216190.000000
346502.000000
1149545.000000
574292.000000
136739.000000
205827.000000
5196877.000000
460232.000000
744256.000000
384062.000000
1685545.000000
988544.000000
824454.000000
4389416.000000
410323.000000
20186970.000000
312274.000000
760168.000000
444000.000000
312699.000000
2597414.000000
3764290.000000
4549162.000000
1577064.000000
1285850.000000
2087820.000000
8084105.000000
285931.000000
329063.000000
8000083.000000
485784.000000
667973.000000
767567.000000
350577.000000
981765.000000
6470296.000000
443378.000000
676502.000000
138291395.000000
295300.000000
444982.000000
518821.000000
705934.000000
879679.000000
5138290.000000
194801.000000
308457.000000
525151.000000
256670.000000
650370.000000
8411995.000000
453195.000000
149064.000000
6603495.000000
1310332.000000
567916.000000
472109.000000
1423168.000000
5080553.000000
260779.000000
713524.000000
473737.000000
472414.000000
4701926.000000
1344057.000000
1692849.000000
2640680.000000
10423679.000000
5943065.000000
578866.000000
12917754.000000
2981471.000000
5360909.000000
411257.000000
6903182.000000
397433.000000
12329407.000000
201489.000000
60731.000000
530795.000000
23803935.000000
1770697.000000
1545061.000000
323824.000000
496813.000000
9820319.000000
5720396.000000
129870.000000
4697858.000000
8174499.000000
456649.000000
280046.000000
3408914.000000
1160880.000000
371136.000000
99048.000000
4205294.000000
2360840.000000
8149730.000000
682203.000000
3704288.000000
1791516.000000
2333548.000000
3692523.000000
1713576.000000
44616734.000000
22057775.000000
38740814.000000
577093.000000
505581.000000
12772617.000000
1671477.000000
614460.000000
2197548.000000
811040.000000
971607.000000
925726.000000
368573.000000
1140532.000000
1381452.000000
542072.000000
811769.000000
1107183.000000
677177.000000
615838.000000
411383.000000
974209.000000
43072.000000
462630.000000
453999.000000
363257.000000
318824.000000
483034.000000
518340.000000
17763811.000000
4585031.000000
583305.000000
206108.000000
2828697.000000
166677.000000
44033.000000
90601.000000
54872163.000000
310439.000000
4345548.000000
6744671.000000
514251.000000
501394.000000
2193953.000000
407394.000000
15986834.000000
1922522.000000
1995166.000000
5183353.000000
810689.000000
263064.000000
615305.000000
721527.000000
304033.000000
13110558.000000
756227.000000
350736.000000
484116.000000
602515.000000
531100.000000
9614210.000000
837517.000000
113336.000000
1763770.000000
566304.000000
312180.000000
291805.000000
6282566.000000
420308.000000
1348306.000000
4982937.000000
192996.000000
527029.000000
7833372.000000
419624.000000
528222.000000
142543.000000
43239.000000
280080.000000
3430245.000000
788081.000000
6264105.000000
431737.000000
422924.000000
4807306.000000
911717.000000
241248.000000
496956.000000
327859.000000
323677.000000
247579.000000
10373309.000000
334277.000000
5638914.000000
6487950.000000
194343.000000
1428710.000000
10924020.000000
482296.000000
6646518.000000
263783.000000
724447.000000
497180.000000
1322031.000000
1073337.000000
1796097.000000
198348.000000
8504771.000000
413348.000000
4909447.000000
547695.000000
423163.000000
1066199.000000
429028.000000
3279471.000000
891079.000000
2652942.000000
686346.000000
206155.000000
286569.000000
290663.000000
295877.000000
472471.000000
469297.000000
1704380.000000
21081525.000000
711416.000000
5527388.000000
985074.000000
2334741.000000
3572991.000000
17651120.000000
5772768.000000
3186065.000000
515975.000000
515459.000000
326144.000000
12149472.000000
6511604.000000
519512.000000
1045382.000000
292300.000000
3173997.000000
55147454.000000
508701.000000
4635979.000000
517613.000000
453292.000000
1167829.000000
255060.000000
1612765.000000
214764.000000
530576.000000
4983388.000000
7376569.000000
4883780.000000
695646.000000
138805.000000
454786.000000
525873.000000
7862713.000000
7350114.000000
11165839.000000
1014630.000000
446788.000000
550607.000000
909131.000000
47143329.000000
1179723.000000
4513151.000000
4444134.000000
6152986.000000
860926.000000
9195253.000000
632346.000000
2232586.000000
214264.000000
396445.000000
482819.000000
78979.000000
19848044.000000
419748.000000
594085.000000
636199.000000
195283.000000
316757.000000
213818.000000
611916.000000
241150.000000
1016464.000000
516664.000000
237642.000000
1518564.000000
449514.000000
1313164.000000
5226967.000000
84261.000000
4141755.000000
10544732.000000
272503.000000
1692504.000000
239288.000000
728935.000000
394249.000000
6161726.000000
19187173.000000
346314.000000
8969369.000000
12375941.000000
177292.000000
1578064.000000
4366449.000000
447559.000000
324575.000000
204000.000000
764030.000000
470266.000000
534163.000000
5847682.000000
4919067.000000
196436.000000
4359719.000000
1216999.000000
238853.000000
439559.000000
603092.000000
277194.000000
3640439.000000
1239841.000000
770731.000000
152021276.000000
530781.000000
373406.000000
4554097.000000
934815.000000
273067.000000
10692370.000000
414935.000000
15682138.000000
310986.000000
339928.000000
2786588.000000
179066.000000
7623297.000000
314625.000000
398091.000000
36202662.000000
1193950.000000
611358.000000
2837041.000000
668748.000000
752435.000000
72948.000000
421445.000000
369837.000000
457734.000000
499567.000000
453660.000000
13572240.000000
434012.000000
334429.000000
426860.000000
321041.000000
511909.000000
533950.000000
2510778.000000
255263.000000
135369.000000
774909.000000
328463.000000
2497668.000000
332137.000000
963813.000000
6799003.000000
719309.000000
437523.000000
710058.000000
769971.000000
1129747.000000
1275110.000000
2476496.000000
365987.000000
4276021.000000
2459755.000000
2230422.000000
767853.000000
475601.000000
191727.000000
1114655.000000
6081584.000000
66542081.000000
254697.000000
1109003.000000
658647.000000
1244310.000000
185221.000000
369816.000000
604699.000000
464166.000000
165450.000000
147757.000000
34322105.000000
481579.000000
381354.000000
281285.000000
578888.000000
386790.000000
650469.000000
1231108.000000
512431.000000
233238.000000
4021646.000000
199247.000000
196419.000000
7381821.000000
138844.000000
474515.000000
363637.000000
320681.000000
93474.000000
4822423.000000
1040312.000000
1016075.000000
2586004.000000
2595895.000000
8806699.000000
373279.000000
15152650.000000
524967.000000
5911319.000000
573137.000000
6221402.000000
572753.000000
19434089.000000
4066528.000000
473664.000000
294892.000000
501615.000000
9085337.000000
878747.000000
526810.000000
6583382.000000
115388.000000
1241574.000000
20011784.000000
1328105.000000
579878.000000
2509890.000000
642682.000000
259992.000000
1880484.000000
240506.000000
4893679.000000
358925.000000
219892.000000
516733.000000
512731.000000
1426181.000000
668626.000000
359419.000000
386545.000000
598700.000000
121392815.000000
234228.000000
1837257.000000
283167.000000
485819.000000
305471.000000
11936617.000000
338442.000000
1033357.000000
233106.000000
104875.000000
1870616.000000
11258499.000000
128421.000000
196329.000000
542394.000000
27097231.000000
299202.000000
3527917.000000
398070.000000
385798.000000
20290135.000000
650789.000000
454831.000000
597880.000000
128493.000000
4533585.000000
26338708.000000
750458.000000
47301663.000000
8353533.000000
282704.000000
5140612.000000
481238.000000
454697.000000
824221.000000
939308.000000
385838.000000
312618.000000
856778.000000
278635.000000
10747573.000000
1864911.000000
278248.000000
4008739.000000
4358796.000000
305410.000000
695313.000000
161610.000000
696664.000000
6883281.000000
28390707.000000
548299.000000
4444806.000000
3488883.000000
10668400.000000
7895640.000000
518966.000000
436101.000000
13997218.000000
597979.000000
1151528.000000
563317.000000
754905.000000
696586.000000
491796.000000
13155122.000000
825005.000000
108085.000000
8625014.000000
8578207.000000
169820.000000
10413333.000000
871456.000000
14992036.000000
501752.000000
4237548.000000
802310.000000
1364531.000000
26929759.000000
21686393.000000
320306.000000
439007.000000
406416.000000
9621119.000000
698627.000000
18428431.000000
15144291.000000
506244.000000
577106.000000
595648.000000
960992.000000
335503.000000
12997946.000000
665982.000000
579642.000000
762810.000000
676164.000000
1042256.000000
127668.000000
780042.000000
1609339.000000
512649.000000
974177.000000
5125207.000000
449096.000000
456136.000000
563065.000000
299598.000000
482086.000000
1031866.000000
150638.000000
91437.000000
2762072.000000
536101.000000
546465.000000
6812436.000000
776000.000000
218627.000000
440632.000000
291964.000000
432965.000000
3673331.000000
248613.000000
402608.000000
1141576.000000
6873736.000000
569721.000000
1112872.000000
497257.000000
462171.000000
3064409.000000
16663474.000000
3222428.000000
3101182.000000
1143633.000000
631739.000000
5476114.000000
852154.000000
865697.000000
1545454.000000
224910.000000
304893.000000
25558273.000000
337433.000000
5416161.000000
155817.000000
20449353.000000
549648.000000
355737.000000
10659686.000000
197146.000000
787173.000000
221957.000000
527891.000000
6469733.000000
478792.000000
173395.000000
1731444.000000
49148291.000000
8795659.000000
203805.000000
446379.000000
679655.000000
979339.000000
4435794.000000
8827330.000000
2103187.000000
6732078.000000
205152.000000
401093.000000
432830.000000
80722.000000
520774.000000
421161.000000
459622.000000
907518.000000
18664270.000000
7624338.000000
2438600.000000
12221245.000000
9014391.000000
369396.000000
484306.000000
458831.000000
240271.000000
78320.000000
16077420.000000
9124610.000000
3933517.000000
1072059.000000
138124284.000000
58258240.000000
1878885.000000
11152837.000000
221244.000000
687994.000000
483765.000000
444768.000000
558543.000000
665608.000000
502728.000000
232532.000000
179064.000000
270846.000000
2102435.000000
6015441.000000
13273862.000000
210831.000000
387806.000000
408874.000000
3039360.000000
131652.000000
365268.000000
4167710.000000
2536234.000000
1516072.000000
1334897.000000
4249030.000000
1099408.000000
948192.000000
6466530.000000
1485212.000000
7227970.000000
432520.000000
16145379.000000
426223.000000
4685591.000000
302636.000000
1499741.000000
524863.000000
6899596.000000
662241.000000
290957.000000
325671.000000
1008536.000000
424015.000000
690486.000000
321745.000000
534388.000000
395050.000000
553318.000000
1166244.000000
5311058.000000
12004542.000000
495676.000000
515116.000000
271984.000000
716669.000000
303309.000000
419871.000000
432652.000000
544407.000000
369250.000000
410918.000000
1727839.000000
3856865.000000
473449.000000
3110182.000000
2409695.000000
445799.000000
416349.000000
1066185.000000
422278.000000
651508.000000
356550.000000
14329792.000000
299291.000000
118624.000000
550141.000000
974201.000000
6585715.000000
281133.000000
4223863.000000
326271.000000
498316.000000
7476957.000000
5765211.000000
461051.000000
1519038.000000
37044677.000000
1706290.000000
7665724.000000
239243.000000
823704.000000
281343.000000
321485.000000
669763.000000
285879.000000
533928.000000
410054.000000
265775.000000
349510.000000
485953.000000
6700055.000000
466723.000000
1713957.000000
2624309.000000
46385216.000000
774425.000000
895801.000000
2433451.000000
782564.000000
491397.000000
485048.000000
116384.000000
153614.000000
767284.000000
8792639.000000
5300597.000000
1679268.000000
3424887.000000
297768.000000
75900115.000000
7120228.000000
1295090.000000
1352617.000000
2465782.000000
638657.000000
15869049.000000
3957474.000000
682949.000000
662619.000000
6639678.000000
1503156.000000
813920.000000
620207.000000
367911.000000
838490.000000
224644.000000
10495584.000000
17625793.000000
344022.000000
270046.000000
16292070.000000
1127057.000000
485891.000000
743959.000000
10572712.000000
294914.000000
806836.000000
898962.000000
2636286.000000
7212540.000000
1333949.000000
88462.000000
439142.000000
1278291.000000
6041120.000000
1267493.000000
684257.000000
328967.000000
6342884.000000
166768.000000
9244653.000000
928798.000000
42870107.000000
751804.000000
321311.000000
789389.000000
8663509.000000
1430577.000000
446043.000000
1057897.000000
3586332.000000
83256.000000
448075.000000
5469352.000000
1458859.000000
550789.000000
30700145.000000
803604.000000
34124148.000000
191293.000000
605862.000000
238840.000000
695505.000000
662034.000000
169162.000000
410297.000000
5487905.000000
1787319.000000
528459.000000
9329822.000000
449681.000000
754305.000000
1298684.000000
1726836.000000
192034.000000
11935979.000000
1875676.000000
751900.000000
565474.000000
510918.000000
725248.000000
1204502.000000
515385.000000
478393.000000
4072896.000000
832605.000000
13598000.000000
550749.000000
364083.000000
387942.000000
32642172.000000
25762804.000000
518293.000000
2583863.000000
49408054.000000
183772.000000
1700482.000000
601011.000000
898971.000000
9664481.000000
686324.000000
2092218.000000
151758.000000
56038870.000000
384494.000000
969880.000000
172444.000000
619708.000000
6030518.000000
14030963.000000
4750924.000000
434286.000000
2197255.000000
2186984.000000
3920605.000000
1029247.000000
257343.000000
13311034.000000
19103052.000000
119975.000000
679535.000000
34013019.000000
690339.000000
4673749.000000
9354103.000000
379773.000000
573666.000000
5844871.000000
413498.000000
281861.000000
456355.000000
291337.000000
159041.000000
865660.000000
10205333.000000
2030457.000000
1142542.000000
160307.000000
938560.000000
5600523.000000
2775081.000000
2427839.000000
2823324.000000
674040.000000
376630.000000
3928237.000000
254312.000000
1195929.000000
318763.000000
813875.000000
437890.000000
469543.000000
711607.000000
11947503.000000
1628288.000000
746287.000000
325457.000000
523225.000000
4568519.000000
635702.000000
423237.000000
789334.000000
2125091.000000
248449.000000
714258.000000
473858.000000
5699615.000000
1849934.000000
6466407.000000
13028657.000000
2365609.000000
6292195.000000
1464667.000000
12579714.000000
670769.000000
311905.000000
4041971.000000
420229.000000
1810474.000000
1278190.000000
11003606.000000
6568221.000000
399335.000000
9192455.000000
1530154.000000
6387994.000000
5482218.000000
764556.000000
1136007.000000
156315.000000
1089556.000000
23465519.000000
12414973.000000
95027.000000
1839062.000000
467153.000000
1577402.000000
1094126.000000
8268427.000000
1041250.000000
13988811.000000
4623782.000000
5161224.000000
747543.000000
260605.000000
388647.000000
1071334.000000
248471.000000
425330.000000
409438.000000
3974110.000000
431564.000000
567531.000000
344490.000000
3223808.000000
663935.000000
240753.000000
1430226.000000
369843.000000
977723.000000
44167438.000000
9462505.000000
348754.000000
1680632.000000
13543197.000000
573596.000000
4661289.000000
731603.000000
241925.000000
5531500.000000
351248.000000
17869103.000000
14429092.000000
15165770.000000
2482876.000000
172536.000000
977531.000000
1864956.000000
4921561.000000
222381.000000
6694170.000000
