0.000000
0.000000
0.000000
0.000000
0.000000
0.000000
0.000000
0.000000
0.000000
0.000000
0.000000
0.000000
0.000000
0.000000
0.000000
0.000000
0.000000
0.000000
0.000000
0.000000
0.000000
0.000000
0.000000
0.000000
0.000000
0.000000
0.000000
0.000000
0.000000
0.000000
0.000000
0.000000
0.000000
0.000000
0.000000
0.000000
0.000000
0.000000
0.000000
0.000000
0.000000
0.000000
0.000000
0.000000
0.000000
0.000000
0.000000
0.000000
0.000000
0.000000
0.000000
0.000000
0.000000
0.000000
0.000000
0.000000
0.000000
0.000000
0.000000
0.000000
0.000000
0.000000
0.000000
0.000000
0.000000
0.000000
0.000000
0.000000
0.000000
0.000000
0.000000
0.000000
0.000000
0.000000
0.000000
0.000000
0.000000
0.000000
0.000000
0.000000
0.000000
0.000000
0.000000
0.000000
0.000000
0.000000
0.000000
0.000000
0.000000
0.000000
0.000000
0.000000
0.000000
0.000000
0.000000
0.000000
0.000000
0.000000
0.000000
0.000000
0.000000
0.000000
0.000000
0.000000
0.000000
0.000000
0.000000
0.000000
0.000000
0.000000
0.000000
0.000000
0.000000
0.000000
0.000000
0.000000
0.000000
0.000000
0.000000
0.000000
0.000000
0.000000
0.000000
0.000000
0.000000
0.000000
0.000000
0.000000
0.000000
0.000000
0.000000
0.000000
0.000000
0.000000
0.000000
0.000000
0.000000
0.000000
0.000000
0.000000
0.000000
0.000000
0.000000
0.000000
0.000000
0.000000
0.000000
0.000000
0.000000
0.000000
0.000000
0.000000
0.000000
0.000000
0.000000
0.000000
0.000000
0.000000
0.000000
0.000000
0.000000
0.000000
0.000000
0.000000
0.000000
0.000000
0.000000
0.000000
0.000000
0.000000
0.000000
0.000000
0.000000
0.000000
0.000000
0.000000
0.000000
0.000000
0.000000
0.000000
0.000000
0.000000
0.000000
0.000000
0.000000
0.000000
0.000000
0.000000
0.000000
0.000000
0.000000
0.000000
0.000000
0.000000
0.000000
0.000000
0.000000
0.000000
0.000000
0.000000
0.000000
0.000000
0.000000
0.000000
0.000000
0.000000
0.000000
0.000000
0.000000
0.000000
0.000000
0.000000
0.000000
0.000000
0.000000
0.000000
0.000000
0.000000
0.000000
0.000000
0.000000
0.000000
0.000000
0.000000
0.000000
0.000000
0.000000
0.000000
0.000000
0.000000
0.000000
0.000000
0.000000
0.000000
0.000000
0.000000
0.000000
0.000000
0.000000
0.000000
0.000000
0.000000
0.000000
0.000000
0.000000
0.000000
0.000000
0.000000
0.000000
0.000000
0.000000
0.000000
0.000000
0.000000
0.000000
0.000000
0.000000
0.000000
0.000000
0.000000
0.000000
0.000000
0.000000
0.000000
0.000000
0.000000
0.000000
0.000000
0.000000
0.000000
0.000000
0.000000
0.000000
0.000000
0.000000
0.000000
0.000000
0.000000
0.000000
0.000000
0.000000
0.000000
0.000000
0.000000
0.000000
0.000000
0.000000
0.000000
0.000000
0.000000
0.000000
0.000000
0.000000
0.000000
0.000000
0.000000
0.000000
0.000000
0.000000
0.000000
0.000000
0.000000
0.000000
0.000000
0.000000
0.000000
0.000000
0.000000
0.000000
0.000000
0.000000
0.000000
0.000000
0.000000
0.000000
0.000000
0.000000
0.000000
0.000000
0.000000
0.000000
0.000000
0.000000
0.000000
0.000000
0.000000
0.000000
0.000000
0.000000
0.000000
0.000000
0.000000
0.000000
0.000000
0.000000
0.000000
0.000000
0.000000
0.000000
0.000000
0.000000
0.000000
0.000000
0.000000
0.000000
0.000000
0.000000
0.000000
0.000000
0.000000
0.000000
0.000000
0.000000
0.000000
0.000000
0.000000
0.000000
0.000000
0.000000
0.000000
0.000000
0.000000
0.000000
0.000000
0.000000
0.000000
0.000000
0.000000
0.000000
0.000000
0.000000
0.000000
0.000000
0.000000
0.000000
0.000000
0.000000
0.000000
0.000000
0.000000
0.000000
0.000000
0.000000
0.000000
0.000000
0.000000
0.000000
0.000000
0.000000
0.000000
0.000000
0.000000
0.000000
0.000000
0.000000
0.000000
0.000000
0.000000
0.000000
0.000000
0.000000
0.000000
0.000000
0.000000
0.000000
0.000000
0.000000
0.000000
0.000000
0.000000
0.000000
0.000000
0.000000
0.000000
0.000000
0.000000
0.000000
0.000000
0.000000
0.000000
0.000000
0.000000
0.000000
0.000000
0.000000
0.000000
0.000000
0.000000
0.000000
0.000000
0.000000
0.000000
0.000000
0.000000
0.000000
30197750.000000
1025772.000000
329297.000000
744425.000000
330932.000000
578924.000000
333072.000000
300573.000000
119978.000000
442467.000000
888093.000000
8580176.000000
1440754.000000
7153018.000000
524858.000000
1198246.000000
471582.000000
2917991.000000
1819046.000000
133635.000000
163158.000000
562720.000000
4000663.000000
4392344.000000
345685.000000
538980.000000
1120388.000000
18238573.000000
142621.000000
17404675.000000
486309.000000
11061167.000000
440932.000000
791399.000000
433913.000000
11913994.000000
774588.000000
849253.000000
323053.000000
875208.000000
6072072.000000
3971768.000000
477043.000000
5523063.000000
3467545.000000
14812511.000000
14634257.000000
260140.000000
957280.000000
112363.000000
2308488.000000
349057.000000
160404.000000
973238.000000
1748117.000000
478406.000000
6715004.000000
1024262.000000
408178.000000
6016316.000000
5310.000000
493777.000000
4873604.000000
5920417.000000
10086244.000000
479863.000000
4251527.000000
165234.000000
114415.000000
8447556.000000
337547.000000
4614397.000000
1559860.000000
15032394.000000
11550472.000000
574713.000000
439972.000000
6135653.000000
109303.000000
2146893.000000
446878.000000
284449.000000
5128436.000000
587084.000000
2014988.000000
201397.000000
702950.000000
3754501.000000
815456.000000
3514615.000000
171457.000000
2422721.000000
2392781.000000
974739.000000
7694255.000000
1249845.000000
293033.000000
2213918.000000
5788419.000000
9890335.000000
260846.000000
207730.000000
1203768.000000
2702892.000000
8914617.000000
251015.000000
673876.000000
500024.000000
413298.000000
436807.000000
371216.000000
846512.000000
189546.000000
6598049.000000
1862851.000000
6821246.000000
337146.000000
5387780.000000
8420432.000000
451199.000000
606771.000000
491922.000000
314330.000000
473332.000000
110435.000000
7736496.000000
3474051.000000
2491238.000000
1340260.000000
933268.000000
234651.000000
1103218.000000
5048999.000000
5079430.000000
222076.000000
9712819.000000
799128.000000
10297414.000000
10619533.000000
280094.000000
946803.000000
1126440.000000
8994278.000000
587333.000000
229893.000000
1924553.000000
397469.000000
506241.000000
265528.000000
9437619.000000
480057.000000
487911.000000
405832.000000
3477480.000000
14132408.000000
214026.000000
13320487.000000
420363.000000
713763.000000
300433.000000
334000.000000
887559.000000
584335.000000
1485689.000000
1084476.000000
372725.000000
3120021.000000
458132.000000
140219.000000
2717201.000000
3596658.000000
18298399.000000
3051792.000000
316048.000000
583800.000000
202241.000000
3153454.000000
7023080.000000
526921.000000
523219.000000
6995006.000000
239241.000000
15241723.000000
4650966.000000
1254441.000000
2506406.000000
1093069.000000
109899.000000
3026366.000000
1577521.000000
278663.000000
1211673.000000
14144039.000000
1189552.000000
8089966.000000
2196725.000000
756918.000000
639207.000000
828102.000000
3893293.000000
638867.000000
15269653.000000
5415450.000000
803492.000000
438421.000000
418846.000000
761330.000000
1064770.000000
917800.000000
663040.000000
1048736.000000
649842.000000
2244252.000000
9161822.000000
146838.000000
5952578.000000
469812.000000
591850.000000
1181535.000000
2123966.000000
631169.000000
353962.000000
1764040.000000
330475.000000
3473445.000000
1214046.000000
433595.000000
11852266.000000
287000.000000
993084.000000
441614.000000
5369455.000000
380871.000000
3344783.000000
2886375.000000
2622502.000000
51042.000000
2850374.000000
354167.000000
290514.000000
1264245.000000
1593406.000000
3123665.000000
2799352.000000
467441.000000
366560.000000
581354.000000
295862.000000
440202.000000
539543.000000
14490416.000000
16045769.000000
5631508.000000
1034832.000000
86344.000000
2448547.000000
185447.000000
236562.000000
791648.000000
3587476.000000
976953.000000
1552635.000000
864244.000000
9909073.000000
954662.000000
1785741.000000
4964737.000000
1455604.000000
443298.000000
191296.000000
1708178.000000
636407.000000
128161.000000
164591.000000
432649.000000
3979044.000000
975750.000000
12080760.000000
307796.000000
276653.000000
422382.000000
74796.000000
541369.000000
5870723.000000
4286102.000000
223858.000000
4808737.000000
350392.000000
7161890.000000
369467.000000
876188.000000
428432.000000
9926135.000000
4901704.000000
897503.000000
479070.000000
1790846.000000
576435.000000
528678.000000
10393918.000000
870502.000000
727445.000000
489659.000000
308847.000000
1270495.000000
357922.000000
449283.000000
9024887.000000
318939.000000
5821443.000000
4799772.000000
455809.000000
345587.000000
6515957.000000
492406.000000
459270.000000
747579.000000
1530696.000000
515729.000000
4243321.000000
4596597.000000
186832.000000
4131240.000000
343502.000000
2641072.000000
6058636.000000
1345184.000000
784703.000000
5856218.000000
745708.000000
556626.000000
7048201.000000
279986.000000
1815105.000000
3723181.000000
312971.000000
304330.000000
557696.000000
6349415.000000
865909.000000
353712.000000
533690.000000
445366.000000
1157440.000000
2263831.000000
290933.000000
1469987.000000
1035758.000000
1040888.000000
11403994.000000
3496817.000000
12337696.000000
551616.000000
923568.000000
1397773.000000
9465775.000000
450398.000000
417325.000000
1090294.000000
9116526.000000
5115557.000000
6668578.000000
1226871.000000
684439.000000
739672.000000
215123.000000
482399.000000
1595825.000000
8498196.000000
9388048.000000
8550875.000000
466720.000000
5619425.000000
273692.000000
242969.000000
853319.000000
2678979.000000
1291531.000000
1045551.000000
163693.000000
184226.000000
457288.000000
10768417.000000
207638.000000
332363.000000
403436.000000
509478.000000
581531.000000
16478298.000000
10128306.000000
905111.000000
165927.000000
334179.000000
302538.000000
334013.000000
7780704.000000
847547.000000
1060399.000000
401301.000000
1887069.000000
16640708.000000
2508512.000000
428505.000000
4906960.000000
14729912.000000
8519624.000000
4844778.000000
4374355.000000
7431121.000000
759778.000000
859302.000000
481147.000000
510083.000000
9368280.000000
97013.000000
904957.000000
1482930.000000
6001506.000000
306586.000000
1041249.000000
633747.000000
133723.000000
164625.000000
4621032.000000
447975.000000
649069.000000
381826.000000
1442540.000000
1082567.000000
1070973.000000
4368349.000000
473211.000000
13216312.000000
299726.000000
799362.000000
417158.000000
311754.000000
2593363.000000
3291593.000000
3781964.000000
1691513.000000
1222357.000000
2182299.000000
7369541.000000
282775.000000
306211.000000
8221328.000000
544068.000000
688354.000000
808856.000000
359088.000000
983904.000000
5731032.000000
427109.000000
659549.000000
15956802.000000
316029.000000
486253.000000
506362.000000
807733.000000
700035.000000
4706494.000000
165245.000000
325367.000000
518046.000000
247058.000000
625327.000000
6623591.000000
470116.000000
128272.000000
5794166.000000
1361148.000000
647426.000000
540736.000000
1220419.000000
4612342.000000
313679.000000
809925.000000
521853.000000
461473.000000
4582274.000000
1345477.000000
1576420.000000
2183281.000000
8484111.000000
6289265.000000
563543.000000
9573263.000000
3273085.000000
4154512.000000
456954.000000
6298560.000000
359227.000000
10017875.000000
175924.000000
49354.000000
321166.000000
14863640.000000
1835164.000000
1427691.000000
314902.000000
484423.000000
8527481.000000
5293718.000000
128538.000000
4478991.000000
7219818.000000
472439.000000
296146.000000
2866744.000000
1119211.000000
302823.000000
103449.000000
3536508.000000
2036423.000000
8038313.000000
704715.000000
3301551.000000
1386115.000000
2484478.000000
3229454.000000
1460347.000000
18186601.000000
12596917.000000
16927219.000000
646594.000000
547288.000000
10466902.000000
1679693.000000
559166.000000
1977476.000000
720557.000000
931873.000000
975050.000000
414393.000000
1003845.000000
1419901.000000
612171.000000
844742.000000
1200722.000000
586999.000000
663822.000000
499682.000000
984060.000000
56437.000000
465516.000000
453741.000000
428424.000000
341358.000000
358634.000000
549637.000000
12006199.000000
4227185.000000
596237.000000
217296.000000
2758410.000000
170732.000000
39341.000000
88507.000000
18033207.000000
308967.000000
4353394.000000
6383342.000000
576553.000000
576301.000000
2397451.000000
432625.000000
11493193.000000
2023913.000000
1990394.000000
4712973.000000
880900.000000
246173.000000
589426.000000
623536.000000
357246.000000
11080026.000000
779137.000000
313023.000000
439348.000000
546839.000000
437937.000000
9356233.000000
823814.000000
156757.000000
1609921.000000
570908.000000
319463.000000
273312.000000
5526450.000000
433283.000000
1266815.000000
4576938.000000
153976.000000
539632.000000
6815999.000000
469322.000000
537830.000000
130010.000000
35967.000000
272507.000000
3648970.000000
726854.000000
6319347.000000
439229.000000
435449.000000
4876196.000000
1012679.000000
239116.000000
511568.000000
365266.000000
440701.000000
331129.000000
8700206.000000
304566.000000
4872905.000000
6337793.000000
211895.000000
1342962.000000
9864179.000000
426909.000000
5725605.000000
330795.000000
770164.000000
458699.000000
1378845.000000
1219503.000000
1846485.000000
207723.000000
6856164.000000
372650.000000
4409957.000000
562277.000000
531453.000000
1191219.000000
490966.000000
2938993.000000
947972.000000
2889372.000000
654161.000000
216285.000000
297255.000000
263450.000000
226140.000000
467217.000000
491135.000000
1504187.000000
13676722.000000
678378.000000
6237227.000000
932116.000000
2316810.000000
4163703.000000
11985568.000000
5838978.000000
3622433.000000
481070.000000
542329.000000
351629.000000
10064404.000000
6005030.000000
545706.000000
1025857.000000
278663.000000
3341342.000000
18836057.000000
459898.000000
5231200.000000
449295.000000
494730.000000
1133842.000000
239732.000000
1683530.000000
217112.000000
514864.000000
4640096.000000
7704982.000000
4357692.000000
623239.000000
108596.000000
442900.000000
574973.000000
6519172.000000
6516454.000000
9836357.000000
1085246.000000
398675.000000
497441.000000
983346.000000
15367498.000000
1199961.000000
4564431.000000
4082719.000000
5616309.000000
854044.000000
7596236.000000
613413.000000
2382899.000000
188998.000000
432952.000000
450975.000000
70634.000000
12209490.000000
378862.000000
796078.000000
660274.000000
218323.000000
265958.000000
214041.000000
605077.000000
281732.000000
836929.000000
547426.000000
289974.000000
1562598.000000
411394.000000
1534767.000000
5570394.000000
78286.000000
4026715.000000
8680804.000000
307808.000000
1752858.000000
262798.000000
710603.000000
397873.000000
5299166.000000
13218642.000000
369638.000000
8279389.000000
10410105.000000
186037.000000
1454242.000000
4221995.000000
497616.000000
262269.000000
173219.000000
796890.000000
499938.000000
505722.000000
5408506.000000
4910761.000000
218552.000000
4508285.000000
1527705.000000
188689.000000
393209.000000
572606.000000
254664.000000
3724435.000000
1121660.000000
810371.000000
17023516.000000
537459.000000
428562.000000
3807186.000000
955424.000000
270697.000000
9860730.000000
430421.000000
12679617.000000
342683.000000
296133.000000
2464691.000000
127704.000000
8191898.000000
363611.000000
406671.000000
15898966.000000
1308418.000000
630368.000000
1603414.000000
630766.000000
604192.000000
66893.000000
431782.000000
324120.000000
422189.000000
516063.000000
479539.000000
11337284.000000
420040.000000
277637.000000
463409.000000
301414.000000
516967.000000
540787.000000
2673009.000000
273400.000000
157361.000000
936505.000000
272282.000000
2408081.000000
335552.000000
1135494.000000
6207291.000000
858921.000000
483670.000000
840638.000000
804401.000000
1399828.000000
1229080.000000
2704468.000000
345716.000000
3556401.000000
2393110.000000
2027969.000000
640207.000000
620966.000000
215823.000000
1140220.000000
5859334.000000
14255219.000000
206739.000000
1098925.000000
722644.000000
1384437.000000
228529.000000
389988.000000
592187.000000
413567.000000
111466.000000
153872.000000
13684903.000000
409223.000000
383075.000000
269779.000000
644950.000000
368035.000000
698125.000000
1163557.000000
496557.000000
272578.000000
4091457.000000
211637.000000
184537.000000
6562486.000000
146150.000000
543835.000000
376340.000000
273975.000000
87151.000000
4358737.000000
819603.000000
884508.000000
2084592.000000
2184472.000000
7877013.000000
453094.000000
9423940.000000
684853.000000
5821985.000000
540255.000000
5428492.000000
554084.000000
13041862.000000
4260408.000000
499499.000000
309990.000000
574387.000000
8195629.000000
881450.000000
441533.000000
5589384.000000
81554.000000
1262234.000000
12533015.000000
1333914.000000
579577.000000
2499284.000000
626832.000000
243473.000000
1947224.000000
217846.000000
4571385.000000
296078.000000
213320.000000
500235.000000
498112.000000
1600087.000000
595570.000000
389688.000000
417551.000000
620888.000000
17016839.000000
213634.000000
1545198.000000
338854.000000
388517.000000
292945.000000
10312253.000000
343928.000000
913324.000000
291324.000000
125180.000000
1994014.000000
9711487.000000
125030.000000
191455.000000
507212.000000
16245625.000000
337998.000000
3645066.000000
393779.000000
448932.000000
11838275.000000
705395.000000
485468.000000
617898.000000
110633.000000
4116200.000000
15528367.000000
777030.000000
14265751.000000
7327665.000000
267292.000000
5305312.000000
431790.000000
397943.000000
654148.000000
782074.000000
478504.000000
335099.000000
761250.000000
251584.000000
9710582.000000
1838948.000000
262598.000000
3794209.000000
3925059.000000
289155.000000
850988.000000
173110.000000
616995.000000
6274378.000000
15090638.000000
484471.000000
4413653.000000
3335190.000000
8380294.000000
6347220.000000
534029.000000
402294.000000
11900439.000000
639885.000000
1024319.000000
558983.000000
737666.000000
654083.000000
409240.000000
9575236.000000
781468.000000
111185.000000
8026333.000000
8366021.000000
145348.000000
8491720.000000
785122.000000
11849247.000000
493062.000000
4569243.000000
764157.000000
1533571.000000
15425629.000000
12990765.000000
277196.000000
517469.000000
415208.000000
8841723.000000
600886.000000
11715770.000000
11489229.000000
575906.000000
532827.000000
515852.000000
790159.000000
351897.000000
9594532.000000
640162.000000
530575.000000
903038.000000
538052.000000
1041518.000000
149063.000000
915712.000000
1682276.000000
540643.000000
969466.000000
4833893.000000
449173.000000
441031.000000
496313.000000
273913.000000
480976.000000
999171.000000
106559.000000
89992.000000
2503391.000000
477689.000000
542880.000000
6137127.000000
556839.000000
181958.000000
387293.000000
319265.000000
432727.000000
3914045.000000
261280.000000
392786.000000
1263519.000000
6027854.000000
610657.000000
1081504.000000
537582.000000
435604.000000
3326847.000000
12490432.000000
2995076.000000
3210602.000000
1053768.000000
597782.000000
5779002.000000
878347.000000
842873.000000
1507866.000000
216215.000000
388105.000000
12878792.000000
278669.000000
5349602.000000
162634.000000
13772185.000000
546880.000000
474126.000000
7984270.000000
174295.000000
946013.000000
239811.000000
502118.000000
5374613.000000
473957.000000
144895.000000
1902085.000000
16493511.000000
7480118.000000
222424.000000
544339.000000
765870.000000
996323.000000
4168823.000000
8081830.000000
2416158.000000
4772308.000000
188920.000000
528852.000000
446626.000000
84727.000000
426318.000000
432162.000000
495454.000000
820040.000000
10476500.000000
6364783.000000
2109222.000000
10080509.000000
7349396.000000
372729.000000
518848.000000
457809.000000
218626.000000
84509.000000
9529614.000000
6674855.000000
3924189.000000
1219972.000000
18597878.000000
15395534.000000
1855915.000000
9680788.000000
263374.000000
687653.000000
384521.000000
486729.000000
483742.000000
699793.000000
459857.000000
226080.000000
176733.000000
305003.000000
2144143.000000
5166557.000000
10474255.000000
183135.000000
390865.000000
450075.000000
3055478.000000
136812.000000
328989.000000
4222024.000000
2392450.000000
1359625.000000
1341795.000000
4441185.000000
1110124.000000
885251.000000
5849895.000000
1371452.000000
6286071.000000
468170.000000
11373644.000000
374518.000000
4320900.000000
275786.000000
1299947.000000
517250.000000
6368991.000000
837698.000000
338168.000000
395743.000000
1175119.000000
337965.000000
718627.000000
271743.000000
563113.000000
436673.000000
574820.000000
1225615.000000
5277403.000000
10856760.000000
507463.000000
499300.000000
243966.000000
790873.000000
400835.000000
525045.000000
430473.000000
474117.000000
336817.000000
391851.000000
1903136.000000
3451793.000000
407492.000000
3578631.000000
2405021.000000
473576.000000
479865.000000
1239546.000000
389742.000000
592969.000000
441733.000000
11889848.000000
343728.000000
131135.000000
429769.000000
803856.000000
5621257.000000
274267.000000
4202232.000000
334786.000000
518380.000000
6044931.000000
4584430.000000
533571.000000
1585062.000000
17106935.000000
2043488.000000
7626283.000000
235988.000000
605847.000000
261648.000000
397061.000000
661355.000000
297622.000000
460173.000000
407365.000000
275684.000000
289053.000000
532473.000000
5515484.000000
508902.000000
1928437.000000
2852212.000000
15223615.000000
650899.000000
956275.000000
1949670.000000
834717.000000
516497.000000
529179.000000
142173.000000
156663.000000
723948.000000
6388578.000000
4163726.000000
1686140.000000
3512238.000000
306933.000000
16867387.000000
6493278.000000
1468998.000000
1318228.000000
2274665.000000
609992.000000
11123397.000000
3836392.000000
829735.000000
828743.000000
6370640.000000
1591240.000000
884257.000000
643565.000000
309469.000000
718682.000000
244559.000000
9385504.000000
12206164.000000
371567.000000
229898.000000
11760446.000000
990139.000000
479365.000000
760592.000000
9407150.000000
297869.000000
795948.000000
1000675.000000
2815338.000000
6432168.000000
1287235.000000
96237.000000
377200.000000
1290013.000000
4739349.000000
1215086.000000
602751.000000
398712.000000
5670832.000000
181870.000000
8342057.000000
1183364.000000
17378966.000000
808805.000000
330630.000000
792427.000000
6843892.000000
1465449.000000
502372.000000
1152498.000000
3885630.000000
82023.000000
463688.000000
5634231.000000
1376304.000000
526915.000000
16203392.000000
861473.000000
16651432.000000
194310.000000
665665.000000
220913.000000
790284.000000
676589.000000
181046.000000
403601.000000
5307171.000000
1963451.000000
537601.000000
8186044.000000
405619.000000
603352.000000
1047595.000000
1739633.000000
211411.000000
8631916.000000
2114679.000000
716354.000000
491371.000000
611368.000000
663580.000000
1089429.000000
483092.000000
512206.000000
4076055.000000
798159.000000
11017353.000000
606262.000000
370928.000000
380796.000000
16263143.000000
14044692.000000
432320.000000
2488841.000000
17541839.000000
200762.000000
1707160.000000
711167.000000
852331.000000
8031325.000000
792065.000000
2053526.000000
146857.000000
17515331.000000
383256.000000
942609.000000
164159.000000
560689.000000
6593495.000000
10458710.000000
4431221.000000
393252.000000
1952928.000000
1959600.000000
3886849.000000
975562.000000
254607.000000
10513652.000000
10987784.000000
130259.000000
573985.000000
17535187.000000
658016.000000
4891398.000000
6972415.000000
341697.000000
500266.000000
5988084.000000
406064.000000
296572.000000
450116.000000
349330.000000
138987.000000
917101.000000
8442886.000000
2051939.000000
1124877.000000
163888.000000
907267.000000
5979849.000000
2868649.000000
1854031.000000
2857930.000000
817725.000000
352211.000000
3419906.000000
262632.000000
1102263.000000
395849.000000
913906.000000
466571.000000
544859.000000
742950.000000
10726570.000000
1836900.000000
605299.000000
324086.000000
488235.000000
4437367.000000
669664.000000
426831.000000
867526.000000
2393174.000000
289905.000000
763244.000000
445479.000000
5126656.000000
1709848.000000
5177261.000000
10963318.000000
2128343.000000
6274457.000000
1378175.000000
10647525.000000
1006421.000000
314744.000000
4460625.000000
459724.000000
2045161.000000
1446223.000000
9120136.000000
5563636.000000
365036.000000
8137211.000000
1261515.000000
4973800.000000
4873847.000000
570646.000000
977032.000000
164398.000000
1054905.000000
13568678.000000
9900611.000000
97285.000000
1788293.000000
410917.000000
1579608.000000
1018553.000000
7378759.000000
1115442.000000
11184673.000000
4147192.000000
4870274.000000
797418.000000
264624.000000
456735.000000
1115701.000000
254145.000000
415947.000000
418543.000000
3887724.000000
482570.000000
569907.000000
338440.000000
3169729.000000
555479.000000
264218.000000
1412048.000000
363366.000000
947942.000000
13909664.000000
8510076.000000
388370.000000
1662028.000000
10066031.000000
538914.000000
4031572.000000
669515.000000
219389.000000
5613417.000000
356670.000000
12839385.000000
11805439.000000
11210197.000000
2768332.000000
165799.000000
839911.000000
1813601.000000
4502685.000000
251271.000000
5958914.000000
