0.000000
0.000000
0.000000
0.000000
0.000000
0.000000
0.000000
0.000000
0.000000
0.000000
0.000000
0.000000
0.000000
0.000000
0.000000
0.000000
0.000000
0.000000
0.000000
0.000000
0.000000
0.000000
0.000000
0.000000
0.000000
0.000000
0.000000
0.000000
0.000000
0.000000
0.000000
0.000000
0.000000
0.000000
0.000000
0.000000
0.000000
0.000000
0.000000
0.000000
0.000000
0.000000
0.000000
0.000000
0.000000
0.000000
0.000000
0.000000
0.000000
0.000000
0.000000
0.000000
0.000000
0.000000
0.000000
0.000000
0.000000
0.000000
0.000000
0.000000
0.000000
0.000000
0.000000
0.000000
0.000000
0.000000
0.000000
0.000000
0.000000
0.000000
0.000000
0.000000
0.000000
0.000000
0.000000
0.000000
0.000000
0.000000
0.000000
0.000000
0.000000
0.000000
0.000000
0.000000
0.000000
0.000000
0.000000
0.000000
0.000000
0.000000
0.000000
0.000000
0.000000
0.000000
0.000000
0.000000
0.000000
0.000000
0.000000
0.000000
0.000000
0.000000
0.000000
0.000000
0.000000
0.000000
0.000000
0.000000
0.000000
0.000000
0.000000
0.000000
0.000000
0.000000
0.000000
0.000000
0.000000
0.000000
0.000000
0.000000
0.000000
0.000000
0.000000
0.000000
0.000000
0.000000
0.000000
0.000000
0.000000
0.000000
0.000000
0.000000
0.000000
0.000000
0.000000
0.000000
0.000000
0.000000
0.000000
0.000000
0.000000
0.000000
0.000000
0.000000
0.000000
0.000000
0.000000
0.000000
0.000000
0.000000
0.000000
0.000000
0.000000
0.000000
0.000000
0.000000
0.000000
0.000000
0.000000
0.000000
0.000000
0.000000
0.000000
0.000000
0.000000
0.000000
0.000000
0.000000
0.000000
0.000000
0.000000
0.000000
0.000000
0.000000
0.000000
0.000000
0.000000
0.000000
0.000000
0.000000
0.000000
0.000000
0.000000
0.000000
0.000000
0.000000
0.000000
0.000000
0.000000
0.000000
0.000000
0.000000
0.000000
0.000000
0.000000
0.000000
0.000000
0.000000
0.000000
0.000000
0.000000
0.000000
0.000000
0.000000
0.000000
0.000000
0.000000
0.000000
0.000000
0.000000
0.000000
0.000000
0.000000
0.000000
0.000000
0.000000
0.000000
0.000000
0.000000
0.000000
0.000000
0.000000
0.000000
0.000000
0.000000
0.000000
0.000000
0.000000
0.000000
0.000000
0.000000
0.000000
0.000000
0.000000
0.000000
0.000000
0.000000
0.000000
0.000000
0.000000
0.000000
0.000000
0.000000
0.000000
0.000000
0.000000
0.000000
0.000000
0.000000
0.000000
0.000000
0.000000
0.000000
0.000000
0.000000
0.000000
0.000000
0.000000
0.000000
0.000000
0.000000
0.000000
0.000000
0.000000
0.000000
0.000000
0.000000
0.000000
0.000000
0.000000
0.000000
0.000000
0.000000
0.000000
0.000000
0.000000
0.000000
0.000000
0.000000
0.000000
0.000000
0.000000
0.000000
0.000000
0.000000
0.000000
0.000000
0.000000
0.000000
0.000000
0.000000
0.000000
0.000000
0.000000
0.000000
0.000000
0.000000
0.000000
0.000000
0.000000
0.000000
0.000000
0.000000
0.000000
0.000000
0.000000
0.000000
0.000000
0.000000
0.000000
0.000000
0.000000
0.000000
0.000000
0.000000
0.000000
0.000000
0.000000
0.000000
0.000000
0.000000
0.000000
0.000000
0.000000
0.000000
0.000000
0.000000
0.000000
0.000000
0.000000
0.000000
0.000000
0.000000
0.000000
0.000000
0.000000
0.000000
0.000000
0.000000
0.000000
0.000000
0.000000
0.000000
0.000000
0.000000
0.000000
0.000000
0.000000
0.000000
0.000000
0.000000
0.000000
0.000000
0.000000
0.000000
0.000000
0.000000
0.000000
0.000000
0.000000
0.000000
0.000000
0.000000
0.000000
0.000000
0.000000
0.000000
0.000000
0.000000
0.000000
0.000000
0.000000
0.000000
0.000000
0.000000
0.000000
0.000000
0.000000
0.000000
0.000000
0.000000
0.000000
0.000000
0.000000
0.000000
0.000000
0.000000
0.000000
0.000000
0.000000
0.000000
0.000000
0.000000
0.000000
0.000000
0.000000
0.000000
0.000000
0.000000
0.000000
0.000000
0.000000
0.000000
0.000000
0.000000
0.000000
0.000000
0.000000
0.000000
0.000000
0.000000
0.000000
0.000000
0.000000
0.000000
0.000000
0.000000
0.000000
0.000000
0.000000
0.000000
0.000000
0.000000
0.000000
0.000000
0.000000
0.000000
0.000000
0.000000
0.000000
0.000000
0.000000
0.000000
0.000000
0.000000
0.000000
0.000000
0.000000
1044905.000000
269481.000000
295115.000000
281830.000000
196875.000000
93287.000000
351906.000000
541324.000000
671143.000000
616082.000000
650449.000000
369410.000000
542350.000000
381213.000000
568692.000000
529211.000000
142369.000000
186217.000000
390025.000000
518892.000000
514579.000000
285364.000000
334061.000000
606530.000000
653493.000000
103166.000000
599512.000000
332560.000000
610064.000000
309047.000000
408026.000000
383918.000000
639703.000000
454586.000000
518954.000000
234355.000000
428138.000000
620364.000000
681271.000000
368884.000000
566953.000000
634533.000000
724129.000000
788276.000000
209758.000000
529874.000000
83820.000000
588186.000000
268819.000000
147195.000000
511745.000000
594675.000000
338130.000000
647013.000000
543728.000000
313375.000000
545730.000000
4133.000000
343874.000000
557039.000000
566982.000000
673521.000000
356342.000000
598750.000000
166471.000000
79644.000000
625632.000000
242631.000000
726659.000000
423584.000000
602774.000000
718091.000000
391027.000000
361887.000000
497233.000000
89952.000000
526478.000000
351062.000000
200110.000000
586870.000000
392758.000000
650549.000000
175071.000000
459303.000000
581965.000000
455769.000000
628388.000000
157915.000000
624765.000000
685661.000000
524647.000000
741661.000000
566746.000000
204261.000000
574228.000000
663430.000000
661326.000000
239272.000000
153686.000000
563567.000000
589300.000000
694061.000000
214074.000000
426466.000000
406600.000000
317051.000000
331848.000000
291264.000000
482036.000000
175725.000000
538834.000000
582180.000000
672060.000000
313893.000000
546601.000000
659389.000000
398127.000000
378878.000000
252170.000000
240614.000000
327736.000000
87535.000000
588286.000000
599498.000000
585079.000000
603824.000000
479161.000000
179226.000000
543554.000000
575298.000000
731435.000000
147658.000000
588353.000000
474754.000000
674291.000000
591147.000000
218076.000000
472874.000000
545977.000000
634726.000000
369529.000000
172729.000000
541502.000000
269920.000000
384733.000000
223354.000000
554970.000000
335861.000000
340457.000000
344868.000000
580332.000000
640608.000000
178260.000000
686797.000000
275155.000000
395106.000000
214466.000000
277706.000000
498895.000000
346425.000000
499125.000000
522708.000000
305705.000000
644449.000000
354417.000000
177615.000000
590536.000000
636135.000000
694230.000000
504191.000000
275096.000000
392125.000000
201826.000000
627147.000000
652219.000000
347810.000000
355565.000000
625487.000000
194179.000000
606157.000000
662241.000000
526924.000000
504756.000000
521768.000000
103860.000000
497028.000000
532139.000000
278729.000000
431320.000000
594598.000000
474044.000000
724779.000000
554988.000000
465224.000000
372827.000000
462900.000000
694804.000000
386244.000000
646133.000000
592200.000000
425770.000000
354052.000000
344169.000000
503724.000000
468578.000000
446094.000000
375344.000000
447870.000000
430440.000000
621319.000000
638608.000000
118591.000000
619347.000000
355569.000000
420887.000000
540774.000000
653178.000000
423390.000000
234633.000000
530983.000000
296780.000000
557014.000000
529870.000000
279942.000000
617561.000000
246258.000000
530013.000000
298689.000000
541324.000000
285950.000000
573007.000000
516151.000000
605735.000000
47683.000000
608771.000000
286828.000000
201883.000000
531639.000000
530769.000000
585847.000000
556714.000000
274345.000000
266397.000000
504033.000000
234996.000000
358523.000000
377902.000000
624492.000000
632498.000000
668762.000000
510034.000000
75164.000000
637170.000000
127690.000000
183087.000000
462561.000000
731247.000000
428698.000000
591518.000000
458406.000000
674288.000000
503331.000000
546441.000000
573305.000000
640616.000000
374280.000000
208899.000000
618563.000000
434502.000000
99390.000000
162355.000000
329824.000000
492186.000000
504990.000000
614038.000000
214107.000000
152358.000000
332288.000000
59447.000000
352341.000000
604086.000000
555637.000000
214102.000000
593694.000000
252920.000000
622414.000000
244347.000000
477097.000000
311808.000000
608215.000000
593929.000000
466265.000000
297707.000000
636334.000000
386944.000000
354100.000000
643950.000000
471691.000000
426198.000000
388907.000000
286922.000000
495541.000000
301045.000000
350859.000000
630322.000000
248514.000000
544276.000000
735445.000000
362721.000000
267855.000000
611553.000000
351754.000000
358683.000000
493949.000000
619387.000000
357575.000000
638889.000000
523710.000000
121163.000000
603851.000000
326525.000000
575082.000000
610944.000000
608939.000000
477152.000000
617117.000000
399797.000000
419355.000000
737624.000000
218497.000000
498075.000000
557843.000000
265496.000000
244443.000000
364470.000000
559029.000000
473128.000000
329034.000000
387690.000000
361486.000000
515267.000000
555830.000000
266304.000000
553006.000000
536883.000000
527554.000000
603379.000000
565487.000000
622041.000000
349162.000000
465419.000000
551857.000000
598652.000000
349690.000000
265404.000000
550647.000000
717459.000000
586669.000000
661287.000000
517459.000000
455487.000000
428813.000000
138030.000000
362612.000000
623132.000000
615130.000000
611558.000000
661536.000000
369712.000000
595080.000000
295116.000000
154677.000000
528978.000000
608778.000000
577446.000000
460268.000000
139927.000000
149242.000000
319338.000000
633965.000000
228557.000000
236588.000000
326976.000000
395831.000000
381901.000000
623598.000000
606844.000000
487131.000000
177500.000000
326449.000000
220220.000000
248539.000000
728456.000000
468460.000000
472382.000000
297392.000000
611595.000000
747496.000000
677075.000000
328393.000000
671521.000000
712292.000000
684043.000000
577552.000000
615017.000000
629857.000000
486199.000000
329454.000000
337846.000000
392159.000000
566007.000000
81989.000000
457578.000000
510938.000000
680510.000000
267475.000000
470967.000000
379993.000000
147549.000000
156298.000000
560264.000000
346459.000000
358482.000000
306572.000000
510029.000000
498654.000000
488073.000000
565351.000000
345847.000000
595841.000000
228570.000000
464763.000000
301997.000000
201935.000000
606486.000000
576250.000000
640688.000000
598824.000000
580452.000000
512454.000000
630821.000000
179235.000000
227264.000000
646215.000000
359384.000000
316779.000000
455363.000000
278729.000000
518723.000000
542393.000000
390547.000000
491686.000000
636640.000000
254343.000000
374123.000000
327114.000000
432072.000000
429797.000000
560887.000000
159142.000000
236597.000000
331738.000000
205913.000000
379010.000000
753492.000000
357575.000000
105906.000000
598274.000000
491073.000000
447608.000000
353308.000000
479670.000000
632687.000000
232134.000000
469995.000000
364864.000000
304389.000000
569919.000000
524398.000000
444864.000000
585978.000000
642078.000000
641248.000000
381973.000000
693860.000000
560248.000000
553700.000000
340902.000000
655978.000000
335641.000000
635582.000000
137134.000000
66734.000000
305020.000000
712316.000000
622708.000000
529687.000000
229400.000000
374937.000000
653346.000000
629516.000000
99288.000000
598617.000000
661729.000000
330658.000000
227573.000000
580476.000000
557118.000000
300668.000000
90548.000000
687311.000000
567871.000000
708983.000000
405373.000000
627803.000000
648365.000000
373991.000000
687658.000000
611894.000000
725482.000000
597023.000000
600857.000000
451350.000000
360985.000000
576887.000000
512420.000000
402382.000000
567885.000000
446396.000000
496297.000000
459698.000000
287461.000000
582637.000000
598705.000000
374215.000000
502159.000000
489029.000000
367988.000000
428347.000000
326313.000000
408927.000000
58108.000000
401354.000000
357246.000000
344178.000000
267482.000000
316296.000000
334066.000000
628694.000000
582649.000000
377088.000000
187525.000000
619519.000000
141378.000000
25241.000000
69770.000000
609486.000000
274931.000000
601615.000000
639127.000000
363555.000000
356582.000000
571653.000000
184905.000000
655240.000000
574072.000000
572006.000000
599866.000000
450550.000000
165413.000000
363207.000000
418430.000000
291103.000000
679982.000000
494428.000000
173418.000000
344632.000000
308753.000000
327312.000000
634123.000000
400860.000000
101459.000000
478517.000000
451468.000000
271688.000000
230128.000000
567027.000000
343130.000000
549353.000000
602380.000000
108043.000000
350818.000000
637795.000000
345065.000000
390041.000000
101513.000000
27300.000000
221336.000000
572563.000000
441669.000000
621156.000000
285813.000000
288814.000000
640930.000000
455574.000000
197137.000000
301804.000000
269639.000000
290213.000000
253745.000000
566244.000000
249191.000000
551113.000000
703627.000000
132491.000000
567189.000000
639301.000000
310472.000000
658377.000000
221581.000000
438286.000000
356784.000000
497567.000000
445634.000000
516225.000000
149295.000000
671404.000000
345219.000000
589720.000000
420985.000000
345003.000000
544731.000000
303927.000000
581685.000000
506184.000000
674467.000000
437032.000000
158461.000000
209782.000000
256533.000000
172032.000000
341268.000000
365146.000000
430628.000000
694312.000000
463701.000000
586734.000000
516487.000000
566224.000000
605957.000000
583357.000000
664131.000000
693381.000000
388557.000000
336126.000000
217062.000000
665772.000000
595238.000000
384616.000000
539733.000000
265128.000000
546094.000000
693985.000000
326441.000000
657557.000000
346019.000000
365332.000000
503852.000000
177093.000000
660101.000000
216374.000000
407204.000000
588690.000000
669372.000000
752924.000000
451649.000000
96987.000000
375824.000000
386153.000000
629184.000000
740696.000000
584058.000000
556388.000000
317688.000000
355351.000000
486609.000000
587080.000000
528491.000000
590804.000000
582002.000000
560966.000000
476480.000000
561296.000000
451597.000000
623384.000000
144732.000000
385138.000000
321561.000000
53967.000000
599953.000000
286959.000000
427863.000000
431783.000000
152789.000000
255826.000000
142925.000000
392741.000000
229686.000000
527804.000000
357323.000000
256150.000000
514887.000000
347110.000000
597935.000000
589113.000000
78435.000000
700018.000000
559030.000000
181312.000000
561283.000000
228308.000000
445723.000000
342886.000000
589096.000000
588304.000000
280180.000000
598589.000000
668216.000000
167794.000000
574831.000000
608816.000000
336354.000000
230310.000000
185081.000000
425214.000000
363487.000000
380557.000000
612845.000000
633277.000000
148473.000000
620968.000000
539872.000000
210319.000000
359187.000000
410276.000000
180228.000000
606573.000000
404285.000000
445949.000000
699395.000000
352583.000000
322943.000000
550110.000000
529582.000000
271143.000000
635466.000000
303651.000000
657985.000000
284998.000000
262520.000000
558820.000000
129555.000000
581432.000000
235840.000000
277552.000000
647395.000000
552760.000000
415528.000000
678608.000000
338659.000000
420687.000000
63784.000000
341850.000000
258061.000000
320782.000000
357645.000000
339918.000000
727514.000000
303476.000000
291248.000000
291067.000000
276981.000000
282918.000000
382337.000000
530588.000000
146783.000000
115638.000000
454452.000000
261830.000000
585918.000000
293717.000000
447763.000000
731638.000000
503001.000000
370793.000000
438065.000000
437073.000000
454276.000000
561281.000000
631629.000000
325330.000000
743846.000000
649385.000000
659642.000000
529305.000000
354195.000000
135933.000000
430157.000000
611721.000000
593687.000000
176837.000000
531559.000000
371618.000000
420932.000000
181330.000000
271262.000000
428880.000000
324742.000000
129489.000000
104023.000000
575743.000000
297926.000000
262307.000000
232759.000000
351057.000000
338315.000000
405955.000000
544363.000000
388115.000000
209519.000000
583737.000000
160240.000000
174113.000000
643527.000000
91820.000000
379310.000000
204674.000000
276195.000000
77733.000000
722623.000000
467810.000000
571097.000000
580781.000000
612906.000000
641137.000000
322606.000000
666364.000000
382350.000000
653572.000000
451546.000000
659657.000000
352705.000000
658670.000000
655814.000000
304520.000000
217778.000000
374042.000000
646323.000000
352622.000000
333000.000000
711592.000000
77906.000000
595768.000000
640367.000000
581283.000000
364902.000000
514479.000000
434638.000000
180714.000000
595193.000000
201138.000000
654309.000000
198026.000000
210216.000000
349640.000000
361559.000000
559602.000000
399786.000000
360826.000000
332943.000000
369662.000000
672429.000000
168556.000000
430176.000000
227650.000000
361335.000000
185789.000000
564829.000000
284407.000000
499608.000000
262188.000000
93306.000000
585543.000000
603810.000000
103884.000000
137240.000000
365533.000000
690793.000000
229532.000000
663422.000000
343396.000000
334237.000000
619063.000000
425276.000000
352889.000000
432452.000000
93241.000000
687395.000000
685658.000000
459429.000000
636624.000000
624143.000000
278033.000000
550815.000000
351572.000000
296782.000000
427430.000000
493587.000000
301111.000000
268219.000000
468529.000000
170587.000000
571729.000000
577756.000000
269435.000000
600582.000000
595645.000000
283204.000000
472611.000000
130232.000000
451295.000000
698387.000000
594741.000000
364603.000000
638927.000000
606018.000000
598618.000000
640000.000000
355829.000000
280868.000000
703667.000000
372257.000000
478538.000000
418520.000000
451693.000000
459820.000000
363104.000000
694171.000000
444109.000000
98127.000000
679770.000000
629266.000000
177260.000000
573320.000000
496659.000000
742145.000000
328368.000000
551518.000000
406639.000000
501918.000000
713876.000000
615055.000000
175296.000000
357933.000000
326382.000000
595338.000000
390531.000000
637068.000000
604124.000000
359568.000000
338742.000000
398785.000000
437633.000000
324154.000000
623794.000000
406218.000000
377195.000000
453000.000000
417897.000000
588778.000000
98353.000000
529343.000000
596412.000000
359271.000000
455038.000000
658189.000000
346481.000000
332785.000000
374663.000000
251235.000000
352946.000000
516750.000000
127706.000000
79188.000000
591536.000000
278676.000000
361500.000000
594549.000000
429087.000000
194917.000000
338392.000000
242526.000000
345373.000000
657990.000000
195116.000000
326358.000000
538515.000000
553819.000000
431477.000000
490935.000000
332302.000000
407804.000000
590395.000000
612967.000000
625505.000000
650134.000000
586137.000000
365876.000000
594490.000000
435235.000000
445358.000000
622151.000000
151820.000000
291006.000000
615854.000000
179790.000000
617116.000000
131458.000000
629111.000000
397547.000000
359898.000000
577699.000000
153338.000000
440334.000000
173641.000000
417947.000000
577264.000000
340754.000000
156751.000000
541948.000000
631513.000000
650459.000000
122184.000000
320199.000000
410260.000000
503604.000000
679204.000000
668488.000000
471557.000000
648037.000000
151875.000000
263340.000000
352558.000000
74437.000000
375035.000000
335157.000000
349761.000000
378485.000000
628196.000000
600891.000000
580464.000000
657667.000000
651230.000000
247763.000000
370063.000000
306707.000000
163928.000000
61765.000000
636407.000000
574770.000000
561335.000000
575488.000000
679954.000000
657494.000000
551917.000000
591748.000000
199349.000000
400627.000000
306877.000000
355481.000000
392021.000000
372743.000000
300759.000000
197744.000000
130081.000000
220897.000000
474000.000000
574863.000000
708714.000000
193539.000000
328169.000000
281890.000000
655050.000000
93205.000000
253434.000000
663034.000000
615442.000000
521966.000000
596106.000000
668002.000000
641686.000000
491926.000000
624321.000000
660484.000000
630761.000000
362145.000000
621538.000000
260042.000000
712365.000000
241716.000000
578916.000000
346583.000000
647312.000000
448055.000000
253156.000000
301342.000000
461237.000000
335080.000000
468435.000000
286520.000000
344301.000000
330800.000000
396054.000000
527949.000000
723934.000000
661705.000000
321598.000000
271447.000000
167834.000000
453024.000000
284203.000000
351340.000000
304462.000000
355949.000000
251206.000000
291917.000000
664483.000000
577404.000000
359927.000000
605151.000000
493974.000000
404732.000000
345026.000000
511848.000000
369850.000000
384634.000000
292939.000000
621287.000000
292370.000000
94372.000000
332155.000000
460412.000000
728687.000000
226163.000000
669537.000000
278742.000000
368298.000000
608448.000000
618882.000000
332532.000000
480427.000000
634856.000000
570126.000000
752406.000000
233414.000000
412473.000000
255932.000000
237794.000000
397341.000000
217134.000000
345346.000000
295571.000000
231428.000000
249790.000000
307285.000000
681167.000000
379318.000000
594636.000000
553947.000000
559057.000000
417860.000000
502240.000000
604248.000000
512758.000000
355895.000000
330066.000000
105256.000000
126982.000000
448278.000000
596353.000000
703174.000000
499981.000000
639102.000000
242106.000000
660923.000000
651434.000000
660746.000000
582812.000000
618989.000000
376682.000000
653934.000000
542123.000000
483142.000000
413035.000000
657421.000000
529722.000000
459202.000000
392192.000000
274299.000000
424538.000000
157267.000000
650816.000000
579922.000000
261619.000000
173782.000000
601672.000000
427994.000000
355019.000000
381124.000000
611888.000000
180130.000000
491729.000000
431630.000000
605894.000000
558208.000000
617814.000000
75705.000000
344100.000000
560259.000000
598194.000000
478321.000000
406585.000000
299367.000000
642627.000000
139521.000000
606203.000000
582292.000000
651569.000000
462652.000000
258110.000000
463467.000000
618258.000000
587522.000000
346257.000000
563239.000000
668294.000000
93683.000000
348911.000000
602536.000000
562851.000000
403776.000000
666565.000000
456584.000000
678118.000000
158532.000000
382436.000000
171677.000000
424182.000000
377714.000000
158842.000000
293323.000000
499440.000000
560510.000000
339346.000000
652972.000000
334944.000000
428339.000000
510056.000000
561911.000000
160209.000000
713825.000000
622455.000000
444218.000000
365216.000000
344421.000000
447825.000000
516491.000000
405451.000000
340064.000000
607000.000000
496613.000000
625300.000000
363564.000000
315153.000000
221578.000000
762817.000000
633427.000000
324086.000000
594264.000000
728784.000000
157322.000000
567584.000000
465794.000000
549915.000000
706410.000000
456089.000000
579334.000000
104755.000000
685115.000000
215403.000000
517265.000000
116285.000000
350828.000000
641150.000000
610158.000000
700029.000000
293193.000000
600668.000000
611657.000000
601205.000000
414587.000000
204433.000000
622924.000000
708923.000000
88191.000000
343774.000000
673435.000000
413963.000000
673053.000000
566458.000000
306549.000000
347179.000000
754673.000000
365714.000000
236457.000000
356845.000000
244136.000000
97732.000000
495617.000000
580896.000000
587784.000000
613865.000000
138676.000000
558464.000000
606154.000000
632233.000000
647670.000000
608372.000000
442895.000000
278687.000000
545367.000000
188154.000000
523688.000000
272750.000000
452516.000000
316512.000000
384844.000000
414158.000000
617638.000000
498832.000000
392867.000000
281849.000000
416091.000000
567841.000000
420495.000000
243054.000000
401789.000000
600529.000000
259428.000000
479351.000000
354067.000000
577423.000000
549420.000000
738823.000000
620139.000000
558662.000000
636584.000000
500554.000000
618493.000000
416996.000000
266968.000000
716632.000000
360116.000000
613448.000000
552370.000000
743610.000000
585552.000000
303418.000000
591716.000000
537507.000000
593827.000000
641788.000000
362734.000000
442381.000000
161741.000000
482691.000000
682524.000000
578205.000000
69454.000000
531975.000000
336383.000000
605145.000000
541617.000000
622469.000000
479794.000000
738975.000000
601136.000000
557021.000000
483943.000000
253111.000000
329651.000000
559028.000000
161827.000000
343626.000000
328867.000000
534806.000000
294213.000000
379389.000000
297812.000000
659455.000000
384255.000000
199714.000000
489451.000000
257411.000000
495232.000000
640649.000000
603026.000000
304995.000000
510286.000000
614192.000000
365058.000000
648428.000000
429287.000000
179818.000000
632261.000000
226121.000000
548250.000000
734232.000000
640520.000000
455639.000000
143665.000000
494835.000000
437942.000000
678680.000000
192392.000000
650618.000000
