0.000000
0.000000
0.000000
0.000000
0.000000
0.000000
0.000000
0.000000
0.000000
0.000000
0.000000
0.000000
0.000000
0.000000
0.000000
0.000000
0.000000
0.000000
0.000000
0.000000
0.000000
0.000000
0.000000
0.000000
0.000000
0.000000
0.000000
0.000000
0.000000
0.000000
0.000000
0.000000
0.000000
0.000000
0.000000
0.000000
0.000000
0.000000
0.000000
0.000000
0.000000
0.000000
0.000000
0.000000
0.000000
0.000000
0.000000
0.000000
0.000000
0.000000
0.000000
0.000000
0.000000
0.000000
0.000000
0.000000
0.000000
0.000000
0.000000
0.000000
0.000000
0.000000
0.000000
0.000000
0.000000
0.000000
0.000000
0.000000
0.000000
0.000000
0.000000
0.000000
0.000000
0.000000
0.000000
0.000000
0.000000
0.000000
0.000000
0.000000
0.000000
0.000000
0.000000
0.000000
0.000000
0.000000
0.000000
0.000000
0.000000
0.000000
0.000000
0.000000
0.000000
0.000000
0.000000
0.000000
0.000000
0.000000
0.000000
0.000000
0.000000
0.000000
0.000000
0.000000
0.000000
0.000000
0.000000
0.000000
0.000000
0.000000
0.000000
0.000000
0.000000
0.000000
0.000000
0.000000
0.000000
0.000000
0.000000
0.000000
0.000000
0.000000
0.000000
0.000000
0.000000
0.000000
0.000000
0.000000
0.000000
0.000000
0.000000
0.000000
0.000000
0.000000
0.000000
0.000000
0.000000
0.000000
0.000000
0.000000
0.000000
0.000000
0.000000
0.000000
0.000000
0.000000
0.000000
0.000000
0.000000
0.000000
0.000000
0.000000
0.000000
0.000000
0.000000
0.000000
0.000000
0.000000
0.000000
0.000000
0.000000
0.000000
0.000000
0.000000
0.000000
0.000000
0.000000
0.000000
0.000000
0.000000
0.000000
0.000000
0.000000
0.000000
0.000000
0.000000
0.000000
0.000000
0.000000
0.000000
0.000000
0.000000
0.000000
0.000000
0.000000
0.000000
0.000000
0.000000
0.000000
0.000000
0.000000
0.000000
0.000000
0.000000
0.000000
0.000000
0.000000
0.000000
0.000000
0.000000
0.000000
0.000000
0.000000
0.000000
0.000000
0.000000
0.000000
0.000000
0.000000
0.000000
0.000000
0.000000
0.000000
0.000000
0.000000
0.000000
0.000000
0.000000
0.000000
0.000000
0.000000
0.000000
0.000000
0.000000
0.000000
0.000000
0.000000
0.000000
0.000000
0.000000
0.000000
0.000000
0.000000
0.000000
0.000000
0.000000
0.000000
0.000000
0.000000
0.000000
0.000000
0.000000
0.000000
0.000000
0.000000
0.000000
0.000000
0.000000
0.000000
0.000000
0.000000
0.000000
0.000000
0.000000
0.000000
0.000000
0.000000
0.000000
0.000000
0.000000
0.000000
0.000000
0.000000
0.000000
0.000000
0.000000
0.000000
0.000000
0.000000
0.000000
0.000000
0.000000
0.000000
0.000000
0.000000
0.000000
0.000000
0.000000
0.000000
0.000000
0.000000
0.000000
0.000000
0.000000
0.000000
0.000000
0.000000
0.000000
0.000000
0.000000
0.000000
0.000000
0.000000
0.000000
0.000000
0.000000
0.000000
0.000000
0.000000
0.000000
0.000000
0.000000
0.000000
0.000000
0.000000
0.000000
0.000000
0.000000
0.000000
0.000000
0.000000
0.000000
0.000000
0.000000
0.000000
0.000000
0.000000
0.000000
0.000000
0.000000
0.000000
0.000000
0.000000
0.000000
0.000000
0.000000
0.000000
0.000000
0.000000
0.000000
0.000000
0.000000
0.000000
0.000000
0.000000
0.000000
0.000000
0.000000
0.000000
0.000000
0.000000
0.000000
0.000000
0.000000
0.000000
0.000000
0.000000
0.000000
0.000000
0.000000
0.000000
0.000000
0.000000
0.000000
0.000000
0.000000
0.000000
0.000000
0.000000
0.000000
0.000000
0.000000
0.000000
0.000000
0.000000
0.000000
0.000000
0.000000
0.000000
0.000000
0.000000
0.000000
0.000000
0.000000
0.000000
0.000000
0.000000
0.000000
0.000000
0.000000
0.000000
0.000000
0.000000
0.000000
0.000000
0.000000
0.000000
0.000000
0.000000
0.000000
0.000000
0.000000
0.000000
0.000000
0.000000
0.000000
0.000000
0.000000
0.000000
0.000000
0.000000
0.000000
0.000000
0.000000
0.000000
0.000000
0.000000
0.000000
0.000000
0.000000
0.000000
0.000000
0.000000
0.000000
0.000000
0.000000
0.000000
0.000000
0.000000
0.000000
0.000000
0.000000
0.000000
0.000000
0.000000
0.000000
0.000000
0.000000
0.000000
0.000000
0.000000
0.000000
0.000000
0.000000
0.000000
0.000000
0.000000
0.000000
0.000000
0.000000
0.000000
0.000000
0.000000
0.000000
0.000000
0.000000
0.000000
0.000000
0.000000
0.000000
0.000000
0.000000
0.000000
0.000000
0.000000
0.000000
0.000000
7818980.000000
3801464.000000
327350.000000
520141.000000
805391.000000
5079734.000000
136092.000000
3839795.000000
561319.000000
4186338.000000
480300.000000
649147.000000
427166.000000
3933660.000000
755117.000000
685518.000000
327279.000000
947488.000000
3484847.000000
2879493.000000
411607.000000
2853297.000000
2992567.000000
3596260.000000
5479668.000000
245588.000000
1087683.000000
124138.000000
2012104.000000
413922.000000
191739.000000
613389.000000
1878613.000000
488912.000000
4024211.000000
996340.000000
393544.000000
3830639.000000
6327.000000
557730.000000
3840914.000000
3794590.000000
4539686.000000
446155.000000
3099568.000000
157640.000000
108446.000000
4441774.000000
352274.000000
3351375.000000
1814610.000000
4202111.000000
3916434.000000
468823.000000
467218.000000
3964752.000000
94986.000000
1990492.000000
433023.000000
261802.000000
3247638.000000
809475.000000
1648006.000000
205008.000000
762317.000000
2966019.000000
779746.000000
2607960.000000
198630.000000
1807321.000000
2276756.000000
930203.000000
4355076.000000
1059009.000000
277182.000000
2040636.000000
3465863.000000
4871250.000000
258043.000000
179103.000000
1219204.000000
2339896.000000
4137223.000000
219648.000000
498958.000000
593533.000000
435022.000000
378102.000000
309167.000000
819504.000000
250509.000000
3894132.000000
1235335.000000
3704877.000000
358380.000000
3267779.000000
4638227.000000
425487.000000
470983.000000
354504.000000
271815.000000
435017.000000
128472.000000
4208509.000000
2635715.000000
1840772.000000
949773.000000
920339.000000
245190.000000
884667.000000
3760904.000000
3106986.000000
263810.000000
2625533.000000
809646.000000
4475279.000000
4016637.000000
263950.000000
808004.000000
1103480.000000
3712429.000000
539763.000000
169067.000000
1879541.000000
386710.000000
475652.000000
221289.000000
4255100.000000
425000.000000
442510.000000
462104.000000
2511364.000000
4041202.000000
250856.000000
5126775.000000
327768.000000
626825.000000
264746.000000
355679.000000
804971.000000
507339.000000
1483625.000000
859514.000000
388268.000000
2732411.000000
448653.000000
168470.000000
2150516.000000
2286917.000000
4445419.000000
2632379.000000
264833.000000
545932.000000
166195.000000
2439827.000000
3432123.000000
375484.000000
432492.000000
4337176.000000
194230.000000
4695868.000000
3420659.000000
1012107.000000
2267626.000000
958294.000000
105122.000000
3154461.000000
1524883.000000
259265.000000
1287331.000000
4627297.000000
661836.000000
4430821.000000
2053606.000000
868244.000000
597385.000000
786501.000000
3123054.000000
723527.000000
4186320.000000
3742004.000000
804074.000000
406528.000000
439329.000000
621911.000000
579042.000000
808147.000000
667704.000000
887533.000000
559901.000000
1867770.000000
4350880.000000
140326.000000
2840434.000000
409605.000000
475922.000000
928569.000000
1999230.000000
527097.000000
288555.000000
1605505.000000
309661.000000
3005492.000000
1181628.000000
485549.000000
3996522.000000
315468.000000
1067864.000000
368979.000000
3469778.000000
257986.000000
2143205.000000
2310847.000000
2133992.000000
45251.000000
2120682.000000
348559.000000
270157.000000
969854.000000
1469396.000000
2271369.000000
2358368.000000
449993.000000
321737.000000
622829.000000
291132.000000
435979.000000
505857.000000
2910284.000000
4962606.000000
3650032.000000
1175712.000000
91166.000000
1964318.000000
170395.000000
214112.000000
707224.000000
3418991.000000
833207.000000
1121667.000000
646591.000000
4237704.000000
713508.000000
1447498.000000
2936175.000000
1081989.000000
421887.000000
162067.000000
1369385.000000
570635.000000
130223.000000
198600.000000
555000.000000
3389295.000000
911986.000000
4442266.000000
339500.000000
193258.000000
430994.000000
62007.000000
397542.000000
3736120.000000
3779211.000000
222128.000000
3644474.000000
321504.000000
3090457.000000
451655.000000
819580.000000
322722.000000
4227305.000000
3635437.000000
750937.000000
462774.000000
1252652.000000
715166.000000
479296.000000
4945720.000000
928419.000000
511304.000000
507169.000000
275127.000000
1026680.000000
363119.000000
433125.000000
4585267.000000
336808.000000
3970004.000000
3190980.000000
400417.000000
351983.000000
4202854.000000
424102.000000
459813.000000
564977.000000
1389003.000000
544255.000000
2930924.000000
3650086.000000
169350.000000
3423423.000000
317096.000000
2577911.000000
3394782.000000
1111387.000000
858180.000000
3720975.000000
736901.000000
458796.000000
3974603.000000
304026.000000
1732592.000000
2338219.000000
340448.000000
348084.000000
571097.000000
4456974.000000
600142.000000
411664.000000
616694.000000
488577.000000
981081.000000
2424210.000000
268498.000000
1136024.000000
855369.000000
1364168.000000
4147038.000000
2361530.000000
3841391.000000
604240.000000
850486.000000
1220239.000000
4458654.000000
471897.000000
339535.000000
890486.000000
4294460.000000
3694512.000000
4269484.000000
921050.000000
725601.000000
597709.000000
187559.000000
446761.000000
1592667.000000
4394609.000000
3923392.000000
4400318.000000
396293.000000
3341756.000000
297039.000000
257924.000000
675315.000000
2648171.000000
1179335.000000
806382.000000
203980.000000
181492.000000
385863.000000
4542121.000000
275670.000000
340964.000000
380846.000000
433258.000000
542034.000000
4813422.000000
4699898.000000
921598.000000
191210.000000
338318.000000
307015.000000
250991.000000
3815567.000000
709486.000000
890221.000000
381499.000000
1747694.000000
4667464.000000
2411435.000000
537639.000000
2907986.000000
4141114.000000
3827932.000000
2964808.000000
2970438.000000
3509762.000000
695440.000000
706722.000000
363445.000000
491820.000000
4522412.000000
85734.000000
1148739.000000
1351266.000000
3332208.000000
324887.000000
604599.000000
504166.000000
118916.000000
181934.000000
2693345.000000
444864.000000
724629.000000
372535.000000
1076263.000000
1061059.000000
1051094.000000
2913642.000000
502603.000000
3671448.000000
276399.000000
605760.000000
371426.000000
240217.000000
2242148.000000
2108554.000000
2765531.000000
1526605.000000
1230831.000000
1797549.000000
3865741.000000
292695.000000
284835.000000
4278425.000000
517054.000000
717720.000000
715440.000000
289756.000000
805924.000000
2780952.000000
417931.000000
659112.000000
3408138.000000
279597.000000
419342.000000
382246.000000
842755.000000
475741.000000
2603183.000000
194428.000000
284780.000000
458716.000000
204668.000000
597045.000000
3689747.000000
428942.000000
142768.000000
3416391.000000
1648379.000000
562421.000000
436325.000000
841543.000000
3100634.000000
288975.000000
562010.000000
447149.000000
396662.000000
3592559.000000
1380528.000000
1891138.000000
1970234.000000
4216558.000000
3932748.000000
468770.000000
4109270.000000
2628566.000000
2902722.000000
371929.000000
3674981.000000
382562.000000
4023548.000000
167005.000000
78439.000000
355526.000000
5137176.000000
2011559.000000
1160871.000000
294255.000000
456913.000000
4819439.000000
4192604.000000
134587.000000
2607067.000000
4843733.000000
349677.000000
325041.000000
2163350.000000
1040008.000000
303936.000000
116556.000000
2909242.000000
2008391.000000
4925529.000000
510502.000000
2617090.000000
1193694.000000
2575527.000000
2546436.000000
1186119.000000
4847227.000000
4289628.000000
4094463.000000
491207.000000
447683.000000
5384378.000000
1511143.000000
494663.000000
2107312.000000
721148.000000
940737.000000
1170235.000000
405401.000000
846390.000000
1092280.000000
650276.000000
792306.000000
942884.000000
579269.000000
677684.000000
410638.000000
747283.000000
65099.000000
406194.000000
478766.000000
384772.000000
261322.000000
354014.000000
420099.000000
4531960.000000
2683398.000000
458038.000000
208985.000000
1948110.000000
176977.000000
27882.000000
90233.000000
3826074.000000
288262.000000
3321760.000000
4371291.000000
427060.000000
420153.000000
2279239.000000
409911.000000
4164379.000000
1686881.000000
1490016.000000
3528686.000000
762371.000000
204113.000000
529013.000000
586025.000000
286461.000000
4183570.000000
866305.000000
240855.000000
465016.000000
516925.000000
407813.000000
4450903.000000
633345.000000
105728.000000
1267583.000000
652353.000000
370068.000000
316490.000000
3642646.000000
358607.000000
946768.000000
3515859.000000
159111.000000
463606.000000
4422466.000000
464910.000000
539341.000000
124388.000000
28111.000000
248375.000000
3228083.000000
683429.000000
3632950.000000
383082.000000
341826.000000
3278196.000000
856195.000000
237429.000000
363094.000000
316132.000000
307824.000000
316025.000000
4342420.000000
267899.000000
2782018.000000
3423508.000000
210610.000000
1296906.000000
4767586.000000
389134.000000
3685696.000000
236117.000000
545804.000000
426633.000000
1173924.000000
1343541.000000
1866821.000000
189366.000000
3976823.000000
421008.000000
3391429.000000
573153.000000
600155.000000
862346.000000
567788.000000
2233414.000000
738702.000000
2768736.000000
544262.000000
200004.000000
287795.000000
260610.000000
257908.000000
443986.000000
357921.000000
1647946.000000
4330059.000000
514140.000000
4128743.000000
780827.000000
1634124.000000
3302135.000000
4294090.000000
3739674.000000
2310078.000000
434416.000000
531790.000000
349774.000000
3885087.000000
4284831.000000
519515.000000
1084400.000000
314082.000000
2580958.000000
3849379.000000
306062.000000
3763613.000000
480835.000000
432416.000000
1286040.000000
256119.000000
1221307.000000
192875.000000
408687.000000
3628909.000000
3757986.000000
3566194.000000
480442.000000
135296.000000
398491.000000
506460.000000
3940689.000000
3721671.000000
3823355.000000
828595.000000
300361.000000
560297.000000
1195357.000000
3215973.000000
967153.000000
3047264.000000
3363937.000000
3960209.000000
722410.000000
3753474.000000
589070.000000
1959738.000000
175240.000000
416950.000000
379422.000000
80760.000000
4907369.000000
311075.000000
731734.000000
498431.000000
220821.000000
265079.000000
189319.000000
577093.000000
286098.000000
1038452.000000
422731.000000
235815.000000
1641343.000000
437713.000000
1149280.000000
4179146.000000
80264.000000
2977273.000000
4214313.000000
301446.000000
1626423.000000
242627.000000
723033.000000
456485.000000
3027072.000000
3887380.000000
370644.000000
4271528.000000
4538642.000000
187416.000000
786745.000000
2533722.000000
436545.000000
310283.000000
208158.000000
851663.000000
421127.000000
579236.000000
3163721.000000
3554264.000000
194280.000000
3227226.000000
1626875.000000
201208.000000
406912.000000
517506.000000
201283.000000
2953537.000000
1443342.000000
820900.000000
3885336.000000
457535.000000
350962.000000
2411093.000000
888210.000000
323537.000000
4252998.000000
441784.000000
4661255.000000
335698.000000
272050.000000
1997660.000000
141882.000000
4049256.000000
346532.000000
342507.000000
4354335.000000
1169382.000000
523060.000000
1906609.000000
636390.000000
632189.000000
64699.000000
379001.000000
295312.000000
421329.000000
496243.000000
439455.000000
3967252.000000
286316.000000
260340.000000
371038.000000
265474.000000
652676.000000
500448.000000
2489044.000000
173138.000000
149888.000000
841579.000000
324987.000000
2276293.000000
289428.000000
966886.000000
3355965.000000
757041.000000
416018.000000
651129.000000
754708.000000
1550894.000000
1054024.000000
2105414.000000
343217.000000
2380789.000000
1877006.000000
1698687.000000
724841.000000
414743.000000
164243.000000
1165619.000000
4690351.000000
4631052.000000
245308.000000
765509.000000
662862.000000
1422452.000000
229593.000000
332035.000000
601195.000000
414935.000000
128650.000000
146356.000000
4055950.000000
493792.000000
362606.000000
235095.000000
555957.000000
319155.000000
560017.000000
1222731.000000
447355.000000
227363.000000
2956356.000000
187936.000000
191171.000000
4045472.000000
107609.000000
520683.000000
288478.000000
333657.000000
86746.000000
2839122.000000
702651.000000
870834.000000
1760166.000000
1986052.000000
4196192.000000
327329.000000
4556383.000000
559815.000000
3829025.000000
541826.000000
3691004.000000
451118.000000
3386005.000000
2662369.000000
393635.000000
241181.000000
614836.000000
4436429.000000
728480.000000
489477.000000
3754405.000000
98154.000000
795736.000000
5074896.000000
977930.000000
466889.000000
2671284.000000
576504.000000
243460.000000
1734803.000000
227144.000000
3245491.000000
308733.000000
209983.000000
354037.000000
546840.000000
1512054.000000
575549.000000
418261.000000
395087.000000
618739.000000
3611026.000000
277246.000000
1429702.000000
255344.000000
395952.000000
318928.000000
3938041.000000
370261.000000
654641.000000
250752.000000
112226.000000
1678607.000000
4438333.000000
136847.000000
170860.000000
466011.000000
4152877.000000
233592.000000
2842954.000000
440999.000000
412951.000000
3984730.000000
746090.000000
505707.000000
576055.000000
106915.000000
3280257.000000
4625105.000000
876009.000000
4424261.000000
3733545.000000
262938.000000
3367729.000000
379552.000000
474804.000000
570653.000000
832582.000000
386846.000000
355082.000000
756604.000000
234348.000000
4602389.000000
1722382.000000
367565.000000
2609425.000000
2553639.000000
257374.000000
858077.000000
170713.000000
542466.000000
3854017.000000
4827722.000000
453774.000000
3275403.000000
2561119.000000
3924236.000000
3457899.000000
445109.000000
475845.000000
3828361.000000
544484.000000
821478.000000
565397.000000
747238.000000
545853.000000
318903.000000
3245878.000000
760093.000000
136605.000000
4090434.000000
4216251.000000
167292.000000
3800051.000000
646143.000000
4452683.000000
453366.000000
3300179.000000
624476.000000
1826145.000000
4884458.000000
3822400.000000
261718.000000
472182.000000
495926.000000
3759889.000000
546382.000000
5017657.000000
5241047.000000
448388.000000
598387.000000
511308.000000
567484.000000
302973.000000
4819067.000000
547195.000000
518807.000000
712270.000000
523579.000000
838396.000000
109796.000000
858875.000000
1017897.000000
524254.000000
1192844.000000
3866533.000000
468163.000000
441774.000000
471456.000000
284648.000000
424505.000000
747188.000000
148244.000000
112267.000000
2196431.000000
425331.000000
499286.000000
3980672.000000
580506.000000
197734.000000
389678.000000
294366.000000
395758.000000
3428924.000000
226160.000000
447361.000000
895402.000000
4282115.000000
517691.000000
1409041.000000
557902.000000
469105.000000
3019315.000000
4836711.000000
3046042.000000
1956279.000000
863470.000000
509986.000000
3082235.000000
693757.000000
611688.000000
1135297.000000
181274.000000
328603.000000
5035634.000000
255169.000000
3646603.000000
174964.000000
4578459.000000
525757.000000
364289.000000
4340978.000000
191526.000000
882477.000000
209006.000000
479890.000000
3877902.000000
463099.000000
129698.000000
1282948.000000
4690700.000000
3733843.000000
170434.000000
516408.000000
618679.000000
703934.000000
2944754.000000
4621379.000000
2493428.000000
3670202.000000
204102.000000
323603.000000
473803.000000
106045.000000
412532.000000
527269.000000
447434.000000
801802.000000
3839189.000000
3438328.000000
1897714.000000
3743122.000000
5162368.000000
339124.000000
393198.000000
371406.000000
190297.000000
87867.000000
4096305.000000
3718030.000000
2398124.000000
1266797.000000
4389730.000000
5097250.000000
1746137.000000
3751197.000000
213640.000000
604620.000000
337705.000000
422682.000000
526645.000000
488630.000000
344216.000000
259316.000000
194734.000000
260495.000000
1469625.000000
3043365.000000
4728312.000000
202969.000000
442497.000000
332000.000000
2190773.000000
119304.000000
342048.000000
3435644.000000
2017201.000000
1219803.000000
1093537.000000
2390585.000000
1207566.000000
714061.000000
4087296.000000
986214.000000
3489569.000000
428486.000000
4353341.000000
510557.000000
2778664.000000
272591.000000
1008497.000000
454278.000000
4252645.000000
720665.000000
300366.000000
384384.000000
1268925.000000
367778.000000
734224.000000
237116.000000
499698.000000
369761.000000
555613.000000
1161524.000000
3433492.000000
4552577.000000
442474.000000
582781.000000
258672.000000
747911.000000
322581.000000
525706.000000
490607.000000
466093.000000
280437.000000
356521.000000
1527484.000000
2410809.000000
447247.000000
3001443.000000
2123732.000000
436214.000000
534299.000000
1250843.000000
440115.000000
423560.000000
317825.000000
3998756.000000
412320.000000
115548.000000
402858.000000
861888.000000
2914076.000000
291830.000000
3719053.000000
345783.000000
464145.000000
3785396.000000
3508203.000000
394132.000000
1863754.000000
3822477.000000
1534961.000000
4129457.000000
228520.000000
521255.000000
308169.000000
353199.000000
510211.000000
251580.000000
447341.000000
361704.000000
287489.000000
292345.000000
534275.000000
3404618.000000
386947.000000
1683433.000000
2409904.000000
3821403.000000
567916.000000
791435.000000
1611925.000000
779474.000000
496872.000000
452414.000000
116818.000000
163422.000000
550190.000000
4047352.000000
2777541.000000
1753328.000000
3189471.000000
296497.000000
4539285.000000
4426803.000000
1282462.000000
943041.000000
2289903.000000
592340.000000
5020952.000000
2928297.000000
825928.000000
690501.000000
3025443.000000
1212893.000000
974484.000000
816308.000000
366608.000000
485708.000000
238440.000000
4263709.000000
3616517.000000
282496.000000
258778.000000
3840243.000000
623080.000000
436054.000000
876356.000000
4239726.000000
275193.000000
684544.000000
945732.000000
2676697.000000
4018286.000000
1230468.000000
94190.000000
395061.000000
902789.000000
3104606.000000
1410187.000000
570169.000000
281348.000000
4007983.000000
197005.000000
5413475.000000
1378108.000000
4315041.000000
770131.000000
260535.000000
654863.000000
3987787.000000
1109050.000000
444103.000000
1021557.000000
2423114.000000
102265.000000
388788.000000
3494808.000000
1216892.000000
430519.000000
4786810.000000
571981.000000
4883362.000000
215956.000000
561621.000000
244889.000000
750856.000000
540213.000000
168111.000000
435323.000000
3748249.000000
1857853.000000
478909.000000
3845445.000000
491830.000000
678862.000000
1100193.000000
1298200.000000
200284.000000
4893149.000000
2068722.000000
551465.000000
453156.000000
485416.000000
462695.000000
860779.000000
533861.000000
450981.000000
2619810.000000
699283.000000
4900142.000000
450130.000000
362709.000000
407601.000000
4434620.000000
4724337.000000
420470.000000
2361899.000000
4436396.000000
190556.000000
1493372.000000
705894.000000
603222.000000
3955100.000000
704091.000000
1545635.000000
116948.000000
4864962.000000
289454.000000
959028.000000
165586.000000
419333.000000
3297604.000000
4317499.000000
3451893.000000
440336.000000
1429384.000000
1899483.000000
2870353.000000
901025.000000
283793.000000
3721754.000000
3860124.000000
107369.000000
543465.000000
4988578.000000
531306.000000
3327666.000000
3408346.000000
371091.000000
410019.000000
3739427.000000
382184.000000
261864.000000
403261.000000
301344.000000
139148.000000
833603.000000
2859673.000000
1571951.000000
1004830.000000
172665.000000
772282.000000
3538676.000000
1748072.000000
1617479.000000
2087273.000000
795338.000000
334843.000000
2610036.000000
242534.000000
966504.000000
372928.000000
824454.000000
435026.000000
479388.000000
747873.000000
4113144.000000
1315049.000000
637055.000000
321166.000000
465522.000000
3610172.000000
718015.000000
367024.000000
674474.000000
1967183.000000
292962.000000
691878.000000
432656.000000
3560749.000000
1602740.000000
3533165.000000
5335014.000000
2426368.000000
3739384.000000
1691774.000000
4654301.000000
916265.000000
330319.000000
3020021.000000
418851.000000
1777968.000000
797024.000000
3774361.000000
3225399.000000
348198.000000
3896029.000000
914187.000000
3857738.000000
2949041.000000
522277.000000
1114566.000000
177235.000000
915580.000000
4122641.000000
4303562.000000
75154.000000
1417152.000000
384298.000000
1673594.000000
905233.000000
3395727.000000
992133.000000
4660495.000000
2992909.000000
2767889.000000
661836.000000
230463.000000
429037.000000
929098.000000
202107.000000
361302.000000
449123.000000
2901017.000000
490159.000000
469378.000000
396476.000000
2782318.000000
626752.000000
228857.000000
1032134.000000
261802.000000
845771.000000
3746445.000000
3052312.000000
324978.000000
1715393.000000
4446540.000000
506148.000000
2602320.000000
617960.000000
200926.000000
3165321.000000
299241.000000
3270511.000000
4338253.000000
4385219.000000
2569871.000000
222693.000000
803477.000000
2379133.000000
2857675.000000
234423.000000
3685630.000000
