0.000000
0.000000
0.000000
0.000000
0.000000
0.000000
0.000000
0.000000
0.000000
0.000000
0.000000
0.000000
0.000000
0.000000
0.000000
0.000000
0.000000
0.000000
0.000000
0.000000
0.000000
0.000000
0.000000
0.000000
0.000000
0.000000
0.000000
0.000000
0.000000
0.000000
0.000000
0.000000
0.000000
0.000000
0.000000
0.000000
0.000000
0.000000
0.000000
0.000000
0.000000
0.000000
0.000000
0.000000
0.000000
0.000000
0.000000
0.000000
0.000000
0.000000
0.000000
0.000000
0.000000
0.000000
0.000000
0.000000
0.000000
0.000000
0.000000
0.000000
0.000000
0.000000
0.000000
0.000000
0.000000
0.000000
0.000000
0.000000
0.000000
0.000000
0.000000
0.000000
0.000000
0.000000
0.000000
0.000000
0.000000
0.000000
0.000000
0.000000
0.000000
0.000000
0.000000
0.000000
0.000000
0.000000
0.000000
0.000000
0.000000
0.000000
0.000000
0.000000
0.000000
0.000000
0.000000
0.000000
0.000000
0.000000
0.000000
0.000000
0.000000
0.000000
0.000000
0.000000
0.000000
0.000000
0.000000
0.000000
0.000000
0.000000
0.000000
0.000000
0.000000
0.000000
0.000000
0.000000
0.000000
0.000000
0.000000
0.000000
0.000000
0.000000
0.000000
0.000000
0.000000
0.000000
0.000000
0.000000
0.000000
0.000000
0.000000
0.000000
0.000000
0.000000
0.000000
0.000000
0.000000
0.000000
0.000000
0.000000
0.000000
0.000000
0.000000
0.000000
0.000000
0.000000
0.000000
0.000000
0.000000
0.000000
0.000000
0.000000
0.000000
0.000000
0.000000
0.000000
0.000000
0.000000
0.000000
0.000000
0.000000
0.000000
0.000000
0.000000
0.000000
0.000000
0.000000
0.000000
0.000000
0.000000
0.000000
0.000000
0.000000
0.000000
0.000000
0.000000
0.000000
0.000000
0.000000
0.000000
0.000000
0.000000
0.000000
0.000000
0.000000
0.000000
0.000000
0.000000
0.000000
0.000000
0.000000
0.000000
0.000000
0.000000
0.000000
0.000000
0.000000
0.000000
0.000000
0.000000
0.000000
0.000000
0.000000
0.000000
0.000000
0.000000
0.000000
0.000000
0.000000
0.000000
0.000000
0.000000
0.000000
0.000000
0.000000
0.000000
0.000000
0.000000
0.000000
0.000000
0.000000
0.000000
0.000000
0.000000
0.000000
0.000000
0.000000
0.000000
0.000000
0.000000
0.000000
0.000000
0.000000
0.000000
0.000000
0.000000
0.000000
0.000000
0.000000
0.000000
0.000000
0.000000
0.000000
0.000000
0.000000
0.000000
0.000000
0.000000
0.000000
0.000000
0.000000
0.000000
0.000000
0.000000
0.000000
0.000000
0.000000
0.000000
0.000000
0.000000
0.000000
0.000000
0.000000
0.000000
0.000000
0.000000
0.000000
0.000000
0.000000
0.000000
0.000000
0.000000
0.000000
0.000000
0.000000
0.000000
0.000000
0.000000
0.000000
0.000000
0.000000
0.000000
0.000000
0.000000
0.000000
0.000000
0.000000
0.000000
0.000000
0.000000
0.000000
0.000000
0.000000
0.000000
0.000000
0.000000
0.000000
0.000000
0.000000
0.000000
0.000000
0.000000
0.000000
0.000000
0.000000
0.000000
0.000000
0.000000
0.000000
0.000000
0.000000
0.000000
0.000000
0.000000
0.000000
0.000000
0.000000
0.000000
0.000000
0.000000
0.000000
0.000000
0.000000
0.000000
0.000000
0.000000
0.000000
0.000000
0.000000
0.000000
0.000000
0.000000
0.000000
0.000000
0.000000
0.000000
0.000000
0.000000
0.000000
0.000000
0.000000
0.000000
0.000000
0.000000
0.000000
0.000000
0.000000
0.000000
0.000000
0.000000
0.000000
0.000000
0.000000
0.000000
0.000000
0.000000
0.000000
0.000000
0.000000
0.000000
0.000000
0.000000
0.000000
0.000000
0.000000
0.000000
0.000000
0.000000
0.000000
0.000000
0.000000
0.000000
0.000000
0.000000
0.000000
0.000000
0.000000
0.000000
0.000000
0.000000
0.000000
0.000000
0.000000
0.000000
0.000000
0.000000
0.000000
0.000000
0.000000
0.000000
0.000000
0.000000
0.000000
0.000000
0.000000
0.000000
0.000000
0.000000
0.000000
0.000000
0.000000
0.000000
0.000000
0.000000
0.000000
0.000000
0.000000
0.000000
0.000000
0.000000
0.000000
0.000000
0.000000
0.000000
0.000000
0.000000
0.000000
0.000000
0.000000
0.000000
0.000000
0.000000
0.000000
0.000000
0.000000
0.000000
0.000000
0.000000
0.000000
0.000000
0.000000
0.000000
0.000000
0.000000
0.000000
0.000000
0.000000
0.000000
0.000000
0.000000
0.000000
0.000000
0.000000
0.000000
0.000000
0.000000
0.000000
0.000000
0.000000
0.000000
0.000000
0.000000
0.000000
0.000000
0.000000
0.000000
0.000000
0.000000
0.000000
0.000000
0.000000
0.000000
0.000000
0.000000
0.000000
0.000000
24782630.000000
434258.000000
700679.000000
461808.000000
11192069.000000
803316.000000
936442.000000
318354.000000
910804.000000
5938276.000000
4494168.000000
460920.000000
6321651.000000
3558772.000000
12265829.000000
13739494.000000
253863.000000
1378561.000000
127039.000000
2184661.000000
406737.000000
240377.000000
1040783.000000
1840903.000000
503827.000000
7789103.000000
1121331.000000
481066.000000
6924925.000000
6329.000000
455908.000000
5324286.000000
6322849.000000
10424756.000000
572741.000000
4863315.000000
173710.000000
118274.000000
9663297.000000
338590.000000
4923445.000000
1466705.000000
12934450.000000
11842240.000000
760871.000000
493585.000000
6448233.000000
135461.000000
2219004.000000
629550.000000
288515.000000
5747645.000000
597117.000000
2447441.000000
235346.000000
785155.000000
3700427.000000
1008388.000000
3842420.000000
228140.000000
2736433.000000
2515019.000000
1135112.000000
8398254.000000
1353857.000000
309946.000000
2345832.000000
5868117.000000
10679302.000000
286139.000000
216977.000000
1342442.000000
2779175.000000
9642588.000000
234271.000000
626421.000000
510976.000000
451470.000000
556632.000000
334241.000000
997250.000000
197167.000000
7385739.000000
2035109.000000
7619579.000000
448896.000000
6192238.000000
8872261.000000
664240.000000
634747.000000
491907.000000
337636.000000
498524.000000
109725.000000
8640361.000000
3504232.000000
2824068.000000
1322098.000000
853955.000000
235444.000000
1190505.000000
5744208.000000
5733000.000000
264497.000000
8991539.000000
982330.000000
10701818.000000
11041923.000000
264619.000000
1003795.000000
1194206.000000
9207278.000000
576743.000000
242361.000000
1902225.000000
434608.000000
564542.000000
238833.000000
9733597.000000
514763.000000
577166.000000
428800.000000
3650815.000000
13757829.000000
236815.000000
13015124.000000
389461.000000
650181.000000
288138.000000
316022.000000
1176369.000000
493599.000000
2001674.000000
1096108.000000
451137.000000
3488566.000000
525133.000000
170693.000000
2929405.000000
3447914.000000
14653620.000000
3739281.000000
380349.000000
688272.000000
230719.000000
3306930.000000
6787357.000000
476532.000000
545225.000000
8308407.000000
218477.000000
13830731.000000
4491542.000000
1439419.000000
2435045.000000
1141087.000000
141168.000000
3412820.000000
1578610.000000
319554.000000
1083840.000000
14243486.000000
1066516.000000
8671501.000000
2333554.000000
756781.000000
644795.000000
756989.000000
4776338.000000
696122.000000
13585122.000000
5852467.000000
828794.000000
499737.000000
460382.000000
853602.000000
925005.000000
925199.000000
606304.000000
1168975.000000
713149.000000
2549640.000000
9996605.000000
162466.000000
5862811.000000
599200.000000
653284.000000
1276046.000000
2416414.000000
704667.000000
352414.000000
1949231.000000
387628.000000
4087034.000000
1431750.000000
463366.000000
10766778.000000
315269.000000
900183.000000
452378.000000
6009810.000000
348352.000000
3545772.000000
3246795.000000
3300891.000000
49570.000000
2772874.000000
385728.000000
289946.000000
1283611.000000
1554684.000000
3181666.000000
3032448.000000
468946.000000
410450.000000
741053.000000
334840.000000
502902.000000
499529.000000
12872211.000000
15981652.000000
5939227.000000
1164810.000000
93217.000000
2654714.000000
198595.000000
220072.000000
755870.000000
5244802.000000
1096885.000000
1565343.000000
747799.000000
9993278.000000
880792.000000
1823673.000000
6442281.000000
1378698.000000
468940.000000
182119.000000
1731272.000000
652139.000000
135545.000000
225478.000000
536627.000000
4946136.000000
961848.000000
11433567.000000
369589.000000
228026.000000
450970.000000
63706.000000
464375.000000
5847008.000000
4388601.000000
256516.000000
4916264.000000
362583.000000
8026071.000000
398171.000000
1051299.000000
392592.000000
10179433.000000
5024116.000000
1036175.000000
434193.000000
2001139.000000
734954.000000
533221.000000
9858315.000000
883570.000000
700865.000000
547017.000000
413475.000000
1271662.000000
424235.000000
510139.000000
9445372.000000
437166.000000
6375628.000000
5692408.000000
520268.000000
401583.000000
7740616.000000
531763.000000
430584.000000
975886.000000
1719068.000000
621653.000000
4477047.000000
5713906.000000
180220.000000
4455974.000000
367182.000000
2830056.000000
5521820.000000
1319084.000000
814070.000000
6989156.000000
752647.000000
725128.000000
7732666.000000
316205.000000
1737061.000000
4128373.000000
382610.000000
386595.000000
563570.000000
7119176.000000
900645.000000
449397.000000
571667.000000
463703.000000
1259970.000000
2448660.000000
356131.000000
1469728.000000
972102.000000
1770712.000000
11329231.000000
3610226.000000
11645507.000000
590301.000000
859358.000000
1473569.000000
9321410.000000
448352.000000
369640.000000
1132632.000000
8831833.000000
5505019.000000
7500048.000000
1164223.000000
742047.000000
799743.000000
223378.000000
542354.000000
1741538.000000
8474954.000000
9348481.000000
8185498.000000
483263.000000
6219048.000000
373482.000000
225744.000000
1083862.000000
3565411.000000
1482748.000000
977274.000000
178316.000000
210890.000000
386476.000000
10576802.000000
343273.000000
356404.000000
484581.000000
540698.000000
565643.000000
13676884.000000
10528460.000000
986468.000000
223101.000000
400915.000000
325787.000000
298037.000000
8416209.000000
907251.000000
1028467.000000
444699.000000
2320032.000000
14978829.000000
2900197.000000
423837.000000
5481121.000000
14151122.000000
8948485.000000
5264817.000000
4654953.000000
7337154.000000
677247.000000
961175.000000
543407.000000
504379.000000
9974340.000000
94094.000000
1253098.000000
1501048.000000
6184675.000000
359277.000000
1058423.000000
592734.000000
167382.000000
175769.000000
4976705.000000
483193.000000
860445.000000
379636.000000
1757721.000000
1142592.000000
1111738.000000
4481921.000000
504777.000000
12284595.000000
327781.000000
736076.000000
407644.000000
276941.000000
2926072.000000
3000720.000000
4458155.000000
2044046.000000
1445080.000000
2033195.000000
7830554.000000
336768.000000
404088.000000
8354905.000000
567183.000000
650321.000000
746096.000000
345510.000000
981859.000000
5970967.000000
518498.000000
664242.000000
14044488.000000
328095.000000
486372.000000
530689.000000
854291.000000
761955.000000
4571554.000000
209207.000000
293587.000000
537198.000000
263696.000000
584526.000000
7764753.000000
530730.000000
134262.000000
6785763.000000
1429133.000000
721346.000000
516860.000000
1248308.000000
4817731.000000
327817.000000
867940.000000
539826.000000
457936.000000
4822171.000000
1455739.000000
1899759.000000
2709221.000000
9500286.000000
6910650.000000
569240.000000
10186157.000000
3382830.000000
4747705.000000
485539.000000
6745864.000000
395377.000000
10048955.000000
175208.000000
80481.000000
381956.000000
13763465.000000
1932930.000000
1357639.000000
315555.000000
630436.000000
9054700.000000
6131433.000000
151285.000000
4802504.000000
7750297.000000
513754.000000
353077.000000
3118724.000000
1150819.000000
414330.000000
98526.000000
3929661.000000
2368373.000000
8014371.000000
642768.000000
3422575.000000
1772036.000000
3051869.000000
3618836.000000
1512885.000000
14967073.000000
12059696.000000
13859337.000000
699054.000000
554062.000000
10932371.000000
1829528.000000
698430.000000
1990877.000000
786284.000000
994975.000000
1072952.000000
382122.000000
1175286.000000
1293745.000000
671222.000000
897320.000000
1035429.000000
618142.000000
637400.000000
573397.000000
986321.000000
67533.000000
468994.000000
612231.000000
549118.000000
307821.000000
402715.000000
542012.000000
12346334.000000
4779216.000000
638801.000000
221197.000000
3315421.000000
192710.000000
32903.000000
99638.000000
14753596.000000
324624.000000
4991665.000000
7304708.000000
518472.000000
552623.000000
2383789.000000
502988.000000
11853640.000000
2235617.000000
2121583.000000
5143187.000000
915072.000000
293713.000000
612926.000000
723356.000000
317425.000000
10413416.000000
845650.000000
336379.000000
583629.000000
662064.000000
597037.000000
9571640.000000
854458.000000
127868.000000
1710983.000000
790913.000000
408189.000000
268342.000000
6274097.000000
494139.000000
1455761.000000
5937753.000000
145925.000000
594892.000000
7126183.000000
484597.000000
624773.000000
136912.000000
37207.000000
293546.000000
3758126.000000
734106.000000
6735779.000000
412523.000000
367664.000000
4780431.000000
1063472.000000
254862.000000
547958.000000
342925.000000
401214.000000
400094.000000
9691879.000000
324487.000000
5376095.000000
6254471.000000
214917.000000
1516044.000000
9745755.000000
458756.000000
6735781.000000
316640.000000
694546.000000
511928.000000
1437450.000000
1290675.000000
2025822.000000
193417.000000
7723149.000000
450514.000000
4765836.000000
740286.000000
522119.000000
1084055.000000
580499.000000
3330156.000000
841585.000000
3112058.000000
669278.000000
204818.000000
303958.000000
307787.000000
257772.000000
542416.000000
492813.000000
1666840.000000
13348696.000000
839145.000000
5827342.000000
1077583.000000
2595809.000000
3993957.000000
11988250.000000
6086462.000000
3974117.000000
520484.000000
581882.000000
319041.000000
10408362.000000
6369653.000000
529153.000000
1079308.000000
379060.000000
2998318.000000
14740007.000000
450640.000000
5097847.000000
560140.000000
507971.000000
1242781.000000
297068.000000
1813348.000000
249427.000000
526894.000000
5575617.000000
7675958.000000
5290270.000000
691036.000000
154289.000000
477221.000000
649488.000000
7539737.000000
7589999.000000
9420091.000000
1162526.000000
418946.000000
556167.000000
1065299.000000
12336940.000000
1257991.000000
4877925.000000
4354159.000000
6348754.000000
792055.000000
8281601.000000
639320.000000
2513889.000000
200043.000000
472328.000000
432786.000000
71333.000000
12841212.000000
338208.000000
777823.000000
748791.000000
230758.000000
275696.000000
232535.000000
579712.000000
304805.000000
1110859.000000
493102.000000
290428.000000
1556624.000000
495935.000000
1604121.000000
5893723.000000
87717.000000
4947763.000000
9129426.000000
287650.000000
1691027.000000
240350.000000
994478.000000
447073.000000
5581801.000000
12554570.000000
433549.000000
8860250.000000
10186650.000000
166726.000000
1611378.000000
4680190.000000
470907.000000
299606.000000
304977.000000
797130.000000
488788.000000
472140.000000
6464920.000000
5210086.000000
205601.000000
4768376.000000
1319099.000000
193315.000000
445676.000000
625231.000000
271443.000000
4031455.000000
1270118.000000
832356.000000
14529683.000000
534954.000000
423739.000000
4445371.000000
881015.000000
341411.000000
9497857.000000
413779.000000
11334270.000000
352942.000000
341636.000000
3034010.000000
173578.000000
8216721.000000
349595.000000
397345.000000
14387992.000000
1505549.000000
626613.000000
3156007.000000
626590.000000
792256.000000
79433.000000
459507.000000
393006.000000
412145.000000
485733.000000
510260.000000
10827997.000000
406034.000000
287059.000000
514456.000000
363387.000000
652136.000000
536107.000000
2699690.000000
256876.000000
127215.000000
984180.000000
293434.000000
3047425.000000
385477.000000
1152945.000000
5958120.000000
848103.000000
466342.000000
781254.000000
779843.000000
1186015.000000
1362960.000000
2586131.000000
393347.000000
4626193.000000
2575106.000000
2408400.000000
891704.000000
564389.000000
212260.000000
1363859.000000
6833521.000000
14492373.000000
268281.000000
1089497.000000
761463.000000
1306933.000000
246531.000000
436816.000000
733710.000000
516443.000000
162796.000000
147591.000000
13689260.000000
497809.000000
391442.000000
307194.000000
625203.000000
391635.000000
740141.000000
1261090.000000
528309.000000
274720.000000
4430994.000000
200321.000000
206364.000000
7690997.000000
125485.000000
564482.000000
345294.000000
350194.000000
85439.000000
4898121.000000
990982.000000
1132270.000000
2772998.000000
2496518.000000
7858074.000000
527115.000000
10236331.000000
592006.000000
6487464.000000
599887.000000
5583312.000000
499204.000000
11654776.000000
4324507.000000
609309.000000
297534.000000
651973.000000
8764999.000000
916485.000000
583231.000000
6809776.000000
101760.000000
1312312.000000
12265604.000000
1374452.000000
523792.000000
2751750.000000
857647.000000
243649.000000
1800649.000000
276348.000000
5126263.000000
329030.000000
280540.000000
581062.000000
570271.000000
1625963.000000
643467.000000
392986.000000
417667.000000
684393.000000
14947047.000000
253690.000000
1602495.000000
290078.000000
402827.000000
395252.000000
10109186.000000
361967.000000
1082066.000000
323780.000000
136641.000000
2123359.000000
10001115.000000
139423.000000
223054.000000
549825.000000
15925849.000000
353665.000000
3734918.000000
447445.000000
465768.000000
11956257.000000
752255.000000
514191.000000
601413.000000
122983.000000
4769913.000000
14617285.000000
826060.000000
14666068.000000
7730369.000000
283224.000000
5339402.000000
454737.000000
417238.000000
709832.000000
1002275.000000
473555.000000
382573.000000
881818.000000
282893.000000
9311936.000000
1921347.000000
353699.000000
3996099.000000
4124712.000000
324687.000000
937624.000000
204189.000000
829903.000000
7269017.000000
13639207.000000
523130.000000
5276090.000000
3998534.000000
8468610.000000
7306701.000000
572865.000000
398821.000000
10886123.000000
586451.000000
1190999.000000
630175.000000
835458.000000
762698.000000
439667.000000
9454229.000000
833391.000000
120673.000000
8234419.000000
8126666.000000
184728.000000
9337933.000000
875291.000000
11056778.000000
514005.000000
4567539.000000
773797.000000
1819611.000000
14105471.000000
12247117.000000
291436.000000
537533.000000
440214.000000
9287668.000000
552639.000000
12058203.000000
11791276.000000
557212.000000
528801.000000
705627.000000
897029.000000
364538.000000
9992959.000000
597217.000000
627498.000000
806026.000000
690785.000000
1198421.000000
128725.000000
1038406.000000
1714171.000000
537957.000000
991948.000000
6093023.000000
529373.000000
500640.000000
655992.000000
282825.000000
482266.000000
971413.000000
152209.000000
93962.000000
2814761.000000
417250.000000
623075.000000
6780987.000000
609988.000000
244198.000000
387701.000000
282391.000000
501988.000000
4322553.000000
255723.000000
432048.000000
1210659.000000
6977986.000000
577318.000000
1175934.000000
470333.000000
468280.000000
3480328.000000
11937696.000000
3916473.000000
3267172.000000
1180711.000000
599611.000000
6171266.000000
891048.000000
888583.000000
1518365.000000
236503.000000
389770.000000
14355722.000000
296369.000000
5952858.000000
165634.000000
13390650.000000
581107.000000
498092.000000
9585642.000000
227802.000000
1029499.000000
254729.000000
572418.000000
6664899.000000
488274.000000
108265.000000
2116584.000000
15146032.000000
8051732.000000
214427.000000
484463.000000
789274.000000
995562.000000
4820256.000000
8460534.000000
2346664.000000
7387203.000000
189903.000000
433440.000000
461232.000000
116828.000000
537078.000000
431898.000000
481284.000000
1044154.000000
11745048.000000
7474555.000000
2482458.000000
9908140.000000
9001740.000000
409872.000000
591661.000000
514290.000000
219356.000000
70616.000000
10266985.000000
7912519.000000
4204891.000000
1318322.000000
15717167.000000
12818209.000000
2220495.000000
8661343.000000
252746.000000
743006.000000
450578.000000
500769.000000
613055.000000
762689.000000
501102.000000
217344.000000
195205.000000
329413.000000
2028542.000000
5732335.000000
10960321.000000
225771.000000
469669.000000
503145.000000
2970725.000000
139617.000000
366242.000000
4918210.000000
2198783.000000
1453726.000000
1250949.000000
4275684.000000
1449264.000000
904535.000000
6547568.000000
1498126.000000
7407135.000000
433380.000000
11558414.000000
493270.000000
4634460.000000
354431.000000
1348664.000000
502736.000000
8110505.000000
854200.000000
348439.000000
440724.000000
1278773.000000
361783.000000
680142.000000
340117.000000
601905.000000
471958.000000
562649.000000
1068341.000000
5875988.000000
10916059.000000
539013.000000
488193.000000
307866.000000
827097.000000
431952.000000
577044.000000
509012.000000
433849.000000
353822.000000
411011.000000
1954592.000000
3877869.000000
519152.000000
3905455.000000
2589138.000000
567332.000000
494721.000000
1364130.000000
501795.000000
536074.000000
423686.000000
10977721.000000
366347.000000
123064.000000
500296.000000
952771.000000
6481034.000000
340115.000000
4770799.000000
371454.000000
565670.000000
7213710.000000
6277776.000000
572760.000000
1688808.000000
14243328.000000
2034979.000000
7415509.000000
269935.000000
691972.000000
308597.000000
342457.000000
609229.000000
320551.000000
420230.000000
322653.000000
293881.000000
342647.000000
562789.000000
7013438.000000
531377.000000
2047912.000000
2776538.000000
14467910.000000
709697.000000
1004743.000000
2610421.000000
870421.000000
539994.000000
553755.000000
127718.000000
195701.000000
789412.000000
7929533.000000
5125886.000000
1836986.000000
3443145.000000
421817.000000
14050408.000000
7394537.000000
1536643.000000
1347490.000000
2354968.000000
596162.000000
11626267.000000
4148202.000000
881098.000000
742369.000000
6616349.000000
1747053.000000
1009216.000000
667241.000000
425077.000000
806519.000000
270558.000000
9217018.000000
11667856.000000
363948.000000
283006.000000
11268678.000000
997404.000000
491590.000000
836221.000000
9125640.000000
273389.000000
831074.000000
1121786.000000
2860650.000000
6657588.000000
1331704.000000
105931.000000
441037.000000
1410095.000000
5769935.000000
1220900.000000
558706.000000
402602.000000
6544802.000000
194986.000000
8910480.000000
1157551.000000
14116985.000000
866161.000000
305558.000000
803715.000000
8106000.000000
1561010.000000
489684.000000
1227777.000000
4002412.000000
105795.000000
448758.000000
7116600.000000
1358634.000000
550828.000000
14282262.000000
803883.000000
14857447.000000
274790.000000
685764.000000
250885.000000
855517.000000
698054.000000
165188.000000
446997.000000
6188131.000000
2144282.000000
536629.000000
8429202.000000
521123.000000
723604.000000
1193765.000000
1778790.000000
222764.000000
9583292.000000
1976863.000000
799737.000000
572060.000000
669679.000000
685740.000000
1182429.000000
590764.000000
510907.000000
4830468.000000
887075.000000
11427627.000000
603973.000000
366951.000000
419033.000000
13626429.000000
12986904.000000
423335.000000
2900727.000000
13991696.000000
175159.000000
1821966.000000
716182.000000
902074.000000
8377850.000000
760043.000000
2070087.000000
165846.000000
14738061.000000
390221.000000
1209925.000000
192359.000000
699663.000000
6692549.000000
10531253.000000
5400018.000000
498325.000000
2253960.000000
2243219.000000
4017093.000000
1168807.000000
270458.000000
10489735.000000
12406152.000000
126680.000000
604730.000000
15529193.000000
740399.000000
5549850.000000
7749763.000000
376732.000000
530890.000000
7575892.000000
530674.000000
280924.000000
526112.000000
329572.000000
149272.000000
944119.000000
8585467.000000
2481138.000000
1402116.000000
173214.000000
1098147.000000
5914822.000000
2988014.000000
2264119.000000
2825428.000000
870190.000000
380554.000000
3915731.000000
313588.000000
1259946.000000
378435.000000
946107.000000
409119.000000
563341.000000
821802.000000
10258241.000000
1850282.000000
726032.000000
319228.000000
491983.000000
4683953.000000
618630.000000
446521.000000
864279.000000
2288632.000000
324885.000000
850632.000000
505224.000000
5517072.000000
1767955.000000
5851937.000000
11042055.000000
2334066.000000
6957524.000000
1625576.000000
10259981.000000
873056.000000
301131.000000
4531092.000000
457459.000000
2446600.000000
1302632.000000
9441659.000000
6401350.000000
381739.000000
8249464.000000
1492453.000000
5847689.000000
5211783.000000
709300.000000
1136101.000000
217680.000000
1130830.000000
13210865.000000
10379040.000000
88002.000000
1818089.000000
436388.000000
1989229.000000
1091100.000000
7043397.000000
1152463.000000
11107404.000000
5242107.000000
4888881.000000
898043.000000
278716.000000
419465.000000
1139751.000000
228669.000000
387578.000000
542911.000000
4265124.000000
471377.000000
638821.000000
447861.000000
3664645.000000
691231.000000
251848.000000
1363253.000000
341270.000000
1030714.000000
14327718.000000
7799999.000000
370855.000000
1588388.000000
11108773.000000
559107.000000
3990070.000000
873846.000000
239829.000000
5768976.000000
319258.000000
11547686.000000
11263207.000000
11510896.000000
2536771.000000
241725.000000
841179.000000
2083594.000000
5029592.000000
232937.000000
6067854.000000
