0.000000
0.000000
0.000000
0.000000
0.000000
0.000000
0.000000
0.000000
0.000000
0.000000
0.000000
0.000000
0.000000
0.000000
0.000000
0.000000
0.000000
0.000000
0.000000
0.000000
0.000000
0.000000
0.000000
0.000000
0.000000
0.000000
0.000000
0.000000
0.000000
0.000000
0.000000
0.000000
0.000000
0.000000
0.000000
0.000000
0.000000
0.000000
0.000000
0.000000
0.000000
0.000000
0.000000
0.000000
0.000000
0.000000
0.000000
0.000000
0.000000
0.000000
0.000000
0.000000
0.000000
0.000000
0.000000
0.000000
0.000000
0.000000
0.000000
0.000000
0.000000
0.000000
0.000000
0.000000
0.000000
0.000000
0.000000
0.000000
0.000000
0.000000
0.000000
0.000000
0.000000
0.000000
0.000000
0.000000
0.000000
0.000000
0.000000
0.000000
0.000000
0.000000
0.000000
0.000000
0.000000
0.000000
0.000000
0.000000
0.000000
0.000000
0.000000
0.000000
0.000000
0.000000
0.000000
0.000000
0.000000
0.000000
0.000000
0.000000
0.000000
0.000000
0.000000
0.000000
0.000000
0.000000
0.000000
0.000000
0.000000
0.000000
0.000000
0.000000
0.000000
0.000000
0.000000
0.000000
0.000000
0.000000
0.000000
0.000000
0.000000
0.000000
0.000000
0.000000
0.000000
0.000000
0.000000
0.000000
0.000000
0.000000
0.000000
0.000000
0.000000
0.000000
0.000000
0.000000
0.000000
0.000000
0.000000
0.000000
0.000000
0.000000
0.000000
0.000000
0.000000
0.000000
0.000000
0.000000
0.000000
0.000000
0.000000
0.000000
0.000000
0.000000
0.000000
0.000000
0.000000
0.000000
0.000000
0.000000
0.000000
0.000000
0.000000
0.000000
0.000000
0.000000
0.000000
0.000000
0.000000
0.000000
0.000000
0.000000
0.000000
0.000000
0.000000
0.000000
0.000000
0.000000
0.000000
0.000000
0.000000
0.000000
0.000000
0.000000
0.000000
0.000000
0.000000
0.000000
0.000000
0.000000
0.000000
0.000000
0.000000
0.000000
0.000000
0.000000
0.000000
0.000000
0.000000
0.000000
0.000000
0.000000
0.000000
0.000000
0.000000
0.000000
0.000000
0.000000
0.000000
0.000000
0.000000
0.000000
0.000000
0.000000
0.000000
0.000000
0.000000
0.000000
0.000000
0.000000
0.000000
0.000000
0.000000
0.000000
0.000000
0.000000
0.000000
0.000000
0.000000
0.000000
0.000000
0.000000
0.000000
0.000000
0.000000
0.000000
0.000000
0.000000
0.000000
0.000000
0.000000
0.000000
0.000000
0.000000
0.000000
0.000000
0.000000
0.000000
0.000000
0.000000
0.000000
0.000000
0.000000
0.000000
0.000000
0.000000
0.000000
0.000000
0.000000
0.000000
0.000000
0.000000
0.000000
0.000000
0.000000
0.000000
0.000000
0.000000
0.000000
0.000000
0.000000
0.000000
0.000000
0.000000
0.000000
0.000000
0.000000
0.000000
0.000000
0.000000
0.000000
0.000000
0.000000
0.000000
0.000000
0.000000
0.000000
0.000000
0.000000
0.000000
0.000000
0.000000
0.000000
0.000000
0.000000
0.000000
0.000000
0.000000
0.000000
0.000000
0.000000
0.000000
0.000000
0.000000
0.000000
0.000000
0.000000
0.000000
0.000000
0.000000
0.000000
0.000000
0.000000
0.000000
0.000000
0.000000
0.000000
0.000000
0.000000
0.000000
0.000000
0.000000
0.000000
0.000000
0.000000
0.000000
0.000000
0.000000
0.000000
0.000000
0.000000
0.000000
0.000000
0.000000
0.000000
0.000000
0.000000
0.000000
0.000000
0.000000
0.000000
0.000000
0.000000
0.000000
0.000000
0.000000
0.000000
0.000000
0.000000
0.000000
0.000000
0.000000
0.000000
0.000000
0.000000
0.000000
0.000000
0.000000
0.000000
0.000000
0.000000
0.000000
0.000000
0.000000
0.000000
0.000000
0.000000
0.000000
0.000000
0.000000
0.000000
0.000000
0.000000
0.000000
0.000000
0.000000
0.000000
0.000000
0.000000
0.000000
0.000000
0.000000
0.000000
0.000000
0.000000
0.000000
0.000000
0.000000
0.000000
0.000000
0.000000
0.000000
0.000000
0.000000
0.000000
0.000000
0.000000
0.000000
0.000000
0.000000
0.000000
0.000000
0.000000
0.000000
0.000000
0.000000
0.000000
0.000000
0.000000
0.000000
0.000000
0.000000
0.000000
0.000000
0.000000
0.000000
0.000000
0.000000
0.000000
0.000000
0.000000
0.000000
0.000000
0.000000
0.000000
0.000000
0.000000
0.000000
0.000000
0.000000
0.000000
0.000000
0.000000
0.000000
0.000000
0.000000
0.000000
0.000000
0.000000
0.000000
0.000000
0.000000
0.000000
0.000000
0.000000
0.000000
0.000000
0.000000
0.000000
0.000000
0.000000
0.000000
0.000000
0.000000
0.000000
0.000000
0.000000
0.000000
0.000000
0.000000
0.000000
0.000000
0.000000
0.000000
0.000000
0.000000
0.000000
733055.000000
314033.000000
290262.000000
398827.000000
338631.000000
330239.000000
210883.000000
388341.000000
447771.000000
416805.000000
211258.000000
299244.000000
461753.000000
334074.000000
482422.000000
154164.000000
389321.000000
58219.000000
372331.000000
202891.000000
148554.000000
269248.000000
464926.000000
302754.000000
305949.000000
325792.000000
228413.000000
430457.000000
5199.000000
324434.000000
418902.000000
442699.000000
397749.000000
276543.000000
421820.000000
86106.000000
46531.000000
482758.000000
282902.000000
466510.000000
410113.000000
416593.000000
411745.000000
263911.000000
285496.000000
481214.000000
66816.000000
494206.000000
263139.000000
174530.000000
396806.000000
313895.000000
349527.000000
145994.000000
361375.000000
317356.000000
260323.000000
377032.000000
122983.000000
407747.000000
487307.000000
360360.000000
419522.000000
402147.000000
207887.000000
358246.000000
348803.000000
405438.000000
155241.000000
117964.000000
433551.000000
362892.000000
430060.000000
174911.000000
278848.000000
292580.000000
234718.000000
226567.000000
189112.000000
333594.000000
145884.000000
384762.000000
316585.000000
451543.000000
199435.000000
403494.000000
466999.000000
224689.000000
274951.000000
184010.000000
183499.000000
273294.000000
99366.000000
493388.000000
440467.000000
373074.000000
355049.000000
392371.000000
144981.000000
367239.000000
445155.000000
451084.000000
216680.000000
310891.000000
376203.000000
391778.000000
321378.000000
170757.000000
417983.000000
423163.000000
384960.000000
286603.000000
111213.000000
455931.000000
275924.000000
288117.000000
192021.000000
399245.000000
246194.000000
246556.000000
275363.000000
421215.000000
453059.000000
153374.000000
509094.000000
239423.000000
292135.000000
179598.000000
213666.000000
344126.000000
348722.000000
359253.000000
341112.000000
231296.000000
382704.000000
253810.000000
146952.000000
320800.000000
399698.000000
468526.000000
387216.000000
229317.000000
307426.000000
117400.000000
379518.000000
383516.000000
209571.000000
256879.000000
489451.000000
155156.000000
469694.000000
449008.000000
399254.000000
458062.000000
473174.000000
104737.000000
441260.000000
405916.000000
199536.000000
475381.000000
435710.000000
208885.000000
433307.000000
496821.000000
384676.000000
329425.000000
387045.000000
439942.000000
367938.000000
367317.000000
427270.000000
342074.000000
228611.000000
218873.000000
320042.000000
275873.000000
404926.000000
320733.000000
410217.000000
327568.000000
432332.000000
490949.000000
125253.000000
315536.000000
242481.000000
285670.000000
378918.000000
407038.000000
269715.000000
210454.000000
465847.000000
241511.000000
424188.000000
393723.000000
283703.000000
405124.000000
228748.000000
391193.000000
273520.000000
397449.000000
181928.000000
386583.000000
306166.000000
396541.000000
46881.000000
420701.000000
236527.000000
185486.000000
339451.000000
495298.000000
401021.000000
392770.000000
289066.000000
161716.000000
307054.000000
217630.000000
257447.000000
341536.000000
350768.000000
507927.000000
409021.000000
441939.000000
104436.000000
382171.000000
104040.000000
164583.000000
351497.000000
401598.000000
314210.000000
442133.000000
317557.000000
422125.000000
346436.000000
318273.000000
382645.000000
382773.000000
303080.000000
94115.000000
432085.000000
300103.000000
88968.000000
144475.000000
351571.000000
463140.000000
396745.000000
457109.000000
184645.000000
144329.000000
330300.000000
61585.000000
205245.000000
465716.000000
371248.000000
163841.000000
451584.000000
224515.000000
361145.000000
242376.000000
397013.000000
247582.000000
464590.000000
409457.000000
292982.000000
293750.000000
361646.000000
371637.000000
306538.000000
517092.000000
425055.000000
257294.000000
277865.000000
151751.000000
335108.000000
220381.000000
256802.000000
430988.000000
186765.000000
364355.000000
452584.000000
249021.000000
249328.000000
382923.000000
286436.000000
255608.000000
293199.000000
416884.000000
263588.000000
405914.000000
445271.000000
146250.000000
478284.000000
184996.000000
436470.000000
509988.000000
414974.000000
285924.000000
416265.000000
289348.000000
272956.000000
399833.000000
211871.000000
393191.000000
334238.000000
223497.000000
240918.000000
327424.000000
437799.000000
336098.000000
251334.000000
321284.000000
282346.000000
355566.000000
473932.000000
199536.000000
404960.000000
367833.000000
436320.000000
457314.000000
359900.000000
362390.000000
316567.000000
395061.000000
416845.000000
436947.000000
279093.000000
184973.000000
372501.000000
497504.000000
408124.000000
481932.000000
353656.000000
376768.000000
280821.000000
162872.000000
296184.000000
428297.000000
446732.000000
466678.000000
475925.000000
275499.000000
460798.000000
195742.000000
201627.000000
350341.000000
363087.000000
421433.000000
346911.000000
162114.000000
157717.000000
213687.000000
474975.000000
190151.000000
226596.000000
238772.000000
235123.000000
315111.000000
416770.000000
428182.000000
373606.000000
162396.000000
222702.000000
157685.000000
165253.000000
432838.000000
305346.000000
306077.000000
256001.000000
406899.000000
453179.000000
414200.000000
314097.000000
405578.000000
367957.000000
393610.000000
396909.000000
479444.000000
431590.000000
352642.000000
317383.000000
270311.000000
317941.000000
477267.000000
88384.000000
354697.000000
421532.000000
488614.000000
177425.000000
248476.000000
311685.000000
78897.000000
151366.000000
331967.000000
261922.000000
345642.000000
239312.000000
381234.000000
442040.000000
404594.000000
381080.000000
279044.000000
432523.000000
209367.000000
355351.000000
232186.000000
161254.000000
356218.000000
371169.000000
384104.000000
421138.000000
394294.000000
385635.000000
430663.000000
127304.000000
181547.000000
530834.000000
309536.000000
360218.000000
338768.000000
196638.000000
284106.000000
339864.000000
305750.000000
305322.000000
377410.000000
181755.000000
291048.000000
261242.000000
373314.000000
279607.000000
392712.000000
127603.000000
216796.000000
301654.000000
176642.000000
318438.000000
433914.000000
260649.000000
87431.000000
431330.000000
385988.000000
304405.000000
252998.000000
304098.000000
455336.000000
182797.000000
310552.000000
282465.000000
259781.000000
448985.000000
412041.000000
538670.000000
377647.000000
385339.000000
467183.000000
305819.000000
387729.000000
326524.000000
325485.000000
263903.000000
498273.000000
222912.000000
428131.000000
129791.000000
73748.000000
266199.000000
468196.000000
477086.000000
365451.000000
235249.000000
281292.000000
376410.000000
451607.000000
85556.000000
356495.000000
485809.000000
238257.000000
206993.000000
449158.000000
353232.000000
243945.000000
93590.000000
389813.000000
435930.000000
452702.000000
285920.000000
436493.000000
460089.000000
410914.000000
451333.000000
382006.000000
438656.000000
357249.000000
416608.000000
282493.000000
284117.000000
458589.000000
374777.000000
289805.000000
488493.000000
293803.000000
370189.000000
427585.000000
270367.000000
331317.000000
437176.000000
355613.000000
398002.000000
335571.000000
239500.000000
359578.000000
256933.000000
302364.000000
46151.000000
271228.000000
266057.000000
224016.000000
179234.000000
220393.000000
260373.000000
468392.000000
370664.000000
262405.000000
123931.000000
310386.000000
136765.000000
28440.000000
60299.000000
379347.000000
230620.000000
439627.000000
498881.000000
247988.000000
266490.000000
415808.000000
261530.000000
370675.000000
450163.000000
394508.000000
387976.000000
306607.000000
139244.000000
316793.000000
300401.000000
255848.000000
427531.000000
377267.000000
157078.000000
247325.000000
230821.000000
232047.000000
463189.000000
243066.000000
104791.000000
222851.000000
282558.000000
245774.000000
222745.000000
508850.000000
237749.000000
405382.000000
447932.000000
116401.000000
287630.000000
426132.000000
288511.000000
295524.000000
82425.000000
24277.000000
170861.000000
418196.000000
352141.000000
418853.000000
252909.000000
218247.000000
434168.000000
416189.000000
152648.000000
225234.000000
194870.000000
216052.000000
250804.000000
433719.000000
187031.000000
329217.000000
453673.000000
136394.000000
433605.000000
429709.000000
255111.000000
407123.000000
216659.000000
306040.000000
268493.000000
391257.000000
415354.000000
343771.000000
165047.000000
475825.000000
274396.000000
502418.000000
313786.000000
307693.000000
362866.000000
287805.000000
362203.000000
322683.000000
473114.000000
348677.000000
153584.000000
208074.000000
164532.000000
171276.000000
267746.000000
214989.000000
372640.000000
365350.000000
277945.000000
499419.000000
355737.000000
434460.000000
526683.000000
468026.000000
497104.000000
448611.000000
281252.000000
291638.000000
199613.000000
402147.000000
514412.000000
286957.000000
388576.000000
207818.000000
378239.000000
402312.000000
189322.000000
454788.000000
297168.000000
290077.000000
399369.000000
192333.000000
420356.000000
124361.000000
248661.000000
456756.000000
361266.000000
454048.000000
294445.000000
123281.000000
257120.000000
322688.000000
365856.000000
405970.000000
391730.000000
275854.000000
271182.000000
311977.000000
462668.000000
285706.000000
356476.000000
471271.000000
467588.000000
404358.000000
336022.000000
407507.000000
308748.000000
415605.000000
95996.000000
283803.000000
245574.000000
48462.000000
514297.000000
210576.000000
360625.000000
291679.000000
148479.000000
221511.000000
131845.000000
323734.000000
186430.000000
282040.000000
233987.000000
187489.000000
453059.000000
229038.000000
364359.000000
480097.000000
67706.000000
425725.000000
432634.000000
181357.000000
455575.000000
163224.000000
329683.000000
274138.000000
412437.000000
427755.000000
287825.000000
434097.000000
404733.000000
137410.000000
259208.000000
362326.000000
229747.000000
168724.000000
169136.000000
360625.000000
242148.000000
301640.000000
337085.000000
468147.000000
137589.000000
470889.000000
471430.000000
109305.000000
254641.000000
269107.000000
174856.000000
454395.000000
438847.000000
413641.000000
407405.000000
259322.000000
266729.000000
353561.000000
325565.000000
227671.000000
425597.000000
237697.000000
456428.000000
195622.000000
153977.000000
358676.000000
80546.000000
447459.000000
214131.000000
270551.000000
488871.000000
370157.000000
261383.000000
359438.000000
350668.000000
264834.000000
36147.000000
219834.000000
213134.000000
289061.000000
271753.000000
289503.000000
457922.000000
220714.000000
173748.000000
205683.000000
153755.000000
320148.000000
246790.000000
464584.000000
92623.000000
96498.000000
356375.000000
224207.000000
418744.000000
181349.000000
419291.000000
418659.000000
376809.000000
245781.000000
339616.000000
349728.000000
452527.000000
445053.000000
363444.000000
222208.000000
390096.000000
454588.000000
374619.000000
288292.000000
288277.000000
113985.000000
432710.000000
420835.000000
446873.000000
168600.000000
284947.000000
380187.000000
355203.000000
111801.000000
203125.000000
331720.000000
260159.000000
100433.000000
67368.000000
385039.000000
227992.000000
283420.000000
173815.000000
328052.000000
218918.000000
340088.000000
442496.000000
269349.000000
181983.000000
428702.000000
157052.000000
134260.000000
443998.000000
54544.000000
272022.000000
205904.000000
249274.000000
73638.000000
376292.000000
292399.000000
418526.000000
433437.000000
405969.000000
388343.000000
237952.000000
473386.000000
314498.000000
415451.000000
316322.000000
429570.000000
279312.000000
359970.000000
445514.000000
235012.000000
177878.000000
342142.000000
421475.000000
238589.000000
281920.000000
428662.000000
87689.000000
246308.000000
431914.000000
323660.000000
246716.000000
482601.000000
283841.000000
152623.000000
427207.000000
193705.000000
452374.000000
165592.000000
164908.000000
227390.000000
308855.000000
406760.000000
297296.000000
232249.000000
239590.000000
350170.000000
360995.000000
199152.000000
320103.000000
151509.000000
259476.000000
221501.000000
373627.000000
223930.000000
354764.000000
160255.000000
102640.000000
400963.000000
499485.000000
89430.000000
123962.000000
247991.000000
424007.000000
191743.000000
402009.000000
250237.000000
258971.000000
447955.000000
344090.000000
301478.000000
258471.000000
75636.000000
412400.000000
459864.000000
351182.000000
432675.000000
439157.000000
161203.000000
522955.000000
257858.000000
300658.000000
260144.000000
353807.000000
253710.000000
221398.000000
317002.000000
205856.000000
436439.000000
383451.000000
221483.000000
434850.000000
384322.000000
211791.000000
394008.000000
142842.000000
309501.000000
450334.000000
484274.000000
260305.000000
472595.000000
361416.000000
406233.000000
444065.000000
308454.000000
252442.000000
363239.000000
307119.000000
326674.000000
273547.000000
343584.000000
280227.000000
221407.000000
471177.000000
335049.000000
125544.000000
496163.000000
410126.000000
127266.000000
352723.000000
306339.000000
457200.000000
285626.000000
412920.000000
259242.000000
435628.000000
417263.000000
429459.000000
151345.000000
248830.000000
327484.000000
436369.000000
245789.000000
393201.000000
450337.000000
260837.000000
355047.000000
287664.000000
323070.000000
197954.000000
475619.000000
299209.000000
318004.000000
325976.000000
280218.000000
380291.000000
92314.000000
396287.000000
391380.000000
327880.000000
415272.000000
439681.000000
292661.000000
280947.000000
267132.000000
207879.000000
234134.000000
342781.000000
134400.000000
82319.000000
394158.000000
247849.000000
283041.000000
418994.000000
319359.000000
184730.000000
224764.000000
167260.000000
231577.000000
434016.000000
162478.000000
266584.000000
369955.000000
450229.000000
326316.000000
498671.000000
321771.000000
289907.000000
497477.000000
523600.000000
459248.000000
414492.000000
370061.000000
267037.000000
491767.000000
330566.000000
314318.000000
461603.000000
174377.000000
235784.000000
503740.000000
136595.000000
430807.000000
129974.000000
435042.000000
294535.000000
233555.000000
410993.000000
147242.000000
360435.000000
147894.000000
286791.000000
443551.000000
306341.000000
99762.000000
359405.000000
480039.000000
445198.000000
123179.000000
305820.000000
327428.000000
328517.000000
401517.000000
485684.000000
441630.000000
376774.000000
102756.000000
233271.000000
285539.000000
82450.000000
251655.000000
301479.000000
272897.000000
261542.000000
358011.000000
351387.000000
387719.000000
367246.000000
435895.000000
216591.000000
234323.000000
269023.000000
131107.000000
60077.000000
487699.000000
394735.000000
352773.000000
430191.000000
474145.000000
448894.000000
440572.000000
380729.000000
151242.000000
326289.000000
199251.000000
272632.000000
330374.000000
209369.000000
192988.000000
137381.000000
123815.000000
214956.000000
318020.000000
362600.000000
427468.000000
170367.000000
281775.000000
223521.000000
329316.000000
91739.000000
208477.000000
483668.000000
431807.000000
371071.000000
393945.000000
381084.000000
429278.000000
359169.000000
432855.000000
327002.000000
394226.000000
254284.000000
447002.000000
267506.000000
322590.000000
164506.000000
341396.000000
277221.000000
458484.000000
362711.000000
216100.000000
219888.000000
410810.000000
233282.000000
337801.000000
195659.000000
317139.000000
245656.000000
349199.000000
430324.000000
328386.000000
473247.000000
271288.000000
288001.000000
163454.000000
405593.000000
258555.000000
281449.000000
316120.000000
258409.000000
216671.000000
227001.000000
486990.000000
326760.000000
218393.000000
544523.000000
432688.000000
307307.000000
353365.000000
446019.000000
217215.000000
242038.000000
216055.000000
411199.000000
237111.000000
55719.000000
242993.000000
315298.000000
375134.000000
185564.000000
487493.000000
226054.000000
267829.000000
469651.000000
362584.000000
255158.000000
453513.000000
366643.000000
435965.000000
411637.000000
189060.000000
284328.000000
223017.000000
224925.000000
326966.000000
168294.000000
265621.000000
244765.000000
227315.000000
216446.000000
261701.000000
364374.000000
282359.000000
422768.000000
453399.000000
438424.000000
333855.000000
350796.000000
408290.000000
377459.000000
321418.000000
191965.000000
91449.000000
126920.000000
257360.000000
401544.000000
344720.000000
424559.000000
405154.000000
175817.000000
364057.000000
438592.000000
397945.000000
305107.000000
457857.000000
297706.000000
467765.000000
423052.000000
385291.000000
393860.000000
377712.000000
334322.000000
432696.000000
344109.000000
266729.000000
212986.000000
231515.000000
470911.000000
378461.000000
208807.000000
187686.000000
436695.000000
245510.000000
268464.000000
385376.000000
384359.000000
209464.000000
362897.000000
451519.000000
454439.000000
483928.000000
467424.000000
75393.000000
224601.000000
377868.000000
419541.000000
411330.000000
338095.000000
201263.000000
497190.000000
167071.000000
478121.000000
471558.000000
425117.000000
381687.000000
216927.000000
263952.000000
444777.000000
311701.000000
290028.000000
398220.000000
410267.000000
88160.000000
233751.000000
384361.000000
366738.000000
262029.000000
443783.000000
267907.000000
444041.000000
145837.000000
228407.000000
175678.000000
355821.000000
265979.000000
128824.000000
265101.000000
504529.000000
393077.000000
302247.000000
389842.000000
264152.000000
334257.000000
412954.000000
420086.000000
153522.000000
512790.000000
358734.000000
275749.000000
276845.000000
268219.000000
269548.000000
260754.000000
319156.000000
228945.000000
368944.000000
318792.000000
455474.000000
284153.000000
252862.000000
260958.000000
409266.000000
435706.000000
296771.000000
429596.000000
490024.000000
141720.000000
374866.000000
359457.000000
302514.000000
424761.000000
345245.000000
286789.000000
95269.000000
425424.000000
219204.000000
358436.000000
160607.000000
220614.000000
469047.000000
386456.000000
495324.000000
283165.000000
309879.000000
472252.000000
431269.000000
275714.000000
147648.000000
373683.000000
452243.000000
53415.000000
322654.000000
571561.000000
308517.000000
490962.000000
365491.000000
199374.000000
228501.000000
460279.000000
239584.000000
148235.000000
303917.000000
185709.000000
92854.000000
361500.000000
276476.000000
370427.000000
436150.000000
155253.000000
295931.000000
481914.000000
341527.000000
386219.000000
401887.000000
400973.000000
247362.000000
386561.000000
179060.000000
296516.000000
223313.000000
367736.000000
289512.000000
305337.000000
347471.000000
366574.000000
370836.000000
337824.000000
233054.000000
266384.000000
419624.000000
351026.000000
271266.000000
355033.000000
389897.000000
223431.000000
403970.000000
261372.000000
462438.000000
307858.000000
457923.000000
458597.000000
396338.000000
384307.000000
402565.000000
394358.000000
380517.000000
202090.000000
426760.000000
292413.000000
498082.000000
307445.000000
438791.000000
371498.000000
206096.000000
445666.000000
246669.000000
443741.000000
401365.000000
296581.000000
383208.000000
135135.000000
283346.000000
343793.000000
481846.000000
54793.000000
391097.000000
215841.000000
417241.000000
322051.000000
466749.000000
393422.000000
511402.000000
458278.000000
376441.000000
327914.000000
195346.000000
284633.000000
369626.000000
121056.000000
231399.000000
312919.000000
415626.000000
263674.000000
207423.000000
271742.000000
462396.000000
319775.000000
159853.000000
304761.000000
168564.000000
343249.000000
303368.000000
344861.000000
207869.000000
379593.000000
425697.000000
249204.000000
332615.000000
302797.000000
138434.000000
372171.000000
163126.000000
370216.000000
386681.000000
479379.000000
434075.000000
146622.000000
402458.000000
464037.000000
379432.000000
158010.000000
505758.000000
