0.000000
0.000000
0.000000
0.000000
0.000000
0.000000
0.000000
0.000000
0.000000
0.000000
0.000000
0.000000
0.000000
0.000000
0.000000
0.000000
0.000000
0.000000
0.000000
0.000000
0.000000
0.000000
0.000000
0.000000
0.000000
0.000000
0.000000
0.000000
0.000000
0.000000
0.000000
0.000000
0.000000
0.000000
0.000000
0.000000
0.000000
0.000000
0.000000
0.000000
0.000000
0.000000
0.000000
0.000000
0.000000
0.000000
0.000000
0.000000
0.000000
0.000000
0.000000
0.000000
0.000000
0.000000
0.000000
0.000000
0.000000
0.000000
0.000000
0.000000
0.000000
0.000000
0.000000
0.000000
0.000000
0.000000
0.000000
0.000000
0.000000
0.000000
0.000000
0.000000
0.000000
0.000000
0.000000
0.000000
0.000000
0.000000
0.000000
0.000000
0.000000
0.000000
0.000000
0.000000
0.000000
0.000000
0.000000
0.000000
0.000000
0.000000
0.000000
0.000000
0.000000
0.000000
0.000000
0.000000
0.000000
0.000000
0.000000
0.000000
0.000000
0.000000
0.000000
0.000000
0.000000
0.000000
0.000000
0.000000
0.000000
0.000000
0.000000
0.000000
0.000000
0.000000
0.000000
0.000000
0.000000
0.000000
0.000000
0.000000
0.000000
0.000000
0.000000
0.000000
0.000000
0.000000
0.000000
0.000000
0.000000
0.000000
0.000000
0.000000
0.000000
0.000000
0.000000
0.000000
0.000000
0.000000
0.000000
0.000000
0.000000
0.000000
0.000000
0.000000
0.000000
0.000000
0.000000
0.000000
0.000000
0.000000
0.000000
0.000000
0.000000
0.000000
0.000000
0.000000
0.000000
0.000000
0.000000
0.000000
0.000000
0.000000
0.000000
0.000000
0.000000
0.000000
0.000000
0.000000
0.000000
0.000000
0.000000
0.000000
0.000000
0.000000
0.000000
0.000000
0.000000
0.000000
0.000000
0.000000
0.000000
0.000000
0.000000
0.000000
0.000000
0.000000
0.000000
0.000000
0.000000
0.000000
0.000000
0.000000
0.000000
0.000000
0.000000
0.000000
0.000000
0.000000
0.000000
0.000000
0.000000
0.000000
0.000000
0.000000
0.000000
0.000000
0.000000
0.000000
0.000000
0.000000
0.000000
0.000000
0.000000
0.000000
0.000000
0.000000
0.000000
0.000000
0.000000
0.000000
0.000000
0.000000
0.000000
0.000000
0.000000
0.000000
0.000000
0.000000
0.000000
0.000000
0.000000
0.000000
0.000000
0.000000
0.000000
0.000000
0.000000
0.000000
0.000000
0.000000
0.000000
0.000000
0.000000
0.000000
0.000000
0.000000
0.000000
0.000000
0.000000
0.000000
0.000000
0.000000
0.000000
0.000000
0.000000
0.000000
0.000000
0.000000
0.000000
0.000000
0.000000
0.000000
0.000000
0.000000
0.000000
0.000000
0.000000
0.000000
0.000000
0.000000
0.000000
0.000000
0.000000
0.000000
0.000000
0.000000
0.000000
0.000000
0.000000
0.000000
0.000000
0.000000
0.000000
0.000000
0.000000
0.000000
0.000000
0.000000
0.000000
0.000000
0.000000
0.000000
0.000000
0.000000
0.000000
0.000000
0.000000
0.000000
0.000000
0.000000
0.000000
0.000000
0.000000
0.000000
0.000000
0.000000
0.000000
0.000000
0.000000
0.000000
0.000000
0.000000
0.000000
0.000000
0.000000
0.000000
0.000000
0.000000
0.000000
0.000000
0.000000
0.000000
0.000000
0.000000
0.000000
0.000000
0.000000
0.000000
0.000000
0.000000
0.000000
0.000000
0.000000
0.000000
0.000000
0.000000
0.000000
0.000000
0.000000
0.000000
0.000000
0.000000
0.000000
0.000000
0.000000
0.000000
0.000000
0.000000
0.000000
0.000000
0.000000
0.000000
0.000000
0.000000
0.000000
0.000000
0.000000
0.000000
0.000000
0.000000
0.000000
0.000000
0.000000
0.000000
0.000000
0.000000
0.000000
0.000000
0.000000
0.000000
0.000000
0.000000
0.000000
0.000000
0.000000
0.000000
0.000000
0.000000
0.000000
0.000000
0.000000
0.000000
0.000000
0.000000
0.000000
0.000000
0.000000
0.000000
0.000000
0.000000
0.000000
0.000000
0.000000
0.000000
0.000000
0.000000
0.000000
0.000000
0.000000
0.000000
0.000000
0.000000
0.000000
0.000000
0.000000
0.000000
0.000000
0.000000
0.000000
0.000000
0.000000
0.000000
0.000000
0.000000
0.000000
0.000000
0.000000
0.000000
0.000000
0.000000
0.000000
0.000000
0.000000
0.000000
0.000000
0.000000
0.000000
0.000000
0.000000
0.000000
0.000000
0.000000
0.000000
0.000000
0.000000
0.000000
0.000000
0.000000
0.000000
0.000000
0.000000
0.000000
0.000000
0.000000
0.000000
0.000000
0.000000
0.000000
0.000000
0.000000
0.000000
0.000000
0.000000
0.000000
0.000000
0.000000
0.000000
0.000000
0.000000
0.000000
0.000000
0.000000
0.000000
0.000000
0.000000
0.000000
0.000000
0.000000
0.000000
0.000000
0.000000
0.000000
1472640.000000
312034.000000
607152.000000
988493.000000
987960.000000
376655.000000
831226.000000
868898.000000
971060.000000
874273.000000
238670.000000
665666.000000
117486.000000
702010.000000
336118.000000
172647.000000
624910.000000
860208.000000
382353.000000
944953.000000
711719.000000
429423.000000
837048.000000
5432.000000
374328.000000
871282.000000
832735.000000
915036.000000
449129.000000
811649.000000
160279.000000
113643.000000
1006151.000000
297086.000000
775196.000000
588633.000000
930249.000000
922099.000000
569959.000000
420342.000000
866365.000000
97413.000000
770165.000000
491955.000000
323790.000000
935538.000000
511038.000000
947386.000000
185869.000000
594890.000000
835914.000000
678429.000000
970603.000000
171618.000000
849986.000000
873268.000000
669560.000000
900443.000000
662795.000000
275234.000000
850991.000000
828388.000000
985511.000000
251609.000000
201802.000000
735956.000000
778948.000000
869343.000000
222146.000000
548421.000000
406659.000000
393864.000000
396832.000000
316584.000000
627689.000000
178882.000000
838978.000000
870169.000000
983360.000000
350289.000000
907135.000000
803448.000000
471600.000000
493185.000000
373769.000000
306515.000000
421075.000000
128930.000000
882355.000000
814109.000000
711340.000000
720423.000000
580177.000000
236423.000000
693094.000000
950300.000000
961274.000000
193246.000000
920888.000000
600135.000000
890497.000000
979043.000000
313815.000000
565714.000000
642612.000000
939071.000000
450669.000000
226936.000000
652507.000000
393162.000000
450088.000000
246290.000000
843918.000000
452555.000000
472082.000000
367840.000000
829294.000000
861681.000000
238637.000000
999191.000000
316126.000000
549717.000000
369791.000000
326823.000000
667738.000000
404392.000000
767426.000000
709343.000000
370655.000000
930664.000000
448730.000000
142825.000000
798311.000000
856351.000000
980168.000000
887295.000000
306764.000000
552804.000000
198997.000000
828045.000000
1011741.000000
408615.000000
463598.000000
936559.000000
226436.000000
838320.000000
848382.000000
671140.000000
778194.000000
672999.000000
93132.000000
691665.000000
696388.000000
282782.000000
531799.000000
892640.000000
616092.000000
856290.000000
841179.000000
528129.000000
458927.000000
526571.000000
839956.000000
431592.000000
1057180.000000
803177.000000
507212.000000
424362.000000
358191.000000
585251.000000
635825.000000
547419.000000
438723.000000
588625.000000
552868.000000
841265.000000
833467.000000
169445.000000
866905.000000
482532.000000
493758.000000
699234.000000
938943.000000
579012.000000
293517.000000
687559.000000
289849.000000
805142.000000
724983.000000
342497.000000
973725.000000
255253.000000
628680.000000
402974.000000
940306.000000
299208.000000
827432.000000
834421.000000
906255.000000
40558.000000
926094.000000
299933.000000
279472.000000
677917.000000
603402.000000
926783.000000
851212.000000
393310.000000
294429.000000
543255.000000
295923.000000
352351.000000
406596.000000
910930.000000
1006363.000000
832736.000000
685485.000000
109818.000000
1050759.000000
165107.000000
238975.000000
548078.000000
987975.000000
643267.000000
679644.000000
623114.000000
949548.000000
615926.000000
847382.000000
881608.000000
780798.000000
416565.000000
215104.000000
765889.000000
481609.000000
127798.000000
164779.000000
350990.000000
702162.000000
646245.000000
945339.000000
282763.000000
209947.000000
415528.000000
71549.000000
483755.000000
921210.000000
772176.000000
231937.000000
821731.000000
310846.000000
899641.000000
357799.000000
620237.000000
397260.000000
914373.000000
795476.000000
652846.000000
370336.000000
838660.000000
505840.000000
473040.000000
914122.000000
565574.000000
544338.000000
458598.000000
309867.000000
709181.000000
328243.000000
378576.000000
880907.000000
329073.000000
884450.000000
954307.000000
396219.000000
374347.000000
899463.000000
452374.000000
444803.000000
584222.000000
870987.000000
451769.000000
949155.000000
754380.000000
140977.000000
877681.000000
365461.000000
977148.000000
952133.000000
784037.000000
602125.000000
996144.000000
536819.000000
538101.000000
893852.000000
247655.000000
721542.000000
780017.000000
349973.000000
275458.000000
455591.000000
917232.000000
597899.000000
373079.000000
416278.000000
456789.000000
712727.000000
753032.000000
263226.000000
673778.000000
626063.000000
814789.000000
953399.000000
941353.000000
840466.000000
380400.000000
524653.000000
726030.000000
828826.000000
400283.000000
356518.000000
666532.000000
935850.000000
990706.000000
924299.000000
684507.000000
547887.000000
586919.000000
193421.000000
461355.000000
859093.000000
891313.000000
954567.000000
879652.000000
444590.000000
938258.000000
305030.000000
206084.000000
640851.000000
870412.000000
722735.000000
640311.000000
162458.000000
182883.000000
374416.000000
959072.000000
253315.000000
361726.000000
394832.000000
496710.000000
450419.000000
993570.000000
865677.000000
597195.000000
178401.000000
352797.000000
334655.000000
292891.000000
902762.000000
581852.000000
604984.000000
362342.000000
809524.000000
974463.000000
852607.000000
387774.000000
1053051.000000
908558.000000
790734.000000
803483.000000
826657.000000
857537.000000
572508.000000
626515.000000
464366.000000
453964.000000
868434.000000
105473.000000
718968.000000
762523.000000
949888.000000
322004.000000
658567.000000
549209.000000
124972.000000
198433.000000
934555.000000
439804.000000
564528.000000
350243.000000
791692.000000
677005.000000
585463.000000
936837.000000
447170.000000
940693.000000
287255.000000
558225.000000
379654.000000
287330.000000
900420.000000
852543.000000
953584.000000
741409.000000
746504.000000
880401.000000
876991.000000
272281.000000
284148.000000
858056.000000
432797.000000
448398.000000
548217.000000
324271.000000
636279.000000
896362.000000
399746.000000
563163.000000
966265.000000
269947.000000
411345.000000
426160.000000
599290.000000
499109.000000
897907.000000
211817.000000
292710.000000
440407.000000
214639.000000
483381.000000
892643.000000
401414.000000
147293.000000
1053607.000000
652337.000000
545798.000000
430572.000000
634973.000000
1044500.000000
223285.000000
499947.000000
422916.000000
451140.000000
752869.000000
747086.000000
735220.000000
840987.000000
905897.000000
827578.000000
459195.000000
993351.000000
792877.000000
871566.000000
388423.000000
804510.000000
363308.000000
859093.000000
150455.000000
75600.000000
311895.000000
890885.000000
681242.000000
728692.000000
353415.000000
472142.000000
940055.000000
739699.000000
134673.000000
913130.000000
821449.000000
389191.000000
291223.000000
868609.000000
733064.000000
355537.000000
105670.000000
768374.000000
903597.000000
874508.000000
508457.000000
675574.000000
790239.000000
646549.000000
941576.000000
766066.000000
960121.000000
930982.000000
858759.000000
518410.000000
507202.000000
880930.000000
801382.000000
508897.000000
812181.000000
578410.000000
568706.000000
564656.000000
322729.000000
692974.000000
764205.000000
459075.000000
585417.000000
678711.000000
511105.000000
515702.000000
440805.000000
627861.000000
56834.000000
442121.000000
483139.000000
364227.000000
344761.000000
320394.000000
458173.000000
984620.000000
919419.000000
410897.000000
204337.000000
870212.000000
202547.000000
35817.000000
101715.000000
858592.000000
250373.000000
937085.000000
923342.000000
453196.000000
434012.000000
765454.000000
341238.000000
957522.000000
802078.000000
801062.000000
812534.000000
606828.000000
240562.000000
451264.000000
566520.000000
357471.000000
1057519.000000
588660.000000
291930.000000
427516.000000
459584.000000
501792.000000
882755.000000
536498.000000
114794.000000
833169.000000
498557.000000
317557.000000
252381.000000
828641.000000
424754.000000
748876.000000
738362.000000
160832.000000
474274.000000
922053.000000
391133.000000
480173.000000
128177.000000
32701.000000
290653.000000
845361.000000
498813.000000
883490.000000
321422.000000
351301.000000
850801.000000
658211.000000
262339.000000
422356.000000
361863.000000
376994.000000
296131.000000
982744.000000
240269.000000
956233.000000
953687.000000
156599.000000
798289.000000
1008942.000000
360242.000000
949002.000000
260555.000000
554481.000000
421813.000000
761643.000000
532834.000000
705381.000000
189436.000000
927556.000000
362742.000000
927578.000000
497752.000000
393085.000000
660779.000000
397193.000000
1025534.000000
579205.000000
787696.000000
543076.000000
201006.000000
285664.000000
268650.000000
272137.000000
444615.000000
381098.000000
660922.000000
964963.000000
564072.000000
711908.000000
675216.000000
898291.000000
816628.000000
866600.000000
856362.000000
932786.000000
465399.000000
473992.000000
326135.000000
1010973.000000
892271.000000
395188.000000
629682.000000
337313.000000
708262.000000
999777.000000
369062.000000
840275.000000
456945.000000
436393.000000
690867.000000
233713.000000
804407.000000
214447.000000
486537.000000
853217.000000
852696.000000
953155.000000
538347.000000
137281.000000
367899.000000
508694.000000
918354.000000
885415.000000
940508.000000
653719.000000
362368.000000
470939.000000
633251.000000
948680.000000
678108.000000
1074621.000000
874360.000000
960543.000000
623296.000000
864986.000000
529214.000000
773700.000000
202008.000000
405427.000000
403145.000000
60694.000000
988855.000000
342034.000000
462182.000000
499850.000000
182865.000000
273845.000000
201861.000000
482826.000000
247319.000000
595182.000000
437043.000000
299591.000000
635910.000000
401052.000000
783543.000000
783662.000000
89043.000000
901112.000000
832440.000000
331621.000000
702368.000000
228380.000000
579355.000000
378255.000000
805311.000000
889916.000000
332177.000000
818081.000000
857547.000000
238585.000000
720031.000000
973096.000000
440507.000000
216746.000000
194684.000000
527274.000000
449539.000000
430461.000000
1020817.000000
804010.000000
205627.000000
905187.000000
727125.000000
212279.000000
402752.000000
517779.000000
222527.000000
811680.000000
556097.000000
511849.000000
866601.000000
458355.000000
385133.000000
980353.000000
633102.000000
331284.000000
1070386.000000
358927.000000
876977.000000
322507.000000
305070.000000
985716.000000
128299.000000
956539.000000
333306.000000
346697.000000
1008704.000000
756505.000000
533779.000000
809068.000000
507801.000000
520203.000000
66089.000000
367088.000000
323484.000000
384465.000000
414029.000000
432282.000000
898240.000000
360441.000000
273180.000000
364649.000000
270504.000000
436600.000000
401434.000000
649936.000000
191786.000000
136493.000000
563089.000000
270393.000000
879245.000000
320048.000000
651726.000000
784459.000000
572715.000000
421977.000000
603364.000000
606445.000000
655723.000000
754662.000000
840181.000000
313639.000000
906455.000000
813556.000000
812703.000000
582239.000000
420582.000000
160150.000000
690181.000000
820686.000000
937073.000000
197355.000000
734882.000000
534387.000000
636374.000000
218806.000000
320807.000000
518394.000000
347834.000000
126345.000000
132113.000000
923985.000000
420460.000000
355954.000000
257117.000000
560928.000000
340861.000000
492421.000000
759856.000000
447936.000000
242538.000000
942128.000000
183306.000000
204186.000000
843476.000000
134845.000000
475595.000000
300250.000000
292926.000000
83269.000000
853092.000000
624464.000000
684087.000000
804065.000000
846255.000000
822563.000000
393468.000000
897233.000000
543685.000000
892765.000000
503965.000000
874112.000000
436518.000000
888432.000000
936804.000000
450742.000000
244014.000000
472439.000000
932042.000000
567248.000000
394194.000000
834212.000000
90308.000000
677795.000000
976514.000000
801096.000000
469638.000000
736759.000000
568427.000000
196949.000000
758705.000000
226015.000000
927667.000000
297810.000000
186346.000000
402668.000000
441928.000000
708644.000000
464321.000000
400261.000000
411632.000000
509162.000000
885916.000000
244996.000000
718260.000000
256888.000000
441048.000000
282530.000000
911339.000000
284311.000000
683186.000000
325722.000000
129613.000000
850855.000000
868288.000000
136872.000000
214910.000000
474820.000000
907081.000000
281351.000000
910031.000000
384351.000000
346657.000000
1002034.000000
563189.000000
388094.000000
516455.000000
125548.000000
880482.000000
999725.000000
575394.000000
882315.000000
872618.000000
266420.000000
922193.000000
421536.000000
371927.000000
552391.000000
637626.000000
404017.000000
341943.000000
549176.000000
237402.000000
809061.000000
790717.000000
360032.000000
890551.000000
682189.000000
273921.000000
616423.000000
149959.000000
527419.000000
1053741.000000
988654.000000
430826.000000
981087.000000
874074.000000
864356.000000
918699.000000
474502.000000
321920.000000
859569.000000
462944.000000
685108.000000
475480.000000
570959.000000
564325.000000
335506.000000
911341.000000
549118.000000
145319.000000
922338.000000
1043333.000000
186507.000000
921762.000000
591949.000000
982046.000000
386841.000000
798498.000000
634822.000000
659129.000000
853814.000000
1014157.000000
277528.000000
468059.000000
345099.000000
895179.000000
462973.000000
948147.000000
957201.000000
407806.000000
381416.000000
517917.000000
555342.000000
319646.000000
918482.000000
505689.000000
495022.000000
569738.000000
479550.000000
679439.000000
126676.000000
614252.000000
764947.000000
454753.000000
576082.000000
888639.000000
390619.000000
450184.000000
491153.000000
301364.000000
446428.000000
721838.000000
153700.000000
91252.000000
918932.000000
391565.000000
445046.000000
886675.000000
489192.000000
196749.000000
372711.000000
336607.000000
376450.000000
779935.000000
203126.000000
366141.000000
741143.000000
806453.000000
507918.000000
576742.000000
428956.000000
425832.000000
722170.000000
844744.000000
851300.000000
872014.000000
668805.000000
438263.000000
974257.000000
571277.000000
542237.000000
792959.000000
171266.000000
387737.000000
786440.000000
255921.000000
897637.000000
165191.000000
885494.000000
415397.000000
439057.000000
898833.000000
182850.000000
613132.000000
233721.000000
487569.000000
879192.000000
382179.000000
171232.000000
826567.000000
1068748.000000
850089.000000
247897.000000
366851.000000
583437.000000
644193.000000
832447.000000
812445.000000
732070.000000
957916.000000
180880.000000
415633.000000
421185.000000
90437.000000
451735.000000
453209.000000
483958.000000
651441.000000
890553.000000
950159.000000
821529.000000
905821.000000
802914.000000
397916.000000
456994.000000
411427.000000
270325.000000
92572.000000
931096.000000
942746.000000
847345.000000
685413.000000
889948.000000
859588.000000
954216.000000
914892.000000
228434.000000
535511.000000
367325.000000
419779.000000
443683.000000
502959.000000
386154.000000
242933.000000
191598.000000
250191.000000
846079.000000
880139.000000
935377.000000
208614.000000
331027.000000
366833.000000
875313.000000
123879.000000
269177.000000
877273.000000
783670.000000
786015.000000
624632.000000
806092.000000
785011.000000
597237.000000
850245.000000
750089.000000
862396.000000
395354.000000
789001.000000
314533.000000
868955.000000
302451.000000
780884.000000
440585.000000
803454.000000
555959.000000
307225.000000
356458.000000
606409.000000
361118.000000
545246.000000
328850.000000
406946.000000
433357.000000
468833.000000
695935.000000
876740.000000
1026138.000000
427133.000000
412757.000000
239208.000000
551940.000000
308814.000000
391204.000000
349176.000000
363704.000000
297887.000000
384936.000000
765618.000000
785912.000000
432414.000000
818199.000000
767933.000000
449269.000000
368484.000000
696870.000000
424267.000000
453537.000000
296618.000000
892776.000000
300541.000000
117813.000000
402385.000000
641713.000000
883491.000000
284979.000000
732570.000000
341187.000000
451778.000000
742916.000000
860242.000000
388638.000000
701614.000000
861155.000000
849089.000000
850426.000000
272307.000000
490257.000000
292539.000000
328973.000000
547475.000000
286028.000000
428743.000000
363985.000000
258102.000000
294491.000000
479133.000000
886269.000000
431881.000000
856572.000000
1025948.000000
880671.000000
555643.000000
656056.000000
839435.000000
645995.000000
397333.000000
403992.000000
111861.000000
165509.000000
563857.000000
911178.000000
894131.000000
677455.000000
766938.000000
362000.000000
1005334.000000
825344.000000
710675.000000
767900.000000
679526.000000
466176.000000
873770.000000
676343.000000
586780.000000
506252.000000
756334.000000
858747.000000
535072.000000
486019.000000
365144.000000
595048.000000
206824.000000
969456.000000
917334.000000
308362.000000
252114.000000
834409.000000
615667.000000
447232.000000
510649.000000
852657.000000
271422.000000
526513.000000
580299.000000
812645.000000
750724.000000
710618.000000
83518.000000
400454.000000
770360.000000
891826.000000
731193.000000
486293.000000
366869.000000
892957.000000
177046.000000
852352.000000
653797.000000
904409.000000
584182.000000
299913.000000
589314.000000
843703.000000
833202.000000
453205.000000
657985.000000
848465.000000
86338.000000
439479.000000
871409.000000
833663.000000
472105.000000
981195.000000
598578.000000
907107.000000
198910.000000
511040.000000
230882.000000
569463.000000
536505.000000
171771.000000
289359.000000
664903.000000
944681.000000
424969.000000
955152.000000
469831.000000
575250.000000
587089.000000
796692.000000
210411.000000
913451.000000
921644.000000
555501.000000
463897.000000
503417.000000
534357.000000
744062.000000
449148.000000
411992.000000
896868.000000
602978.000000
926157.000000
436421.000000
336458.000000
346257.000000
993467.000000
820661.000000
363054.000000
921022.000000
1018749.000000
127980.000000
782465.000000
572338.000000
675512.000000
925150.000000
587842.000000
869719.000000
144237.000000
929435.000000
299981.000000
679930.000000
147976.000000
490333.000000
990128.000000
1025598.000000
939914.000000
421139.000000
714058.000000
922162.000000
875364.000000
666715.000000
225213.000000
872832.000000
877274.000000
134445.000000
512988.000000
1052148.000000
538882.000000
951230.000000
797303.000000
340951.000000
469073.000000
896597.000000
414544.000000
237100.000000
388319.000000
298082.000000
129507.000000
676825.000000
906927.000000
844512.000000
714231.000000
175016.000000
623468.000000
888182.000000
909490.000000
842339.000000
1048311.000000
548609.000000
354500.000000
964921.000000
230387.000000
762012.000000
338112.000000
588736.000000
375852.000000
439651.000000
595115.000000
902306.000000
867576.000000
497189.000000
261705.000000
491823.000000
796989.000000
470741.000000
396039.000000
594465.000000
830789.000000
227796.000000
503235.000000
398706.000000
866612.000000
822911.000000
1137029.000000
820018.000000
690282.000000
739701.000000
605636.000000
868928.000000
550257.000000
301244.000000
1019686.000000
448325.000000
852126.000000
790552.000000
880489.000000
943408.000000
402224.000000
879409.000000
761492.000000
883652.000000
963950.000000
527493.000000
647807.000000
160684.000000
643817.000000
1007678.000000
923371.000000
84463.000000
819089.000000
457377.000000
833547.000000
643937.000000
869926.000000
627872.000000
1020021.000000
1040384.000000
943479.000000
556401.000000
287392.000000
367122.000000
650348.000000
218035.000000
334369.000000
409765.000000
852982.000000
377308.000000
507668.000000
334070.000000
838476.000000
410812.000000
228839.000000
747540.000000
355310.000000
611709.000000
895189.000000
905595.000000
388179.000000
709335.000000
967707.000000
476084.000000
823210.000000
564699.000000
202494.000000
938401.000000
305522.000000
901957.000000
1055466.000000
917148.000000
754163.000000
194725.000000
642848.000000
621286.000000
868765.000000
217151.000000
913234.000000
