0.000000
0.000000
0.000000
0.000000
0.000000
0.000000
0.000000
0.000000
0.000000
0.000000
0.000000
0.000000
0.000000
0.000000
0.000000
0.000000
0.000000
0.000000
0.000000
0.000000
0.000000
0.000000
0.000000
0.000000
0.000000
0.000000
0.000000
0.000000
0.000000
0.000000
0.000000
0.000000
0.000000
0.000000
0.000000
0.000000
0.000000
0.000000
0.000000
0.000000
0.000000
0.000000
0.000000
0.000000
0.000000
0.000000
0.000000
0.000000
0.000000
0.000000
0.000000
0.000000
0.000000
0.000000
0.000000
0.000000
0.000000
0.000000
0.000000
0.000000
0.000000
0.000000
0.000000
0.000000
0.000000
0.000000
0.000000
0.000000
0.000000
0.000000
0.000000
0.000000
0.000000
0.000000
0.000000
0.000000
0.000000
0.000000
0.000000
0.000000
0.000000
0.000000
0.000000
0.000000
0.000000
0.000000
0.000000
0.000000
0.000000
0.000000
0.000000
0.000000
0.000000
0.000000
0.000000
0.000000
0.000000
0.000000
0.000000
0.000000
0.000000
0.000000
0.000000
0.000000
0.000000
0.000000
0.000000
0.000000
0.000000
0.000000
0.000000
0.000000
0.000000
0.000000
0.000000
0.000000
0.000000
0.000000
0.000000
0.000000
0.000000
0.000000
0.000000
0.000000
0.000000
0.000000
0.000000
0.000000
0.000000
0.000000
0.000000
0.000000
0.000000
0.000000
0.000000
0.000000
0.000000
0.000000
0.000000
0.000000
0.000000
0.000000
0.000000
0.000000
0.000000
0.000000
0.000000
0.000000
0.000000
0.000000
0.000000
0.000000
0.000000
0.000000
0.000000
0.000000
0.000000
0.000000
0.000000
0.000000
0.000000
0.000000
0.000000
0.000000
0.000000
0.000000
0.000000
0.000000
0.000000
0.000000
0.000000
0.000000
0.000000
0.000000
0.000000
0.000000
0.000000
0.000000
0.000000
0.000000
0.000000
0.000000
0.000000
0.000000
0.000000
0.000000
0.000000
0.000000
0.000000
0.000000
0.000000
0.000000
0.000000
0.000000
0.000000
0.000000
0.000000
0.000000
0.000000
0.000000
0.000000
0.000000
0.000000
0.000000
0.000000
0.000000
0.000000
0.000000
0.000000
0.000000
0.000000
0.000000
0.000000
0.000000
0.000000
0.000000
0.000000
0.000000
0.000000
0.000000
0.000000
0.000000
0.000000
0.000000
0.000000
0.000000
0.000000
0.000000
0.000000
0.000000
0.000000
0.000000
0.000000
0.000000
0.000000
0.000000
0.000000
0.000000
0.000000
0.000000
0.000000
0.000000
0.000000
0.000000
0.000000
0.000000
0.000000
0.000000
0.000000
0.000000
0.000000
0.000000
0.000000
0.000000
0.000000
0.000000
0.000000
0.000000
0.000000
0.000000
0.000000
0.000000
0.000000
0.000000
0.000000
0.000000
0.000000
0.000000
0.000000
0.000000
0.000000
0.000000
0.000000
0.000000
0.000000
0.000000
0.000000
0.000000
0.000000
0.000000
0.000000
0.000000
0.000000
0.000000
0.000000
0.000000
0.000000
0.000000
0.000000
0.000000
0.000000
0.000000
0.000000
0.000000
0.000000
0.000000
0.000000
0.000000
0.000000
0.000000
0.000000
0.000000
0.000000
0.000000
0.000000
0.000000
0.000000
0.000000
0.000000
0.000000
0.000000
0.000000
0.000000
0.000000
0.000000
0.000000
0.000000
0.000000
0.000000
0.000000
0.000000
0.000000
0.000000
0.000000
0.000000
0.000000
0.000000
0.000000
0.000000
0.000000
0.000000
0.000000
0.000000
0.000000
0.000000
0.000000
0.000000
0.000000
0.000000
0.000000
0.000000
0.000000
0.000000
0.000000
0.000000
0.000000
0.000000
0.000000
0.000000
0.000000
0.000000
0.000000
0.000000
0.000000
0.000000
0.000000
0.000000
0.000000
0.000000
0.000000
0.000000
0.000000
0.000000
0.000000
0.000000
0.000000
0.000000
0.000000
0.000000
0.000000
0.000000
0.000000
0.000000
0.000000
0.000000
0.000000
0.000000
0.000000
0.000000
0.000000
0.000000
0.000000
0.000000
0.000000
0.000000
0.000000
0.000000
0.000000
0.000000
0.000000
0.000000
0.000000
0.000000
0.000000
0.000000
0.000000
0.000000
0.000000
0.000000
0.000000
0.000000
0.000000
0.000000
0.000000
0.000000
0.000000
0.000000
0.000000
0.000000
0.000000
0.000000
0.000000
0.000000
0.000000
0.000000
0.000000
0.000000
0.000000
0.000000
0.000000
0.000000
0.000000
0.000000
0.000000
0.000000
0.000000
0.000000
0.000000
0.000000
0.000000
0.000000
0.000000
0.000000
0.000000
0.000000
0.000000
0.000000
0.000000
0.000000
0.000000
0.000000
0.000000
0.000000
0.000000
0.000000
0.000000
0.000000
0.000000
0.000000
0.000000
0.000000
0.000000
0.000000
0.000000
0.000000
0.000000
0.000000
0.000000
0.000000
0.000000
0.000000
0.000000
0.000000
0.000000
0.000000
0.000000
0.000000
0.000000
0.000000
0.000000
0.000000
0.000000
0.000000
0.000000
0.000000
0.000000
0.000000
0.000000
0.000000
0.000000
0.000000
0.000000
0.000000
1812630.000000
91508.000000
977897.000000
374938.000000
217804.000000
673299.000000
966697.000000
505437.000000
1028997.000000
806082.000000
415138.000000
1165995.000000
8475.000000
425105.000000
1197117.000000
1198432.000000
1101698.000000
472613.000000
1018837.000000
154561.000000
93112.000000
1132942.000000
308409.000000
1168351.000000
762744.000000
1232837.000000
1140118.000000
511004.000000
471200.000000
1272644.000000
114222.000000
1110826.000000
445923.000000
251142.000000
1257500.000000
576034.000000
911290.000000
193801.000000
663951.000000
864642.000000
676911.000000
1040322.000000
204266.000000
936576.000000
1052489.000000
777474.000000
1071091.000000
889702.000000
280246.000000
974148.000000
1106851.000000
1153457.000000
249166.000000
148122.000000
824432.000000
1245481.000000
1039344.000000
225815.000000
566178.000000
487842.000000
445465.000000
374887.000000
261624.000000
604504.000000
192810.000000
1056857.000000
666108.000000
1000239.000000
383390.000000
933685.000000
1300011.000000
468267.000000
475231.000000
379110.000000
361386.000000
430091.000000
104881.000000
1109903.000000
1128784.000000
928927.000000
802191.000000
649288.000000
247928.000000
738866.000000
1171436.000000
1265016.000000
268739.000000
876751.000000
654277.000000
1002589.000000
1097142.000000
236171.000000
705194.000000
816561.000000
988520.000000
498455.000000
172557.000000
1038829.000000
376288.000000
473023.000000
228243.000000
1217022.000000
416376.000000
405360.000000
428335.000000
1013117.000000
1049968.000000
257934.000000
1208482.000000
304066.000000
565284.000000
290241.000000
315404.000000
698252.000000
516174.000000
802154.000000
716684.000000
364490.000000
1141888.000000
431154.000000
159767.000000
1047337.000000
1026336.000000
1209280.000000
1067660.000000
331224.000000
543931.000000
182552.000000
1147437.000000
1161321.000000
358748.000000
434264.000000
1098422.000000
182785.000000
1042683.000000
1352907.000000
818107.000000
1031544.000000
801735.000000
134218.000000
1045550.000000
916051.000000
339347.000000
815418.000000
1130799.000000
626780.000000
1037822.000000
1029334.000000
608271.000000
519979.000000
569555.000000
981782.000000
549491.000000
1053026.000000
959138.000000
646046.000000
400747.000000
340750.000000
638172.000000
649072.000000
644997.000000
509828.000000
666945.000000
518966.000000
1008289.000000
1156241.000000
146146.000000
880391.000000
443903.000000
541606.000000
781335.000000
1102340.000000
549212.000000
312338.000000
1019293.000000
368600.000000
950994.000000
876732.000000
483404.000000
1122834.000000
281873.000000
787011.000000
438395.000000
1159383.000000
310902.000000
1052409.000000
814412.000000
985465.000000
49227.000000
975465.000000
305912.000000
293247.000000
834752.000000
907810.000000
1007933.000000
960311.000000
463580.000000
325898.000000
605294.000000
301903.000000
554515.000000
456866.000000
1035816.000000
1249211.000000
1010091.000000
827525.000000
92640.000000
993511.000000
170678.000000
219627.000000
621059.000000
1055611.000000
591914.000000
939084.000000
648042.000000
1146046.000000
642198.000000
811888.000000
1064630.000000
790571.000000
461958.000000
169866.000000
973646.000000
520050.000000
143914.000000
222227.000000
458850.000000
961793.000000
738371.000000
1036832.000000
254007.000000
220331.000000
429684.000000
70341.000000
354508.000000
1307931.000000
1110838.000000
206895.000000
1209104.000000
385251.000000
934802.000000
440995.000000
704361.000000
347120.000000
1094735.000000
910893.000000
635443.000000
372021.000000
852002.000000
552593.000000
438910.000000
1267967.000000
628016.000000
527229.000000
516225.000000
296153.000000
782812.000000
363754.000000
446002.000000
1165131.000000
296240.000000
1244209.000000
1167766.000000
456786.000000
318082.000000
1055366.000000
443222.000000
411904.000000
593651.000000
953895.000000
483422.000000
1086243.000000
1271741.000000
182521.000000
1034535.000000
356279.000000
1112777.000000
1126949.000000
829833.000000
663012.000000
1188379.000000
606783.000000
495051.000000
1192697.000000
300087.000000
931685.000000
895992.000000
353039.000000
353881.000000
547500.000000
1008649.000000
608843.000000
416148.000000
529204.000000
415016.000000
814027.000000
1122101.000000
270597.000000
799629.000000
778137.000000
981690.000000
1147596.000000
871171.000000
1163950.000000
541462.000000
682811.000000
873941.000000
1140962.000000
428392.000000
336474.000000
733752.000000
1107530.000000
1170067.000000
1118785.000000
692467.000000
685864.000000
620622.000000
214907.000000
479052.000000
910363.000000
1114024.000000
993533.000000
1095182.000000
378009.000000
1117196.000000
280201.000000
199103.000000
659694.000000
928218.000000
804525.000000
724120.000000
194477.000000
202915.000000
371399.000000
1281158.000000
287009.000000
374806.000000
387705.000000
406030.000000
597942.000000
1221685.000000
978435.000000
742408.000000
164600.000000
337474.000000
261789.000000
229249.000000
1030835.000000
659478.000000
707560.000000
344838.000000
1066585.000000
1231447.000000
1202023.000000
397916.000000
1078064.000000
995376.000000
910000.000000
983253.000000
1094916.000000
1062490.000000
633852.000000
613237.000000
373393.000000
561565.000000
1029984.000000
87384.000000
814969.000000
849428.000000
1119090.000000
294043.000000
589728.000000
496886.000000
160907.000000
170322.000000
867972.000000
402510.000000
645967.000000
368270.000000
747919.000000
833807.000000
833905.000000
1180100.000000
411127.000000
1231870.000000
290267.000000
638144.000000
347078.000000
295580.000000
1143768.000000
1089257.000000
899404.000000
1003148.000000
835266.000000
947692.000000
1055084.000000
268012.000000
294503.000000
1297764.000000
527018.000000
559341.000000
611176.000000
331450.000000
683768.000000
998185.000000
455122.000000
598590.000000
1085862.000000
313277.000000
460748.000000
402838.000000
667830.000000
498830.000000
1008225.000000
211436.000000
301728.000000
448175.000000
229089.000000
531088.000000
1006903.000000
493523.000000
130758.000000
1047424.000000
831962.000000
607950.000000
402274.000000
728817.000000
1066160.000000
251247.000000
562641.000000
449080.000000
398321.000000
1287618.000000
926735.000000
997499.000000
961619.000000
1035710.000000
1166245.000000
465879.000000
1144006.000000
1061510.000000
888468.000000
421578.000000
1051344.000000
393848.000000
1143634.000000
191649.000000
89236.000000
396737.000000
1257742.000000
1102314.000000
866744.000000
321694.000000
500513.000000
949683.000000
1051052.000000
95085.000000
907730.000000
1093616.000000
418125.000000
327220.000000
930130.000000
836467.000000
281093.000000
106875.000000
1026057.000000
990037.000000
1097462.000000
540594.000000
940818.000000
888061.000000
926171.000000
1159107.000000
868828.000000
1167502.000000
1209014.000000
1140648.000000
551412.000000
455085.000000
1019033.000000
899808.000000
527380.000000
1129974.000000
616466.000000
741240.000000
837766.000000
406825.000000
743740.000000
778506.000000
561999.000000
690506.000000
750382.000000
484126.000000
594520.000000
340033.000000
666279.000000
61573.000000
480053.000000
499380.000000
408109.000000
310301.000000
432824.000000
473244.000000
1202454.000000
1014147.000000
477607.000000
232367.000000
1023628.000000
172949.000000
37543.000000
89171.000000
1096995.000000
275565.000000
1152635.000000
1197169.000000
434461.000000
512562.000000
1137815.000000
371079.000000
1053997.000000
1015836.000000
868793.000000
1218688.000000
639303.000000
236554.000000
515011.000000
572373.000000
315726.000000
1103649.000000
711416.000000
204061.000000
415846.000000
435036.000000
417208.000000
1058501.000000
600903.000000
153952.000000
769781.000000
639712.000000
346696.000000
278568.000000
1039454.000000
367035.000000
809252.000000
966541.000000
164774.000000
449037.000000
1104213.000000
445298.000000
532281.000000
141029.000000
28750.000000
234891.000000
1037701.000000
703238.000000
993930.000000
442632.000000
379983.000000
1161423.000000
787058.000000
260791.000000
388919.000000
311678.000000
330353.000000
385926.000000
962288.000000
248054.000000
916721.000000
1018532.000000
172324.000000
943495.000000
1089849.000000
421714.000000
1153728.000000
288373.000000
608593.000000
439739.000000
815461.000000
829128.000000
993867.000000
201023.000000
1104122.000000
421308.000000
1131858.000000
498942.000000
410301.000000
710717.000000
493691.000000
1007147.000000
626857.000000
1122340.000000
504170.000000
185334.000000
282584.000000
249764.000000
235219.000000
406173.000000
429664.000000
966984.000000
1147428.000000
585687.000000
1045437.000000
616277.000000
965206.000000
1089396.000000
1131784.000000
1137319.000000
949606.000000
488744.000000
475246.000000
318608.000000
1189835.000000
1306027.000000
538635.000000
702360.000000
304441.000000
962182.000000
1146489.000000
321151.000000
982767.000000
484913.000000
462728.000000
802280.000000
275710.000000
975850.000000
209097.000000
476513.000000
1175344.000000
1071335.000000
1227062.000000
557248.000000
164500.000000
437379.000000
515536.000000
1192985.000000
1020571.000000
1054143.000000
757313.000000
353026.000000
535140.000000
808173.000000
949626.000000
738603.000000
1145601.000000
1219211.000000
1193977.000000
610942.000000
1058541.000000
550607.000000
1121646.000000
151037.000000
413246.000000
386414.000000
65655.000000
1138906.000000
362118.000000
563765.000000
486935.000000
247673.000000
280027.000000
198738.000000
532651.000000
261500.000000
677504.000000
432007.000000
290593.000000
859967.000000
437604.000000
865254.000000
1216381.000000
85008.000000
1230825.000000
920918.000000
301420.000000
889882.000000
240106.000000
625314.000000
411285.000000
934206.000000
1075530.000000
363063.000000
1129406.000000
945312.000000
249467.000000
700650.000000
1032266.000000
425894.000000
264323.000000
235562.000000
603975.000000
431150.000000
535483.000000
1038831.000000
1100521.000000
203937.000000
1280651.000000
899528.000000
151292.000000
464441.000000
529991.000000
207970.000000
1080036.000000
855710.000000
619768.000000
1173030.000000
520891.000000
321575.000000
1078531.000000
729192.000000
232680.000000
1110597.000000
394667.000000
1154205.000000
338577.000000
253169.000000
931603.000000
158597.000000
1130505.000000
328665.000000
367734.000000
1101835.000000
902799.000000
478098.000000
949747.000000
608686.000000
617642.000000
60593.000000
362970.000000
298944.000000
409055.000000
438875.000000
416837.000000
1097912.000000
333232.000000
291004.000000
395257.000000
301866.000000
485252.000000
484942.000000
958405.000000
156726.000000
134368.000000
641225.000000
291637.000000
1067348.000000
327005.000000
710407.000000
1178424.000000
644934.000000
435378.000000
570847.000000
603768.000000
846876.000000
828618.000000
1017374.000000
351371.000000
866169.000000
1011837.000000
937109.000000
657445.000000
458262.000000
165149.000000
855771.000000
1342950.000000
1144775.000000
222452.000000
674148.000000
583359.000000
790993.000000
170170.000000
348888.000000
542138.000000
383208.000000
135501.000000
112791.000000
1029345.000000
472294.000000
393860.000000
232613.000000
531300.000000
365928.000000
514442.000000
849062.000000
499526.000000
287492.000000
1019027.000000
183282.000000
171938.000000
1120749.000000
116214.000000
463337.000000
299201.000000
327099.000000
88717.000000
1015879.000000
651634.000000
711008.000000
886662.000000
948644.000000
1073651.000000
332479.000000
1083491.000000
543396.000000
1199960.000000
535278.000000
1088014.000000
448423.000000
867805.000000
879852.000000
394065.000000
253403.000000
532319.000000
1239188.000000
614488.000000
408158.000000
1111614.000000
94464.000000
739286.000000
1148827.000000
817678.000000
473762.000000
1024443.000000
607757.000000
211193.000000
869972.000000
277110.000000
1166326.000000
247216.000000
219326.000000
434917.000000
477107.000000
936129.000000
545712.000000
327730.000000
362705.000000
555847.000000
991951.000000
232421.000000
827240.000000
297737.000000
459692.000000
255960.000000
1075956.000000
322640.000000
727224.000000
271892.000000
105469.000000
1058309.000000
1152876.000000
101240.000000
162250.000000
462173.000000
1102138.000000
253385.000000
1257646.000000
396269.000000
391020.000000
1061696.000000
560458.000000
487032.000000
533516.000000
109258.000000
1053051.000000
1133273.000000
658285.000000
1216095.000000
1258120.000000
276672.000000
1162870.000000
417810.000000
388169.000000
592775.000000
663880.000000
379054.000000
286493.000000
633892.000000
266469.000000
1168784.000000
993345.000000
327919.000000
1197863.000000
1024009.000000
361395.000000
684661.000000
163265.000000
622315.000000
1047909.000000
1184688.000000
431213.000000
1177228.000000
1145610.000000
1188447.000000
1036102.000000
457113.000000
430229.000000
981439.000000
558673.000000
656283.000000
536355.000000
576484.000000
559235.000000
380133.000000
1000291.000000
633895.000000
121043.000000
1182468.000000
1199146.000000
176298.000000
931072.000000
682022.000000
1221248.000000
477303.000000
1091299.000000
587735.000000
962754.000000
1232785.000000
1195226.000000
247470.000000
527229.000000
398883.000000
1180654.000000
480430.000000
1236984.000000
1184247.000000
510708.000000
545294.000000
514791.000000
543715.000000
378193.000000
1140543.000000
493902.000000
504869.000000
656080.000000
529681.000000
787604.000000
118799.000000
684678.000000
857859.000000
484983.000000
767354.000000
1169777.000000
474449.000000
511915.000000
472911.000000
234099.000000
475059.000000
725446.000000
152420.000000
98586.000000
936757.000000
451285.000000
530536.000000
1099587.000000
527137.000000
229949.000000
386537.000000
253874.000000
434550.000000
1103023.000000
180780.000000
454555.000000
771154.000000
1063364.000000
510387.000000
876327.000000
431243.000000
403811.000000
1028941.000000
1250375.000000
1090687.000000
1025805.000000
746132.000000
545633.000000
943392.000000
590822.000000
561530.000000
860888.000000
217257.000000
326509.000000
1092081.000000
208688.000000
1124736.000000
161998.000000
1158903.000000
539099.000000
444664.000000
1072834.000000
235705.000000
641589.000000
211782.000000
550779.000000
1044579.000000
431605.000000
98520.000000
846724.000000
1112071.000000
1030960.000000
173529.000000
458748.000000
616609.000000
708392.000000
1201608.000000
1193269.000000
1050330.000000
1120189.000000
172382.000000
362148.000000
453167.000000
94742.000000
423594.000000
434520.000000
413088.000000
604755.000000
1078088.000000
998099.000000
989352.000000
1094776.000000
1166681.000000
302983.000000
435345.000000
404395.000000
178098.000000
72557.000000
1021848.000000
1001651.000000
997184.000000
850994.000000
1141797.000000
997297.000000
910897.000000
1015544.000000
202880.000000
540745.000000
262104.000000
452338.000000
509781.000000
491185.000000
310066.000000
282255.000000
200634.000000
321574.000000
888462.000000
947093.000000
1009175.000000
238756.000000
463810.000000
365201.000000
1038167.000000
112190.000000
301829.000000
1010433.000000
998960.000000
742402.000000
778121.000000
939936.000000
804878.000000
638967.000000
1117848.000000
700331.000000
1071284.000000
429055.000000
1146631.000000
411583.000000
1034324.000000
305535.000000
786297.000000
423226.000000
1118241.000000
641884.000000
319445.000000
353537.000000
763571.000000
402774.000000
598794.000000
255793.000000
429602.000000
428490.000000
456671.000000
923565.000000
1069234.000000
1205731.000000
402691.000000
533285.000000
229900.000000
596977.000000
409192.000000
467690.000000
402958.000000
498344.000000
304938.000000
354909.000000
905878.000000
1003907.000000
420303.000000
1006357.000000
882662.000000
494498.000000
470910.000000
875733.000000
345204.000000
472867.000000
338437.000000
1131889.000000
326375.000000
102482.000000
349146.000000
637349.000000
1036846.000000
263383.000000
1100673.000000
360667.000000
464843.000000
1199163.000000
1096546.000000
396805.000000
860049.000000
1023451.000000
963880.000000
1223547.000000
226850.000000
528444.000000
301424.000000
323001.000000
488658.000000
278883.000000
429603.000000
379833.000000
235387.000000
409756.000000
521122.000000
1049870.000000
431828.000000
963434.000000
1035247.000000
1102322.000000
574220.000000
628571.000000
956413.000000
690080.000000
554117.000000
458887.000000
129294.000000
159904.000000
586184.000000
1157137.000000
814096.000000
952916.000000
1082838.000000
339521.000000
1200618.000000
1141619.000000
943185.000000
778141.000000
1111633.000000
601247.000000
1086154.000000
1000950.000000
643307.000000
555158.000000
989736.000000
935755.000000
718080.000000
630308.000000
373051.000000
475175.000000
236719.000000
1213509.000000
1017483.000000
291921.000000
229962.000000
1029342.000000
614685.000000
519972.000000
562358.000000
890759.000000
294421.000000
633496.000000
704722.000000
1050541.000000
1132512.000000
874939.000000
110702.000000
326794.000000
815273.000000
1179016.000000
830949.000000
475712.000000
326954.000000
1088314.000000
155880.000000
1127165.000000
837813.000000
1182273.000000
682137.000000
294444.000000
596265.000000
1043728.000000
845863.000000
517586.000000
719537.000000
1022564.000000
104332.000000
497637.000000
909830.000000
839944.000000
496253.000000
1344276.000000
540662.000000
1097133.000000
185329.000000
495782.000000
219298.000000
684216.000000
585818.000000
174410.000000
386041.000000
1090793.000000
980279.000000
477130.000000
1171695.000000
434776.000000
518857.000000
767441.000000
924782.000000
192268.000000
1204081.000000
994349.000000
533005.000000
398117.000000
431590.000000
494439.000000
698154.000000
489135.000000
403904.000000
1027864.000000
608186.000000
1239157.000000
505343.000000
385051.000000
393753.000000
1267844.000000
1189426.000000
406690.000000
1044617.000000
1135057.000000
182798.000000
957474.000000
634814.000000
639884.000000
1153640.000000
590924.000000
888277.000000
146749.000000
1086195.000000
352512.000000
756190.000000
187559.000000
456975.000000
1170005.000000
1178674.000000
1108545.000000
418629.000000
891696.000000
1080056.000000
968333.000000
621502.000000
293583.000000
1107843.000000
1068765.000000
111133.000000
524512.000000
1164705.000000
546906.000000
1046375.000000
1114923.000000
323992.000000
483704.000000
1196055.000000
363799.000000
286164.000000
456474.000000
325685.000000
128210.000000
654533.000000
906713.000000
841450.000000
782631.000000
161700.000000
643726.000000
1084255.000000
956311.000000
860675.000000
1024893.000000
678829.000000
361084.000000
983626.000000
308584.000000
726768.000000
340403.000000
716930.000000
393480.000000
485104.000000
628112.000000
1051535.000000
894952.000000
578891.000000
268477.000000
504098.000000
1272849.000000
597424.000000
430568.000000
632785.000000
978833.000000
274949.000000
616025.000000
439637.000000
1064910.000000
823763.000000
1128077.000000
1183602.000000
1195948.000000
925411.000000
818184.000000
1150042.000000
669603.000000
287640.000000
1079523.000000
390554.000000
1110574.000000
748321.000000
1071256.000000
1006051.000000
322123.000000
1015847.000000
810413.000000
1073832.000000
1122295.000000
516268.000000
685186.000000
196118.000000
662472.000000
1047760.000000
1096809.000000
72898.000000
916286.000000
383119.000000
961968.000000
688839.000000
1060017.000000
781025.000000
1135895.000000
1126026.000000
1112252.000000
694985.000000
259701.000000
409700.000000
720444.000000
216698.000000
410979.000000
447152.000000
915058.000000
456377.000000
478174.000000
391178.000000
1157671.000000
633755.000000
230544.000000
759985.000000
269759.000000
791833.000000
968321.000000
963079.000000
406564.000000
940463.000000
1122525.000000
445579.000000
1004563.000000
556698.000000
189680.000000
1108901.000000
262377.000000
956093.000000
1119155.000000
1077139.000000
955001.000000
182191.000000
699152.000000
875431.000000
1040917.000000
200750.000000
1200400.000000
