0.000000
0.000000
0.000000
0.000000
0.000000
0.000000
0.000000
0.000000
0.000000
0.000000
0.000000
0.000000
0.000000
0.000000
0.000000
0.000000
0.000000
0.000000
0.000000
0.000000
0.000000
0.000000
0.000000
0.000000
0.000000
0.000000
0.000000
0.000000
0.000000
0.000000
0.000000
0.000000
0.000000
0.000000
0.000000
0.000000
0.000000
0.000000
0.000000
0.000000
0.000000
0.000000
0.000000
0.000000
0.000000
0.000000
0.000000
0.000000
0.000000
0.000000
0.000000
0.000000
0.000000
0.000000
0.000000
0.000000
0.000000
0.000000
0.000000
0.000000
0.000000
0.000000
0.000000
0.000000
0.000000
0.000000
0.000000
0.000000
0.000000
0.000000
0.000000
0.000000
0.000000
0.000000
0.000000
0.000000
0.000000
0.000000
0.000000
0.000000
0.000000
0.000000
0.000000
0.000000
0.000000
0.000000
0.000000
0.000000
0.000000
0.000000
0.000000
0.000000
0.000000
0.000000
0.000000
0.000000
0.000000
0.000000
0.000000
0.000000
0.000000
0.000000
0.000000
0.000000
0.000000
0.000000
0.000000
0.000000
0.000000
0.000000
0.000000
0.000000
0.000000
0.000000
0.000000
0.000000
0.000000
0.000000
0.000000
0.000000
0.000000
0.000000
0.000000
0.000000
0.000000
0.000000
0.000000
0.000000
0.000000
0.000000
0.000000
0.000000
0.000000
0.000000
0.000000
0.000000
0.000000
0.000000
0.000000
0.000000
0.000000
0.000000
0.000000
0.000000
0.000000
0.000000
0.000000
0.000000
0.000000
0.000000
0.000000
0.000000
0.000000
0.000000
0.000000
0.000000
0.000000
0.000000
0.000000
0.000000
0.000000
0.000000
0.000000
0.000000
0.000000
0.000000
0.000000
0.000000
0.000000
0.000000
0.000000
0.000000
0.000000
0.000000
0.000000
0.000000
0.000000
0.000000
0.000000
0.000000
0.000000
0.000000
0.000000
0.000000
0.000000
0.000000
0.000000
0.000000
0.000000
0.000000
0.000000
0.000000
0.000000
0.000000
0.000000
0.000000
0.000000
0.000000
0.000000
0.000000
0.000000
0.000000
0.000000
0.000000
0.000000
0.000000
0.000000
0.000000
0.000000
0.000000
0.000000
0.000000
0.000000
0.000000
0.000000
0.000000
0.000000
0.000000
0.000000
0.000000
0.000000
0.000000
0.000000
0.000000
0.000000
0.000000
0.000000
0.000000
0.000000
0.000000
0.000000
0.000000
0.000000
0.000000
0.000000
0.000000
0.000000
0.000000
0.000000
0.000000
0.000000
0.000000
0.000000
0.000000
0.000000
0.000000
0.000000
0.000000
0.000000
0.000000
0.000000
0.000000
0.000000
0.000000
0.000000
0.000000
0.000000
0.000000
0.000000
0.000000
0.000000
0.000000
0.000000
0.000000
0.000000
0.000000
0.000000
0.000000
0.000000
0.000000
0.000000
0.000000
0.000000
0.000000
0.000000
0.000000
0.000000
0.000000
0.000000
0.000000
0.000000
0.000000
0.000000
0.000000
0.000000
0.000000
0.000000
0.000000
0.000000
0.000000
0.000000
0.000000
0.000000
0.000000
0.000000
0.000000
0.000000
0.000000
0.000000
0.000000
0.000000
0.000000
0.000000
0.000000
0.000000
0.000000
0.000000
0.000000
0.000000
0.000000
0.000000
0.000000
0.000000
0.000000
0.000000
0.000000
0.000000
0.000000
0.000000
0.000000
0.000000
0.000000
0.000000
0.000000
0.000000
0.000000
0.000000
0.000000
0.000000
0.000000
0.000000
0.000000
0.000000
0.000000
0.000000
0.000000
0.000000
0.000000
0.000000
0.000000
0.000000
0.000000
0.000000
0.000000
0.000000
0.000000
0.000000
0.000000
0.000000
0.000000
0.000000
0.000000
0.000000
0.000000
0.000000
0.000000
0.000000
0.000000
0.000000
0.000000
0.000000
0.000000
0.000000
0.000000
0.000000
0.000000
0.000000
0.000000
0.000000
0.000000
0.000000
0.000000
0.000000
0.000000
0.000000
0.000000
0.000000
0.000000
0.000000
0.000000
0.000000
0.000000
0.000000
0.000000
0.000000
0.000000
0.000000
0.000000
0.000000
0.000000
0.000000
0.000000
0.000000
0.000000
0.000000
0.000000
0.000000
0.000000
0.000000
0.000000
0.000000
0.000000
0.000000
0.000000
0.000000
0.000000
0.000000
0.000000
0.000000
0.000000
0.000000
0.000000
0.000000
0.000000
0.000000
0.000000
0.000000
0.000000
0.000000
0.000000
0.000000
0.000000
0.000000
0.000000
0.000000
0.000000
0.000000
0.000000
0.000000
0.000000
0.000000
0.000000
0.000000
0.000000
0.000000
0.000000
0.000000
0.000000
0.000000
0.000000
0.000000
0.000000
0.000000
0.000000
0.000000
0.000000
0.000000
0.000000
0.000000
0.000000
0.000000
0.000000
0.000000
0.000000
0.000000
0.000000
0.000000
0.000000
0.000000
0.000000
0.000000
0.000000
0.000000
0.000000
0.000000
0.000000
0.000000
0.000000
0.000000
0.000000
0.000000
0.000000
0.000000
0.000000
0.000000
0.000000
0.000000
0.000000
0.000000
0.000000
0.000000
0.000000
0.000000
0.000000
0.000000
0.000000
0.000000
0.000000
0.000000
0.000000
0.000000
0.000000
0.000000
0.000000
0.000000
0.000000
0.000000
0.000000
0.000000
0.000000
0.000000
0.000000
0.000000
0.000000
0.000000
0.000000
0.000000
0.000000
0.000000
0.000000
0.000000
0.000000
0.000000
0.000000
0.000000
0.000000
0.000000
0.000000
0.000000
0.000000
0.000000
0.000000
0.000000
0.000000
0.000000
0.000000
4202280.000000
1858205.000000
830806.000000
2540320.000000
1270517.000000
263839.000000
1660316.000000
2322667.000000
2529148.000000
253146.000000
180309.000000
1122012.000000
1956461.000000
2577476.000000
233718.000000
609689.000000
585171.000000
456181.000000
477111.000000
343923.000000
752756.000000
254613.000000
2126236.000000
1463450.000000
2640049.000000
385126.000000
2326971.000000
2854580.000000
512182.000000
662697.000000
438922.000000
327882.000000
487753.000000
103432.000000
2699611.000000
2084877.000000
1751950.000000
1278767.000000
896340.000000
228289.000000
1068256.000000
2657842.000000
2429814.000000
275275.000000
2007548.000000
851532.000000
2656695.000000
2581829.000000
319582.000000
1031493.000000
1159420.000000
2287380.000000
526650.000000
211377.000000
1491225.000000
419266.000000
481843.000000
282195.000000
2630837.000000
551606.000000
491451.000000
487698.000000
2017248.000000
2898322.000000
259883.000000
2912560.000000
360699.000000
630953.000000
325341.000000
381481.000000
873430.000000
580262.000000
1260618.000000
974788.000000
339673.000000
2105109.000000
437174.000000
181012.000000
1902028.000000
1908870.000000
2427816.000000
2083935.000000
316814.000000
616453.000000
247420.000000
2104693.000000
2582507.000000
517389.000000
476779.000000
2589689.000000
235226.000000
2583387.000000
2106297.000000
1231228.000000
1653496.000000
871030.000000
132828.000000
1962836.000000
1429601.000000
335607.000000
1179140.000000
2582255.000000
1087271.000000
2405106.000000
1748152.000000
810614.000000
505417.000000
721639.000000
2019459.000000
596098.000000
2570328.000000
2089472.000000
748568.000000
504391.000000
470070.000000
741023.000000
824187.000000
741515.000000
654690.000000
919887.000000
712432.000000
1711948.000000
2648493.000000
164019.000000
2239264.000000
516666.000000
581883.000000
1066158.000000
1618757.000000
637814.000000
329968.000000
1527478.000000
380322.000000
2146014.000000
1134477.000000
502153.000000
2313342.000000
266823.000000
968467.000000
426117.000000
2296546.000000
341959.000000
1929957.000000
1867606.000000
1969234.000000
40204.000000
1898481.000000
331804.000000
296321.000000
1093663.000000
1296879.000000
1993081.000000
1814134.000000
474965.000000
366837.000000
769313.000000
346116.000000
438662.000000
523997.000000
2070121.000000
2699685.000000
2632521.000000
1048722.000000
104374.000000
1774414.000000
199595.000000
210970.000000
832004.000000
2350108.000000
836704.000000
1376752.000000
759952.000000
2776923.000000
828882.000000
1541755.000000
2308167.000000
1231441.000000
453808.000000
208147.000000
1470260.000000
636889.000000
109967.000000
189073.000000
500215.000000
2001034.000000
859493.000000
2491637.000000
335771.000000
214535.000000
411411.000000
72196.000000
450261.000000
2425144.000000
2023454.000000
226835.000000
2405804.000000
345246.000000
2449925.000000
431294.000000
883919.000000
380674.000000
2857778.000000
1990334.000000
798800.000000
374802.000000
1462317.000000
678408.000000
487461.000000
2427260.000000
847808.000000
708000.000000
546853.000000
326927.000000
1183261.000000
357740.000000
485013.000000
2895081.000000
341791.000000
2346600.000000
2513968.000000
470746.000000
419897.000000
2509823.000000
495168.000000
425492.000000
779644.000000
1557984.000000
511058.000000
2276867.000000
2305000.000000
159688.000000
2061296.000000
349436.000000
1946420.000000
2188051.000000
1329845.000000
750003.000000
2728624.000000
715726.000000
617018.000000
2434977.000000
326371.000000
1482601.000000
2112437.000000
368905.000000
315728.000000
579728.000000
1951239.000000
728556.000000
371870.000000
591308.000000
454711.000000
1109853.000000
1776036.000000
301810.000000
1126271.000000
932727.000000
1352785.000000
2575886.000000
1924593.000000
2130112.000000
579647.000000
850121.000000
1152992.000000
2354170.000000
451884.000000
369623.000000
900438.000000
2409867.000000
2552510.000000
2539950.000000
1037130.000000
697093.000000
738221.000000
210527.000000
445496.000000
1523860.000000
2674254.000000
2514419.000000
2597676.000000
463474.000000
2332679.000000
317094.000000
228742.000000
799409.000000
2075450.000000
1222410.000000
826438.000000
171701.000000
211799.000000
413536.000000
2740652.000000
307515.000000
353838.000000
436457.000000
549313.000000
626798.000000
2614311.000000
2472289.000000
1037694.000000
208878.000000
403260.000000
296375.000000
285464.000000
2435301.000000
708447.000000
978765.000000
335078.000000
1603547.000000
2549960.000000
1872271.000000
387662.000000
2417823.000000
2380001.000000
2686217.000000
2360395.000000
2336536.000000
2428432.000000
672574.000000
837115.000000
469910.000000
509657.000000
2388155.000000
92262.000000
1095836.000000
1353384.000000
2278165.000000
329024.000000
920604.000000
630201.000000
144431.000000
223487.000000
2145496.000000
455291.000000
731600.000000
351793.000000
1350532.000000
1061312.000000
942476.000000
2266749.000000
488558.000000
2499875.000000
254714.000000
710851.000000
398960.000000
286628.000000
1908034.000000
1949504.000000
2188775.000000
1414622.000000
1285409.000000
1580703.000000
2525064.000000
353370.000000
341134.000000
2555112.000000
485467.000000
616858.000000
729091.000000
332001.000000
963954.000000
2068711.000000
453828.000000
619359.000000
2496615.000000
322370.000000
450583.000000
428669.000000
827206.000000
674188.000000
2126727.000000
194717.000000
322349.000000
499279.000000
311275.000000
536216.000000
2681921.000000
482856.000000
152313.000000
2381277.000000
1269178.000000
621321.000000
447133.000000
1176861.000000
2253828.000000
257755.000000
732910.000000
549186.000000
435404.000000
2432398.000000
1240181.000000
1507183.000000
1799290.000000
2524906.000000
2310412.000000
561771.000000
2504921.000000
2075406.000000
2277364.000000
487017.000000
2765421.000000
412154.000000
2654464.000000
179508.000000
88264.000000
379175.000000
2741672.000000
1468520.000000
1362531.000000
316686.000000
443909.000000
2510984.000000
2085043.000000
128963.000000
2319493.000000
2218753.000000
397587.000000
289994.000000
1935583.000000
1015406.000000
378661.000000
93817.000000
2144600.000000
1747999.000000
2752414.000000
614795.000000
1860062.000000
1374501.000000
1622434.000000
2021944.000000
1389402.000000
2658591.000000
2125523.000000
2597914.000000
597353.000000
491579.000000
2494726.000000
1366678.000000
675981.000000
1557966.000000
771804.000000
843929.000000
966697.000000
380988.000000
1038791.000000
1265399.000000
615078.000000
923886.000000
838010.000000
559822.000000
724771.000000
387710.000000
736323.000000
58648.000000
442322.000000
493888.000000
479112.000000
340320.000000
397639.000000
519878.000000
2575313.000000
1802003.000000
498539.000000
286795.000000
1848913.000000
172961.000000
25462.000000
96847.000000
2458223.000000
286430.000000
2355827.000000
2810697.000000
525349.000000
503756.000000
1708274.000000
392629.000000
2307128.000000
1496433.000000
1620148.000000
2367291.000000
740258.000000
254076.000000
618475.000000
613300.000000
301430.000000
2495129.000000
958361.000000
271334.000000
495798.000000
480845.000000
415916.000000
2751404.000000
840470.000000
117948.000000
1333502.000000
650548.000000
340250.000000
255882.000000
2364935.000000
430162.000000
1189416.000000
1900791.000000
156214.000000
535145.000000
2597677.000000
470091.000000
536214.000000
159742.000000
34670.000000
286034.000000
2133436.000000
697018.000000
2460488.000000
413722.000000
431655.000000
2238589.000000
852277.000000
253129.000000
420975.000000
370568.000000
352972.000000
380720.000000
2585663.000000
294239.000000
2076204.000000
2687916.000000
198058.000000
1215907.000000
2558596.000000
495599.000000
2341097.000000
274074.000000
708294.000000
534948.000000
1226972.000000
994347.000000
1563682.000000
213398.000000
2492670.000000
401015.000000
2514910.000000
604238.000000
512954.000000
963289.000000
502121.000000
1958210.000000
879609.000000
1831928.000000
649330.000000
213049.000000
336572.000000
295848.000000
243821.000000
426085.000000
445328.000000
1069643.000000
2393125.000000
742571.000000
2257606.000000
883117.000000
1712448.000000
2214447.000000
2711074.000000
2520656.000000
2130612.000000
584203.000000
579577.000000
359153.000000
2714677.000000
2524823.000000
573468.000000
923177.000000
338612.000000
1833990.000000
2380267.000000
402772.000000
2277658.000000
462024.000000
464030.000000
1084254.000000
233280.000000
1433081.000000
237758.000000
545670.000000
2600435.000000
2195119.000000
2301092.000000
612867.000000
140998.000000
520224.000000
569918.000000
2554061.000000
2553641.000000
2446387.000000
901757.000000
361244.000000
536913.000000
1037435.000000
2265719.000000
1133223.000000
2334605.000000
2486928.000000
2307127.000000
718355.000000
2643701.000000
640821.000000
1787999.000000
217437.000000
457225.000000
450708.000000
74772.000000
2738362.000000
406560.000000
772587.000000
696117.000000
222271.000000
282490.000000
182986.000000
488347.000000
263394.000000
882597.000000
540740.000000
289997.000000
1250705.000000
433070.000000
1383885.000000
2579929.000000
107786.000000
2376291.000000
2297534.000000
333316.000000
1563573.000000
290076.000000
779806.000000
435947.000000
2519385.000000
2604991.000000
341334.000000
2229018.000000
2571246.000000
231887.000000
1238280.000000
2062419.000000
519582.000000
281136.000000
231669.000000
644020.000000
413833.000000
467073.000000
2488487.000000
2089055.000000
230197.000000
2234994.000000
1344370.000000
227951.000000
414215.000000
634111.000000
254886.000000
2233528.000000
993264.000000
805341.000000
2795320.000000
527186.000000
366005.000000
2154684.000000
994272.000000
313996.000000
2463531.000000
449665.000000
2609875.000000
318383.000000
362728.000000
1977423.000000
160532.000000
2499778.000000
364512.000000
363435.000000
2605037.000000
1267320.000000
565487.000000
1764800.000000
653680.000000
733064.000000
61868.000000
378620.000000
332697.000000
452685.000000
446489.000000
402031.000000
2656700.000000
428594.000000
335439.000000
461868.000000
325042.000000
556095.000000
533469.000000
1840123.000000
223268.000000
141925.000000
765226.000000
290658.000000
1850114.000000
383823.000000
992884.000000
2469184.000000
761363.000000
410953.000000
665519.000000
774960.000000
1041294.000000
1172659.000000
1836090.000000
416906.000000
1979356.000000
1896861.000000
1617344.000000
906089.000000
515621.000000
180257.000000
1142790.000000
2853610.000000
2645747.000000
235877.000000
983935.000000
675662.000000
1109618.000000
234770.000000
365345.000000
629977.000000
475950.000000
161564.000000
146263.000000
2699228.000000
418421.000000
383788.000000
300363.000000
565892.000000
402763.000000
637365.000000
1078567.000000
460085.000000
290342.000000
2314967.000000
200567.000000
241208.000000
2585084.000000
126085.000000
478994.000000
320635.000000
349405.000000
100656.000000
2517131.000000
920039.000000
937039.000000
1666847.000000
1652669.000000
2234129.000000
364528.000000
2446481.000000
543884.000000
2396664.000000
641428.000000
2563797.000000
520571.000000
2413397.000000
2132079.000000
404639.000000
310945.000000
602670.000000
2402390.000000
786413.000000
466250.000000
2355377.000000
116938.000000
1170750.000000
3043740.000000
957600.000000
532999.000000
1808434.000000
675624.000000
214955.000000
1468366.000000
279398.000000
2256746.000000
308878.000000
237329.000000
444246.000000
509709.000000
1346946.000000
595961.000000
412996.000000
368165.000000
657732.000000
2624423.000000
182632.000000
1201062.000000
269509.000000
443281.000000
325391.000000
2649327.000000
334919.000000
844961.000000
286044.000000
142669.000000
1548717.000000
2452976.000000
130265.000000
230193.000000
587478.000000
2196121.000000
321532.000000
2263464.000000
412732.000000
415552.000000
2533595.000000
704656.000000
556337.000000
570400.000000
126295.000000
2249464.000000
2739868.000000
714775.000000
2699647.000000
2545146.000000
289499.000000
2478633.000000
483261.000000
370040.000000
696208.000000
898980.000000
420005.000000
347003.000000
791254.000000
256042.000000
2591395.000000
1504587.000000
349873.000000
2209692.000000
2212622.000000
317481.000000
821024.000000
169857.000000
722027.000000
2729238.000000
2432185.000000
509056.000000
2641922.000000
2134511.000000
2564938.000000
2227056.000000
524200.000000
447272.000000
2585072.000000
595187.000000
815455.000000
637781.000000
753594.000000
676889.000000
429520.000000
2393257.000000
819069.000000
132268.000000
2590695.000000
2759995.000000
203644.000000
2608814.000000
730758.000000
2410282.000000
467510.000000
1954894.000000
750042.000000
1413359.000000
2810301.000000
2384694.000000
322080.000000
519710.000000
400975.000000
2770706.000000
504683.000000
2723115.000000
2638978.000000
426553.000000
518958.000000
580491.000000
682140.000000
388755.000000
2683904.000000
588543.000000
631000.000000
785750.000000
612163.000000
988616.000000
133688.000000
918160.000000
1384161.000000
567635.000000
962397.000000
2543460.000000
474265.000000
504102.000000
574984.000000
286754.000000
468618.000000
918083.000000
148857.000000
74164.000000
1772519.000000
419261.000000
588579.000000
2601764.000000
687825.000000
209729.000000
439661.000000
261298.000000
469458.000000
2100007.000000
228120.000000
398058.000000
958432.000000
2151844.000000
601898.000000
1087142.000000
478882.000000
467286.000000
2081250.000000
2543633.000000
2260921.000000
1808817.000000
958437.000000
553638.000000
2344787.000000
760077.000000
608670.000000
1262079.000000
234625.000000
377387.000000
2316264.000000
355604.000000
2349636.000000
169051.000000
2513725.000000
535409.000000
483588.000000
2473877.000000
196337.000000
907336.000000
246119.000000
541199.000000
2239833.000000
511969.000000
133889.000000
1557771.000000
2711641.000000
2627610.000000
196559.000000
511683.000000
703717.000000
1027473.000000
2423635.000000
2448863.000000
1711176.000000
2631290.000000
241305.000000
357834.000000
471667.000000
92270.000000
495152.000000
413700.000000
422705.000000
831265.000000
2413653.000000
2324453.000000
1683907.000000
2510508.000000
2532463.000000
359656.000000
514587.000000
457787.000000
227481.000000
82888.000000
2393618.000000
2682144.000000
2279869.000000
1034995.000000
2635816.000000
2468225.000000
1562115.000000
2608790.000000
228852.000000
679407.000000
430879.000000
500003.000000
564412.000000
572800.000000
416991.000000
252677.000000
181117.000000
272223.000000
1571957.000000
2467173.000000
2511380.000000
210465.000000
435506.000000
444528.000000
1984521.000000
127155.000000
376474.000000
2369929.000000
1626094.000000
1261489.000000
1276779.000000
2130703.000000
1157910.000000
812916.000000
2461101.000000
1087166.000000
2436356.000000
497774.000000
2467389.000000
409833.000000
2122749.000000
307017.000000
1051737.000000
496563.000000
2545552.000000
733319.000000
274505.000000
349359.000000
1157948.000000
395784.000000
766948.000000
331451.000000
493542.000000
457640.000000
536778.000000
1129057.000000
2255641.000000
2763742.000000
465233.000000
502800.000000
288261.000000
686227.000000
378267.000000
447922.000000
460358.000000
495827.000000
358428.000000
404421.000000
1431857.000000
2138878.000000
460694.000000
2175849.000000
1608898.000000
541971.000000
489218.000000
1197151.000000
447711.000000
547140.000000
378569.000000
2626615.000000
370580.000000
106058.000000
388208.000000
938461.000000
2441650.000000
246778.000000
2479790.000000
348693.000000
518149.000000
2331276.000000
2492820.000000
437168.000000
1405180.000000
2566218.000000
1545726.000000
2882267.000000
277972.000000
631656.000000
320302.000000
306481.000000
735824.000000
275791.000000
521041.000000
355972.000000
262981.000000
317875.000000
494306.000000
2215367.000000
425614.000000
1578253.000000
1827360.000000
2317296.000000
703526.000000
931716.000000
1743342.000000
795977.000000
594559.000000
486950.000000
103117.000000
164482.000000
776159.000000
2589432.000000
2222593.000000
1444498.000000
2259295.000000
373234.000000
2780485.000000
2470449.000000
1435106.000000
1158095.000000
1779535.000000
635605.000000
2433484.000000
2271427.000000
872677.000000
636097.000000
2568737.000000
1494322.000000
797105.000000
718649.000000
399892.000000
741898.000000
244159.000000
2755821.000000
2522499.000000
357333.000000
224200.000000
2236846.000000
864023.000000
441349.000000
814230.000000
2373420.000000
263569.000000
732822.000000
870204.000000
1791985.000000
2253314.000000
1148949.000000
103999.000000
479926.000000
1161976.000000
2552659.000000
1156729.000000
626943.000000
388418.000000
2209659.000000
177472.000000
2121690.000000
1176440.000000
2301805.000000
771669.000000
279483.000000
840506.000000
2523268.000000
1415337.000000
514756.000000
1077548.000000
2130229.000000
95105.000000
519489.000000
2526438.000000
1268659.000000
525812.000000
2474419.000000
765819.000000
2550126.000000
202456.000000
597179.000000
240996.000000
757137.000000
645281.000000
156392.000000
375315.000000
2471260.000000
1578040.000000
483157.000000
2511793.000000
436318.000000
691347.000000
1141044.000000
1463239.000000
243355.000000
2679042.000000
1578762.000000
642583.000000
474451.000000
508743.000000
647122.000000
1035556.000000
482828.000000
515332.000000
2240615.000000
760104.000000
2509118.000000
564443.000000
423860.000000
365869.000000
2667288.000000
2420794.000000
427053.000000
1956476.000000
2774834.000000
186002.000000
1408634.000000
651687.000000
795713.000000
2404593.000000
694080.000000
1636810.000000
155339.000000
2333809.000000
303309.000000
1128840.000000
183451.000000
589401.000000
2422906.000000
2555005.000000
2317785.000000
490604.000000
1527963.000000
1622923.000000
2228365.000000
953616.000000
269687.000000
2384980.000000
2418761.000000
110195.000000
661797.000000
2770527.000000
645787.000000
2312022.000000
2419298.000000
342283.000000
538002.000000
2969450.000000
496988.000000
275744.000000
471087.000000
319401.000000
159716.000000
949406.000000
2012324.000000
1569740.000000
1209590.000000
162916.000000
884936.000000
2337548.000000
1914035.000000
1699562.000000
1879729.000000
894149.000000
328381.000000
2192087.000000
239007.000000
1067170.000000
396454.000000
778191.000000
431447.000000
519690.000000
771349.000000
2489354.000000
1342493.000000
606857.000000
319119.000000
487553.000000
2211979.000000
773519.000000
411791.000000
754725.000000
1741495.000000
328704.000000
712271.000000
462796.000000
2358274.000000
1540322.000000
2716243.000000
2438223.000000
1663580.000000
2021489.000000
1287196.000000
2433097.000000
870144.000000
278540.000000
2300328.000000
484540.000000
1599008.000000
1166812.000000
2647751.000000
2476659.000000
391544.000000
2400698.000000
1212015.000000
2717141.000000
2360711.000000
598110.000000
1077425.000000
174543.000000
980363.000000
2451463.000000
2524568.000000
74769.000000
1489811.000000
438737.000000
1540591.000000
1003994.000000
2827397.000000
1120420.000000
2568603.000000
2204783.000000
2333832.000000
717997.000000
253706.000000
401668.000000
943360.000000
238767.000000
428127.000000
425153.000000
2380955.000000
431612.000000
569608.000000
361973.000000
2002055.000000
627560.000000
250754.000000
1181794.000000
324081.000000
898724.000000
2415888.000000
2519077.000000
381492.000000
1482078.000000
2656990.000000
570105.000000
2087002.000000
729978.000000
217461.000000
2688480.000000
343999.000000
2248526.000000
2453522.000000
2598525.000000
1779648.000000
208545.000000
959964.000000
1375135.000000
2172743.000000
232994.000000
2227194.000000
