0.000000
0.000000
0.000000
0.000000
0.000000
0.000000
0.000000
0.000000
0.000000
0.000000
0.000000
0.000000
0.000000
0.000000
0.000000
0.000000
0.000000
0.000000
0.000000
0.000000
0.000000
0.000000
0.000000
0.000000
0.000000
0.000000
0.000000
0.000000
0.000000
0.000000
0.000000
0.000000
0.000000
0.000000
0.000000
0.000000
0.000000
0.000000
0.000000
0.000000
0.000000
0.000000
0.000000
0.000000
0.000000
0.000000
0.000000
0.000000
0.000000
0.000000
0.000000
0.000000
799475.000000
480938.000000
474352.000000
47144.000000
230915.000000
569769.000000
270881.000000
221714.000000
596141.000000
189660.000000
293564.000000
298877.000000
454206.000000
335913.000000
165793.000000
523208.000000
461657.000000
436185.000000
448457.000000
300678.000000
311861.000000
368486.000000
205064.000000
545320.000000
397447.000000
494833.000000
380943.000000
283407.000000
372150.000000
449659.000000
313452.000000
483369.000000
453030.000000
440581.000000
301589.000000
372411.000000
428905.000000
273239.000000
237351.000000
317586.000000
252807.000000
556145.000000
402280.000000
278166.000000
408138.000000
298943.000000
574165.000000
513915.000000
293601.000000
494926.000000
462815.000000
266290.000000
485263.000000
476680.000000
201611.000000
303874.000000
405677.000000
157350.000000
281435.000000
486514.000000
421060.000000
500077.000000
440449.000000
338449.000000
428150.000000
493341.000000
475707.000000
435255.000000
441376.000000
413524.000000
210423.000000
246057.000000
506202.000000
278118.000000
495308.000000
543819.000000
378071.000000
204065.000000
472221.000000
488971.000000
494774.000000
263122.000000
542322.000000
439495.000000
439225.000000
497451.000000
442788.000000
321941.000000
397420.000000
516245.000000
406062.000000
284875.000000
338365.000000
277666.000000
396725.000000
360490.000000
489014.000000
322304.000000
515309.000000
355630.000000
438667.000000
228835.000000
326703.000000
227366.000000
513503.000000
241494.000000
120458.000000
382083.000000
402796.000000
430196.000000
434084.000000
431234.000000
515200.000000
383135.000000
109705.000000
315999.000000
29601.000000
382797.000000
311880.000000
397524.000000
453483.000000
357855.000000
351756.000000
204902.000000
287051.000000
421438.000000
382078.000000
473175.000000
264981.000000
342778.000000
483069.000000
423251.000000
533957.000000
345777.000000
208321.000000
370927.000000
32600.000000
271598.000000
414062.000000
485815.000000
504432.000000
202751.000000
482837.000000
255022.000000
236221.000000
412476.000000
505306.000000
280487.000000
346492.000000
445512.000000
428181.000000
531123.000000
228023.000000
180800.000000
256191.000000
450601.000000
335449.000000
234442.000000
325193.000000
283438.000000
348189.000000
518033.000000
507974.000000
360174.000000
440191.000000
436551.000000
245675.000000
531129.000000
283267.000000
339825.000000
410321.000000
341226.000000
498356.000000
475793.000000
145681.000000
311530.000000
625492.000000
252515.000000
504926.000000
319834.000000
529224.000000
214769.000000
459529.000000
231915.000000
417763.000000
299216.000000
433090.000000
488551.000000
468545.000000
415728.000000
340565.000000
353270.000000
199095.000000
385797.000000
211033.000000
135183.000000
180962.000000
432963.000000
225293.000000
280414.000000
245487.000000
504689.000000
488103.000000
275918.000000
281203.000000
547071.000000
447844.000000
296366.000000
335076.000000
227402.000000
504993.000000
283887.000000
427126.000000
477210.000000
161148.000000
494822.000000
461031.000000
303296.000000
384099.000000
514465.000000
291241.000000
558189.000000
371542.000000
404058.000000
525906.000000
254288.000000
320427.000000
289223.000000
508883.000000
535544.000000
475192.000000
506167.000000
247476.000000
473153.000000
407732.000000
397336.000000
569489.000000
441374.000000
480875.000000
506595.000000
338478.000000
342079.000000
525396.000000
387706.000000
187808.000000
454704.000000
236578.000000
64963.000000
306870.000000
110374.000000
513356.000000
317339.000000
333402.000000
456249.000000
224666.000000
462325.000000
324837.000000
501770.000000
206910.000000
486579.000000
439353.000000
399331.000000
372524.000000
473352.000000
302796.000000
328716.000000
148295.000000
438778.000000
324358.000000
505157.000000
422320.000000
345489.000000
445657.000000
93619.000000
502392.000000
502550.000000
498295.000000
475290.000000
455454.000000
406089.000000
393957.000000
217390.000000
443324.000000
297059.000000
467227.000000
263953.000000
452931.000000
437895.000000
105190.000000
414617.000000
375587.000000
277596.000000
349861.000000
209156.000000
409583.000000
439552.000000
459780.000000
181636.000000
169978.000000
433212.000000
506384.000000
457918.000000
203892.000000
417630.000000
346001.000000
503953.000000
489303.000000
318650.000000
261868.000000
488540.000000
434896.000000
109017.000000
472476.000000
353608.000000
427337.000000
468583.000000
476655.000000
148656.000000
420393.000000
435006.000000
608943.000000
278826.000000
473125.000000
511133.000000
259144.000000
374086.000000
315969.000000
557693.000000
483653.000000
411699.000000
219460.000000
462714.000000
270962.000000
445860.000000
245393.000000
310898.000000
507374.000000
349816.000000
435057.000000
143075.000000
363565.000000
170291.000000
495110.000000
348667.000000
535220.000000
265852.000000
245921.000000
404282.000000
373964.000000
519606.000000
254908.000000
419374.000000
276448.000000
273254.000000
449897.000000
502184.000000
266233.000000
508903.000000
501759.000000
195344.000000
308157.000000
469500.000000
110887.000000
426630.000000
492459.000000
364364.000000
324919.000000
331924.000000
272050.000000
291646.000000
281572.000000
456273.000000
248781.000000
300944.000000
463209.000000
400954.000000
240068.000000
500215.000000
464376.000000
467266.000000
397298.000000
438958.000000
457635.000000
516496.000000
450960.000000
258698.000000
355529.000000
277352.000000
351672.000000
253735.000000
259369.000000
111712.000000
323768.000000
433590.000000
477591.000000
463534.000000
418089.000000
322887.000000
458776.000000
316124.000000
429596.000000
484296.000000
100695.000000
167076.000000
317013.000000
447462.000000
474305.000000
256485.000000
314668.000000
467399.000000
562290.000000
89668.000000
518857.000000
398311.000000
593675.000000
270004.000000
401435.000000
301226.000000
535796.000000
402120.000000
425934.000000
246901.000000
368348.000000
496753.000000
460353.000000
261164.000000
411660.000000
471644.000000
434841.000000
523522.000000
224670.000000
475051.000000
106551.000000
430582.000000
278009.000000
172514.000000
379134.000000
482033.000000
340867.000000
503941.000000
470509.000000
310210.000000
453680.000000
7069.000000
310929.000000
465997.000000
470318.000000
491268.000000
322261.000000
547409.000000
125060.000000
104436.000000
538373.000000
232752.000000
541767.000000
392897.000000
476449.000000
510926.000000
370284.000000
351889.000000
543756.000000
102442.000000
471547.000000
303788.000000
251303.000000
518918.000000
343825.000000
576430.000000
187900.000000
372354.000000
406927.000000
395144.000000
518667.000000
198061.000000
442940.000000
511234.000000
426051.000000
465401.000000
411928.000000
251632.000000
499768.000000
458362.000000
587846.000000
215552.000000
156613.000000
432514.000000
472412.000000
460132.000000
178819.000000
356522.000000
302617.000000
295551.000000
305596.000000
250373.000000
428994.000000
194418.000000
495442.000000
452029.000000
545788.000000
291364.000000
469451.000000
496874.000000
320792.000000
359272.000000
350180.000000
252668.000000
321123.000000
90099.000000
517811.000000
544547.000000
497000.000000
418707.000000
417715.000000
213963.000000
433197.000000
535684.000000
481256.000000
187755.000000
418526.000000
427619.000000
482990.000000
487856.000000
205496.000000
396475.000000
529790.000000
503989.000000
336789.000000
197332.000000
446295.000000
307295.000000
315410.000000
231957.000000
526296.000000
326694.000000
307983.000000
274646.000000
478501.000000
501650.000000
199401.000000
602075.000000
282409.000000
386455.000000
249999.000000
253662.000000
413796.000000
320972.000000
480273.000000
448805.000000
291449.000000
473663.000000
316976.000000
169444.000000
415360.000000
517848.000000
478767.000000
471456.000000
244529.000000
416456.000000
197782.000000
493144.000000
447915.000000
303130.000000
316886.000000
513309.000000
177003.000000
477926.000000
467060.000000
496387.000000
423030.000000
457814.000000
99611.000000
442640.000000
462771.000000
254725.000000
370914.000000
500394.000000
346906.000000
458177.000000
476510.000000
326469.000000
351008.000000
388514.000000
529005.000000
318740.000000
470748.000000
385242.000000
394960.000000
289778.000000
282851.000000
412682.000000
382636.000000
406797.000000
332882.000000
462677.000000
378129.000000
492392.000000
455966.000000
149147.000000
430868.000000
318874.000000
385154.000000
360060.000000
466541.000000
365530.000000
235863.000000
451370.000000
256609.000000
509298.000000
534147.000000
322336.000000
452120.000000
224012.000000
402691.000000
330158.000000
482290.000000
204770.000000
459440.000000
397244.000000
510354.000000
48713.000000
485541.000000
298648.000000
184730.000000
436516.000000
439234.000000
507473.000000
523884.000000
320960.000000
253053.000000
329740.000000
252015.000000
256381.000000
342634.000000
449521.000000
481635.000000
509346.000000
478363.000000
69866.000000
436974.000000
165167.000000
169261.000000
418320.000000
516382.000000
465234.000000
376759.000000
360233.000000
476240.000000
373827.000000
527490.000000
440581.000000
368448.000000
296244.000000
165567.000000
499253.000000
396449.000000
140896.000000
156018.000000
287297.000000
449384.000000
380093.000000
536949.000000
265259.000000
186363.000000
302836.000000
54282.000000
313546.000000
495605.000000
519633.000000
223458.000000
498414.000000
248163.000000
462613.000000
266901.000000
457030.000000
286702.000000
501738.000000
439973.000000
429655.000000
262929.000000
502236.000000
397894.000000
332578.000000
429720.000000
381047.000000
350850.000000
322476.000000
264842.000000
482678.000000
238490.000000
341999.000000
424455.000000
253825.000000
414647.000000
488642.000000
291411.000000
302723.000000
490646.000000
307832.000000
280481.000000
379560.000000
562317.000000
334017.000000
490580.000000
536451.000000
122561.000000
530595.000000
284074.000000
537078.000000
421882.000000
511123.000000
372246.000000
519517.000000
391042.000000
372095.000000
470423.000000
207227.000000
430336.000000
463054.000000
229569.000000
240896.000000
331077.000000
500405.000000
388076.000000
298272.000000
337715.000000
338342.000000
455144.000000
471173.000000
244738.000000
442869.000000
411164.000000
499457.000000
431410.000000
466598.000000
516377.000000
291443.000000
354531.000000
512575.000000
520986.000000
317209.000000
262852.000000
471917.000000
513461.000000
537247.000000
469110.000000
475565.000000
437477.000000
373332.000000
170211.000000
365422.000000
492504.000000
510204.000000
459898.000000
453142.000000
315368.000000
528378.000000
279713.000000
163482.000000
411091.000000
493203.000000
521097.000000
426121.000000
147779.000000
152867.000000
319734.000000
612814.000000
236134.000000
296453.000000
314295.000000
338262.000000
383384.000000
510999.000000
522225.000000
398105.000000
159997.000000
288592.000000
219441.000000
245079.000000
510883.000000
356320.000000
418382.000000
262240.000000
415950.000000
532962.000000
446615.000000
310637.000000
582202.000000
509103.000000
483673.000000
416871.000000
437595.000000
481134.000000
453340.000000
417836.000000
312499.000000
370703.000000
444473.000000
73705.000000
371627.000000
512577.000000
539853.000000
264621.000000
359965.000000
355696.000000
137285.000000
169245.000000
450145.000000
279026.000000
364469.000000
283780.000000
478313.000000
422565.000000
407730.000000
504485.000000
313228.000000
453942.000000
225775.000000
379120.000000
280811.000000
233620.000000
496108.000000
478974.000000
484073.000000
431322.000000
433836.000000
507022.000000
524194.000000
218931.000000
247376.000000
534778.000000
330471.000000
321959.000000
387753.000000
215033.000000
438562.000000
408781.000000
312909.000000
385774.000000
526129.000000
249017.000000
268254.000000
283829.000000
473302.000000
360018.000000
484214.000000
165537.000000
231880.000000
345027.000000
220176.000000
389867.000000
548676.000000
322463.000000
144572.000000
447025.000000
454334.000000
352558.000000
331393.000000
422769.000000
552589.000000
246477.000000
412470.000000
334143.000000
294195.000000
436751.000000
509057.000000
421720.000000
427340.000000
576393.000000
488650.000000
298191.000000
472273.000000
471121.000000
447763.000000
320736.000000
461587.000000
274480.000000
479788.000000
166823.000000
63421.000000
257089.000000
519978.000000
430954.000000
438218.000000
272205.000000
367450.000000
476060.000000
462288.000000
146881.000000
482415.000000
465018.000000
260548.000000
203231.000000
524271.000000
452797.000000
266521.000000
92627.000000
465922.000000
460894.000000
525516.000000
366598.000000
356691.000000
496800.000000
414204.000000
464352.000000
464098.000000
571717.000000
537948.000000
532236.000000
365591.000000
353690.000000
483202.000000
487418.000000
371604.000000
492240.000000
424385.000000
496262.000000
366776.000000
285111.000000
415555.000000
520536.000000
393564.000000
405908.000000
412363.000000
382364.000000
368025.000000
358983.000000
389225.000000
50089.000000
272973.000000
284878.000000
287831.000000
249877.000000
273424.000000
356215.000000
552090.000000
493455.000000
350977.000000
150490.000000
501008.000000
179506.000000
22753.000000
75390.000000
499744.000000
215724.000000
539047.000000
464973.000000
294507.000000
329688.000000
424094.000000
268645.000000
438818.000000
490223.000000
453862.000000
493774.000000
467971.000000
193819.000000
370828.000000
388145.000000
199920.000000
547723.000000
409002.000000
213568.000000
337975.000000
371128.000000
323238.000000
440214.000000
421891.000000
131183.000000
466924.000000
321782.000000
233775.000000
223995.000000
530493.000000
298176.000000
438680.000000
443738.000000
152983.000000
329274.000000
432635.000000
293811.000000
348416.000000
115788.000000
24843.000000
222994.000000
453307.000000
335890.000000
486370.000000
300337.000000
297452.000000
443280.000000
363018.000000
192151.000000
350506.000000
261186.000000
293623.000000
255798.000000
475142.000000
254217.000000
497987.000000
505449.000000
168737.000000
424581.000000
508405.000000
297244.000000
473815.000000
211620.000000
436105.000000
307722.000000
499587.000000
371237.000000
498464.000000
167539.000000
564321.000000
315927.000000
510771.000000
387360.000000
297732.000000
447747.000000
328518.000000
513532.000000
402221.000000
424271.000000
336399.000000
172380.000000
229518.000000
200783.000000
223874.000000
368549.000000
275863.000000
376866.000000
466748.000000
371857.000000
436032.000000
435523.000000
416874.000000
472512.000000
526688.000000
491150.000000
536331.000000
340644.000000
385036.000000
230705.000000
520554.000000
516923.000000
333031.000000
435220.000000
285966.000000
487246.000000
489828.000000
276159.000000
505550.000000
355274.000000
306725.000000
473081.000000
211570.000000
526929.000000
177070.000000
330390.000000
447606.000000
425070.000000
447553.000000
367177.000000
94712.000000
294211.000000
349330.000000
410571.000000
486491.000000
540414.000000
459541.000000
274873.000000
358621.000000
410138.000000
458322.000000
431457.000000
506801.000000
523929.000000
508875.000000
444057.000000
533755.000000
374917.000000
520505.000000
203086.000000
274029.000000
332412.000000
66184.000000
440356.000000
290798.000000
371564.000000
389010.000000
189304.000000
253444.000000
158933.000000
325917.000000
219293.000000
471452.000000
352445.000000
204707.000000
433456.000000
312977.000000
538616.000000
494914.000000
81798.000000
489165.000000
534354.000000
261257.000000
469589.000000
208673.000000
410603.000000
324256.000000
449881.000000
541622.000000
274259.000000
468551.000000
460434.000000
158969.000000
421927.000000
403485.000000
300717.000000
263735.000000
151183.000000
412260.000000
285063.000000
351356.000000
530448.000000
467896.000000
161897.000000
447718.000000
410986.000000
162533.000000
313122.000000
325275.000000
199965.000000
512884.000000
350866.000000
394148.000000
460274.000000
332691.000000
308826.000000
487491.000000
435830.000000
252580.000000
517194.000000
305576.000000
516123.000000
237290.000000
202393.000000
482966.000000
136056.000000
490424.000000
268176.000000
305103.000000
485908.000000
401528.000000
376377.000000
386431.000000
399486.000000
366517.000000
70880.000000
278344.000000
292173.000000
321876.000000
310823.000000
299944.000000
494089.000000
267842.000000
209106.000000
277372.000000
230581.000000
372055.000000
328658.000000
394787.000000
156122.000000
119986.000000
421891.000000
217772.000000
486244.000000
180831.000000
465553.000000
563559.000000
443339.000000
314807.000000
372081.000000
433211.000000
409792.000000
473698.000000
547134.000000
275137.000000
432579.000000
438221.000000
424071.000000
424599.000000
345646.000000
183743.000000
491262.000000
482158.000000
507868.000000
193280.000000
407605.000000
370971.000000
393837.000000
153923.000000
256834.000000
395698.000000
278750.000000
109326.000000
103913.000000
504562.000000
330496.000000
239390.000000
258835.000000
349404.000000
240153.000000
391142.000000
510731.000000
342763.000000
184641.000000
484867.000000
154437.000000
175187.000000
481640.000000
122502.000000
341364.000000
267351.000000
266040.000000
85843.000000
470858.000000
368394.000000
436711.000000
433004.000000
437599.000000
515201.000000
285158.000000
449387.000000
337481.000000
533569.000000
323436.000000
541632.000000
352743.000000
442796.000000
401388.000000
321308.000000
253578.000000
346160.000000
468943.000000
399074.000000
314435.000000
515362.000000
94414.000000
407442.000000
524686.000000
450255.000000
324163.000000
473460.000000
389334.000000
205850.000000
496369.000000
203746.000000
507450.000000
248685.000000
206785.000000
317681.000000
351017.000000
443727.000000
387231.000000
293457.000000
283310.000000
389494.000000
425284.000000
167971.000000
395096.000000
214246.000000
292362.000000
283033.000000
502513.000000
252825.000000
362992.000000
239286.000000
92432.000000
465124.000000
465267.000000
113959.000000
176733.000000
303335.000000
507956.000000
226892.000000
512863.000000
304827.000000
248483.000000
418444.000000
358428.000000
287952.000000
357575.000000
103516.000000
543782.000000
487219.000000
400067.000000
448149.000000
536899.000000
236869.000000
474358.000000
331363.000000
297373.000000
412797.000000
400050.000000
294990.000000
259862.000000
379948.000000
182844.000000
439848.000000
384613.000000
264274.000000
479256.000000
460143.000000
262882.000000
453869.000000
142395.000000
399668.000000
581856.000000
495651.000000
334913.000000
507938.000000
540296.000000
458825.000000
442838.000000
351038.000000
234111.000000
436279.000000
360712.000000
385135.000000
361546.000000
412603.000000
425277.000000
273963.000000
480451.000000
435895.000000
125787.000000
496468.000000
552896.000000
164415.000000
508310.000000
421403.000000
573553.000000
300333.000000
462356.000000
435151.000000
411432.000000
547709.000000
469348.000000
217187.000000
347840.000000
280737.000000
431290.000000
366273.000000
472952.000000
556665.000000
327923.000000
311417.000000
324174.000000
374115.000000
272627.000000
460881.000000
387687.000000
350678.000000
437084.000000
341424.000000
465365.000000
120330.000000
403926.000000
411807.000000
346215.000000
440517.000000
462155.000000
299299.000000
308294.000000
363088.000000
263860.000000
296051.000000
470344.000000
121853.000000
64849.000000
484756.000000
271328.000000
368077.000000
537359.000000
353237.000000
164412.000000
254930.000000
255819.000000
280748.000000
405916.000000
190436.000000
289866.000000
448257.000000
463658.000000
382114.000000
401078.000000
312726.000000
307477.000000
386210.000000
536085.000000
468887.000000
417809.000000
417724.000000
337609.000000
468632.000000
448940.000000
364827.000000
490695.000000
173420.000000
252301.000000
442184.000000
230098.000000
477914.000000
122415.000000
564470.000000
321232.000000
326563.000000
522427.000000
152471.000000
480222.000000
229384.000000
355331.000000
477338.000000
329477.000000
104073.000000
535243.000000
486654.000000
480003.000000
161020.000000
264233.000000
386442.000000
484786.000000
532453.000000
471678.000000
377438.000000
496621.000000
161291.000000
273965.000000
324768.000000
84293.000000
320148.000000
315297.000000
335521.000000
368933.000000
513493.000000
488793.000000
514799.000000
467133.000000
441481.000000
257139.000000
330202.000000
319811.000000
179441.000000
75588.000000
515111.000000
479269.000000
448563.000000
510884.000000
505785.000000
522767.000000
515298.000000
487205.000000
218515.000000
350623.000000
284061.000000
337955.000000
322791.000000
367842.000000
305370.000000
181061.000000
161276.000000
189658.000000
427571.000000
422598.000000
534863.000000
174380.000000
293540.000000
320163.000000
444234.000000
106398.000000
271778.000000
448242.000000
518846.000000
533831.000000
401015.000000
464476.000000
430125.000000
375391.000000
496285.000000
448934.000000
509806.000000
278227.000000
580916.000000
267052.000000
529402.000000
240472.000000
401007.000000
303626.000000
430764.000000
367263.000000
221328.000000
276902.000000
400994.000000
265963.000000
416434.000000
272709.000000
285569.000000
296583.000000
343260.000000
426662.000000
427919.000000
542341.000000
338996.000000
330780.000000
198124.000000
382959.000000
284768.000000
286568.000000
313952.000000
315208.000000
249167.000000
278924.000000
537507.000000
499595.000000
299257.000000
466508.000000
410487.000000
346289.000000
272962.000000
473938.000000
314697.000000
345854.000000
228006.000000
484951.000000
268975.000000
87804.000000
279294.000000
380465.000000
519416.000000
228282.000000
469439.000000
259009.000000
308004.000000
553634.000000
571401.000000
272628.000000
433511.000000
516982.000000
507215.000000
507695.000000
204530.000000
355284.000000
230810.000000
244741.000000
365618.000000
225929.000000
301099.000000
271409.000000
216820.000000
234120.000000
338852.000000
467815.000000
328830.000000
428117.000000
451275.000000
513259.000000
393068.000000
366250.000000
504645.000000
413654.000000
302543.000000
309338.000000
97118.000000
151510.000000
407864.000000
542058.000000
521942.000000
489396.000000
430206.000000
236286.000000
487641.000000
568595.000000
433906.000000
432528.000000
488855.000000
351533.000000
548663.000000
456990.000000
411209.000000
336613.000000
406848.000000
454299.000000
400831.000000
399717.000000
269800.000000
380655.000000
150483.000000
501662.000000
394095.000000
260540.000000
200860.000000
470390.000000
465050.000000
325125.000000
397431.000000
483335.000000
241803.000000
461945.000000
384520.000000
515214.000000
452520.000000
450148.000000
95798.000000
299366.000000
448141.000000
497344.000000
475976.000000
325554.000000
287175.000000
464583.000000
166781.000000
521526.000000
481391.000000
493961.000000
379191.000000
258337.000000
436862.000000
454512.000000
442855.000000
340479.000000
482109.000000
461821.000000
69972.000000
314493.000000
426292.000000
467857.000000
371537.000000
540882.000000
371269.000000
473096.000000
180416.000000
390733.000000
187333.000000
426267.000000
404147.000000
128016.000000
290945.000000
557328.000000
512251.000000
306364.000000
486647.000000
325538.000000
387135.000000
430974.000000
470009.000000
163016.000000
544993.000000
450012.000000
366430.000000
332697.000000
322629.000000
322869.000000
389310.000000
333714.000000
298618.000000
430284.000000
377007.000000
472025.000000
333325.000000
277409.000000
263337.000000
511229.000000
526731.000000
299292.000000
565633.000000
520182.000000
148466.000000
451739.000000
396513.000000
385538.000000
463572.000000
402763.000000
477202.000000
115121.000000
539736.000000
251927.000000
420796.000000
156416.000000
364744.000000
475156.000000
569161.000000
485555.000000
322688.000000
478093.000000
481554.000000
491578.000000
418176.000000
193042.000000
559118.000000
506969.000000
145430.000000
357798.000000
511073.000000
396777.000000
545526.000000
501103.000000
246816.000000
336756.000000
557493.000000
311613.000000
226457.000000
319989.000000
212755.000000
129973.000000
429219.000000
458673.000000
480745.000000
408843.000000
194136.000000
444644.000000
502770.000000
481465.000000
430855.000000
545498.000000
390875.000000
270817.000000
432208.000000
238853.000000
432240.000000
271230.000000
401665.000000
288312.000000
360432.000000
390917.000000
533279.000000
428089.000000
360453.000000
254497.000000
308641.000000
490711.000000
381471.000000
278928.000000
436191.000000
505529.000000
217763.000000
387300.000000
346575.000000
438661.000000
471733.000000
480536.000000
477260.000000
467471.000000
408811.000000
420952.000000
485696.000000
404813.000000
256873.000000
486136.000000
283870.000000
510217.000000
437145.000000
465512.000000
489885.000000
279777.000000
452701.000000
458782.000000
497808.000000
450347.000000
336239.000000
435112.000000
183852.000000
463812.000000
434933.000000
539949.000000
82278.000000
521012.000000
267980.000000
473504.000000
432553.000000
533496.000000
415477.000000
496820.000000
500495.000000
493892.000000
405885.000000
222445.000000
330438.000000
460812.000000
195543.000000
270464.000000
337177.000000
458709.000000
258799.000000
356468.000000
295871.000000
468859.000000
316875.000000
193357.000000
436574.000000
271272.000000
407445.000000
483034.000000
467295.000000
271798.000000
463845.000000
533755.000000
322915.000000
521159.000000
358586.000000
178178.000000
505462.000000
249753.000000
473336.000000
557345.000000
472750.000000
402463.000000
203505.000000
387169.000000
452499.000000
451616.000000
223385.000000
427802.000000
