0.000000
0.000000
0.000000
0.000000
0.000000
0.000000
0.000000
0.000000
0.000000
0.000000
0.000000
0.000000
0.000000
0.000000
0.000000
0.000000
0.000000
0.000000
0.000000
0.000000
0.000000
0.000000
0.000000
0.000000
0.000000
0.000000
0.000000
0.000000
0.000000
0.000000
0.000000
0.000000
0.000000
0.000000
0.000000
0.000000
0.000000
0.000000
0.000000
0.000000
0.000000
0.000000
0.000000
0.000000
0.000000
0.000000
0.000000
0.000000
0.000000
0.000000
0.000000
0.000000
0.000000
0.000000
0.000000
0.000000
0.000000
0.000000
0.000000
0.000000
0.000000
0.000000
0.000000
0.000000
0.000000
0.000000
0.000000
0.000000
0.000000
0.000000
0.000000
0.000000
0.000000
0.000000
0.000000
0.000000
0.000000
0.000000
0.000000
0.000000
0.000000
0.000000
0.000000
0.000000
0.000000
0.000000
0.000000
0.000000
0.000000
0.000000
0.000000
0.000000
0.000000
0.000000
0.000000
0.000000
0.000000
0.000000
0.000000
0.000000
0.000000
0.000000
0.000000
0.000000
0.000000
0.000000
0.000000
0.000000
0.000000
0.000000
0.000000
0.000000
0.000000
0.000000
0.000000
0.000000
0.000000
0.000000
0.000000
0.000000
0.000000
0.000000
0.000000
0.000000
0.000000
0.000000
0.000000
0.000000
0.000000
0.000000
0.000000
0.000000
0.000000
0.000000
0.000000
0.000000
0.000000
0.000000
0.000000
0.000000
0.000000
0.000000
0.000000
0.000000
0.000000
0.000000
0.000000
0.000000
0.000000
0.000000
0.000000
0.000000
0.000000
0.000000
0.000000
0.000000
0.000000
0.000000
0.000000
0.000000
0.000000
0.000000
0.000000
0.000000
0.000000
0.000000
0.000000
0.000000
0.000000
0.000000
0.000000
0.000000
0.000000
0.000000
0.000000
0.000000
0.000000
0.000000
0.000000
0.000000
0.000000
0.000000
0.000000
0.000000
0.000000
0.000000
0.000000
0.000000
0.000000
0.000000
0.000000
0.000000
0.000000
0.000000
0.000000
0.000000
0.000000
0.000000
0.000000
0.000000
0.000000
0.000000
0.000000
0.000000
0.000000
0.000000
0.000000
0.000000
0.000000
0.000000
0.000000
0.000000
0.000000
0.000000
0.000000
0.000000
0.000000
0.000000
0.000000
0.000000
0.000000
0.000000
0.000000
0.000000
0.000000
0.000000
0.000000
0.000000
0.000000
0.000000
0.000000
0.000000
0.000000
0.000000
0.000000
0.000000
0.000000
0.000000
0.000000
0.000000
0.000000
0.000000
0.000000
0.000000
0.000000
0.000000
0.000000
0.000000
0.000000
0.000000
0.000000
0.000000
0.000000
0.000000
0.000000
0.000000
0.000000
0.000000
0.000000
0.000000
0.000000
0.000000
0.000000
0.000000
0.000000
0.000000
0.000000
0.000000
0.000000
0.000000
0.000000
0.000000
0.000000
0.000000
0.000000
0.000000
0.000000
0.000000
0.000000
0.000000
0.000000
0.000000
0.000000
0.000000
0.000000
0.000000
0.000000
0.000000
0.000000
0.000000
0.000000
0.000000
0.000000
0.000000
0.000000
0.000000
0.000000
0.000000
0.000000
0.000000
0.000000
0.000000
0.000000
0.000000
0.000000
0.000000
0.000000
0.000000
0.000000
0.000000
0.000000
0.000000
0.000000
0.000000
0.000000
0.000000
0.000000
0.000000
0.000000
0.000000
0.000000
0.000000
0.000000
0.000000
0.000000
0.000000
0.000000
0.000000
0.000000
0.000000
0.000000
0.000000
0.000000
0.000000
0.000000
0.000000
0.000000
0.000000
0.000000
0.000000
0.000000
0.000000
0.000000
0.000000
0.000000
0.000000
0.000000
0.000000
0.000000
0.000000
0.000000
0.000000
0.000000
0.000000
0.000000
0.000000
0.000000
0.000000
0.000000
0.000000
0.000000
0.000000
0.000000
0.000000
0.000000
0.000000
0.000000
0.000000
0.000000
0.000000
0.000000
0.000000
0.000000
0.000000
0.000000
0.000000
0.000000
0.000000
0.000000
0.000000
0.000000
0.000000
0.000000
0.000000
0.000000
0.000000
0.000000
0.000000
0.000000
0.000000
0.000000
0.000000
0.000000
0.000000
0.000000
0.000000
0.000000
0.000000
0.000000
0.000000
0.000000
0.000000
0.000000
0.000000
0.000000
0.000000
0.000000
0.000000
0.000000
0.000000
0.000000
0.000000
0.000000
0.000000
0.000000
0.000000
0.000000
0.000000
0.000000
0.000000
0.000000
0.000000
0.000000
0.000000
0.000000
0.000000
0.000000
0.000000
0.000000
0.000000
0.000000
0.000000
0.000000
0.000000
0.000000
0.000000
0.000000
0.000000
0.000000
0.000000
0.000000
0.000000
0.000000
0.000000
0.000000
0.000000
0.000000
0.000000
0.000000
0.000000
0.000000
0.000000
0.000000
0.000000
0.000000
0.000000
0.000000
0.000000
0.000000
0.000000
0.000000
0.000000
0.000000
0.000000
0.000000
0.000000
0.000000
0.000000
0.000000
0.000000
0.000000
0.000000
0.000000
0.000000
0.000000
0.000000
0.000000
0.000000
0.000000
0.000000
0.000000
0.000000
0.000000
0.000000
0.000000
0.000000
0.000000
0.000000
0.000000
0.000000
0.000000
0.000000
0.000000
0.000000
0.000000
0.000000
0.000000
0.000000
0.000000
0.000000
0.000000
0.000000
0.000000
0.000000
0.000000
0.000000
0.000000
0.000000
0.000000
0.000000
0.000000
0.000000
0.000000
0.000000
0.000000
0.000000
0.000000
0.000000
0.000000
0.000000
0.000000
0.000000
0.000000
0.000000
0.000000
0.000000
0.000000
0.000000
0.000000
0.000000
0.000000
0.000000
0.000000
0.000000
0.000000
0.000000
0.000000
0.000000
0.000000
0.000000
0.000000
0.000000
0.000000
0.000000
0.000000
0.000000
0.000000
0.000000
14262330.000000
1796049.000000
5334868.000000
419270.000000
4814717.000000
6645477.000000
587428.000000
590298.000000
402452.000000
319858.000000
512808.000000
92341.000000
6823083.000000
3198508.000000
2557790.000000
1198881.000000
1047326.000000
232377.000000
1144592.000000
5150082.000000
4549243.000000
293008.000000
5438239.000000
875904.000000
7900389.000000
7648312.000000
262064.000000
921021.000000
1174834.000000
6658666.000000
505150.000000
197949.000000
1915104.000000
450245.000000
533608.000000
234262.000000
6985600.000000
484894.000000
531923.000000
395524.000000
3305614.000000
7944069.000000
247805.000000
8747787.000000
330538.000000
728803.000000
305764.000000
387167.000000
958658.000000
548538.000000
1547338.000000
1069053.000000
398104.000000
3388239.000000
414763.000000
183418.000000
2655492.000000
3060130.000000
9424740.000000
3377221.000000
318958.000000
683096.000000
197489.000000
2645575.000000
5266698.000000
450211.000000
558444.000000
6143349.000000
192528.000000
9035776.000000
4200982.000000
1084829.000000
2673396.000000
1106883.000000
111243.000000
3671186.000000
1787922.000000
286591.000000
1435157.000000
9266869.000000
1075800.000000
6884579.000000
2333506.000000
799967.000000
616262.000000
806627.000000
3908538.000000
671617.000000
8623772.000000
5109228.000000
890956.000000
456891.000000
413075.000000
846436.000000
875291.000000
846953.000000
628161.000000
1067634.000000
624932.000000
2254157.000000
7145929.000000
145033.000000
5098714.000000
478443.000000
626528.000000
1036543.000000
2464475.000000
790354.000000
320698.000000
1908031.000000
388872.000000
3531455.000000
1380498.000000
447273.000000
6519788.000000
276419.000000
1005676.000000
472452.000000
4887530.000000
311572.000000
2904074.000000
3181316.000000
2536693.000000
50459.000000
2572139.000000
399979.000000
260359.000000
1250925.000000
1580790.000000
3048208.000000
2624637.000000
477283.000000
339298.000000
800351.000000
315963.000000
503936.000000
670124.000000
6998365.000000
8865184.000000
5396590.000000
1231997.000000
118436.000000
2254756.000000
198713.000000
227128.000000
662624.000000
4846035.000000
941883.000000
1370374.000000
770270.000000
8004556.000000
865949.000000
1627764.000000
5059039.000000
1262292.000000
546705.000000
197363.000000
1524705.000000
632590.000000
128106.000000
209751.000000
616256.000000
4816979.000000
880196.000000
8619907.000000
333114.000000
226681.000000
476916.000000
68701.000000
577355.000000
4752068.000000
4392814.000000
231867.000000
4661878.000000
309196.000000
5161105.000000
427657.000000
900866.000000
382440.000000
7192798.000000
4348350.000000
932207.000000
475471.000000
1695187.000000
731572.000000
499477.000000
6993700.000000
911426.000000
624585.000000
507502.000000
326823.000000
1242468.000000
355952.000000
516050.000000
7189896.000000
429793.000000
5700412.000000
4743102.000000
482085.000000
356704.000000
6060989.000000
466458.000000
425586.000000
820526.000000
1613683.000000
628316.000000
3887909.000000
4933495.000000
173963.000000
3675314.000000
387009.000000
3037327.000000
4075659.000000
1285658.000000
910322.000000
5297563.000000
653048.000000
495524.000000
5878570.000000
252896.000000
1876628.000000
3405880.000000
328401.000000
402832.000000
478088.000000
5873933.000000
753891.000000
419186.000000
596908.000000
494703.000000
1299249.000000
2508865.000000
307854.000000
1337883.000000
917278.000000
1487915.000000
7521254.000000
3332227.000000
7593073.000000
578173.000000
859348.000000
1470965.000000
6910841.000000
502829.000000
353861.000000
1117022.000000
6776654.000000
4874394.000000
6815000.000000
1018404.000000
726235.000000
656717.000000
178057.000000
499893.000000
1567703.000000
6796479.000000
7305063.000000
6485531.000000
439214.000000
4947612.000000
290286.000000
233411.000000
914626.000000
3169677.000000
1431227.000000
922558.000000
180507.000000
211652.000000
441991.000000
7379676.000000
368088.000000
360998.000000
326681.000000
483373.000000
600812.000000
8586175.000000
7440345.000000
861587.000000
200654.000000
373090.000000
342815.000000
293402.000000
6026855.000000
744798.000000
918320.000000
406595.000000
2046010.000000
8436294.000000
2811267.000000
533558.000000
4294084.000000
8333182.000000
6003448.000000
4294665.000000
4008725.000000
5486499.000000
669229.000000
1029437.000000
495934.000000
513971.000000
7313375.000000
87832.000000
1115055.000000
1194839.000000
5257474.000000
309593.000000
1036491.000000
608116.000000
168947.000000
197724.000000
4391784.000000
402358.000000
765139.000000
376530.000000
1455488.000000
1189390.000000
1000956.000000
3919429.000000
550648.000000
7757564.000000
335148.000000
797240.000000
463860.000000
285058.000000
2692851.000000
3200908.000000
3377688.000000
1989137.000000
1387510.000000
1864715.000000
5614195.000000
316902.000000
323134.000000
6637023.000000
545873.000000
732021.000000
703498.000000
370092.000000
976104.000000
4542843.000000
508456.000000
675622.000000
7644442.000000
297881.000000
529781.000000
450772.000000
832533.000000
676486.000000
3822079.000000
194205.000000
290163.000000
485563.000000
264483.000000
528522.000000
5490101.000000
478595.000000
139652.000000
4974019.000000
1751899.000000
641136.000000
481249.000000
1268310.000000
4399501.000000
297787.000000
743698.000000
477055.000000
465742.000000
4658671.000000
1597602.000000
2242882.000000
2560844.000000
6980243.000000
5529366.000000
606966.000000
7051676.000000
3808361.000000
3888311.000000
484825.000000
5481348.000000
374918.000000
6815308.000000
181733.000000
67088.000000
401942.000000
7758701.000000
2097018.000000
1310011.000000
357859.000000
603457.000000
7121297.000000
5713433.000000
120679.000000
3663616.000000
6372588.000000
441028.000000
341698.000000
2917837.000000
1261493.000000
384150.000000
109006.000000
3014301.000000
2277894.000000
6275939.000000
641603.000000
3539433.000000
1565307.000000
3053105.000000
3653782.000000
1332770.000000
8221578.000000
8038030.000000
8701277.000000
641809.000000
529523.000000
8015199.000000
1601251.000000
580964.000000
2145518.000000
755598.000000
1011667.000000
1169347.000000
465997.000000
983185.000000
1185431.000000
607677.000000
850215.000000
1035026.000000
662494.000000
699818.000000
472879.000000
953599.000000
67544.000000
505061.000000
537942.000000
429370.000000
302519.000000
545286.000000
544787.000000
8521057.000000
3580773.000000
510193.000000
261402.000000
2465972.000000
122784.000000
35160.000000
90102.000000
7725544.000000
308571.000000
4717393.000000
5965087.000000
451029.000000
460390.000000
2374689.000000
406866.000000
7896125.000000
1819680.000000
1956741.000000
4621883.000000
787528.000000
260787.000000
686803.000000
732990.000000
363006.000000
7434177.000000
859910.000000
296766.000000
477594.000000
571066.000000
523086.000000
6930579.000000
689170.000000
125255.000000
1443709.000000
643728.000000
353614.000000
317380.000000
5796386.000000
444487.000000
1177954.000000
4886188.000000
200529.000000
540381.000000
5839402.000000
488737.000000
524504.000000
142989.000000
42051.000000
259437.000000
3735429.000000
696155.000000
5048513.000000
411197.000000
392191.000000
4351097.000000
972084.000000
217132.000000
478129.000000
332656.000000
345048.000000
383997.000000
6858572.000000
297674.000000
4093246.000000
4997867.000000
194868.000000
1384356.000000
7583036.000000
435503.000000
4940492.000000
241224.000000
733305.000000
509766.000000
1398952.000000
1372387.000000
2119254.000000
206232.000000
5904442.000000
466190.000000
4270037.000000
547824.000000
551130.000000
1049896.000000
533813.000000
2984109.000000
766956.000000
2912014.000000
660222.000000
197874.000000
315614.000000
320449.000000
269568.000000
492445.000000
405875.000000
1843300.000000
7365404.000000
656969.000000
5777766.000000
962173.000000
2262329.000000
4297745.000000
8017034.000000
5581634.000000
3279728.000000
561638.000000
544100.000000
328269.000000
7328841.000000
5864492.000000
578252.000000
1222818.000000
356173.000000
3336075.000000
7999435.000000
358585.000000
4936934.000000
560102.000000
529325.000000
1318285.000000
294823.000000
1597020.000000
235830.000000
498688.000000
4489243.000000
5748953.000000
4991872.000000
715071.000000
151073.000000
422169.000000
527532.000000
6052324.000000
5371182.000000
6708060.000000
917429.000000
387101.000000
601398.000000
1131019.000000
6483559.000000
1216777.000000
4175103.000000
4266714.000000
5502299.000000
802370.000000
6310939.000000
640263.000000
2299503.000000
194452.000000
455747.000000
424736.000000
72634.000000
7533074.000000
313650.000000
752200.000000
555698.000000
194132.000000
256964.000000
207932.000000
528474.000000
281523.000000
1094838.000000
519400.000000
239541.000000
1674491.000000
495413.000000
1329825.000000
5118631.000000
79729.000000
4200927.000000
6452780.000000
304986.000000
1862858.000000
249327.000000
756424.000000
421415.000000
5453063.000000
8231647.000000
419560.000000
6811206.000000
7333010.000000
202930.000000
1431694.000000
3628961.000000
513675.000000
258215.000000
218196.000000
946372.000000
544115.000000
555248.000000
4866398.000000
4969693.000000
184544.000000
3721126.000000
1454916.000000
209056.000000
463520.000000
568414.000000
251991.000000
3596225.000000
1531263.000000
764378.000000
7824962.000000
598866.000000
369715.000000
3471536.000000
865012.000000
352700.000000
6928598.000000
471092.000000
7920473.000000
333080.000000
266921.000000
2779435.000000
142089.000000
6209233.000000
380670.000000
373381.000000
7445575.000000
1393463.000000
577212.000000
2722678.000000
738583.000000
779334.000000
77929.000000
361431.000000
346748.000000
414439.000000
459804.000000
511088.000000
7141797.000000
400176.000000
347256.000000
457942.000000
301489.000000
696460.000000
532170.000000
3058955.000000
242320.000000
129391.000000
840655.000000
327919.000000
2703121.000000
329232.000000
1024339.000000
4763555.000000
904688.000000
451304.000000
891609.000000
924285.000000
1361680.000000
1232107.000000
2478266.000000
382985.000000
3369694.000000
2395877.000000
2076990.000000
620260.000000
473730.000000
168195.000000
1152299.000000
6075851.000000
7675375.000000
217208.000000
995925.000000
706424.000000
1503256.000000
211128.000000
427629.000000
721127.000000
394312.000000
155797.000000
153077.000000
9371160.000000
448465.000000
373723.000000
291181.000000
598458.000000
372998.000000
629620.000000
1178537.000000
485746.000000
269975.000000
3901059.000000
210920.000000
193412.000000
5698022.000000
106259.000000
525689.000000
319728.000000
342218.000000
93737.000000
3990304.000000
890385.000000
1174438.000000
2220038.000000
2292703.000000
5984178.000000
394877.000000
7436606.000000
629502.000000
5617929.000000
573200.000000
5329997.000000
566275.000000
7140191.000000
3832957.000000
492173.000000
270650.000000
686847.000000
6796636.000000
821698.000000
468276.000000
5855415.000000
94585.000000
1057282.000000
8101948.000000
1267681.000000
546233.000000
2858078.000000
659638.000000
237895.000000
1812076.000000
252101.000000
4358474.000000
309173.000000
192758.000000
491578.000000
562489.000000
1616381.000000
595059.000000
433765.000000
390696.000000
739052.000000
7223443.000000
210309.000000
1681072.000000
249838.000000
532948.000000
380739.000000
7078757.000000
316146.000000
988649.000000
296269.000000
113978.000000
1945256.000000
7009475.000000
139471.000000
209194.000000
503107.000000
7843162.000000
292369.000000
3437251.000000
408676.000000
413670.000000
7921435.000000
749655.000000
501839.000000
558493.000000
121218.000000
4640827.000000
8132750.000000
935989.000000
9205382.000000
6213921.000000
306994.000000
4732823.000000
459946.000000
502898.000000
746657.000000
1021515.000000
470325.000000
366183.000000
771355.000000
247645.000000
7480195.000000
2122857.000000
399860.000000
3614910.000000
3543037.000000
381435.000000
997367.000000
180523.000000
663941.000000
5703952.000000
7102505.000000
500671.000000
4331904.000000
3178732.000000
6569618.000000
5125338.000000
501061.000000
435862.000000
7300813.000000
683106.000000
977539.000000
597666.000000
842131.000000
647824.000000
478350.000000
6781395.000000
845482.000000
127007.000000
6237714.000000
6202232.000000
139370.000000
6447551.000000
819080.000000
7670553.000000
431740.000000
4152120.000000
796782.000000
1853997.000000
7977699.000000
8021143.000000
277587.000000
542802.000000
450221.000000
6407158.000000
692271.000000
8965139.000000
8485634.000000
468237.000000
626903.000000
672653.000000
864084.000000
393686.000000
7965306.000000
631437.000000
556526.000000
748088.000000
535186.000000
1170477.000000
126305.000000
862233.000000
1480797.000000
525349.000000
1274960.000000
5309839.000000
518232.000000
477552.000000
616908.000000
276677.000000
492153.000000
1025211.000000
160584.000000
96874.000000
2655699.000000
531328.000000
489041.000000
5505146.000000
569577.000000
254617.000000
462634.000000
296226.000000
511475.000000
4598543.000000
209420.000000
387164.000000
1166343.000000
5922101.000000
570202.000000
1327301.000000
541496.000000
539221.000000
3105471.000000
7760641.000000
3643397.000000
2261813.000000
1101636.000000
625991.000000
5024877.000000
872565.000000
756111.000000
1642158.000000
230139.000000
369392.000000
8258453.000000
357584.000000
4731111.000000
163689.000000
8395587.000000
557508.000000
431170.000000
7136312.000000
206465.000000
883173.000000
212575.000000
552879.000000
5388288.000000
465906.000000
145708.000000
1843683.000000
8116029.000000
5890654.000000
179324.000000
514709.000000
694038.000000
1049186.000000
4163445.000000
6617551.000000
2519928.000000
4663475.000000
218664.000000
458503.000000
446586.000000
90706.000000
434721.000000
472636.000000
435826.000000
813770.000000
7306934.000000
5693731.000000
2496659.000000
6964888.000000
7113437.000000
356503.000000
483094.000000
424164.000000
185787.000000
76882.000000
7102901.000000
6430128.000000
3363915.000000
1250430.000000
8463420.000000
7718067.000000
1865464.000000
5825253.000000
261604.000000
761517.000000
405829.000000
456918.000000
547718.000000
566246.000000
423185.000000
246306.000000
178241.000000
307884.000000
2130993.000000
4317373.000000
8391449.000000
224826.000000
389628.000000
401044.000000
3257554.000000
122891.000000
304811.000000
4093471.000000
2086081.000000
1367662.000000
1395566.000000
3372979.000000
1406496.000000
1158234.000000
5767455.000000
1256961.000000
5343456.000000
447998.000000
8445597.000000
473678.000000
4009728.000000
328237.000000
1077692.000000
465062.000000
5873587.000000
700913.000000
313576.000000
412760.000000
1314194.000000
398375.000000
767909.000000
330042.000000
564785.000000
466282.000000
505892.000000
1290639.000000
5122352.000000
7313134.000000
435289.000000
581291.000000
258499.000000
884311.000000
353099.000000
521880.000000
536847.000000
463769.000000
386941.000000
383221.000000
1864902.000000
3085112.000000
459190.000000
4073707.000000
3264771.000000
488701.000000
507448.000000
1482672.000000
424708.000000
564002.000000
319700.000000
7224169.000000
365346.000000
129054.000000
508624.000000
865654.000000
4563104.000000
275303.000000
4234311.000000
359332.000000
511488.000000
5600190.000000
4999923.000000
493627.000000
1791945.000000
7840108.000000
1775844.000000
5892109.000000
315217.000000
816835.000000
267629.000000
325358.000000
611502.000000
275425.000000
403287.000000
409987.000000
300925.000000
272745.000000
569930.000000
5068307.000000
481915.000000
2062260.000000
2604226.000000
8525445.000000
617915.000000
894542.000000
2042297.000000
856122.000000
547762.000000
502748.000000
126504.000000
198334.000000
676099.000000
6460723.000000
3824162.000000
2002037.000000
3707247.000000
263879.000000
8043951.000000
5745072.000000
1504543.000000
1193851.000000
2600460.000000
638823.000000
7910260.000000
3534711.000000
896466.000000
676272.000000
4792404.000000
1414253.000000
1060049.000000
814503.000000
337375.000000
627190.000000
311086.000000
6868538.000000
7345306.000000
367598.000000
249144.000000
7945234.000000
1014146.000000
498700.000000
983061.000000
6633652.000000
258388.000000
748946.000000
976486.000000
3007948.000000
5756046.000000
1512160.000000
109609.000000
436308.000000
1316555.000000
4812505.000000
1382239.000000
610935.000000
337198.000000
6010032.000000
218462.000000
7486053.000000
1319981.000000
7178067.000000
819752.000000
309429.000000
687058.000000
6044159.000000
1445986.000000
542531.000000
1137178.000000
3011265.000000
109694.000000
479143.000000
5329685.000000
1249007.000000
527107.000000
8693979.000000
806614.000000
9818657.000000
237426.000000
592946.000000
256936.000000
774319.000000
628393.000000
161749.000000
431123.000000
5228217.000000
1932641.000000
497823.000000
6494065.000000
482892.000000
747786.000000
1046719.000000
1626196.000000
194452.000000
7817849.000000
1926299.000000
626830.000000
596465.000000
536885.000000
693120.000000
1086672.000000
473238.000000
523823.000000
3573742.000000
870997.000000
7619358.000000
559123.000000
378326.000000
384731.000000
8535250.000000
8144635.000000
458891.000000
2673008.000000
8880286.000000
191182.000000
1625251.000000
790516.000000
797020.000000
6018498.000000
724025.000000
1943813.000000
127147.000000
8212417.000000
329471.000000
1031692.000000
173850.000000
515379.000000
4875673.000000
7509622.000000
4750884.000000
418718.000000
2021897.000000
2170287.000000
4201663.000000
1001128.000000
308493.000000
6654929.000000
7686458.000000
113236.000000
713250.000000
9347116.000000
700692.000000
4722576.000000
5350001.000000
371804.000000
528585.000000
5875297.000000
441452.000000
277994.000000
485105.000000
358479.000000
154342.000000
930255.000000
5538185.000000
1659108.000000
1257665.000000
207552.000000
881193.000000
4514347.000000
3021984.000000
2162614.000000
2741190.000000
853172.000000
355522.000000
3862891.000000
272569.000000
1147400.000000
341246.000000
820520.000000
447430.000000
588447.000000
789888.000000
7302455.000000
1601113.000000
719258.000000
314976.000000
476666.000000
4778110.000000
716971.000000
467325.000000
844860.000000
2066963.000000
275527.000000
882352.000000
539069.000000
4931104.000000
1908872.000000
4914489.000000
8706105.000000
2645011.000000
5170341.000000
1753180.000000
7733914.000000
968053.000000
319116.000000
3666046.000000
442213.000000
2149073.000000
1201671.000000
6890247.000000
4633587.000000
438420.000000
6017135.000000
1370896.000000
4678298.000000
4584769.000000
602923.000000
1152757.000000
186420.000000
1014564.000000
8484714.000000
7451877.000000
87554.000000
1697827.000000
490020.000000
1821244.000000
1085205.000000
5831323.000000
1289804.000000
7615208.000000
4321352.000000
4553001.000000
753944.000000
233047.000000
499528.000000
972186.000000
257996.000000
376148.000000
475977.000000
3720544.000000
528757.000000
570369.000000
421041.000000
3228174.000000
574399.000000
238812.000000
1281259.000000
303420.000000
1031818.000000
7487641.000000
5254569.000000
468028.000000
1950670.000000
7699957.000000
611777.000000
3289883.000000
631384.000000
229469.000000
4774683.000000
278125.000000
7357458.000000
7492104.000000
8015892.000000
2420083.000000
258471.000000
978295.000000
2138371.000000
4119857.000000
211205.000000
5010188.000000
