0.000000
0.000000
0.000000
0.000000
0.000000
0.000000
0.000000
0.000000
0.000000
0.000000
0.000000
0.000000
0.000000
0.000000
0.000000
0.000000
0.000000
0.000000
0.000000
0.000000
0.000000
0.000000
0.000000
0.000000
0.000000
0.000000
0.000000
0.000000
0.000000
0.000000
0.000000
0.000000
0.000000
0.000000
0.000000
0.000000
0.000000
0.000000
0.000000
0.000000
0.000000
0.000000
0.000000
0.000000
0.000000
0.000000
0.000000
0.000000
0.000000
0.000000
0.000000
0.000000
0.000000
0.000000
0.000000
0.000000
0.000000
0.000000
0.000000
0.000000
0.000000
0.000000
0.000000
0.000000
0.000000
0.000000
0.000000
0.000000
0.000000
0.000000
0.000000
0.000000
0.000000
0.000000
0.000000
0.000000
0.000000
0.000000
0.000000
0.000000
0.000000
0.000000
0.000000
0.000000
0.000000
0.000000
0.000000
0.000000
0.000000
0.000000
0.000000
0.000000
0.000000
0.000000
0.000000
0.000000
0.000000
0.000000
0.000000
0.000000
0.000000
0.000000
0.000000
0.000000
0.000000
0.000000
0.000000
0.000000
0.000000
0.000000
0.000000
0.000000
0.000000
0.000000
0.000000
0.000000
0.000000
0.000000
0.000000
0.000000
0.000000
0.000000
0.000000
0.000000
0.000000
0.000000
0.000000
0.000000
0.000000
0.000000
0.000000
0.000000
0.000000
0.000000
0.000000
0.000000
0.000000
0.000000
0.000000
0.000000
0.000000
0.000000
0.000000
0.000000
0.000000
0.000000
0.000000
0.000000
0.000000
0.000000
0.000000
0.000000
0.000000
0.000000
0.000000
0.000000
0.000000
0.000000
0.000000
0.000000
0.000000
0.000000
0.000000
0.000000
0.000000
0.000000
0.000000
0.000000
0.000000
0.000000
0.000000
0.000000
0.000000
0.000000
0.000000
0.000000
0.000000
0.000000
0.000000
0.000000
0.000000
0.000000
0.000000
0.000000
0.000000
0.000000
0.000000
0.000000
0.000000
0.000000
0.000000
0.000000
0.000000
0.000000
0.000000
0.000000
0.000000
0.000000
0.000000
0.000000
0.000000
0.000000
0.000000
0.000000
0.000000
0.000000
0.000000
0.000000
0.000000
0.000000
0.000000
0.000000
0.000000
0.000000
0.000000
0.000000
0.000000
0.000000
0.000000
0.000000
0.000000
0.000000
0.000000
0.000000
0.000000
0.000000
0.000000
0.000000
0.000000
0.000000
0.000000
0.000000
0.000000
0.000000
0.000000
0.000000
0.000000
0.000000
0.000000
0.000000
0.000000
0.000000
0.000000
0.000000
0.000000
0.000000
0.000000
0.000000
0.000000
0.000000
0.000000
0.000000
0.000000
0.000000
0.000000
0.000000
0.000000
0.000000
0.000000
0.000000
0.000000
0.000000
0.000000
0.000000
0.000000
0.000000
0.000000
0.000000
0.000000
0.000000
0.000000
0.000000
0.000000
0.000000
0.000000
0.000000
0.000000
0.000000
0.000000
0.000000
0.000000
0.000000
0.000000
0.000000
0.000000
0.000000
0.000000
0.000000
0.000000
0.000000
0.000000
0.000000
0.000000
0.000000
0.000000
0.000000
0.000000
0.000000
0.000000
0.000000
0.000000
0.000000
0.000000
0.000000
0.000000
0.000000
0.000000
0.000000
0.000000
0.000000
0.000000
0.000000
0.000000
0.000000
0.000000
0.000000
0.000000
0.000000
0.000000
0.000000
0.000000
0.000000
0.000000
0.000000
0.000000
0.000000
0.000000
0.000000
0.000000
0.000000
0.000000
0.000000
0.000000
0.000000
0.000000
0.000000
0.000000
0.000000
0.000000
0.000000
0.000000
0.000000
0.000000
0.000000
0.000000
0.000000
0.000000
0.000000
0.000000
0.000000
0.000000
0.000000
0.000000
0.000000
0.000000
0.000000
0.000000
0.000000
0.000000
0.000000
0.000000
0.000000
0.000000
0.000000
0.000000
0.000000
0.000000
0.000000
0.000000
0.000000
0.000000
0.000000
0.000000
0.000000
0.000000
0.000000
0.000000
0.000000
0.000000
0.000000
0.000000
0.000000
0.000000
0.000000
0.000000
0.000000
0.000000
0.000000
0.000000
0.000000
0.000000
0.000000
0.000000
0.000000
0.000000
0.000000
0.000000
0.000000
0.000000
0.000000
0.000000
0.000000
0.000000
0.000000
0.000000
0.000000
0.000000
0.000000
0.000000
0.000000
0.000000
0.000000
0.000000
0.000000
0.000000
0.000000
0.000000
0.000000
0.000000
0.000000
0.000000
0.000000
0.000000
0.000000
0.000000
0.000000
0.000000
0.000000
0.000000
0.000000
0.000000
0.000000
0.000000
0.000000
0.000000
0.000000
0.000000
0.000000
0.000000
0.000000
0.000000
0.000000
0.000000
0.000000
0.000000
0.000000
0.000000
0.000000
0.000000
0.000000
0.000000
0.000000
0.000000
0.000000
0.000000
0.000000
0.000000
0.000000
0.000000
0.000000
0.000000
0.000000
0.000000
0.000000
0.000000
0.000000
0.000000
0.000000
0.000000
0.000000
0.000000
0.000000
0.000000
0.000000
0.000000
0.000000
0.000000
0.000000
0.000000
0.000000
0.000000
0.000000
0.000000
0.000000
0.000000
0.000000
0.000000
0.000000
0.000000
0.000000
0.000000
0.000000
0.000000
0.000000
0.000000
0.000000
0.000000
0.000000
0.000000
0.000000
0.000000
0.000000
0.000000
0.000000
0.000000
0.000000
0.000000
0.000000
0.000000
0.000000
0.000000
0.000000
0.000000
0.000000
0.000000
0.000000
0.000000
0.000000
0.000000
0.000000
0.000000
0.000000
0.000000
0.000000
0.000000
0.000000
0.000000
0.000000
0.000000
0.000000
0.000000
0.000000
0.000000
0.000000
0.000000
0.000000
0.000000
0.000000
0.000000
0.000000
0.000000
0.000000
0.000000
0.000000
0.000000
0.000000
0.000000
0.000000
0.000000
0.000000
0.000000
0.000000
0.000000
0.000000
0.000000
0.000000
0.000000
0.000000
0.000000
0.000000
0.000000
0.000000
0.000000
0.000000
1480325.000000
219075.000000
677201.000000
774398.000000
891342.000000
197886.000000
663193.000000
615415.000000
959865.000000
791141.000000
288912.000000
545150.000000
688058.000000
889312.000000
392884.000000
201788.000000
824111.000000
341866.000000
409652.000000
262142.000000
848250.000000
358202.000000
396180.000000
350349.000000
988189.000000
928299.000000
229988.000000
950482.000000
306997.000000
473701.000000
292479.000000
303957.000000
615307.000000
442570.000000
742669.000000
606347.000000
336360.000000
826351.000000
425764.000000
166708.000000
859168.000000
875528.000000
924246.000000
930125.000000
306704.000000
528043.000000
212905.000000
779626.000000
832250.000000
356412.000000
439984.000000
990833.000000
177949.000000
919431.000000
799482.000000
662966.000000
881700.000000
688216.000000
103402.000000
839108.000000
752573.000000
255570.000000
735413.000000
941782.000000
464561.000000
889514.000000
923902.000000
546237.000000
488817.000000
516889.000000
892172.000000
509465.000000
792615.000000
881288.000000
640737.000000
349003.000000
380224.000000
538820.000000
506431.000000
609866.000000
531049.000000
620700.000000
525257.000000
832614.000000
956871.000000
146896.000000
763063.000000
400654.000000
471153.000000
736897.000000
852503.000000
467174.000000
320228.000000
875371.000000
285580.000000
994150.000000
751115.000000
374938.000000
793498.000000
280015.000000
650452.000000
338382.000000
864386.000000
308146.000000
797605.000000
970429.000000
758449.000000
35911.000000
839133.000000
364818.000000
249033.000000
718835.000000
775710.000000
766550.000000
813652.000000
394894.000000
278339.000000
517526.000000
275235.000000
362460.000000
407862.000000
809356.000000
925855.000000
872321.000000
585270.000000
84796.000000
764401.000000
145910.000000
184560.000000
550281.000000
897597.000000
617370.000000
650874.000000
546724.000000
1033320.000000
546452.000000
760494.000000
954802.000000
711764.000000
395801.000000
197127.000000
752239.000000
486675.000000
130995.000000
194339.000000
469456.000000
877231.000000
658976.000000
1009637.000000
313508.000000
211203.000000
412554.000000
73576.000000
360332.000000
940111.000000
915185.000000
232089.000000
934539.000000
282552.000000
817288.000000
353490.000000
678518.000000
309193.000000
895100.000000
841820.000000
641955.000000
373045.000000
758825.000000
494926.000000
383980.000000
878401.000000
628330.000000
485064.000000
354341.000000
285710.000000
585902.000000
323159.000000
450056.000000
938304.000000
347525.000000
868412.000000
869605.000000
374208.000000
318647.000000
881692.000000
417608.000000
382447.000000
461540.000000
779916.000000
506502.000000
980015.000000
831773.000000
147905.000000
893595.000000
304213.000000
953466.000000
852330.000000
648329.000000
529848.000000
886059.000000
541011.000000
394174.000000
949665.000000
231678.000000
855184.000000
885195.000000
309433.000000
322256.000000
471488.000000
919474.000000
554507.000000
339119.000000
453405.000000
388604.000000
686249.000000
826622.000000
269415.000000
743692.000000
600466.000000
746017.000000
862388.000000
805234.000000
829281.000000
436163.000000
647543.000000
756133.000000
949706.000000
360366.000000
378235.000000
633749.000000
929954.000000
804841.000000
1050441.000000
648099.000000
550853.000000
536519.000000
150144.000000
379245.000000
800501.000000
887938.000000
906372.000000
895844.000000
393837.000000
865939.000000
260412.000000
240358.000000
557788.000000
741728.000000
764223.000000
638270.000000
165388.000000
181597.000000
319108.000000
906655.000000
204522.000000
340493.000000
338342.000000
379385.000000
525735.000000
847082.000000
772289.000000
649372.000000
190826.000000
304435.000000
275658.000000
244925.000000
879588.000000
587085.000000
595454.000000
305151.000000
766096.000000
1017510.000000
866747.000000
473536.000000
801525.000000
872989.000000
896990.000000
855459.000000
952925.000000
858269.000000
568388.000000
499598.000000
318553.000000
429954.000000
870453.000000
103456.000000
726911.000000
803142.000000
976241.000000
270387.000000
553572.000000
479242.000000
149366.000000
207744.000000
781601.000000
335783.000000
547165.000000
327850.000000
683589.000000
740003.000000
582617.000000
900898.000000
445042.000000
846497.000000
280611.000000
535320.000000
332824.000000
258301.000000
849432.000000
784609.000000
722508.000000
785898.000000
761752.000000
820790.000000
730679.000000
253660.000000
274817.000000
938131.000000
420145.000000
573628.000000
504064.000000
235055.000000
571369.000000
790574.000000
352481.000000
559398.000000
787770.000000
284583.000000
400614.000000
317152.000000
587403.000000
478840.000000
705634.000000
164871.000000
276507.000000
366566.000000
213876.000000
507494.000000
987921.000000
372138.000000
141747.000000
916762.000000
730028.000000
483516.000000
400865.000000
523426.000000
825648.000000
257410.000000
459017.000000
412502.000000
379279.000000
813424.000000
834679.000000
828918.000000
906205.000000
976015.000000
802629.000000
417315.000000
891056.000000
926807.000000
825263.000000
381317.000000
966893.000000
322610.000000
912717.000000
169338.000000
66391.000000
281796.000000
999042.000000
791821.000000
676953.000000
320224.000000
430341.000000
856372.000000
880741.000000
113246.000000
862408.000000
810903.000000
371479.000000
272509.000000
903099.000000
697293.000000
331649.000000
92053.000000
769712.000000
880339.000000
916704.000000
449753.000000
856384.000000
720877.000000
732383.000000
867183.000000
785953.000000
1038994.000000
834154.000000
824802.000000
417882.000000
437875.000000
848190.000000
725210.000000
413995.000000
855154.000000
576611.000000
654837.000000
717386.000000
335320.000000
638953.000000
711707.000000
491253.000000
616645.000000
642530.000000
517306.000000
464652.000000
389971.000000
572152.000000
66918.000000
418078.000000
412680.000000
373454.000000
287443.000000
346942.000000
355587.000000
935319.000000
834338.000000
409926.000000
215795.000000
682508.000000
188916.000000
36849.000000
93583.000000
826678.000000
213324.000000
910459.000000
1005421.000000
369755.000000
399185.000000
958816.000000
336065.000000
861779.000000
791533.000000
771351.000000
901245.000000
602522.000000
234981.000000
494193.000000
515467.000000
325496.000000
1001313.000000
569264.000000
291130.000000
483135.000000
489451.000000
411920.000000
908725.000000
506648.000000
118123.000000
791056.000000
497041.000000
328645.000000
245049.000000
892437.000000
356721.000000
638431.000000
809513.000000
169531.000000
378098.000000
1097021.000000
390078.000000
432702.000000
138355.000000
39777.000000
252552.000000
1082910.000000
562135.000000
938394.000000
343414.000000
331975.000000
861101.000000
602185.000000
241164.000000
377733.000000
298031.000000
326344.000000
248828.000000
1013375.000000
260430.000000
831708.000000
882286.000000
179168.000000
668807.000000
873501.000000
355443.000000
788428.000000
214684.000000
469694.000000
388739.000000
621769.000000
703733.000000
755170.000000
206515.000000
925125.000000
390171.000000
1007257.000000
482348.000000
412801.000000
568013.000000
505737.000000
804118.000000
514820.000000
836377.000000
439396.000000
171075.000000
286181.000000
270874.000000
242017.000000
409141.000000
346195.000000
745364.000000
787659.000000
478897.000000
892649.000000
593771.000000
696433.000000
923830.000000
886636.000000
893528.000000
984731.000000
410040.000000
450689.000000
283098.000000
930408.000000
1072136.000000
421151.000000
671008.000000
284746.000000
841165.000000
1003249.000000
307951.000000
935058.000000
418473.000000
379762.000000
735547.000000
262447.000000
790349.000000
211141.000000
441206.000000
888108.000000
830884.000000
912138.000000
450714.000000
150340.000000
358794.000000
386435.000000
826290.000000
833587.000000
808240.000000
602996.000000
330748.000000
513723.000000
700342.000000
870629.000000
662626.000000
944519.000000
960766.000000
887102.000000
539596.000000
900862.000000
551499.000000
873203.000000
180202.000000
343411.000000
389068.000000
77400.000000
1013418.000000
294896.000000
559001.000000
459394.000000
179448.000000
277808.000000
211489.000000
401567.000000
269028.000000
666727.000000
365117.000000
219625.000000
862782.000000
369976.000000
743326.000000
958700.000000
96591.000000
899868.000000
916981.000000
282334.000000
779850.000000
223727.000000
644024.000000
333091.000000
753892.000000
769580.000000
307606.000000
927766.000000
840371.000000
224932.000000
597100.000000
747285.000000
399029.000000
246302.000000
207962.000000
577813.000000
356316.000000
427374.000000
811954.000000
796166.000000
218901.000000
762432.000000
861196.000000
226895.000000
315272.000000
383509.000000
250039.000000
853151.000000
727371.000000
516727.000000
798902.000000
419964.000000
351211.000000
973585.000000
575261.000000
289638.000000
872162.000000
345351.000000
797426.000000
231612.000000
276058.000000
794612.000000
127036.000000
949690.000000
297373.000000
337717.000000
966646.000000
724400.000000
437771.000000
718653.000000
527238.000000
537300.000000
74539.000000
312769.000000
273872.000000
368984.000000
430462.000000
369493.000000
843040.000000
305445.000000
267259.000000
332064.000000
280570.000000
535757.000000
408668.000000
893085.000000
214203.000000
131205.000000
623151.000000
239435.000000
889539.000000
320283.000000
614299.000000
882583.000000
596342.000000
344601.000000
603783.000000
520771.000000
770531.000000
736238.000000
919153.000000
305077.000000
812871.000000
857012.000000
754087.000000
531652.000000
403857.000000
171499.000000
712090.000000
927804.000000
870663.000000
217734.000000
545247.000000
547774.000000
695641.000000
189600.000000
302876.000000
470868.000000
351148.000000
149973.000000
133047.000000
788172.000000
382464.000000
312222.000000
208701.000000
499023.000000
305374.000000
465594.000000
641676.000000
411013.000000
277727.000000
886625.000000
173012.000000
182951.000000
919971.000000
125535.000000
413638.000000
303262.000000
316516.000000
83975.000000
698564.000000
526476.000000
632695.000000
739992.000000
823235.000000
893467.000000
297312.000000
831372.000000
486756.000000
968172.000000
424385.000000
873074.000000
407634.000000
810844.000000
762479.000000
368027.000000
211955.000000
511628.000000
993032.000000
489396.000000
427244.000000
954835.000000
85949.000000
623417.000000
855205.000000
649300.000000
359908.000000
834081.000000
514955.000000
210839.000000
945833.000000
216837.000000
810233.000000
254830.000000
231276.000000
393645.000000
449102.000000
777187.000000
498424.000000
338954.000000
375141.000000
485025.000000
874564.000000
206391.000000
644412.000000
266914.000000
319070.000000
308644.000000
797312.000000
306663.000000
502516.000000
249132.000000
132805.000000
766473.000000
859403.000000
133302.000000
178363.000000
374838.000000
793441.000000
231769.000000
918211.000000
344829.000000
355559.000000
979302.000000
489968.000000
401541.000000
532521.000000
123349.000000
935146.000000
923528.000000
612753.000000
839021.000000
954529.000000
276814.000000
881925.000000
373455.000000
447833.000000
464827.000000
594574.000000
337229.000000
340862.000000
467224.000000
264950.000000
859834.000000
809673.000000
313379.000000
750281.000000
698762.000000
329927.000000
624338.000000
163293.000000
471827.000000
999094.000000
937999.000000
440680.000000
982171.000000
881893.000000
843121.000000
916430.000000
396757.000000
336709.000000
808800.000000
488384.000000
473544.000000
476545.000000
561845.000000
445326.000000
337556.000000
756866.000000
635976.000000
114696.000000
1014568.000000
878820.000000
170322.000000
1001199.000000
530867.000000
934748.000000
367388.000000
924307.000000
559687.000000
834952.000000
968065.000000
933187.000000
245527.000000
410193.000000
405771.000000
755730.000000
484339.000000
874574.000000
951401.000000
363784.000000
480343.000000
485030.000000
430306.000000
292586.000000
941213.000000
373921.000000
487879.000000
604290.000000
519682.000000
628733.000000
115100.000000
637151.000000
661293.000000
416561.000000
785213.000000
908356.000000
444924.000000
388847.000000
427250.000000
274960.000000
368021.000000
587819.000000
142500.000000
86625.000000
773812.000000
415114.000000
436288.000000
829714.000000
432690.000000
222603.000000
338729.000000
318733.000000
337838.000000
962673.000000
218551.000000
334142.000000
620459.000000
902725.000000
422156.000000
699842.000000
485079.000000
404603.000000
756346.000000
874729.000000
995130.000000
654610.000000
714415.000000
385469.000000
753123.000000
583017.000000
516689.000000
782766.000000
166935.000000
301647.000000
854574.000000
266305.000000
899843.000000
156192.000000
975947.000000
390029.000000
394599.000000
840581.000000
187113.000000
596088.000000
219319.000000
467486.000000
880308.000000
372039.000000
112303.000000
769326.000000
890844.000000
980762.000000
184221.000000
416581.000000
574978.000000
578722.000000
925980.000000
896067.000000
812704.000000
842871.000000
184581.000000
296021.000000
391422.000000
92523.000000
368639.000000
417061.000000
375845.000000
587885.000000
934706.000000
1037339.000000
880436.000000
842857.000000
832798.000000
329383.000000
390257.000000
331072.000000
179600.000000
76346.000000
884911.000000
956259.000000
790178.000000
722453.000000
879684.000000
978111.000000
902969.000000
887779.000000
228393.000000
524642.000000
331565.000000
389453.000000
439927.000000
430459.000000
322064.000000
239513.000000
192799.000000
281588.000000
725193.000000
738102.000000
871156.000000
201231.000000
373980.000000
351512.000000
934555.000000
114339.000000
264510.000000
939310.000000
828071.000000
754931.000000
705107.000000
698631.000000
743730.000000
540072.000000
1035687.000000
631827.000000
861262.000000
340925.000000
973783.000000
387538.000000
893293.000000
291366.000000
662989.000000
374269.000000
874691.000000
497443.000000
291480.000000
374131.000000
650818.000000
345377.000000
575852.000000
271516.000000
463878.000000
320215.000000
423015.000000
675671.000000
827269.000000
989864.000000
392062.000000
411296.000000
266413.000000
565737.000000
286947.000000
378377.000000
427998.000000
383151.000000
328356.000000
316995.000000
740700.000000
807367.000000
376498.000000
990987.000000
752286.000000
325473.000000
454303.000000
818842.000000
339511.000000
425633.000000
333997.000000
756736.000000
316119.000000
114669.000000
315610.000000
598245.000000
800040.000000
273011.000000
843740.000000
323154.000000
421764.000000
771176.000000
852157.000000
408380.000000
919597.000000
902949.000000
804477.000000
850068.000000
264546.000000
481258.000000
265147.000000
292352.000000
499528.000000
284777.000000
351908.000000
329064.000000
235385.000000
260864.000000
425719.000000
803453.000000
391553.000000
801844.000000
908762.000000
1003582.000000
476341.000000
579888.000000
816591.000000
588439.000000
424241.000000
357767.000000
120354.000000
136184.000000
469198.000000
873721.000000
791534.000000
768350.000000
903095.000000
307827.000000
901802.000000
987458.000000
684521.000000
666519.000000
919808.000000
508706.000000
920296.000000
740944.000000
597513.000000
452607.000000
854354.000000
781644.000000
661719.000000
579576.000000
333951.000000
447020.000000
234267.000000
863134.000000
852561.000000
302946.000000
225924.000000
818059.000000
546309.000000
392163.000000
554175.000000
871216.000000
242344.000000
516168.000000
512718.000000
953399.000000
845105.000000
755732.000000
94583.000000
348430.000000
705837.000000
934248.000000
767006.000000
479341.000000
321186.000000
860689.000000
171437.000000
848721.000000
718468.000000
886380.000000
593543.000000
260608.000000
524380.000000
830796.000000
716797.000000
400013.000000
724272.000000
873642.000000
99812.000000
361721.000000
865406.000000
697592.000000
412790.000000
978375.000000
552704.000000
987291.000000
200125.000000
475323.000000
182568.000000
528472.000000
527751.000000
167301.000000
360325.000000
787554.000000
769519.000000
424452.000000
992452.000000
405983.000000
566204.000000
616194.000000
694199.000000
209910.000000
820884.000000
762000.000000
482057.000000
399319.000000
478035.000000
382650.000000
498974.000000
461615.000000
359052.000000
867192.000000
536643.000000
826120.000000
412648.000000
346941.000000
355784.000000
942140.000000
817020.000000
369505.000000
962396.000000
863291.000000
162180.000000
780294.000000
533230.000000
503894.000000
805452.000000
501399.000000
719241.000000
122648.000000
1005519.000000
306315.000000
596704.000000
191395.000000
403631.000000
885451.000000
917585.000000
842034.000000
422974.000000
701956.000000
806436.000000
982484.000000
667510.000000
266202.000000
919639.000000
760092.000000
119077.000000
488153.000000
975942.000000
500279.000000
869172.000000
680301.000000
301839.000000
419269.000000
985357.000000
332176.000000
237786.000000
389239.000000
297314.000000
130382.000000
616435.000000
864593.000000
722911.000000
682446.000000
191540.000000
628301.000000
880685.000000
799869.000000
786382.000000
908809.000000
660971.000000
297414.000000
800985.000000
203754.000000
667467.000000
337434.000000
572434.000000
389154.000000
399259.000000
529018.000000
924625.000000
719612.000000
515375.000000
276907.000000
382707.000000
834704.000000
557166.000000
329988.000000
569026.000000
794569.000000
236154.000000
530542.000000
435543.000000
841721.000000
721911.000000
1042555.000000
970454.000000
881931.000000
707527.000000
877950.000000
787283.000000
618557.000000
287532.000000
853268.000000
441642.000000
858187.000000
614969.000000
885102.000000
884616.000000
345212.000000
973546.000000
703795.000000
873357.000000
884559.000000
483942.000000
712787.000000
174819.000000
566934.000000
989486.000000
949627.000000
88618.000000
740480.000000
316076.000000
794574.000000
636798.000000
919691.000000
642260.000000
976074.000000
838498.000000
759897.000000
546085.000000
248814.000000
370097.000000
639623.000000
208074.000000
319991.000000
477974.000000
905514.000000
422560.000000
419916.000000
354607.000000
873685.000000
504324.000000
226774.000000
651191.000000
285418.000000
550869.000000
773471.000000
703450.000000
320433.000000
819387.000000
1005773.000000
459610.000000
769505.000000
510606.000000
214425.000000
955009.000000
264982.000000
786267.000000
960234.000000
913724.000000
937878.000000
168558.000000
600356.000000
887960.000000
753829.000000
200377.000000
909809.000000
