0.000000
0.000000
0.000000
0.000000
0.000000
0.000000
0.000000
0.000000
0.000000
0.000000
0.000000
0.000000
0.000000
0.000000
0.000000
0.000000
0.000000
0.000000
0.000000
0.000000
0.000000
0.000000
0.000000
0.000000
0.000000
0.000000
0.000000
0.000000
0.000000
0.000000
0.000000
0.000000
0.000000
0.000000
0.000000
0.000000
0.000000
0.000000
0.000000
0.000000
0.000000
0.000000
0.000000
0.000000
0.000000
0.000000
0.000000
0.000000
0.000000
0.000000
0.000000
0.000000
0.000000
0.000000
0.000000
0.000000
0.000000
0.000000
0.000000
0.000000
0.000000
0.000000
0.000000
0.000000
0.000000
0.000000
0.000000
0.000000
0.000000
0.000000
0.000000
0.000000
0.000000
0.000000
0.000000
0.000000
0.000000
0.000000
0.000000
0.000000
0.000000
0.000000
0.000000
0.000000
0.000000
0.000000
0.000000
0.000000
0.000000
0.000000
0.000000
0.000000
0.000000
0.000000
0.000000
0.000000
0.000000
0.000000
0.000000
0.000000
0.000000
0.000000
0.000000
0.000000
0.000000
0.000000
0.000000
0.000000
0.000000
0.000000
0.000000
0.000000
0.000000
0.000000
0.000000
0.000000
0.000000
0.000000
0.000000
0.000000
0.000000
0.000000
0.000000
0.000000
0.000000
0.000000
0.000000
0.000000
0.000000
0.000000
0.000000
0.000000
0.000000
0.000000
0.000000
0.000000
0.000000
0.000000
0.000000
0.000000
0.000000
0.000000
0.000000
0.000000
0.000000
0.000000
0.000000
0.000000
0.000000
0.000000
0.000000
0.000000
0.000000
0.000000
0.000000
0.000000
0.000000
0.000000
0.000000
0.000000
0.000000
0.000000
0.000000
0.000000
0.000000
0.000000
0.000000
0.000000
0.000000
0.000000
0.000000
0.000000
0.000000
0.000000
0.000000
0.000000
0.000000
0.000000
0.000000
0.000000
0.000000
0.000000
0.000000
0.000000
0.000000
0.000000
0.000000
0.000000
0.000000
0.000000
0.000000
0.000000
0.000000
0.000000
0.000000
0.000000
0.000000
0.000000
0.000000
0.000000
0.000000
0.000000
0.000000
0.000000
0.000000
0.000000
0.000000
0.000000
0.000000
0.000000
0.000000
0.000000
0.000000
0.000000
0.000000
0.000000
0.000000
0.000000
0.000000
0.000000
0.000000
0.000000
0.000000
0.000000
0.000000
0.000000
0.000000
0.000000
0.000000
0.000000
0.000000
0.000000
0.000000
0.000000
0.000000
0.000000
0.000000
0.000000
0.000000
0.000000
0.000000
0.000000
0.000000
0.000000
0.000000
0.000000
0.000000
0.000000
0.000000
0.000000
0.000000
0.000000
0.000000
0.000000
0.000000
0.000000
0.000000
0.000000
0.000000
0.000000
0.000000
0.000000
0.000000
0.000000
0.000000
0.000000
0.000000
0.000000
0.000000
0.000000
0.000000
0.000000
0.000000
0.000000
0.000000
0.000000
0.000000
0.000000
0.000000
0.000000
0.000000
0.000000
0.000000
0.000000
0.000000
0.000000
0.000000
0.000000
0.000000
0.000000
0.000000
0.000000
0.000000
0.000000
0.000000
0.000000
0.000000
0.000000
0.000000
0.000000
0.000000
0.000000
0.000000
0.000000
0.000000
0.000000
0.000000
0.000000
0.000000
0.000000
0.000000
0.000000
0.000000
0.000000
0.000000
0.000000
0.000000
0.000000
0.000000
0.000000
0.000000
0.000000
0.000000
0.000000
0.000000
0.000000
0.000000
0.000000
0.000000
0.000000
0.000000
0.000000
0.000000
0.000000
0.000000
0.000000
0.000000
0.000000
0.000000
0.000000
0.000000
0.000000
0.000000
0.000000
0.000000
0.000000
0.000000
0.000000
0.000000
0.000000
0.000000
0.000000
0.000000
0.000000
0.000000
0.000000
0.000000
0.000000
0.000000
0.000000
0.000000
0.000000
0.000000
0.000000
0.000000
0.000000
0.000000
0.000000
0.000000
0.000000
0.000000
0.000000
0.000000
0.000000
0.000000
0.000000
0.000000
0.000000
0.000000
0.000000
0.000000
0.000000
0.000000
0.000000
0.000000
0.000000
0.000000
0.000000
0.000000
0.000000
0.000000
0.000000
0.000000
0.000000
0.000000
0.000000
0.000000
0.000000
0.000000
0.000000
0.000000
0.000000
0.000000
0.000000
0.000000
0.000000
0.000000
0.000000
0.000000
0.000000
0.000000
0.000000
0.000000
0.000000
0.000000
0.000000
0.000000
0.000000
0.000000
0.000000
0.000000
0.000000
0.000000
0.000000
0.000000
0.000000
0.000000
0.000000
0.000000
0.000000
0.000000
0.000000
0.000000
0.000000
0.000000
0.000000
0.000000
0.000000
0.000000
0.000000
0.000000
0.000000
0.000000
0.000000
0.000000
0.000000
0.000000
0.000000
0.000000
0.000000
0.000000
0.000000
0.000000
0.000000
0.000000
0.000000
0.000000
0.000000
0.000000
0.000000
0.000000
0.000000
0.000000
0.000000
0.000000
0.000000
0.000000
0.000000
0.000000
0.000000
0.000000
0.000000
0.000000
0.000000
0.000000
0.000000
0.000000
0.000000
0.000000
0.000000
0.000000
0.000000
0.000000
0.000000
0.000000
0.000000
0.000000
0.000000
0.000000
0.000000
0.000000
0.000000
0.000000
0.000000
0.000000
0.000000
0.000000
0.000000
0.000000
0.000000
0.000000
0.000000
0.000000
0.000000
0.000000
0.000000
0.000000
0.000000
0.000000
0.000000
0.000000
0.000000
0.000000
0.000000
0.000000
0.000000
0.000000
0.000000
0.000000
0.000000
0.000000
0.000000
0.000000
0.000000
0.000000
0.000000
0.000000
0.000000
0.000000
0.000000
0.000000
0.000000
0.000000
0.000000
0.000000
0.000000
0.000000
0.000000
0.000000
0.000000
0.000000
0.000000
0.000000
0.000000
0.000000
0.000000
0.000000
0.000000
0.000000
0.000000
0.000000
0.000000
0.000000
0.000000
0.000000
0.000000
0.000000
0.000000
0.000000
0.000000
0.000000
0.000000
0.000000
0.000000
0.000000
0.000000
0.000000
0.000000
0.000000
0.000000
0.000000
0.000000
0.000000
0.000000
0.000000
0.000000
0.000000
0.000000
0.000000
354380.000000
159973.000000
135192.000000
175902.000000
162887.000000
199535.000000
211055.000000
195081.000000
168479.000000
212141.000000
240475.000000
147079.000000
219407.000000
172719.000000
204714.000000
163447.000000
141872.000000
223280.000000
128547.000000
166035.000000
202314.000000
159406.000000
209512.000000
190069.000000
123008.000000
222257.000000
235826.000000
247639.000000
243621.000000
166622.000000
197116.000000
137034.000000
220433.000000
236586.000000
223915.000000
189630.000000
186323.000000
139247.000000
224945.000000
189450.000000
188426.000000
194111.000000
183144.000000
67155.000000
220736.000000
250361.000000
153024.000000
147876.000000
244407.000000
197794.000000
249342.000000
219164.000000
161401.000000
167275.000000
167761.000000
189828.000000
155022.000000
275299.000000
202768.000000
159241.000000
194997.000000
182264.000000
203869.000000
235218.000000
167927.000000
151961.000000
184717.000000
193086.000000
212178.000000
258282.000000
111045.000000
251465.000000
184709.000000
209061.000000
214515.000000
213133.000000
213518.000000
157389.000000
169349.000000
186269.000000
226474.000000
214141.000000
143289.000000
234253.000000
113025.000000
209602.000000
172387.000000
222633.000000
164814.000000
213506.000000
201123.000000
248739.000000
29915.000000
234237.000000
131674.000000
138858.000000
214056.000000
135750.000000
208249.000000
195639.000000
165334.000000
177588.000000
193606.000000
174657.000000
173890.000000
161670.000000
247469.000000
235567.000000
193623.000000
156382.000000
51882.000000
218399.000000
116010.000000
118463.000000
204089.000000
214029.000000
198585.000000
197720.000000
191480.000000
204549.000000
200514.000000
217243.000000
244493.000000
251477.000000
194992.000000
142990.000000
214204.000000
191137.000000
68324.000000
103558.000000
99310.000000
213975.000000
221127.000000
236549.000000
172097.000000
133797.000000
141250.000000
63969.000000
215115.000000
199551.000000
146168.000000
122278.000000
212323.000000
130163.000000
229652.000000
123769.000000
173425.000000
160365.000000
205453.000000
160264.000000
201438.000000
152982.000000
224254.000000
161655.000000
205889.000000
222270.000000
175674.000000
194659.000000
192306.000000
148608.000000
208117.000000
149169.000000
174386.000000
205659.000000
159445.000000
231362.000000
274162.000000
184562.000000
149106.000000
250206.000000
212989.000000
192775.000000
213979.000000
216699.000000
181568.000000
246973.000000
193661.000000
84189.000000
174142.000000
196356.000000
205416.000000
241929.000000
260384.000000
190633.000000
204916.000000
177451.000000
233668.000000
224320.000000
151241.000000
188548.000000
230092.000000
171843.000000
102148.000000
189799.000000
204900.000000
230484.000000
175135.000000
167345.000000
185032.000000
232821.000000
174979.000000
169185.000000
170817.000000
187267.000000
217357.000000
221962.000000
244922.000000
205649.000000
159610.000000
165806.000000
252047.000000
231510.000000
190380.000000
190210.000000
220901.000000
229445.000000
226667.000000
217923.000000
205899.000000
201480.000000
214436.000000
98496.000000
173037.000000
182124.000000
220090.000000
227563.000000
220693.000000
182305.000000
196871.000000
131141.000000
84665.000000
231144.000000
173844.000000
180145.000000
224177.000000
88576.000000
124682.000000
181880.000000
245600.000000
164655.000000
146563.000000
152164.000000
174416.000000
124711.000000
236996.000000
226166.000000
188008.000000
116951.000000
147838.000000
148319.000000
147539.000000
246217.000000
189565.000000
198392.000000
188878.000000
191405.000000
218839.000000
224077.000000
118803.000000
258980.000000
257629.000000
239003.000000
222147.000000
182075.000000
245264.000000
202729.000000
185339.000000
207597.000000
166770.000000
183415.000000
61377.000000
175793.000000
224951.000000
232647.000000
171603.000000
253396.000000
179460.000000
99067.000000
73188.000000
237251.000000
195543.000000
170626.000000
161184.000000
209746.000000
190187.000000
121151.000000
216268.000000
189011.000000
252970.000000
157046.000000
218941.000000
180178.000000
157004.000000
205668.000000
233745.000000
229731.000000
246772.000000
227832.000000
204865.000000
220326.000000
144156.000000
193767.000000
169247.000000
147267.000000
121362.000000
199246.000000
188654.000000
214265.000000
226687.000000
152530.000000
228459.000000
238589.000000
146706.000000
155704.000000
173632.000000
203455.000000
190437.000000
232842.000000
129018.000000
132757.000000
221475.000000
154052.000000
180560.000000
191262.000000
202376.000000
117004.000000
241965.000000
129554.000000
172189.000000
206823.000000
213738.000000
213607.000000
132476.000000
231555.000000
174416.000000
174407.000000
225292.000000
171840.000000
117971.000000
246981.000000
255671.000000
188293.000000
216687.000000
200105.000000
246364.000000
212065.000000
159902.000000
188821.000000
166327.000000
232170.000000
109325.000000
44963.000000
137565.000000
221509.000000
160803.000000
181771.000000
180623.000000
196145.000000
193544.000000
189007.000000
80907.000000
266917.000000
174878.000000
177915.000000
134445.000000
199528.000000
204590.000000
127358.000000
56899.000000
179880.000000
214659.000000
180948.000000
220786.000000
200703.000000
214032.000000
105228.000000
186078.000000
223263.000000
222206.000000
202608.000000
250387.000000
209048.000000
186268.000000
190147.000000
197404.000000
201397.000000
189581.000000
194789.000000
191756.000000
145477.000000
136719.000000
231247.000000
223741.000000
135852.000000
193779.000000
136303.000000
211277.000000
181978.000000
191394.000000
191569.000000
49963.000000
174390.000000
186438.000000
177972.000000
171033.000000
167403.000000
219814.000000
235533.000000
200243.000000
172394.000000
154084.000000
213157.000000
126782.000000
21804.000000
65143.000000
246380.000000
109634.000000
212760.000000
175017.000000
183297.000000
212283.000000
172492.000000
161471.000000
236476.000000
219564.000000
196028.000000
181929.000000
191613.000000
132838.000000
189969.000000
157184.000000
102364.000000
240617.000000
175978.000000
157445.000000
160847.000000
163840.000000
191738.000000
190817.000000
190417.000000
84710.000000
212900.000000
166612.000000
125195.000000
136207.000000
236721.000000
198543.000000
242307.000000
215096.000000
89045.000000
170497.000000
202489.000000
135244.000000
139823.000000
95125.000000
27978.000000
156508.000000
204516.000000
168885.000000
220915.000000
163279.000000
196916.000000
225460.000000
176516.000000
143472.000000
190251.000000
163218.000000
177724.000000
127087.000000
215484.000000
164494.000000
245015.000000
270522.000000
121457.000000
199233.000000
192037.000000
180209.000000
206778.000000
142782.000000
200219.000000
223228.000000
211181.000000
149576.000000
160507.000000
120863.000000
247894.000000
150884.000000
229744.000000
209625.000000
108666.000000
236943.000000
142351.000000
230441.000000
219695.000000
144661.000000
195223.000000
118918.000000
120370.000000
154218.000000
150113.000000
194980.000000
237758.000000
171695.000000
250796.000000
197013.000000
205285.000000
223910.000000
248348.000000
208165.000000
258707.000000
214719.000000
215626.000000
192272.000000
171811.000000
157856.000000
230745.000000
267246.000000
160212.000000
192056.000000
161070.000000
202947.000000
202930.000000
201245.000000
195585.000000
169979.000000
174945.000000
161992.000000
125663.000000
226778.000000
140705.000000
181746.000000
204728.000000
226296.000000
213449.000000
231621.000000
70223.000000
175765.000000
173159.000000
218462.000000
238373.000000
210955.000000
218749.000000
184843.000000
155852.000000
160725.000000
266566.000000
206324.000000
220063.000000
217920.000000
210432.000000
197777.000000
218117.000000
185907.000000
209228.000000
139238.000000
156808.000000
188474.000000
52392.000000
245214.000000
184370.000000
145625.000000
240158.000000
92052.000000
172101.000000
148175.000000
181736.000000
144736.000000
196267.000000
140800.000000
156278.000000
158979.000000
162810.000000
231039.000000
160326.000000
62540.000000
190848.000000
215973.000000
166227.000000
209207.000000
123783.000000
195364.000000
154840.000000
217416.000000
247412.000000
132363.000000
185685.000000
228236.000000
131894.000000
236416.000000
211603.000000
184297.000000
113236.000000
134812.000000
170975.000000
208097.000000
159052.000000
209192.000000
184016.000000
113424.000000
216493.000000
152985.000000
141288.000000
213779.000000
213360.000000
133216.000000
197688.000000
161984.000000
130625.000000
260317.000000
150471.000000
176799.000000
219404.000000
205843.000000
137101.000000
207947.000000
166529.000000
233584.000000
190729.000000
157286.000000
221048.000000
98140.000000
198581.000000
120245.000000
164551.000000
227614.000000
207568.000000
166810.000000
217549.000000
183904.000000
183968.000000
45562.000000
176487.000000
158446.000000
155886.000000
201145.000000
164156.000000
215470.000000
179769.000000
172202.000000
188760.000000
163472.000000
153328.000000
179519.000000
171322.000000
124931.000000
88865.000000
184259.000000
130223.000000
215290.000000
176245.000000
193326.000000
248593.000000
145828.000000
178944.000000
202613.000000
199796.000000
131982.000000
195654.000000
187212.000000
156099.000000
239826.000000
248303.000000
238181.000000
170320.000000
201888.000000
99111.000000
197506.000000
196183.000000
218965.000000
114698.000000
248777.000000
155446.000000
124989.000000
121499.000000
157505.000000
188741.000000
171240.000000
95988.000000
89675.000000
268294.000000
185507.000000
134486.000000
144803.000000
181957.000000
165017.000000
219608.000000
207817.000000
214980.000000
149710.000000
233308.000000
114027.000000
134950.000000
184557.000000
87231.000000
200405.000000
182356.000000
164263.000000
63298.000000
246359.000000
240544.000000
189986.000000
231900.000000
232513.000000
211449.000000
230483.000000
220887.000000
190714.000000
212846.000000
232182.000000
179035.000000
196375.000000
248534.000000
283924.000000
184219.000000
136585.000000
148102.000000
220622.000000
197320.000000
158835.000000
216385.000000
74597.000000
197984.000000
215566.000000
230721.000000
157096.000000
119062.000000
202054.000000
131844.000000
246954.000000
125705.000000
220259.000000
171793.000000
103225.000000
192459.000000
204207.000000
195530.000000
177840.000000
167373.000000
184152.000000
150195.000000
254241.000000
107691.000000
207143.000000
168859.000000
164121.000000
160290.000000
276221.000000
150654.000000
191843.000000
165593.000000
88903.000000
214121.000000
216462.000000
76910.000000
127164.000000
204124.000000
249177.000000
111274.000000
209106.000000
181986.000000
136467.000000
230732.000000
178927.000000
157047.000000
175061.000000
82314.000000
183076.000000
233157.000000
191852.000000
226245.000000
228721.000000
170759.000000
221240.000000
163927.000000
153534.000000
180751.000000
202431.000000
176448.000000
154154.000000
204435.000000
109256.000000
220436.000000
238658.000000
153038.000000
264197.000000
175803.000000
162554.000000
208193.000000
82600.000000
210925.000000
225645.000000
258071.000000
168128.000000
211895.000000
229271.000000
233407.000000
238167.000000
180623.000000
129038.000000
239952.000000
161341.000000
239187.000000
166091.000000
179748.000000
227714.000000
199723.000000
219018.000000
192736.000000
61523.000000
246676.000000
228964.000000
122507.000000
258321.000000
200540.000000
243466.000000
158403.000000
243026.000000
210978.000000
152503.000000
222333.000000
213981.000000
158371.000000
183784.000000
129004.000000
218579.000000
198500.000000
233804.000000
205560.000000
210603.000000
139419.000000
168689.000000
180420.000000
175625.000000
239019.000000
194516.000000
157252.000000
202941.000000
168154.000000
227244.000000
88860.000000
166813.000000
212550.000000
170149.000000
213689.000000
228378.000000
160933.000000
189834.000000
207140.000000
105708.000000
197178.000000
229137.000000
95093.000000
45786.000000
221920.000000
129634.000000
183481.000000
197486.000000
164764.000000
101269.000000
181679.000000
150942.000000
172687.000000
175866.000000
150020.000000
151378.000000
200512.000000
163232.000000
206443.000000
149753.000000
136577.000000
160511.000000
183459.000000
209154.000000
239211.000000
229878.000000
212381.000000
159287.000000
225317.000000
223267.000000
209802.000000
197359.000000
95223.000000
152479.000000
177505.000000
173466.000000
226993.000000
87683.000000
238917.000000
175867.000000
160959.000000
197444.000000
104034.000000
196681.000000
146720.000000
194924.000000
236121.000000
182363.000000
96446.000000
212544.000000
196409.000000
202850.000000
138512.000000
121133.000000
203340.000000
221943.000000
241678.000000
184939.000000
129546.000000
220410.000000
132388.000000
161186.000000
172935.000000
66395.000000
201445.000000
122514.000000
174844.000000
183480.000000
247147.000000
217402.000000
180524.000000
227379.000000
196286.000000
159800.000000
215055.000000
189703.000000
124941.000000
57634.000000
223775.000000
186094.000000
229646.000000
185873.000000
212538.000000
236705.000000
227177.000000
225300.000000
158587.000000
196832.000000
174042.000000
207162.000000
164030.000000
213307.000000
233678.000000
159170.000000
131131.000000
140899.000000
204508.000000
246436.000000
210673.000000
94671.000000
172513.000000
185830.000000
223656.000000
78414.000000
161526.000000
206404.000000
224241.000000
229504.000000
191747.000000
257874.000000
204897.000000
183104.000000
212053.000000
215879.000000
211274.000000
195834.000000
215201.000000
114911.000000
210388.000000
155511.000000
231883.000000
199097.000000
178248.000000
168430.000000
153090.000000
171710.000000
108328.000000
179525.000000
201427.000000
182470.000000
124954.000000
166392.000000
197342.000000
173065.000000
226166.000000
236514.000000
157873.000000
141583.000000
130694.000000
157241.000000
152411.000000
130112.000000
132361.000000
170986.000000
152791.000000
186729.000000
227429.000000
181043.000000
210586.000000
242202.000000
161186.000000
175178.000000
115670.000000
178265.000000
214601.000000
224007.000000
169338.000000
237494.000000
148055.000000
88343.000000
184888.000000
191675.000000
227355.000000
134761.000000
219424.000000
163536.000000
196999.000000
188931.000000
205706.000000
164926.000000
192053.000000
227991.000000
213055.000000
204453.000000
137794.000000
200278.000000
117179.000000
139733.000000
202238.000000
137503.000000
163568.000000
145792.000000
132121.000000
150331.000000
179739.000000
232759.000000
161047.000000
211729.000000
201961.000000
233516.000000
214912.000000
150196.000000
187346.000000
237975.000000
123019.000000
217563.000000
72818.000000
98766.000000
199786.000000
228725.000000
203153.000000
149254.000000
187215.000000
178982.000000
230798.000000
236295.000000
176639.000000
191758.000000
192615.000000
157018.000000
198520.000000
212126.000000
198118.000000
142995.000000
243167.000000
203103.000000
173537.000000
155366.000000
140708.000000
189217.000000
72833.000000
260490.000000
207500.000000
123009.000000
105078.000000
208911.000000
205244.000000
188439.000000
163168.000000
181375.000000
156371.000000
193637.000000
215522.000000
215022.000000
202513.000000
201682.000000
73969.000000
200456.000000
219138.000000
214124.000000
198814.000000
185277.000000
147391.000000
221090.000000
108656.000000
168797.000000
176770.000000
261364.000000
165541.000000
158637.000000
199820.000000
259977.000000
232547.000000
187315.000000
209175.000000
202401.000000
46163.000000
207435.000000
216909.000000
221941.000000
177205.000000
204937.000000
215785.000000
251215.000000
94979.000000
153837.000000
122117.000000
173814.000000
177335.000000
98558.000000
100102.000000
183248.000000
222389.000000
182668.000000
203580.000000
181280.000000
182696.000000
144962.000000
186275.000000
131531.000000
199516.000000
215161.000000
219311.000000
180077.000000
186029.000000
178617.000000
205385.000000
179718.000000
171688.000000
233531.000000
241130.000000
173019.000000
213689.000000
147243.000000
130021.000000
254646.000000
225384.000000
176341.000000
211935.000000
246682.000000
101626.000000
242895.000000
206144.000000
242242.000000
219835.000000
205092.000000
191888.000000
100060.000000
232210.000000
161602.000000
187595.000000
92172.000000
228448.000000
224557.000000
214464.000000
205402.000000
156311.000000
236827.000000
206076.000000
204871.000000
201113.000000
140265.000000
217610.000000
237329.000000
94459.000000
194679.000000
236104.000000
199349.000000
202330.000000
219710.000000
171015.000000
213037.000000
221507.000000
161882.000000
141809.000000
195552.000000
169615.000000
107018.000000
217396.000000
251312.000000
204578.000000
208687.000000
95751.000000
181783.000000
207229.000000
229911.000000
227181.000000
257599.000000
159348.000000
148737.000000
171427.000000
141582.000000
206573.000000
166251.000000
164723.000000
118507.000000
185081.000000
200250.000000
241023.000000
192478.000000
143582.000000
128029.000000
198441.000000
148586.000000
152967.000000
172703.000000
157490.000000
208490.000000
105992.000000
144133.000000
185906.000000
195209.000000
193731.000000
253146.000000
176746.000000
181639.000000
179918.000000
176565.000000
212755.000000
133994.000000
160105.000000
215242.000000
181350.000000
192948.000000
283672.000000
255335.000000
229299.000000
187145.000000
239259.000000
224808.000000
219997.000000
203626.000000
176517.000000
221475.000000
97977.000000
189581.000000
224397.000000
199485.000000
72623.000000
228746.000000
170163.000000
203146.000000
203647.000000
259193.000000
154381.000000
210702.000000
220083.000000
241518.000000
193271.000000
124997.000000
173750.000000
262145.000000
152329.000000
174066.000000
180597.000000
180649.000000
144013.000000
155235.000000
146788.000000
214129.000000
173903.000000
99427.000000
258229.000000
167820.000000
197005.000000
228148.000000
218060.000000
190686.000000
171278.000000
219205.000000
184914.000000
226280.000000
216978.000000
146438.000000
224650.000000
153081.000000
230115.000000
234798.000000
260463.000000
158193.000000
104642.000000
218772.000000
232632.000000
240184.000000
125730.000000
207019.000000
