0.000000
0.000000
0.000000
0.000000
0.000000
0.000000
0.000000
0.000000
0.000000
0.000000
0.000000
0.000000
0.000000
0.000000
0.000000
0.000000
0.000000
0.000000
0.000000
0.000000
0.000000
0.000000
0.000000
0.000000
0.000000
0.000000
0.000000
0.000000
0.000000
0.000000
0.000000
0.000000
0.000000
0.000000
0.000000
0.000000
0.000000
0.000000
0.000000
0.000000
0.000000
0.000000
0.000000
0.000000
0.000000
0.000000
0.000000
0.000000
0.000000
0.000000
0.000000
0.000000
0.000000
0.000000
0.000000
0.000000
0.000000
0.000000
0.000000
0.000000
0.000000
0.000000
0.000000
0.000000
0.000000
0.000000
0.000000
0.000000
0.000000
0.000000
0.000000
0.000000
0.000000
0.000000
0.000000
0.000000
0.000000
0.000000
0.000000
0.000000
0.000000
0.000000
0.000000
0.000000
0.000000
0.000000
0.000000
0.000000
0.000000
0.000000
0.000000
0.000000
0.000000
0.000000
0.000000
0.000000
0.000000
0.000000
0.000000
0.000000
0.000000
0.000000
0.000000
0.000000
0.000000
0.000000
0.000000
0.000000
0.000000
0.000000
0.000000
0.000000
0.000000
0.000000
0.000000
0.000000
0.000000
0.000000
0.000000
0.000000
0.000000
0.000000
0.000000
0.000000
0.000000
0.000000
0.000000
0.000000
0.000000
0.000000
0.000000
0.000000
0.000000
0.000000
0.000000
0.000000
0.000000
0.000000
0.000000
0.000000
0.000000
0.000000
0.000000
0.000000
0.000000
0.000000
0.000000
0.000000
0.000000
0.000000
0.000000
0.000000
0.000000
0.000000
0.000000
0.000000
0.000000
0.000000
0.000000
0.000000
0.000000
0.000000
0.000000
0.000000
0.000000
0.000000
0.000000
0.000000
0.000000
0.000000
0.000000
0.000000
0.000000
0.000000
0.000000
0.000000
0.000000
0.000000
0.000000
0.000000
0.000000
0.000000
0.000000
0.000000
0.000000
0.000000
0.000000
0.000000
0.000000
0.000000
0.000000
0.000000
0.000000
0.000000
0.000000
0.000000
0.000000
0.000000
0.000000
0.000000
0.000000
0.000000
0.000000
0.000000
0.000000
0.000000
0.000000
0.000000
0.000000
0.000000
0.000000
0.000000
0.000000
0.000000
0.000000
0.000000
0.000000
0.000000
0.000000
0.000000
0.000000
0.000000
0.000000
0.000000
0.000000
0.000000
0.000000
0.000000
0.000000
0.000000
0.000000
0.000000
0.000000
0.000000
0.000000
0.000000
0.000000
0.000000
0.000000
0.000000
0.000000
0.000000
0.000000
0.000000
0.000000
0.000000
0.000000
0.000000
0.000000
0.000000
0.000000
0.000000
0.000000
0.000000
0.000000
0.000000
0.000000
0.000000
0.000000
0.000000
0.000000
0.000000
0.000000
0.000000
0.000000
0.000000
0.000000
0.000000
0.000000
0.000000
0.000000
0.000000
0.000000
0.000000
0.000000
0.000000
0.000000
0.000000
0.000000
0.000000
0.000000
0.000000
0.000000
0.000000
0.000000
0.000000
0.000000
0.000000
0.000000
0.000000
0.000000
0.000000
0.000000
0.000000
0.000000
0.000000
0.000000
0.000000
0.000000
0.000000
0.000000
0.000000
0.000000
0.000000
0.000000
0.000000
0.000000
0.000000
0.000000
0.000000
0.000000
0.000000
0.000000
0.000000
0.000000
0.000000
0.000000
0.000000
0.000000
0.000000
0.000000
0.000000
0.000000
0.000000
0.000000
0.000000
0.000000
0.000000
0.000000
0.000000
0.000000
0.000000
0.000000
0.000000
0.000000
0.000000
0.000000
0.000000
0.000000
0.000000
0.000000
0.000000
0.000000
0.000000
0.000000
0.000000
0.000000
0.000000
0.000000
0.000000
0.000000
0.000000
0.000000
0.000000
0.000000
0.000000
0.000000
0.000000
0.000000
0.000000
0.000000
0.000000
0.000000
0.000000
0.000000
0.000000
0.000000
0.000000
0.000000
0.000000
0.000000
0.000000
0.000000
0.000000
0.000000
0.000000
0.000000
0.000000
0.000000
0.000000
0.000000
0.000000
0.000000
0.000000
0.000000
0.000000
0.000000
0.000000
0.000000
0.000000
0.000000
0.000000
0.000000
0.000000
0.000000
0.000000
0.000000
0.000000
0.000000
0.000000
0.000000
0.000000
0.000000
0.000000
0.000000
0.000000
0.000000
0.000000
0.000000
0.000000
0.000000
0.000000
0.000000
0.000000
0.000000
0.000000
0.000000
0.000000
0.000000
0.000000
0.000000
0.000000
0.000000
0.000000
0.000000
0.000000
0.000000
0.000000
0.000000
0.000000
0.000000
0.000000
0.000000
0.000000
0.000000
0.000000
0.000000
0.000000
0.000000
0.000000
0.000000
0.000000
0.000000
0.000000
0.000000
0.000000
0.000000
0.000000
0.000000
0.000000
0.000000
0.000000
0.000000
0.000000
0.000000
0.000000
0.000000
0.000000
0.000000
0.000000
0.000000
0.000000
0.000000
0.000000
0.000000
0.000000
0.000000
0.000000
0.000000
0.000000
0.000000
0.000000
0.000000
0.000000
0.000000
0.000000
0.000000
0.000000
0.000000
0.000000
0.000000
0.000000
0.000000
0.000000
0.000000
0.000000
0.000000
0.000000
0.000000
0.000000
0.000000
0.000000
0.000000
0.000000
0.000000
0.000000
0.000000
0.000000
0.000000
0.000000
0.000000
0.000000
0.000000
0.000000
0.000000
0.000000
0.000000
0.000000
0.000000
0.000000
0.000000
0.000000
0.000000
0.000000
0.000000
0.000000
0.000000
0.000000
0.000000
0.000000
0.000000
0.000000
0.000000
0.000000
0.000000
0.000000
0.000000
0.000000
0.000000
0.000000
0.000000
0.000000
0.000000
0.000000
0.000000
0.000000
0.000000
0.000000
0.000000
0.000000
0.000000
0.000000
0.000000
0.000000
0.000000
0.000000
0.000000
0.000000
0.000000
0.000000
0.000000
0.000000
0.000000
0.000000
0.000000
0.000000
0.000000
0.000000
0.000000
0.000000
0.000000
0.000000
0.000000
0.000000
0.000000
0.000000
0.000000
0.000000
0.000000
0.000000
0.000000
0.000000
0.000000
0.000000
0.000000
0.000000
0.000000
0.000000
0.000000
0.000000
0.000000
0.000000
0.000000
0.000000
0.000000
0.000000
0.000000
0.000000
0.000000
0.000000
0.000000
0.000000
0.000000
1120575.000000
288517.000000
326642.000000
570036.000000
364308.000000
636233.000000
606649.000000
369056.000000
689524.000000
402447.000000
167812.000000
668848.000000
731150.000000
684327.000000
640257.000000
307437.000000
503708.000000
195854.000000
642382.000000
743439.000000
407999.000000
415790.000000
651214.000000
202364.000000
756660.000000
638939.000000
629565.000000
658759.000000
570660.000000
104524.000000
613244.000000
613993.000000
260551.000000
500152.000000
713702.000000
535522.000000
647250.000000
677768.000000
419075.000000
401117.000000
454117.000000
680766.000000
385600.000000
679178.000000
667077.000000
497191.000000
377190.000000
379166.000000
523870.000000
505896.000000
476865.000000
346163.000000
538462.000000
443151.000000
704296.000000
657617.000000
145144.000000
616774.000000
391024.000000
429356.000000
564038.000000
699802.000000
538317.000000
278358.000000
629579.000000
280469.000000
737114.000000
599735.000000
379245.000000
729735.000000
259289.000000
558800.000000
393093.000000
618314.000000
328396.000000
742117.000000
712709.000000
665776.000000
37141.000000
749940.000000
264350.000000
237386.000000
572634.000000
543615.000000
771667.000000
704122.000000
397769.000000
322184.000000
509931.000000
279205.000000
362334.000000
373102.000000
699490.000000
741076.000000
742481.000000
501581.000000
94936.000000
624038.000000
149109.000000
181919.000000
552655.000000
713391.000000
584707.000000
526644.000000
514875.000000
794298.000000
529442.000000
776914.000000
671478.000000
674751.000000
395405.000000
177338.000000
546625.000000
479977.000000
132419.000000
189482.000000
372711.000000
545494.000000
570312.000000
639850.000000
264850.000000
212883.000000
391362.000000
60014.000000
397980.000000
696095.000000
625080.000000
234834.000000
653274.000000
244558.000000
620167.000000
310775.000000
523709.000000
362679.000000
714981.000000
559790.000000
561676.000000
289834.000000
600959.000000
415376.000000
405269.000000
631287.000000
551324.000000
521390.000000
353104.000000
318109.000000
616875.000000
284073.000000
405218.000000
671256.000000
297605.000000
724990.000000
797294.000000
378887.000000
326595.000000
705998.000000
378441.000000
368868.000000
464659.000000
616976.000000
434349.000000
708469.000000
652836.000000
134539.000000
523383.000000
356157.000000
740687.000000
543298.000000
685020.000000
535598.000000
666907.000000
513447.000000
490314.000000
643774.000000
291496.000000
614717.000000
664981.000000
292523.000000
282368.000000
433093.000000
608930.000000
495550.000000
383291.000000
415542.000000
379141.000000
683091.000000
589194.000000
280266.000000
605241.000000
532229.000000
625306.000000
745079.000000
693931.000000
655300.000000
384281.000000
443651.000000
709485.000000
732472.000000
365849.000000
347480.000000
567094.000000
664008.000000
670232.000000
646124.000000
552296.000000
520902.000000
532911.000000
156554.000000
390379.000000
706579.000000
690045.000000
769520.000000
692219.000000
421443.000000
560851.000000
252862.000000
235121.000000
556486.000000
662556.000000
652169.000000
605066.000000
162252.000000
169247.000000
338198.000000
687949.000000
297230.000000
286229.000000
312854.000000
424882.000000
441335.000000
710737.000000
654671.000000
575680.000000
173877.000000
340998.000000
284686.000000
253815.000000
666384.000000
496889.000000
537863.000000
297298.000000
522239.000000
706360.000000
647018.000000
359400.000000
662030.000000
737743.000000
679909.000000
615593.000000
772857.000000
686527.000000
548790.000000
540476.000000
386166.000000
384418.000000
669665.000000
91202.000000
580213.000000
673066.000000
566139.000000
317740.000000
623189.000000
443171.000000
162458.000000
165071.000000
610664.000000
374902.000000
493573.000000
306778.000000
685531.000000
555086.000000
423011.000000
643858.000000
392516.000000
678993.000000
279915.000000
493796.000000
308411.000000
322431.000000
551045.000000
689794.000000
664353.000000
623457.000000
557183.000000
651549.000000
741660.000000
281511.000000
269302.000000
631736.000000
363350.000000
371971.000000
489852.000000
284242.000000
582968.000000
656289.000000
366166.000000
453979.000000
667601.000000
250487.000000
383025.000000
377100.000000
547507.000000
500276.000000
673443.000000
198886.000000
321172.000000
425370.000000
238428.000000
446706.000000
732475.000000
413180.000000
158611.000000
698894.000000
506958.000000
405454.000000
391213.000000
581478.000000
713110.000000
248649.000000
498896.000000
399035.000000
427716.000000
767433.000000
641126.000000
584408.000000
712742.000000
624815.000000
646871.000000
433039.000000
770795.000000
782502.000000
773486.000000
383179.000000
620751.000000
307974.000000
760108.000000
134529.000000
88269.000000
301389.000000
752047.000000
556131.000000
609405.000000
296547.000000
474297.000000
762066.000000
604858.000000
123763.000000
725766.000000
668923.000000
384229.000000
249256.000000
764700.000000
614185.000000
313849.000000
121006.000000
607901.000000
697267.000000
647019.000000
502088.000000
578508.000000
678779.000000
500428.000000
671505.000000
707192.000000
710274.000000
708429.000000
703540.000000
418800.000000
419888.000000
602686.000000
655938.000000
464077.000000
633812.000000
511888.000000
540123.000000
422625.000000
311294.000000
656939.000000
589641.000000
419606.000000
546014.000000
604248.000000
488019.000000
462117.000000
391764.000000
568766.000000
62170.000000
381757.000000
403891.000000
380259.000000
334285.000000
335389.000000
403104.000000
700109.000000
681671.000000
439963.000000
211519.000000
701251.000000
182272.000000
29562.000000
91348.000000
678726.000000
186232.000000
703554.000000
583516.000000
365919.000000
410076.000000
616053.000000
360688.000000
758060.000000
637659.000000
674137.000000
677915.000000
514171.000000
242233.000000
438618.000000
498127.000000
268185.000000
820807.000000
524569.000000
281708.000000
373570.000000
445701.000000
446184.000000
648152.000000
539546.000000
112856.000000
634439.000000
414237.000000
276683.000000
275470.000000
718759.000000
403302.000000
620656.000000
563301.000000
192671.000000
381823.000000
722027.000000
352791.000000
384085.000000
139656.000000
26163.000000
266545.000000
692423.000000
419487.000000
689700.000000
318151.000000
330112.000000
641573.000000
574061.000000
227954.000000
461168.000000
310221.000000
315272.000000
281579.000000
687611.000000
283206.000000
751405.000000
692534.000000
177516.000000
690105.000000
686888.000000
332832.000000
751699.000000
245260.000000
489181.000000
377741.000000
660628.000000
513586.000000
586057.000000
195910.000000
740455.000000
315693.000000
699160.000000
436396.000000
319372.000000
550324.000000
375235.000000
714828.000000
537244.000000
530775.000000
431506.000000
172796.000000
275327.000000
233466.000000
268629.000000
413879.000000
395165.000000
491600.000000
689196.000000
473888.000000
613102.000000
582968.000000
692440.000000
692312.000000
704176.000000
700382.000000
743480.000000
445272.000000
440591.000000
317552.000000
719032.000000
669764.000000
372090.000000
564772.000000
322550.000000
584690.000000
703593.000000
334036.000000
631756.000000
398240.000000
357336.000000
647669.000000
257191.000000
671923.000000
235514.000000
442065.000000
575453.000000
678507.000000
614053.000000
445959.000000
106919.000000
377815.000000
375186.000000
733665.000000
795465.000000
687840.000000
574509.000000
322037.000000
422252.000000
569692.000000
677757.000000
595034.000000
745156.000000
756900.000000
588454.000000
497669.000000
782102.000000
469882.000000
678154.000000
204563.000000
359104.000000
390492.000000
69874.000000
724928.000000
299687.000000
436678.000000
483776.000000
197831.000000
264154.000000
203971.000000
369197.000000
230920.000000
567775.000000
403229.000000
238041.000000
491265.000000
345614.000000
655928.000000
604720.000000
104138.000000
686056.000000
775303.000000
258834.000000
617987.000000
218206.000000
491575.000000
364189.000000
670193.000000
665187.000000
327109.000000
653414.000000
693779.000000
207214.000000
625954.000000
670213.000000
391030.000000
246397.000000
236053.000000
479329.000000
384689.000000
386975.000000
637978.000000
645025.000000
179007.000000
623794.000000
573754.000000
196871.000000
386978.000000
445647.000000
202300.000000
641219.000000
451795.000000
430665.000000
712453.000000
392410.000000
347536.000000
679820.000000
545290.000000
271221.000000
629129.000000
352332.000000
650475.000000
349169.000000
271334.000000
752280.000000
141064.000000
694939.000000
315089.000000
286352.000000
682411.000000
620729.000000
448674.000000
676627.000000
457639.000000
462861.000000
76666.000000
337275.000000
330475.000000
380821.000000
380138.000000
359154.000000
712179.000000
336381.000000
234971.000000
319450.000000
240559.000000
375926.000000
402553.000000
542486.000000
212863.000000
120322.000000
551842.000000
301362.000000
713718.000000
317381.000000
563557.000000
631950.000000
531642.000000
343341.000000
533315.000000
533848.000000
517390.000000
616358.000000
673722.000000
322384.000000
715635.000000
684026.000000
729839.000000
555128.000000
440476.000000
173289.000000
604470.000000
628825.000000
633753.000000
220992.000000
559863.000000
370013.000000
450694.000000
207983.000000
306946.000000
472569.000000
289558.000000
143343.000000
167949.000000
715423.000000
358153.000000
255287.000000
285194.000000
465538.000000
311120.000000
461660.000000
592882.000000
431499.000000
199641.000000
736370.000000
154921.000000
203929.000000
747562.000000
128193.000000
394941.000000
275693.000000
309831.000000
91269.000000
730917.000000
554405.000000
550158.000000
611909.000000
732122.000000
624857.000000
379048.000000
657891.000000
423795.000000
689352.000000
453023.000000
661550.000000
419743.000000
695458.000000
727941.000000
395510.000000
255493.000000
432662.000000
677245.000000
507487.000000
387079.000000
712844.000000
101779.000000
569507.000000
686860.000000
613497.000000
394189.000000
556563.000000
509848.000000
222737.000000
611596.000000
263177.000000
717943.000000
291551.000000
177051.000000
440436.000000
419314.000000
614301.000000
468580.000000
352197.000000
366826.000000
443500.000000
654747.000000
152569.000000
697493.000000
244460.000000
377055.000000
296419.000000
713359.000000
313525.000000
521092.000000
259797.000000
125971.000000
675702.000000
606799.000000
122859.000000
196580.000000
412086.000000
645733.000000
266358.000000
635837.000000
350487.000000
303790.000000
667359.000000
421016.000000
343118.000000
454141.000000
112125.000000
844300.000000
697916.000000
490480.000000
740584.000000
680890.000000
255028.000000
681917.000000
388501.000000
355883.000000
434196.000000
566445.000000
350294.000000
295089.000000
549581.000000
199578.000000
743100.000000
631436.000000
325642.000000
696354.000000
632500.000000
292839.000000
532000.000000
145814.000000
509722.000000
649881.000000
643831.000000
395971.000000
748914.000000
664183.000000
708144.000000
712324.000000
436099.000000
309540.000000
710780.000000
416853.000000
541049.000000
414129.000000
497175.000000
420894.000000
329779.000000
721813.000000
505971.000000
88243.000000
735949.000000
705138.000000
187484.000000
669800.000000
549778.000000
715980.000000
334575.000000
682786.000000
491282.000000
592354.000000
721296.000000
820580.000000
272991.000000
431302.000000
336814.000000
714429.000000
452195.000000
741685.000000
610797.000000
362397.000000
384415.000000
469899.000000
496104.000000
300330.000000
757116.000000
423027.000000
423950.000000
519674.000000
417633.000000
631532.000000
105483.000000
506912.000000
638564.000000
402384.000000
552672.000000
714261.000000
401175.000000
389886.000000
485723.000000
287849.000000
375524.000000
620626.000000
128712.000000
78182.000000
665794.000000
350520.000000
452664.000000
732623.000000
424111.000000
223985.000000
289944.000000
262502.000000
347069.000000
599703.000000
219487.000000
300535.000000
610602.000000
639096.000000
428052.000000
518170.000000
366127.000000
385308.000000
546053.000000
619231.000000
688773.000000
608653.000000
559550.000000
386840.000000
699091.000000
542929.000000
395434.000000
628772.000000
164017.000000
262317.000000
658021.000000
306299.000000
656428.000000
144121.000000
663049.000000
427561.000000
399433.000000
618926.000000
207116.000000
560537.000000
236899.000000
384122.000000
664424.000000
401655.000000
119944.000000
633821.000000
745790.000000
660736.000000
202583.000000
316881.000000
501734.000000
554103.000000
779779.000000
653209.000000
667105.000000
652507.000000
175433.000000
348340.000000
401294.000000
80948.000000
352291.000000
401225.000000
385146.000000
604708.000000
661369.000000
697406.000000
668076.000000
739316.000000
670219.000000
347241.000000
410220.000000
385712.000000
191946.000000
71863.000000
689832.000000
691610.000000
700672.000000
557641.000000
760075.000000
761044.000000
645021.000000
604515.000000
236767.000000
475867.000000
311706.000000
413996.000000
392690.000000
468816.000000
346360.000000
241294.000000
174279.000000
232868.000000
653472.000000
709763.000000
736634.000000
200319.000000
336548.000000
417552.000000
737472.000000
115747.000000
288526.000000
597996.000000
625037.000000
698455.000000
575984.000000
733947.000000
626780.000000
503260.000000
713278.000000
594046.000000
769655.000000
428310.000000
674130.000000
288755.000000
674989.000000
285217.000000
595487.000000
408156.000000
665130.000000
455623.000000
281215.000000
325668.000000
485382.000000
347692.000000
453734.000000
260462.000000
351975.000000
335405.000000
421627.000000
564787.000000
641168.000000
757064.000000
420995.000000
375552.000000
234106.000000
481431.000000
325870.000000
333308.000000
318693.000000
328206.000000
283212.000000
290932.000000
733954.000000
704249.000000
375773.000000
623477.000000
576947.000000
386308.000000
339912.000000
532324.000000
361123.000000
483652.000000
349883.000000
592069.000000
289863.000000
129688.000000
348671.000000
549126.000000
799168.000000
275379.000000
613650.000000
344546.000000
432210.000000
562437.000000
734727.000000
369339.000000
658437.000000
754487.000000
658803.000000
750753.000000
253622.000000
479873.000000
261092.000000
255361.000000
450456.000000
313266.000000
341765.000000
301340.000000
245670.000000
290714.000000
396582.000000
711358.000000
369778.000000
728637.000000
639933.000000
696668.000000
483010.000000
518081.000000
737688.000000
568412.000000
351709.000000
363809.000000
103569.000000
151030.000000
425359.000000
702253.000000
608641.000000
580845.000000
580378.000000
285780.000000
693979.000000
709039.000000
554738.000000
638249.000000
557787.000000
433138.000000
682181.000000
596285.000000
499247.000000
473720.000000
684691.000000
622873.000000
507624.000000
444271.000000
327052.000000
508010.000000
163599.000000
760285.000000
709854.000000
308286.000000
253592.000000
682297.000000
605896.000000
357525.000000
470151.000000
662528.000000
235012.000000
546223.000000
469746.000000
685616.000000
683743.000000
607056.000000
74352.000000
373804.000000
676662.000000
611699.000000
576741.000000
409947.000000
331604.000000
758643.000000
167514.000000
675090.000000
573148.000000
710816.000000
476680.000000
270232.000000
498106.000000
682094.000000
725350.000000
371656.000000
601453.000000
708593.000000
97304.000000
371045.000000
764689.000000
630020.000000
375664.000000
821801.000000
543075.000000
771202.000000
201700.000000
483459.000000
244705.000000
537852.000000
449461.000000
153850.000000
259862.000000
582004.000000
669998.000000
391659.000000
683216.000000
389323.000000
475723.000000
488040.000000
650856.000000
216773.000000
672106.000000
601472.000000
525890.000000
407799.000000
434786.000000
434774.000000
552987.000000
402969.000000
393323.000000
710933.000000
553820.000000
668029.000000
438145.000000
317863.000000
304291.000000
805822.000000
656867.000000
357003.000000
628097.000000
709679.000000
123711.000000
690988.000000
504789.000000
550539.000000
791261.000000
500618.000000
755472.000000
129284.000000
747340.000000
272937.000000
561309.000000
149671.000000
461976.000000
797604.000000
763560.000000
632140.000000
339287.000000
683348.000000
674183.000000
694595.000000
624067.000000
219377.000000
679180.000000
708472.000000
152962.000000
493602.000000
673924.000000
524772.000000
693448.000000
643216.000000
340822.000000
415842.000000
669010.000000
382690.000000
303446.000000
362876.000000
296582.000000
136321.000000
538009.000000
569852.000000
685379.000000
516719.000000
145354.000000
582703.000000
676838.000000
741758.000000
595881.000000
674018.000000
495806.000000
306478.000000
645389.000000
243318.000000
653575.000000
344187.000000
486739.000000
360521.000000
411932.000000
500140.000000
711592.000000
673727.000000
441754.000000
259086.000000
425423.000000
579060.000000
436480.000000
325644.000000
491031.000000
636784.000000
254517.000000
475864.000000
425087.000000
596112.000000
623892.000000
766077.000000
703499.000000
631608.000000
594679.000000
596753.000000
671245.000000
451034.000000
290452.000000
619877.000000
381552.000000
709830.000000
600731.000000
684743.000000
762397.000000
382763.000000
690623.000000
660292.000000
671741.000000
695466.000000
492775.000000
589319.000000
185382.000000
571777.000000
672032.000000
732135.000000
86294.000000
636273.000000
397412.000000
647294.000000
557769.000000
754791.000000
625369.000000
694883.000000
747998.000000
638444.000000
518003.000000
231603.000000
364243.000000
582179.000000
239119.000000
321282.000000
378832.000000
721213.000000
323371.000000
428355.000000
327706.000000
763274.000000
374437.000000
181051.000000
659273.000000
321352.000000
517960.000000
683843.000000
757368.000000
298439.000000
659827.000000
795810.000000
397527.000000
742718.000000
478158.000000
202688.000000
707080.000000
269218.000000
673551.000000
796595.000000
683709.000000
617832.000000
149326.000000
559394.000000
593835.000000
705205.000000
210317.000000
722601.000000
