0.000000
0.000000
0.000000
0.000000
0.000000
0.000000
0.000000
0.000000
0.000000
0.000000
0.000000
0.000000
0.000000
0.000000
0.000000
0.000000
0.000000
0.000000
0.000000
0.000000
0.000000
0.000000
0.000000
0.000000
0.000000
0.000000
0.000000
0.000000
0.000000
0.000000
0.000000
0.000000
0.000000
0.000000
0.000000
0.000000
0.000000
0.000000
0.000000
0.000000
0.000000
0.000000
0.000000
0.000000
0.000000
0.000000
0.000000
0.000000
0.000000
0.000000
0.000000
0.000000
0.000000
0.000000
0.000000
0.000000
0.000000
0.000000
0.000000
0.000000
0.000000
0.000000
0.000000
0.000000
0.000000
0.000000
0.000000
0.000000
0.000000
0.000000
0.000000
0.000000
0.000000
0.000000
0.000000
0.000000
0.000000
0.000000
0.000000
0.000000
0.000000
0.000000
0.000000
0.000000
0.000000
0.000000
0.000000
0.000000
0.000000
0.000000
0.000000
0.000000
0.000000
0.000000
0.000000
0.000000
0.000000
0.000000
0.000000
0.000000
0.000000
0.000000
0.000000
0.000000
0.000000
0.000000
0.000000
0.000000
0.000000
0.000000
0.000000
0.000000
0.000000
0.000000
0.000000
0.000000
0.000000
0.000000
0.000000
0.000000
0.000000
0.000000
0.000000
0.000000
0.000000
0.000000
0.000000
0.000000
0.000000
0.000000
0.000000
0.000000
0.000000
0.000000
0.000000
0.000000
0.000000
0.000000
0.000000
0.000000
0.000000
0.000000
0.000000
0.000000
0.000000
0.000000
0.000000
0.000000
0.000000
0.000000
0.000000
0.000000
0.000000
0.000000
0.000000
0.000000
0.000000
0.000000
0.000000
0.000000
0.000000
0.000000
0.000000
0.000000
0.000000
0.000000
0.000000
0.000000
0.000000
0.000000
0.000000
0.000000
0.000000
0.000000
0.000000
0.000000
0.000000
0.000000
0.000000
0.000000
0.000000
0.000000
0.000000
0.000000
0.000000
0.000000
0.000000
0.000000
0.000000
0.000000
0.000000
0.000000
0.000000
0.000000
0.000000
0.000000
0.000000
0.000000
0.000000
0.000000
0.000000
0.000000
0.000000
0.000000
0.000000
0.000000
0.000000
0.000000
0.000000
0.000000
0.000000
0.000000
0.000000
0.000000
0.000000
0.000000
0.000000
0.000000
0.000000
0.000000
0.000000
0.000000
0.000000
0.000000
0.000000
0.000000
0.000000
0.000000
0.000000
0.000000
0.000000
0.000000
0.000000
0.000000
0.000000
0.000000
0.000000
0.000000
0.000000
0.000000
0.000000
0.000000
0.000000
0.000000
0.000000
0.000000
0.000000
0.000000
0.000000
0.000000
0.000000
0.000000
0.000000
0.000000
0.000000
0.000000
0.000000
0.000000
0.000000
0.000000
0.000000
0.000000
0.000000
0.000000
0.000000
0.000000
0.000000
0.000000
0.000000
0.000000
0.000000
0.000000
0.000000
0.000000
0.000000
0.000000
0.000000
0.000000
0.000000
0.000000
0.000000
0.000000
0.000000
0.000000
0.000000
0.000000
0.000000
0.000000
0.000000
0.000000
0.000000
0.000000
0.000000
0.000000
0.000000
0.000000
0.000000
0.000000
0.000000
0.000000
0.000000
0.000000
0.000000
0.000000
0.000000
0.000000
0.000000
0.000000
0.000000
0.000000
0.000000
0.000000
0.000000
0.000000
0.000000
0.000000
0.000000
0.000000
0.000000
0.000000
0.000000
0.000000
0.000000
0.000000
0.000000
0.000000
0.000000
0.000000
0.000000
0.000000
0.000000
0.000000
0.000000
0.000000
0.000000
0.000000
0.000000
0.000000
0.000000
0.000000
0.000000
0.000000
0.000000
0.000000
0.000000
0.000000
0.000000
0.000000
0.000000
0.000000
0.000000
0.000000
0.000000
0.000000
0.000000
0.000000
0.000000
0.000000
0.000000
0.000000
0.000000
0.000000
0.000000
0.000000
0.000000
0.000000
0.000000
0.000000
0.000000
0.000000
0.000000
0.000000
0.000000
0.000000
0.000000
0.000000
0.000000
0.000000
0.000000
0.000000
0.000000
0.000000
0.000000
0.000000
0.000000
0.000000
0.000000
0.000000
0.000000
0.000000
0.000000
0.000000
0.000000
0.000000
0.000000
0.000000
0.000000
0.000000
0.000000
0.000000
0.000000
0.000000
0.000000
0.000000
0.000000
0.000000
0.000000
0.000000
0.000000
0.000000
0.000000
0.000000
0.000000
0.000000
0.000000
0.000000
0.000000
0.000000
0.000000
0.000000
0.000000
0.000000
0.000000
0.000000
0.000000
0.000000
0.000000
0.000000
0.000000
0.000000
0.000000
0.000000
0.000000
0.000000
0.000000
0.000000
0.000000
0.000000
0.000000
0.000000
0.000000
0.000000
0.000000
0.000000
0.000000
0.000000
0.000000
0.000000
0.000000
0.000000
0.000000
0.000000
0.000000
0.000000
0.000000
0.000000
0.000000
0.000000
0.000000
0.000000
0.000000
0.000000
0.000000
0.000000
0.000000
0.000000
0.000000
0.000000
0.000000
0.000000
0.000000
0.000000
0.000000
0.000000
0.000000
0.000000
0.000000
0.000000
0.000000
0.000000
0.000000
0.000000
0.000000
0.000000
0.000000
0.000000
0.000000
0.000000
0.000000
0.000000
0.000000
0.000000
0.000000
0.000000
0.000000
0.000000
0.000000
0.000000
0.000000
0.000000
0.000000
0.000000
0.000000
0.000000
0.000000
0.000000
0.000000
0.000000
0.000000
0.000000
0.000000
0.000000
0.000000
0.000000
0.000000
0.000000
0.000000
0.000000
0.000000
0.000000
0.000000
0.000000
0.000000
0.000000
0.000000
0.000000
0.000000
0.000000
0.000000
0.000000
0.000000
0.000000
0.000000
0.000000
0.000000
0.000000
0.000000
0.000000
0.000000
0.000000
0.000000
0.000000
0.000000
0.000000
0.000000
0.000000
0.000000
0.000000
0.000000
0.000000
0.000000
0.000000
0.000000
0.000000
0.000000
0.000000
0.000000
0.000000
0.000000
0.000000
0.000000
0.000000
0.000000
0.000000
0.000000
0.000000
0.000000
0.000000
0.000000
0.000000
0.000000
0.000000
0.000000
0.000000
0.000000
0.000000
0.000000
0.000000
0.000000
0.000000
0.000000
0.000000
0.000000
0.000000
0.000000
0.000000
0.000000
0.000000
0.000000
0.000000
0.000000
0.000000
0.000000
0.000000
0.000000
0.000000
0.000000
0.000000
0.000000
0.000000
0.000000
0.000000
735765.000000
155554.000000
457356.000000
430443.000000
468703.000000
464277.000000
299238.000000
380404.000000
199551.000000
440175.000000
492360.000000
319762.000000
355648.000000
477063.000000
194070.000000
446219.000000
418351.000000
431901.000000
405841.000000
408070.000000
113342.000000
395250.000000
466636.000000
242046.000000
374287.000000
445704.000000
359708.000000
474094.000000
432166.000000
370805.000000
391115.000000
392218.000000
476438.000000
313607.000000
499876.000000
443200.000000
402602.000000
311580.000000
286106.000000
404032.000000
359339.000000
344296.000000
317135.000000
408888.000000
369967.000000
463624.000000
493125.000000
154331.000000
426284.000000
335626.000000
367487.000000
458992.000000
512422.000000
378491.000000
247191.000000
393869.000000
241794.000000
456731.000000
429234.000000
308854.000000
485099.000000
223284.000000
395723.000000
287702.000000
436922.000000
242877.000000
481030.000000
362539.000000
477074.000000
37548.000000
475255.000000
255889.000000
221129.000000
399104.000000
378934.000000
503685.000000
472162.000000
309398.000000
255102.000000
381411.000000
255504.000000
331538.000000
341275.000000
449257.000000
492041.000000
487331.000000
404477.000000
99882.000000
472486.000000
143128.000000
178674.000000
402645.000000
470685.000000
397513.000000
425481.000000
376853.000000
443851.000000
433269.000000
448148.000000
442942.000000
532947.000000
337464.000000
187403.000000
429026.000000
399223.000000
133907.000000
183978.000000
288277.000000
381144.000000
440375.000000
445998.000000
260358.000000
191042.000000
307600.000000
68560.000000
308937.000000
496439.000000
455179.000000
207027.000000
475064.000000
241538.000000
421456.000000
298355.000000
426975.000000
299116.000000
422899.000000
474371.000000
431193.000000
298326.000000
446058.000000
357066.000000
334937.000000
495554.000000
395185.000000
352706.000000
331164.000000
244796.000000
437071.000000
218540.000000
319075.000000
460016.000000
266225.000000
473708.000000
496491.000000
317217.000000
287838.000000
406399.000000
338506.000000
330087.000000
363320.000000
440567.000000
354180.000000
507549.000000
455148.000000
163711.000000
415667.000000
278939.000000
448603.000000
439586.000000
444309.000000
376571.000000
438406.000000
388448.000000
351535.000000
454839.000000
264148.000000
395126.000000
452788.000000
256905.000000
231302.000000
350600.000000
412200.000000
378835.000000
290924.000000
334608.000000
324780.000000
423086.000000
434619.000000
283817.000000
496013.000000
450968.000000
381171.000000
444210.000000
398595.000000
444566.000000
296481.000000
412009.000000
469370.000000
487236.000000
315499.000000
306265.000000
455694.000000
487751.000000
467572.000000
446409.000000
392938.000000
391507.000000
370755.000000
187883.000000
322448.000000
421829.000000
498253.000000
500497.000000
448730.000000
311292.000000
452504.000000
250949.000000
234394.000000
444188.000000
450948.000000
410963.000000
431681.000000
167078.000000
155927.000000
291876.000000
492519.000000
229444.000000
295460.000000
300701.000000
336317.000000
344965.000000
449851.000000
501626.000000
414939.000000
197774.000000
300840.000000
258152.000000
251138.000000
484644.000000
395859.000000
341380.000000
281575.000000
426458.000000
447673.000000
423613.000000
345290.000000
406511.000000
464871.000000
488940.000000
470574.000000
410601.000000
472392.000000
452423.000000
352481.000000
326310.000000
331340.000000
429658.000000
102685.000000
435373.000000
399457.000000
460387.000000
279005.000000
416228.000000
381584.000000
141790.000000
200292.000000
393322.000000
261719.000000
399965.000000
289196.000000
432967.000000
424182.000000
319274.000000
449856.000000
343687.000000
452021.000000
221264.000000
368094.000000
277605.000000
231680.000000
428949.000000
414243.000000
409681.000000
445665.000000
493065.000000
438359.000000
535491.000000
221920.000000
247207.000000
471031.000000
351356.000000
319489.000000
351720.000000
233188.000000
376795.000000
433412.000000
299482.000000
398722.000000
505774.000000
249575.000000
305848.000000
312783.000000
423455.000000
336238.000000
420894.000000
189966.000000
227071.000000
342251.000000
206815.000000
355324.000000
447588.000000
319140.000000
132025.000000
447780.000000
376305.000000
294398.000000
338000.000000
379152.000000
417215.000000
253103.000000
336308.000000
334847.000000
343771.000000
453823.000000
401861.000000
450158.000000
404953.000000
436917.000000
430943.000000
350551.000000
497629.000000
466391.000000
406631.000000
322588.000000
478165.000000
292229.000000
445386.000000
144714.000000
93315.000000
242559.000000
527832.000000
421998.000000
420004.000000
255942.000000
344222.000000
469469.000000
420785.000000
124591.000000
424402.000000
410100.000000
290146.000000
226582.000000
408391.000000
407765.000000
245427.000000
103455.000000
411303.000000
498663.000000
366183.000000
340085.000000
391268.000000
455997.000000
378530.000000
424861.000000
443575.000000
473448.000000
399516.000000
431828.000000
335354.000000
372217.000000
434706.000000
407446.000000
361055.000000
511139.000000
421760.000000
396437.000000
336919.000000
316733.000000
425258.000000
417567.000000
357832.000000
416455.000000
366965.000000
402404.000000
366006.000000
289996.000000
417860.000000
78044.000000
309470.000000
310245.000000
318814.000000
241373.000000
294068.000000
320970.000000
446335.000000
398426.000000
319793.000000
178473.000000
383275.000000
186797.000000
29642.000000
98400.000000
484948.000000
226579.000000
447549.000000
513418.000000
309405.000000
280510.000000
441667.000000
287213.000000
440943.000000
392325.000000
433317.000000
422045.000000
367058.000000
219176.000000
349217.000000
362626.000000
235237.000000
472527.000000
365918.000000
223623.000000
356713.000000
358793.000000
308124.000000
441862.000000
364858.000000
113207.000000
425522.000000
362526.000000
226306.000000
229880.000000
477686.000000
283755.000000
430247.000000
397529.000000
153988.000000
336532.000000
436625.000000
303958.000000
323889.000000
125724.000000
36027.000000
224014.000000
410772.000000
364396.000000
461872.000000
281312.000000
278595.000000
458982.000000
429696.000000
205776.000000
329848.000000
278372.000000
287811.000000
236347.000000
490436.000000
270546.000000
420288.000000
472403.000000
157304.000000
453815.000000
450209.000000
301892.000000
509771.000000
181124.000000
378753.000000
290739.000000
486848.000000
353419.000000
464500.000000
187429.000000
478595.000000
292171.000000
461019.000000
379734.000000
308060.000000
400688.000000
318989.000000
467757.000000
395541.000000
446566.000000
415470.000000
160140.000000
253761.000000
212878.000000
226308.000000
333774.000000
349088.000000
351530.000000
520722.000000
369966.000000
440106.000000
444961.000000
431370.000000
414150.000000
479919.000000
448899.000000
424551.000000
323479.000000
343496.000000
232674.000000
510463.000000
483377.000000
332376.000000
411235.000000
261671.000000
369306.000000
488654.000000
285240.000000
482050.000000
342367.000000
347092.000000
393075.000000
211587.000000
419297.000000
197434.000000
341274.000000
453267.000000
415674.000000
409800.000000
333623.000000
101908.000000
308407.000000
340301.000000
432258.000000
451612.000000
458529.000000
362840.000000
275196.000000
345218.000000
467462.000000
406056.000000
445509.000000
472460.000000
464048.000000
496390.000000
397798.000000
461397.000000
361030.000000
394237.000000
190092.000000
326172.000000
302286.000000
65149.000000
463603.000000
268490.000000
332675.000000
378326.000000
158526.000000
241294.000000
179729.000000
304389.000000
235348.000000
348827.000000
306532.000000
247788.000000
365425.000000
321988.000000
456933.000000
469365.000000
104597.000000
496305.000000
447480.000000
226815.000000
440967.000000
239776.000000
384995.000000
300100.000000
418184.000000
429913.000000
243697.000000
479717.000000
492839.000000
169061.000000
417526.000000
427360.000000
336851.000000
262521.000000
215830.000000
399731.000000
321000.000000
344607.000000
521692.000000
512289.000000
197653.000000
477981.000000
445355.000000
176394.000000
324742.000000
361017.000000
219295.000000
462142.000000
346915.000000
369157.000000
459940.000000
339413.000000
311118.000000
499775.000000
382300.000000
244825.000000
500082.000000
333881.000000
483774.000000
241135.000000
244948.000000
453902.000000
153535.000000
443882.000000
285276.000000
245675.000000
438549.000000
414494.000000
343330.000000
473450.000000
355007.000000
314414.000000
67026.000000
282964.000000
279359.000000
331354.000000
320442.000000
315577.000000
411003.000000
280405.000000
264732.000000
300552.000000
261413.000000
319353.000000
339151.000000
408578.000000
145796.000000
128219.000000
373923.000000
243088.000000
420133.000000
260325.000000
398153.000000
474154.000000
447450.000000
309067.000000
437822.000000
373353.000000
412700.000000
422958.000000
414358.000000
277437.000000
390610.000000
476654.000000
427859.000000
375260.000000
283791.000000
173896.000000
426173.000000
450872.000000
487973.000000
199969.000000
382659.000000
366036.000000
394856.000000
170475.000000
271167.000000
351379.000000
287870.000000
126540.000000
145306.000000
458150.000000
335029.000000
273518.000000
254305.000000
381353.000000
278547.000000
379989.000000
445360.000000
326804.000000
201682.000000
540498.000000
167626.000000
173757.000000
458378.000000
140033.000000
321322.000000
231541.000000
229054.000000
78143.000000
432347.000000
404721.000000
453620.000000
424661.000000
477940.000000
472395.000000
293759.000000
489382.000000
334483.000000
419784.000000
360778.000000
458860.000000
357081.000000
462645.000000
458683.000000
320924.000000
221071.000000
360378.000000
467516.000000
406592.000000
310991.000000
472672.000000
87210.000000
383442.000000
476712.000000
409152.000000
298485.000000
486508.000000
359062.000000
176287.000000
372534.000000
205470.000000
439818.000000
238325.000000
201478.000000
330111.000000
360213.000000
418362.000000
358078.000000
305342.000000
319703.000000
339799.000000
398936.000000
206797.000000
360693.000000
203429.000000
299351.000000
251838.000000
421075.000000
268697.000000
415126.000000
228981.000000
105165.000000
426941.000000
431838.000000
127702.000000
136187.000000
341276.000000
551304.000000
229925.000000
486451.000000
301753.000000
278177.000000
452587.000000
396702.000000
319361.000000
389182.000000
99261.000000
435975.000000
526169.000000
397238.000000
531291.000000
427186.000000
246908.000000
483449.000000
323632.000000
310084.000000
339598.000000
442676.000000
277550.000000
288272.000000
363231.000000
224383.000000
418366.000000
493278.000000
269957.000000
440176.000000
355943.000000
258922.000000
399558.000000
147819.000000
390313.000000
505734.000000
509458.000000
343410.000000
501977.000000
418606.000000
410870.000000
441592.000000
292340.000000
232570.000000
465521.000000
332262.000000
374105.000000
364243.000000
386880.000000
362147.000000
265413.000000
444918.000000
395915.000000
104993.000000
462172.000000
474782.000000
168396.000000
405655.000000
392402.000000
476591.000000
314372.000000
428964.000000
410337.000000
374057.000000
493190.000000
422116.000000
236264.000000
367512.000000
299762.000000
446958.000000
321285.000000
464081.000000
415661.000000
332663.000000
329373.000000
325934.000000
370941.000000
248200.000000
464717.000000
376609.000000
335665.000000
394370.000000
347170.000000
421082.000000
131171.000000
400776.000000
388349.000000
337431.000000
399510.000000
474689.000000
303572.000000
325209.000000
376173.000000
252995.000000
339976.000000
429252.000000
134069.000000
89979.000000
419631.000000
311996.000000
386012.000000
457569.000000
332665.000000
150479.000000
275103.000000
267748.000000
290974.000000
373283.000000
178119.000000
281657.000000
430803.000000
455047.000000
362983.000000
393362.000000
319344.000000
338957.000000
428170.000000
451780.000000
475341.000000
439267.000000
437545.000000
302413.000000
481360.000000
405553.000000
329404.000000
376052.000000
203995.000000
261591.000000
441112.000000
223697.000000
414154.000000
136102.000000
399689.000000
350303.000000
333525.000000
516512.000000
192658.000000
400709.000000
220974.000000
350864.000000
466740.000000
332835.000000
99099.000000
414333.000000
494583.000000
417478.000000
184754.000000
269261.000000
418155.000000
390405.000000
498059.000000
418107.000000
349664.000000
426141.000000
159781.000000
299768.000000
343913.000000
77674.000000
316434.000000
325620.000000
343549.000000
437775.000000
411348.000000
408036.000000
387836.000000
486161.000000
460212.000000
299069.000000
348714.000000
294466.000000
224733.000000
87114.000000
455476.000000
451320.000000
421487.000000
408366.000000
465982.000000
432758.000000
448912.000000
443357.000000
208739.000000
374546.000000
251238.000000
329510.000000
352284.000000
336292.000000
310949.000000
196603.000000
157460.000000
234979.000000
434791.000000
477404.000000
461392.000000
188527.000000
330993.000000
285112.000000
413993.000000
116904.000000
271145.000000
473486.000000
445700.000000
437713.000000
450700.000000
373721.000000
457259.000000
383744.000000
464449.000000
470695.000000
412132.000000
333143.000000
428821.000000
247236.000000
518560.000000
257068.000000
419698.000000
336564.000000
477296.000000
417308.000000
234999.000000
295702.000000
408153.000000
294538.000000
365849.000000
269541.000000
317848.000000
237533.000000
350951.000000
441080.000000
442531.000000
470319.000000
307571.000000
303607.000000
206266.000000
416271.000000
256678.000000
288933.000000
292901.000000
317070.000000
253733.000000
288028.000000
449196.000000
437957.000000
293657.000000
483004.000000
359487.000000
285407.000000
276115.000000
433391.000000
272891.000000
320672.000000
261536.000000
452121.000000
297355.000000
99980.000000
306534.000000
398816.000000
463312.000000
268468.000000
485544.000000
251221.000000
306340.000000
455983.000000
506777.000000
321996.000000
409844.000000
438911.000000
396175.000000
467420.000000
211093.000000
360280.000000
245981.000000
261684.000000
392465.000000
216403.000000
327166.000000
301962.000000
250340.000000
242853.000000
337140.000000
440655.000000
294691.000000
427967.000000
480349.000000
434496.000000
386806.000000
428019.000000
439332.000000
367273.000000
302400.000000
302146.000000
127754.000000
177815.000000
369964.000000
426758.000000
487385.000000
405444.000000
380814.000000
271684.000000
449942.000000
491798.000000
444836.000000
411433.000000
447052.000000
345251.000000
494532.000000
421385.000000
415061.000000
363400.000000
446225.000000
475433.000000
398599.000000
408673.000000
272136.000000
380194.000000
185458.000000
515133.000000
425797.000000
287659.000000
229031.000000
477958.000000
402053.000000
306176.000000
337998.000000
410128.000000
230878.000000
370627.000000
356709.000000
421103.000000
456139.000000
408002.000000
81764.000000
280058.000000
466105.000000
417033.000000
476675.000000
339903.000000
291724.000000
442369.000000
156344.000000
428172.000000
468235.000000
490563.000000
397410.000000
260579.000000
379943.000000
414106.000000
439595.000000
320993.000000
475800.000000
395770.000000
81531.000000
310927.000000
448350.000000
453609.000000
319871.000000
455384.000000
403830.000000
466463.000000
186285.000000
359196.000000
184860.000000
365705.000000
368835.000000
161871.000000
295111.000000
437980.000000
450144.000000
339125.000000
485404.000000
328509.000000
388854.000000
349170.000000
458097.000000
201373.000000
458305.000000
447645.000000
385615.000000
361714.000000
333689.000000
317830.000000
387069.000000
323524.000000
309607.000000
399089.000000
400203.000000
416404.000000
325417.000000
299438.000000
272036.000000
487236.000000
459024.000000
278961.000000
445136.000000
488591.000000
137232.000000
476878.000000
385384.000000
397263.000000
443874.000000
391676.000000
445381.000000
156082.000000
484123.000000
282054.000000
442063.000000
142471.000000
334362.000000
525072.000000
461864.000000
471511.000000
315375.000000
430838.000000
445428.000000
412748.000000
384507.000000
209295.000000
375861.000000
411449.000000
122309.000000
360156.000000
489991.000000
345575.000000
503602.000000
425781.000000
263166.000000
321829.000000
456607.000000
312129.000000
188007.000000
315745.000000
260416.000000
130089.000000
419808.000000
369895.000000
403824.000000
427104.000000
145993.000000
389874.000000
470843.000000
423421.000000
535116.000000
544311.000000
398338.000000
263094.000000
469584.000000
232295.000000
409186.000000
286018.000000
412809.000000
274992.000000
339482.000000
392786.000000
461982.000000
462285.000000
409378.000000
251441.000000
331164.000000
405074.000000
363962.000000
264136.000000
369607.000000
455342.000000
236242.000000
333810.000000
311872.000000
440015.000000
395545.000000
430607.000000
494068.000000
378335.000000
397758.000000
415623.000000
458265.000000
361580.000000
247880.000000
393868.000000
336316.000000
454308.000000
464969.000000
414934.000000
434221.000000
301417.000000
456723.000000
438846.000000
445844.000000
453393.000000
316657.000000
423395.000000
153322.000000
425994.000000
498724.000000
488191.000000
74237.000000
442295.000000
287221.000000
415974.000000
426583.000000
465261.000000
435326.000000
514857.000000
471037.000000
496497.000000
409290.000000
224284.000000
285929.000000
449284.000000
184789.000000
314995.000000
320842.000000
405740.000000
287237.000000
356274.000000
301760.000000
438578.000000
315539.000000
190920.000000
435980.000000
226020.000000
347453.000000
413183.000000
544886.000000
262335.000000
390146.000000
420196.000000
333679.000000
425114.000000
411273.000000
200266.000000
441119.000000
218902.000000
432168.000000
491939.000000
473413.000000
379360.000000
177596.000000
472664.000000
423654.000000
460386.000000
163348.000000
385292.000000
