0.000000
0.000000
0.000000
0.000000
0.000000
0.000000
0.000000
0.000000
0.000000
0.000000
0.000000
0.000000
0.000000
0.000000
0.000000
0.000000
0.000000
0.000000
0.000000
0.000000
0.000000
0.000000
0.000000
0.000000
0.000000
0.000000
0.000000
0.000000
0.000000
0.000000
0.000000
0.000000
0.000000
0.000000
0.000000
0.000000
0.000000
0.000000
0.000000
0.000000
0.000000
0.000000
0.000000
0.000000
0.000000
0.000000
0.000000
0.000000
0.000000
0.000000
0.000000
0.000000
0.000000
0.000000
0.000000
0.000000
0.000000
0.000000
0.000000
0.000000
0.000000
0.000000
0.000000
0.000000
0.000000
0.000000
0.000000
0.000000
0.000000
0.000000
0.000000
0.000000
0.000000
0.000000
0.000000
0.000000
0.000000
0.000000
0.000000
0.000000
0.000000
0.000000
0.000000
0.000000
0.000000
0.000000
0.000000
0.000000
0.000000
0.000000
0.000000
0.000000
0.000000
0.000000
0.000000
0.000000
0.000000
0.000000
0.000000
0.000000
0.000000
0.000000
0.000000
0.000000
0.000000
0.000000
0.000000
0.000000
0.000000
0.000000
0.000000
0.000000
0.000000
0.000000
0.000000
0.000000
0.000000
0.000000
0.000000
0.000000
0.000000
0.000000
0.000000
0.000000
0.000000
0.000000
0.000000
0.000000
0.000000
0.000000
0.000000
0.000000
0.000000
0.000000
0.000000
0.000000
0.000000
0.000000
0.000000
0.000000
0.000000
0.000000
0.000000
0.000000
0.000000
0.000000
0.000000
0.000000
0.000000
0.000000
0.000000
0.000000
0.000000
0.000000
0.000000
0.000000
0.000000
0.000000
0.000000
0.000000
0.000000
0.000000
0.000000
0.000000
0.000000
0.000000
0.000000
0.000000
0.000000
0.000000
0.000000
0.000000
0.000000
0.000000
0.000000
0.000000
0.000000
0.000000
0.000000
0.000000
0.000000
0.000000
0.000000
0.000000
0.000000
0.000000
0.000000
0.000000
0.000000
0.000000
0.000000
0.000000
0.000000
0.000000
0.000000
0.000000
0.000000
0.000000
0.000000
0.000000
0.000000
0.000000
0.000000
0.000000
0.000000
0.000000
0.000000
0.000000
0.000000
0.000000
0.000000
0.000000
0.000000
0.000000
0.000000
0.000000
0.000000
0.000000
0.000000
0.000000
0.000000
0.000000
0.000000
0.000000
0.000000
0.000000
0.000000
0.000000
0.000000
0.000000
0.000000
0.000000
0.000000
0.000000
0.000000
0.000000
0.000000
0.000000
0.000000
0.000000
0.000000
0.000000
0.000000
0.000000
0.000000
0.000000
0.000000
0.000000
0.000000
0.000000
0.000000
0.000000
0.000000
0.000000
0.000000
0.000000
0.000000
0.000000
0.000000
0.000000
0.000000
0.000000
0.000000
0.000000
0.000000
0.000000
0.000000
0.000000
0.000000
0.000000
0.000000
0.000000
0.000000
0.000000
0.000000
0.000000
0.000000
0.000000
0.000000
0.000000
0.000000
0.000000
0.000000
0.000000
0.000000
0.000000
0.000000
0.000000
0.000000
0.000000
0.000000
0.000000
0.000000
0.000000
0.000000
0.000000
0.000000
0.000000
0.000000
0.000000
0.000000
0.000000
0.000000
0.000000
0.000000
0.000000
0.000000
0.000000
0.000000
0.000000
0.000000
0.000000
0.000000
0.000000
0.000000
0.000000
0.000000
0.000000
0.000000
0.000000
0.000000
0.000000
0.000000
0.000000
0.000000
0.000000
0.000000
0.000000
0.000000
0.000000
0.000000
0.000000
0.000000
0.000000
0.000000
0.000000
0.000000
0.000000
0.000000
0.000000
0.000000
0.000000
0.000000
0.000000
0.000000
0.000000
0.000000
0.000000
0.000000
0.000000
0.000000
0.000000
0.000000
0.000000
0.000000
0.000000
0.000000
0.000000
0.000000
0.000000
0.000000
0.000000
0.000000
0.000000
0.000000
0.000000
0.000000
0.000000
0.000000
0.000000
0.000000
0.000000
0.000000
0.000000
0.000000
0.000000
0.000000
0.000000
0.000000
0.000000
0.000000
0.000000
0.000000
0.000000
0.000000
0.000000
0.000000
0.000000
0.000000
0.000000
0.000000
0.000000
0.000000
0.000000
0.000000
0.000000
0.000000
0.000000
0.000000
0.000000
0.000000
0.000000
0.000000
0.000000
0.000000
0.000000
0.000000
0.000000
0.000000
0.000000
0.000000
0.000000
0.000000
0.000000
0.000000
0.000000
0.000000
0.000000
0.000000
0.000000
0.000000
0.000000
0.000000
0.000000
0.000000
0.000000
0.000000
0.000000
0.000000
0.000000
0.000000
0.000000
0.000000
0.000000
0.000000
0.000000
0.000000
0.000000
0.000000
0.000000
0.000000
0.000000
0.000000
0.000000
0.000000
0.000000
0.000000
0.000000
0.000000
0.000000
0.000000
0.000000
0.000000
0.000000
0.000000
0.000000
0.000000
0.000000
0.000000
0.000000
0.000000
0.000000
0.000000
0.000000
0.000000
0.000000
0.000000
0.000000
0.000000
0.000000
0.000000
0.000000
0.000000
0.000000
0.000000
0.000000
0.000000
0.000000
0.000000
0.000000
0.000000
0.000000
0.000000
0.000000
0.000000
0.000000
0.000000
0.000000
0.000000
0.000000
0.000000
0.000000
0.000000
0.000000
0.000000
0.000000
0.000000
0.000000
0.000000
0.000000
0.000000
0.000000
0.000000
0.000000
0.000000
0.000000
0.000000
0.000000
0.000000
0.000000
0.000000
0.000000
0.000000
0.000000
0.000000
0.000000
0.000000
0.000000
0.000000
0.000000
0.000000
0.000000
0.000000
0.000000
0.000000
0.000000
0.000000
0.000000
0.000000
0.000000
0.000000
0.000000
0.000000
0.000000
0.000000
0.000000
0.000000
0.000000
0.000000
0.000000
0.000000
0.000000
0.000000
0.000000
0.000000
0.000000
0.000000
0.000000
0.000000
0.000000
0.000000
0.000000
0.000000
0.000000
0.000000
0.000000
0.000000
0.000000
0.000000
0.000000
0.000000
0.000000
0.000000
0.000000
0.000000
0.000000
0.000000
0.000000
0.000000
0.000000
0.000000
0.000000
0.000000
0.000000
0.000000
0.000000
0.000000
0.000000
0.000000
0.000000
0.000000
0.000000
0.000000
0.000000
0.000000
0.000000
0.000000
0.000000
0.000000
0.000000
0.000000
0.000000
0.000000
0.000000
0.000000
0.000000
0.000000
0.000000
0.000000
0.000000
0.000000
0.000000
0.000000
261630.000000
169089.000000
163309.000000
162207.000000
145752.000000
147145.000000
164525.000000
104102.000000
175304.000000
148532.000000
139425.000000
165033.000000
161235.000000
126987.000000
178013.000000
149604.000000
152119.000000
178797.000000
180927.000000
89801.000000
166935.000000
165744.000000
156404.000000
132653.000000
193036.000000
141020.000000
174171.000000
153990.000000
140682.000000
161644.000000
149832.000000
189006.000000
147312.000000
182672.000000
174019.000000
172708.000000
142687.000000
167997.000000
144754.000000
133223.000000
148554.000000
148091.000000
163813.000000
161634.000000
185583.000000
150392.000000
122829.000000
157271.000000
176073.000000
148598.000000
159843.000000
176388.000000
159104.000000
146493.000000
158136.000000
137116.000000
186457.000000
150626.000000
146819.000000
172450.000000
137894.000000
160587.000000
133602.000000
156005.000000
123593.000000
195778.000000
152705.000000
158367.000000
37203.000000
178314.000000
128356.000000
137389.000000
163830.000000
159103.000000
176499.000000
179765.000000
164980.000000
142129.000000
143427.000000
141755.000000
144538.000000
142868.000000
149508.000000
187324.000000
193278.000000
168879.000000
75855.000000
191745.000000
113424.000000
126926.000000
147734.000000
139054.000000
159486.000000
159391.000000
163895.000000
175435.000000
157206.000000
189837.000000
168094.000000
183758.000000
120555.000000
97808.000000
170017.000000
177594.000000
87251.000000
122940.000000
139351.000000
138266.000000
125977.000000
156528.000000
167580.000000
116488.000000
164667.000000
56428.000000
148128.000000
155100.000000
184058.000000
127796.000000
174934.000000
138906.000000
152159.000000
138001.000000
153136.000000
157767.000000
175145.000000
141216.000000
164554.000000
154213.000000
167924.000000
177847.000000
188503.000000
206834.000000
173314.000000
155340.000000
133937.000000
131584.000000
168258.000000
142539.000000
142261.000000
173714.000000
145515.000000
181702.000000
168702.000000
152354.000000
152825.000000
163632.000000
149797.000000
157441.000000
153838.000000
195414.000000
115792.000000
188614.000000
151680.000000
90587.000000
183391.000000
140196.000000
176543.000000
157375.000000
166820.000000
177329.000000
195116.000000
155315.000000
163577.000000
148895.000000
126909.000000
165991.000000
146680.000000
120518.000000
113635.000000
171170.000000
194523.000000
163451.000000
152223.000000
134688.000000
183131.000000
154570.000000
145163.000000
135507.000000
189947.000000
150059.000000
173132.000000
163068.000000
150517.000000
179254.000000
139255.000000
146957.000000
154370.000000
157652.000000
139362.000000
139920.000000
169025.000000
156074.000000
165186.000000
186437.000000
150073.000000
164175.000000
163595.000000
112683.000000
151059.000000
159971.000000
159576.000000
169576.000000
173785.000000
163180.000000
152999.000000
157786.000000
100753.000000
161268.000000
157433.000000
164006.000000
179155.000000
123067.000000
117973.000000
128776.000000
210850.000000
142148.000000
182833.000000
157913.000000
153923.000000
156323.000000
170630.000000
177368.000000
142976.000000
134278.000000
165498.000000
123800.000000
157522.000000
179877.000000
162673.000000
155940.000000
162697.000000
181498.000000
186362.000000
170945.000000
118225.000000
140136.000000
176683.000000
140186.000000
160156.000000
168088.000000
196688.000000
181114.000000
132260.000000
147759.000000
154420.000000
159315.000000
74422.000000
175325.000000
162425.000000
193423.000000
138576.000000
160536.000000
149249.000000
77269.000000
102418.000000
170197.000000
162709.000000
178220.000000
163826.000000
164538.000000
146615.000000
149124.000000
184790.000000
129234.000000
155387.000000
138400.000000
146151.000000
132249.000000
114236.000000
185566.000000
157177.000000
163313.000000
172733.000000
172024.000000
150753.000000
145949.000000
109654.000000
139744.000000
156551.000000
179856.000000
103666.000000
155467.000000
154344.000000
154981.000000
175713.000000
174451.000000
157415.000000
160279.000000
167568.000000
158200.000000
167549.000000
157392.000000
141474.000000
159130.000000
116682.000000
145444.000000
159106.000000
127325.000000
143207.000000
192091.000000
158050.000000
89226.000000
180007.000000
172553.000000
154880.000000
140753.000000
138807.000000
158896.000000
129934.000000
153765.000000
152738.000000
150454.000000
142579.000000
153855.000000
132336.000000
166877.000000
199451.000000
180937.000000
140923.000000
193158.000000
154865.000000
178739.000000
140432.000000
168886.000000
164195.000000
205558.000000
108664.000000
60853.000000
137606.000000
162315.000000
144232.000000
179840.000000
147311.000000
164978.000000
196958.000000
149216.000000
94253.000000
173510.000000
168336.000000
181831.000000
153250.000000
144740.000000
179725.000000
136444.000000
77761.000000
158881.000000
155533.000000
178768.000000
162517.000000
153309.000000
183663.000000
122340.000000
164855.000000
145992.000000
169471.000000
161549.000000
197124.000000
151709.000000
166652.000000
212585.000000
167567.000000
199839.000000
177659.000000
168319.000000
147570.000000
159035.000000
125801.000000
165744.000000
153416.000000
140819.000000
188731.000000
153756.000000
143864.000000
165233.000000
134473.000000
158486.000000
51617.000000
156532.000000
133112.000000
156323.000000
165009.000000
154157.000000
155973.000000
177845.000000
160149.000000
183936.000000
115690.000000
151327.000000
103375.000000
28393.000000
62450.000000
171648.000000
127845.000000
180036.000000
146937.000000
133039.000000
150083.000000
172378.000000
141264.000000
166743.000000
174625.000000
150025.000000
138578.000000
134170.000000
135152.000000
163023.000000
133057.000000
110875.000000
187810.000000
162159.000000
122366.000000
141134.000000
147213.000000
153440.000000
182653.000000
177894.000000
86549.000000
163210.000000
156609.000000
145276.000000
127949.000000
163303.000000
153173.000000
161424.000000
163276.000000
99856.000000
147895.000000
186961.000000
172017.000000
136539.000000
98398.000000
36183.000000
133559.000000
153668.000000
155561.000000
171966.000000
134355.000000
155758.000000
173206.000000
158053.000000
135136.000000
171535.000000
139231.000000
160278.000000
136563.000000
172720.000000
145998.000000
139074.000000
191374.000000
116950.000000
178294.000000
182202.000000
155675.000000
191310.000000
139334.000000
167166.000000
163868.000000
174983.000000
155418.000000
171008.000000
112441.000000
151790.000000
145770.000000
179302.000000
173408.000000
144470.000000
154567.000000
135968.000000
165937.000000
167931.000000
152089.000000
200740.000000
121830.000000
123795.000000
143000.000000
144794.000000
155181.000000
146238.000000
164698.000000
177122.000000
155766.000000
189030.000000
162639.000000
172747.000000
162245.000000
165868.000000
172958.000000
173384.000000
176226.000000
150509.000000
143504.000000
175433.000000
169206.000000
138841.000000
155556.000000
137427.000000
178092.000000
163868.000000
139747.000000
148230.000000
171948.000000
182005.000000
171283.000000
116184.000000
157051.000000
117267.000000
153521.000000
153534.000000
171400.000000
147857.000000
155934.000000
87299.000000
151662.000000
201312.000000
156736.000000
173313.000000
185433.000000
199108.000000
164842.000000
138277.000000
167911.000000
165685.000000
168137.000000
178878.000000
180428.000000
155250.000000
154506.000000
194337.000000
177959.000000
177932.000000
98883.000000
159827.000000
157954.000000
55450.000000
168813.000000
161532.000000
119679.000000
141482.000000
114835.000000
138597.000000
113845.000000
157929.000000
132512.000000
162616.000000
134560.000000
127148.000000
197018.000000
176294.000000
193529.000000
186191.000000
66565.000000
151152.000000
150155.000000
142943.000000
157695.000000
116423.000000
156253.000000
200002.000000
177818.000000
188032.000000
166070.000000
184648.000000
181791.000000
134448.000000
143425.000000
162857.000000
148889.000000
157941.000000
125661.000000
170931.000000
157914.000000
161164.000000
180595.000000
164474.000000
119887.000000
165186.000000
167775.000000
121071.000000
141662.000000
148630.000000
146213.000000
152679.000000
147049.000000
177306.000000
180865.000000
156629.000000
168189.000000
152034.000000
174623.000000
128829.000000
173527.000000
163439.000000
152374.000000
142206.000000
142904.000000
185810.000000
97655.000000
191026.000000
128260.000000
145707.000000
168065.000000
156371.000000
153668.000000
175783.000000
163749.000000
149158.000000
52795.000000
172460.000000
141282.000000
150730.000000
159402.000000
145695.000000
150483.000000
133300.000000
139527.000000
138977.000000
141130.000000
115914.000000
147920.000000
136118.000000
112626.000000
108643.000000
154478.000000
162197.000000
187897.000000
143453.000000
174359.000000
169964.000000
173415.000000
144230.000000
143519.000000
160424.000000
148189.000000
160854.000000
159371.000000
142553.000000
165210.000000
185006.000000
157737.000000
138276.000000
176930.000000
119905.000000
148895.000000
201932.000000
161595.000000
133265.000000
171966.000000
149130.000000
150192.000000
102005.000000
147450.000000
147804.000000
127914.000000
113536.000000
95961.000000
151504.000000
139141.000000
135475.000000
137416.000000
171734.000000
148918.000000
168974.000000
169053.000000
147545.000000
133991.000000
184118.000000
119261.000000
109045.000000
192475.000000
89777.000000
152318.000000
142629.000000
125009.000000
81547.000000
152872.000000
161925.000000
157996.000000
146403.000000
166320.000000
160574.000000
145013.000000
168752.000000
130274.000000
199717.000000
166132.000000
174397.000000
120152.000000
166349.000000
155961.000000
149231.000000
149362.000000
141258.000000
191440.000000
137245.000000
149521.000000
176513.000000
87807.000000
146830.000000
147000.000000
168178.000000
158799.000000
146348.000000
152424.000000
128714.000000
159250.000000
146323.000000
143959.000000
134354.000000
125514.000000
156058.000000
167258.000000
178277.000000
169984.000000
111167.000000
126825.000000
191662.000000
171469.000000
117344.000000
160828.000000
123148.000000
169121.000000
146785.000000
169732.000000
133271.000000
184408.000000
140088.000000
93539.000000
183009.000000
144636.000000
100088.000000
121607.000000
161642.000000
184732.000000
146779.000000
164080.000000
186736.000000
147101.000000
171192.000000
147810.000000
143692.000000
146962.000000
77398.000000
181549.000000
189696.000000
182549.000000
194301.000000
160455.000000
147986.000000
171803.000000
170425.000000
155778.000000
142199.000000
177904.000000
191925.000000
136229.000000
164755.000000
138388.000000
170302.000000
149519.000000
123791.000000
170847.000000
141503.000000
149455.000000
161708.000000
114399.000000
169554.000000
169969.000000
165150.000000
193485.000000
160283.000000
168131.000000
168362.000000
145171.000000
180183.000000
129213.000000
208231.000000
142592.000000
164872.000000
145484.000000
163799.000000
155242.000000
140970.000000
165399.000000
163885.000000
78682.000000
172157.000000
162765.000000
115104.000000
158704.000000
158341.000000
187884.000000
148590.000000
132750.000000
124043.000000
147363.000000
189655.000000
190393.000000
123385.000000
150971.000000
132262.000000
188984.000000
122946.000000
182971.000000
149509.000000
178962.000000
160486.000000
131756.000000
200735.000000
152158.000000
142401.000000
151260.000000
163738.000000
156818.000000
146100.000000
210996.000000
89983.000000
160581.000000
146887.000000
182243.000000
138982.000000
160064.000000
152236.000000
147980.000000
144509.000000
132414.000000
136510.000000
186269.000000
118666.000000
76165.000000
164728.000000
116715.000000
187952.000000
178393.000000
159207.000000
120561.000000
161557.000000
106721.000000
162691.000000
176522.000000
130992.000000
187750.000000
165867.000000
167424.000000
171614.000000
146677.000000
150423.000000
178019.000000
170909.000000
181925.000000
174293.000000
176683.000000
161226.000000
153425.000000
183796.000000
173356.000000
136825.000000
175679.000000
113313.000000
137222.000000
168066.000000
118534.000000
156803.000000
107680.000000
149435.000000
153983.000000
127943.000000
173172.000000
128851.000000
149566.000000
114815.000000
136761.000000
184219.000000
142908.000000
86792.000000
152756.000000
176055.000000
173706.000000
109741.000000
108530.000000
150603.000000
156898.000000
159579.000000
169256.000000
167530.000000
175109.000000
110753.000000
133487.000000
166705.000000
74873.000000
138880.000000
126490.000000
160978.000000
114659.000000
179868.000000
182058.000000
138654.000000
167085.000000
161309.000000
110494.000000
179976.000000
129574.000000
105643.000000
70485.000000
158328.000000
190562.000000
175091.000000
174735.000000
182717.000000
174391.000000
160671.000000
168807.000000
121682.000000
156695.000000
127673.000000
161364.000000
178504.000000
163215.000000
124276.000000
138242.000000
113895.000000
125122.000000
140752.000000
165233.000000
150856.000000
120254.000000
178898.000000
145336.000000
172958.000000
92532.000000
175529.000000
192370.000000
192562.000000
164579.000000
151029.000000
186415.000000
167466.000000
136995.000000
150952.000000
166946.000000
185442.000000
186398.000000
147739.000000
104930.000000
171378.000000
131782.000000
146394.000000
137264.000000
180742.000000
165144.000000
142884.000000
123977.000000
142672.000000
155167.000000
152543.000000
168119.000000
146516.000000
137600.000000
149070.000000
161303.000000
171218.000000
176969.000000
189761.000000
153289.000000
132470.000000
155029.000000
127276.000000
151009.000000
148818.000000
151280.000000
142098.000000
141408.000000
187354.000000
175342.000000
145626.000000
197699.000000
133250.000000
170175.000000
133141.000000
172251.000000
148644.000000
152201.000000
135949.000000
158808.000000
156039.000000
92525.000000
158175.000000
161459.000000
184891.000000
158802.000000
182453.000000
115707.000000
163635.000000
161584.000000
194406.000000
164793.000000
177186.000000
175314.000000
176100.000000
194906.000000
138857.000000
151295.000000
137936.000000
133417.000000
154602.000000
149032.000000
158214.000000
131424.000000
139809.000000
131203.000000
188142.000000
160696.000000
165969.000000
158043.000000
172460.000000
161377.000000
174667.000000
169281.000000
142604.000000
154732.000000
142325.000000
131146.000000
103107.000000
111671.000000
136361.000000
180611.000000
193058.000000
167020.000000
153908.000000
128556.000000
193674.000000
166735.000000
176202.000000
147228.000000
132042.000000
139736.000000
204488.000000
171673.000000
201399.000000
155215.000000
159841.000000
167689.000000
164304.000000
179934.000000
138981.000000
158837.000000
95368.000000
163502.000000
153862.000000
132935.000000
134596.000000
183688.000000
120788.000000
141563.000000
140015.000000
149163.000000
157440.000000
169677.000000
138546.000000
175186.000000
163572.000000
185169.000000
69606.000000
158369.000000
170259.000000
180940.000000
168748.000000
150688.000000
157766.000000
190771.000000
105151.000000
152026.000000
154045.000000
186430.000000
159017.000000
124237.000000
159288.000000
157709.000000
170563.000000
147218.000000
155252.000000
174868.000000
59758.000000
156768.000000
161012.000000
179906.000000
157386.000000
168671.000000
155442.000000
189888.000000
116621.000000
136182.000000
127930.000000
167291.000000
167212.000000
106398.000000
121743.000000
147494.000000
169090.000000
143097.000000
196473.000000
146078.000000
133861.000000
184164.000000
186068.000000
115295.000000
161395.000000
155141.000000
175086.000000
141906.000000
111835.000000
164542.000000
145926.000000
149066.000000
151995.000000
149104.000000
149742.000000
155533.000000
164873.000000
133969.000000
135584.000000
183898.000000
161322.000000
175063.000000
193336.000000
172363.000000
119810.000000
132925.000000
166178.000000
144839.000000
189965.000000
157166.000000
151772.000000
94127.000000
174320.000000
147297.000000
151699.000000
114791.000000
133251.000000
197049.000000
168540.000000
177177.000000
162205.000000
166555.000000
188808.000000
158865.000000
165176.000000
133274.000000
166436.000000
146973.000000
77022.000000
156252.000000
175089.000000
175590.000000
168765.000000
188430.000000
131952.000000
158781.000000
175705.000000
129871.000000
143415.000000
185466.000000
145249.000000
104453.000000
160584.000000
141547.000000
167642.000000
141120.000000
117129.000000
151935.000000
159512.000000
164853.000000
173987.000000
203355.000000
199200.000000
150728.000000
181435.000000
132102.000000
158027.000000
139833.000000
156927.000000
142694.000000
177969.000000
169073.000000
157213.000000
187879.000000
192440.000000
128962.000000
154216.000000
152859.000000
137995.000000
169869.000000
123351.000000
164733.000000
148078.000000
165432.000000
151735.000000
179838.000000
164743.000000
153424.000000
168613.000000
137883.000000
157013.000000
141673.000000
142205.000000
131257.000000
154941.000000
154516.000000
139763.000000
154014.000000
158916.000000
181356.000000
184268.000000
163228.000000
163132.000000
151614.000000
169191.000000
176554.000000
153891.000000
165867.000000
100300.000000
164354.000000
166614.000000
163947.000000
62753.000000
183758.000000
167897.000000
155546.000000
155173.000000
181770.000000
159667.000000
167232.000000
179255.000000
145937.000000
169242.000000
122450.000000
170871.000000
166814.000000
116578.000000
148300.000000
120623.000000
145637.000000
115543.000000
185267.000000
177710.000000
171695.000000
180870.000000
128721.000000
162359.000000
162331.000000
174599.000000
178266.000000
145022.000000
166232.000000
182535.000000
145327.000000
172354.000000
157145.000000
152821.000000
123533.000000
190933.000000
122329.000000
174524.000000
173417.000000
175659.000000
169237.000000
122941.000000
192208.000000
172518.000000
171422.000000
131691.000000
179481.000000
