0.000000
0.000000
0.000000
0.000000
0.000000
0.000000
0.000000
0.000000
0.000000
0.000000
0.000000
0.000000
0.000000
0.000000
0.000000
0.000000
0.000000
0.000000
0.000000
0.000000
0.000000
0.000000
0.000000
0.000000
0.000000
0.000000
0.000000
0.000000
0.000000
0.000000
0.000000
0.000000
0.000000
0.000000
0.000000
0.000000
0.000000
0.000000
0.000000
0.000000
0.000000
0.000000
0.000000
0.000000
0.000000
0.000000
0.000000
0.000000
0.000000
0.000000
0.000000
0.000000
0.000000
0.000000
0.000000
0.000000
0.000000
0.000000
0.000000
0.000000
0.000000
0.000000
0.000000
0.000000
0.000000
0.000000
0.000000
0.000000
0.000000
0.000000
0.000000
0.000000
0.000000
0.000000
0.000000
0.000000
0.000000
0.000000
0.000000
0.000000
0.000000
0.000000
0.000000
0.000000
0.000000
0.000000
0.000000
0.000000
0.000000
0.000000
0.000000
0.000000
0.000000
0.000000
0.000000
0.000000
0.000000
0.000000
0.000000
0.000000
0.000000
0.000000
0.000000
0.000000
0.000000
0.000000
0.000000
0.000000
0.000000
0.000000
0.000000
0.000000
0.000000
0.000000
0.000000
0.000000
0.000000
0.000000
0.000000
0.000000
0.000000
0.000000
0.000000
0.000000
0.000000
0.000000
0.000000
0.000000
0.000000
0.000000
0.000000
0.000000
0.000000
0.000000
0.000000
0.000000
0.000000
0.000000
0.000000
0.000000
0.000000
0.000000
0.000000
0.000000
0.000000
0.000000
0.000000
0.000000
0.000000
0.000000
0.000000
0.000000
0.000000
0.000000
0.000000
0.000000
0.000000
0.000000
0.000000
0.000000
0.000000
0.000000
0.000000
0.000000
0.000000
0.000000
0.000000
0.000000
0.000000
0.000000
0.000000
0.000000
0.000000
0.000000
0.000000
0.000000
0.000000
0.000000
0.000000
0.000000
0.000000
0.000000
0.000000
0.000000
0.000000
0.000000
0.000000
0.000000
0.000000
0.000000
0.000000
0.000000
0.000000
0.000000
0.000000
0.000000
0.000000
0.000000
0.000000
0.000000
0.000000
0.000000
0.000000
0.000000
0.000000
0.000000
0.000000
0.000000
0.000000
0.000000
0.000000
0.000000
0.000000
0.000000
0.000000
0.000000
0.000000
0.000000
0.000000
0.000000
0.000000
0.000000
0.000000
0.000000
0.000000
0.000000
0.000000
0.000000
0.000000
0.000000
0.000000
0.000000
0.000000
0.000000
0.000000
0.000000
0.000000
0.000000
0.000000
0.000000
0.000000
0.000000
0.000000
0.000000
0.000000
0.000000
0.000000
0.000000
0.000000
0.000000
0.000000
0.000000
0.000000
0.000000
0.000000
0.000000
0.000000
0.000000
0.000000
0.000000
0.000000
0.000000
0.000000
0.000000
0.000000
0.000000
0.000000
0.000000
0.000000
0.000000
0.000000
0.000000
0.000000
0.000000
0.000000
0.000000
0.000000
0.000000
0.000000
0.000000
0.000000
0.000000
0.000000
0.000000
0.000000
0.000000
0.000000
0.000000
0.000000
0.000000
0.000000
0.000000
0.000000
0.000000
0.000000
0.000000
0.000000
0.000000
0.000000
0.000000
0.000000
0.000000
0.000000
0.000000
0.000000
0.000000
0.000000
0.000000
0.000000
0.000000
0.000000
0.000000
0.000000
0.000000
0.000000
0.000000
0.000000
0.000000
0.000000
0.000000
0.000000
0.000000
0.000000
0.000000
0.000000
0.000000
0.000000
0.000000
0.000000
0.000000
0.000000
0.000000
0.000000
0.000000
0.000000
0.000000
0.000000
0.000000
0.000000
0.000000
0.000000
0.000000
0.000000
0.000000
0.000000
0.000000
0.000000
0.000000
0.000000
0.000000
0.000000
0.000000
0.000000
0.000000
0.000000
0.000000
0.000000
0.000000
0.000000
0.000000
0.000000
0.000000
0.000000
0.000000
0.000000
0.000000
0.000000
0.000000
0.000000
0.000000
0.000000
0.000000
0.000000
0.000000
0.000000
0.000000
0.000000
0.000000
0.000000
0.000000
0.000000
0.000000
0.000000
0.000000
0.000000
0.000000
0.000000
0.000000
0.000000
0.000000
0.000000
0.000000
0.000000
0.000000
0.000000
0.000000
0.000000
0.000000
0.000000
0.000000
0.000000
0.000000
0.000000
0.000000
0.000000
0.000000
0.000000
0.000000
0.000000
0.000000
0.000000
0.000000
0.000000
0.000000
0.000000
0.000000
0.000000
0.000000
0.000000
0.000000
0.000000
0.000000
0.000000
0.000000
0.000000
0.000000
0.000000
0.000000
0.000000
0.000000
0.000000
0.000000
0.000000
0.000000
0.000000
0.000000
0.000000
0.000000
0.000000
0.000000
0.000000
0.000000
0.000000
0.000000
0.000000
0.000000
0.000000
0.000000
0.000000
0.000000
0.000000
0.000000
0.000000
0.000000
0.000000
0.000000
0.000000
0.000000
0.000000
0.000000
0.000000
0.000000
0.000000
0.000000
0.000000
0.000000
0.000000
0.000000
0.000000
0.000000
0.000000
0.000000
0.000000
0.000000
0.000000
0.000000
0.000000
0.000000
0.000000
0.000000
0.000000
0.000000
0.000000
0.000000
0.000000
0.000000
0.000000
0.000000
0.000000
0.000000
0.000000
0.000000
0.000000
0.000000
0.000000
0.000000
0.000000
0.000000
0.000000
0.000000
0.000000
0.000000
0.000000
0.000000
0.000000
0.000000
0.000000
0.000000
0.000000
0.000000
0.000000
0.000000
0.000000
0.000000
0.000000
0.000000
0.000000
0.000000
0.000000
0.000000
0.000000
0.000000
0.000000
0.000000
0.000000
0.000000
0.000000
0.000000
0.000000
0.000000
0.000000
0.000000
0.000000
0.000000
0.000000
0.000000
0.000000
0.000000
0.000000
0.000000
0.000000
0.000000
0.000000
0.000000
0.000000
0.000000
0.000000
0.000000
0.000000
0.000000
0.000000
0.000000
0.000000
0.000000
0.000000
0.000000
0.000000
0.000000
0.000000
0.000000
0.000000
0.000000
0.000000
0.000000
0.000000
0.000000
0.000000
0.000000
0.000000
0.000000
0.000000
0.000000
0.000000
0.000000
0.000000
0.000000
0.000000
0.000000
0.000000
0.000000
0.000000
0.000000
0.000000
0.000000
0.000000
0.000000
0.000000
0.000000
0.000000
0.000000
0.000000
0.000000
0.000000
0.000000
0.000000
0.000000
0.000000
0.000000
0.000000
0.000000
0.000000
0.000000
0.000000
0.000000
0.000000
5757015.000000
3652568.000000
2195842.000000
354993.000000
586406.000000
221546.000000
2350235.000000
3492382.000000
493171.000000
491981.000000
2875572.000000
222290.000000
3496892.000000
2626569.000000
1056598.000000
1954051.000000
991278.000000
125320.000000
2082272.000000
1352955.000000
258397.000000
941703.000000
3419509.000000
1057934.000000
2680749.000000
1949566.000000
742485.000000
526010.000000
731658.000000
2661532.000000
502105.000000
3666212.000000
2910074.000000
790394.000000
438649.000000
429360.000000
788518.000000
989647.000000
753480.000000
684685.000000
931554.000000
594868.000000
2106763.000000
3703298.000000
136681.000000
3067137.000000
484025.000000
556757.000000
1042289.000000
1904492.000000
773229.000000
318507.000000
1446285.000000
358209.000000
2515502.000000
1323633.000000
480576.000000
3948466.000000
243818.000000
942494.000000
481730.000000
3064251.000000
319239.000000
2306804.000000
2151060.000000
2106972.000000
36270.000000
2013273.000000
377405.000000
256102.000000
1073542.000000
1133089.000000
2282103.000000
2188140.000000
397301.000000
346765.000000
764447.000000
266939.000000
451367.000000
447254.000000
3363038.000000
3550935.000000
3179437.000000
1071256.000000
104199.000000
1791118.000000
193292.000000
171698.000000
741439.000000
2293879.000000
923085.000000
1342727.000000
806080.000000
3497390.000000
793093.000000
1745749.000000
2727702.000000
1320398.000000
517904.000000
171380.000000
1385147.000000
689679.000000
176050.000000
178491.000000
490786.000000
1952151.000000
898523.000000
3244932.000000
370902.000000
226466.000000
450893.000000
68089.000000
445464.000000
2837022.000000
2211460.000000
218097.000000
2641384.000000
302543.000000
3313280.000000
394920.000000
872722.000000
360853.000000
3407183.000000
2632657.000000
886143.000000
348229.000000
1949263.000000
604906.000000
481468.000000
3229221.000000
850325.000000
622082.000000
511924.000000
306359.000000
1061261.000000
347135.000000
453085.000000
3459272.000000
333182.000000
2786161.000000
3164064.000000
539091.000000
373489.000000
2692012.000000
546963.000000
430599.000000
804547.000000
1662757.000000
633525.000000
2890163.000000
2899956.000000
142280.000000
2227850.000000
422731.000000
2086116.000000
3079863.000000
1279748.000000
820321.000000
3254034.000000
652536.000000
601592.000000
3240600.000000
293156.000000
1350104.000000
2411173.000000
352010.000000
308536.000000
501767.000000
2470206.000000
863784.000000
356391.000000
560718.000000
401503.000000
1217478.000000
1705898.000000
323888.000000
1212907.000000
975574.000000
1443022.000000
3644359.000000
2428859.000000
3216455.000000
500747.000000
879866.000000
1295792.000000
3387680.000000
419048.000000
353867.000000
1087688.000000
3200155.000000
3108464.000000
3354758.000000
1026745.000000
765165.000000
717629.000000
173822.000000
475355.000000
1511373.000000
3100978.000000
3462496.000000
2943888.000000
464836.000000
3134635.000000
268537.000000
200927.000000
919109.000000
2130855.000000
1333451.000000
936569.000000
201445.000000
198077.000000
372443.000000
3174690.000000
223871.000000
360354.000000
373833.000000
531464.000000
518687.000000
3657792.000000
3091094.000000
895632.000000
172983.000000
332498.000000
317995.000000
267150.000000
3497051.000000
757497.000000
1065301.000000
400102.000000
1756659.000000
3532261.000000
2229946.000000
450678.000000
2923847.000000
3497473.000000
3391061.000000
2758713.000000
2736283.000000
3342620.000000
801957.000000
828197.000000
450623.000000
468704.000000
2910136.000000
71310.000000
1203493.000000
1306918.000000
3076852.000000
337342.000000
965984.000000
614383.000000
163545.000000
173257.000000
2686065.000000
405057.000000
739131.000000
408670.000000
1596426.000000
1027201.000000
951191.000000
2629160.000000
491111.000000
3574935.000000
300848.000000
715219.000000
438870.000000
323668.000000
2088263.000000
2291629.000000
2720084.000000
1620035.000000
1218237.000000
1641732.000000
3079737.000000
294657.000000
268283.000000
2990430.000000
473893.000000
548406.000000
844879.000000
321074.000000
1063180.000000
2815782.000000
474480.000000
555070.000000
3586101.000000
301348.000000
452596.000000
483785.000000
851004.000000
636484.000000
2712291.000000
154892.000000
304122.000000
450060.000000
241503.000000
608590.000000
3166558.000000
542650.000000
137168.000000
3236157.000000
1140658.000000
519667.000000
436547.000000
1122172.000000
2744320.000000
254654.000000
849032.000000
444996.000000
447303.000000
2519985.000000
1322912.000000
1438729.000000
2024261.000000
3113810.000000
3321501.000000
558377.000000
3448742.000000
2037416.000000
2954980.000000
486334.000000
3029412.000000
356035.000000
3401360.000000
168834.000000
56720.000000
312667.000000
3416889.000000
1475442.000000
1428617.000000
303115.000000
420474.000000
3546915.000000
2325306.000000
109517.000000
2733978.000000
3009241.000000
430541.000000
332307.000000
2036350.000000
1198813.000000
352334.000000
97859.000000
2462148.000000
1894818.000000
3227529.000000
588503.000000
2088793.000000
1435311.000000
1464689.000000
2636970.000000
1257197.000000
3820128.000000
3786402.000000
3450362.000000
602973.000000
573816.000000
2892990.000000
1587746.000000
621676.000000
1707201.000000
815876.000000
849280.000000
862401.000000
395489.000000
1028187.000000
1340618.000000
513536.000000
752072.000000
1057871.000000
703310.000000
795346.000000
429526.000000
687792.000000
63038.000000
463859.000000
397268.000000
376680.000000
322294.000000
433225.000000
471789.000000
3738609.000000
2807583.000000
578629.000000
225034.000000
2157198.000000
183589.000000
31686.000000
85564.000000
3157915.000000
263806.000000
2737747.000000
2996006.000000
491074.000000
540591.000000
1566967.000000
466057.000000
3852988.000000
1647835.000000
1726716.000000
2600613.000000
688476.000000
261659.000000
566784.000000
644538.000000
285365.000000
3612051.000000
856190.000000
319947.000000
473631.000000
546458.000000
451896.000000
3075218.000000
763326.000000
163971.000000
1573986.000000
658753.000000
366614.000000
262742.000000
2433648.000000
392194.000000
1102636.000000
2456846.000000
150644.000000
428476.000000
3148649.000000
415718.000000
535361.000000
137252.000000
33491.000000
252481.000000
2130382.000000
752552.000000
3169071.000000
362714.000000
387837.000000
2683883.000000
823398.000000
221316.000000
462248.000000
295683.000000
344892.000000
309343.000000
3522182.000000
268676.000000
2959359.000000
3419878.000000
190668.000000
1410634.000000
2748504.000000
419744.000000
3373394.000000
242719.000000
647113.000000
472801.000000
1232003.000000
1025645.000000
1603460.000000
188670.000000
3222730.000000
375029.000000
2536340.000000
582437.000000
467134.000000
959336.000000
435715.000000
2354595.000000
959670.000000
1960816.000000
653538.000000
194896.000000
289767.000000
292942.000000
234524.000000
559382.000000
452617.000000
1204294.000000
3455634.000000
750876.000000
3136414.000000
904054.000000
1945199.000000
2206743.000000
3723268.000000
2801058.000000
2409678.000000
619051.000000
497204.000000
303118.000000
3439806.000000
2991386.000000
490702.000000
974850.000000
344966.000000
2047877.000000
3369356.000000
380783.000000
2819426.000000
492307.000000
439022.000000
1193463.000000
246107.000000
1701911.000000
222121.000000
514162.000000
2784792.000000
3355466.000000
2448920.000000
693878.000000
128026.000000
517379.000000
549702.000000
2757311.000000
3350910.000000
2910197.000000
1108588.000000
401382.000000
594737.000000
1111531.000000
3353669.000000
1150207.000000
2743223.000000
2667244.000000
2760329.000000
689595.000000
3055353.000000
699966.000000
1937755.000000
202080.000000
463552.000000
468743.000000
69807.000000
3015240.000000
343295.000000
748113.000000
658553.000000
175121.000000
284316.000000
256122.000000
550772.000000
283824.000000
1069992.000000
497477.000000
250893.000000
1293149.000000
448494.000000
1498795.000000
2846113.000000
86029.000000
2786320.000000
3158645.000000
308343.000000
1361082.000000
255196.000000
821882.000000
384333.000000
2974253.000000
3446167.000000
347079.000000
2862084.000000
3355009.000000
168719.000000
1480118.000000
2541067.000000
482551.000000
247159.000000
203169.000000
695772.000000
488905.000000
480868.000000
3071874.000000
2862609.000000
174034.000000
2483603.000000
1268007.000000
212016.000000
406938.000000
612302.000000
267001.000000
2393145.000000
929454.000000
628964.000000
3548877.000000
489127.000000
359350.000000
2679626.000000
977446.000000
359173.000000
3497155.000000
454644.000000
3427964.000000
293829.000000
329455.000000
2203972.000000
167848.000000
3301925.000000
394222.000000
329762.000000
3624479.000000
1290705.000000
609711.000000
2096605.000000
572436.000000
760345.000000
93258.000000
433239.000000
331131.000000
373539.000000
573198.000000
481246.000000
3540497.000000
401780.000000
322094.000000
479943.000000
297928.000000
527923.000000
447882.000000
1742372.000000
212762.000000
166827.000000
726818.000000
240344.000000
1983017.000000
327209.000000
1099293.000000
2963812.000000
782322.000000
396690.000000
728619.000000
909449.000000
1088204.000000
1233730.000000
1804633.000000
375185.000000
2658845.000000
1859922.000000
1918848.000000
876422.000000
522873.000000
156023.000000
1030358.000000
2457506.000000
3354632.000000
217773.000000
986849.000000
586399.000000
1128266.000000
188744.000000
400313.000000
658402.000000
460020.000000
134818.000000
149241.000000
3138044.000000
433162.000000
405143.000000
306147.000000
548744.000000
363036.000000
607342.000000
1215599.000000
509657.000000
285624.000000
2501273.000000
172207.000000
197152.000000
3292088.000000
114006.000000
478932.000000
304859.000000
325834.000000
93283.000000
3105770.000000
785335.000000
1063538.000000
1938204.000000
2065412.000000
3116757.000000
340230.000000
3229808.000000
521265.000000
3165182.000000
574931.000000
2858883.000000
531752.000000
3809094.000000
2710989.000000
450101.000000
274930.000000
588576.000000
3038440.000000
852411.000000
434463.000000
3154984.000000
100593.000000
1353428.000000
3199036.000000
1434324.000000
654048.000000
1706301.000000
709648.000000
201765.000000
1520216.000000
237892.000000
2888670.000000
344836.000000
216612.000000
495582.000000
545236.000000
1313493.000000
601113.000000
445704.000000
399441.000000
578936.000000
4269714.000000
208448.000000
1301129.000000
276622.000000
463175.000000
330372.000000
3660366.000000
328672.000000
938138.000000
303374.000000
127662.000000
1856257.000000
3582354.000000
154541.000000
195976.000000
546100.000000
3384223.000000
315875.000000
2513909.000000
383676.000000
426194.000000
3703142.000000
595104.000000
435120.000000
648632.000000
123227.000000
2691249.000000
3143164.000000
838044.000000
4397253.000000
3613207.000000
295497.000000
2809985.000000
424412.000000
454704.000000
648868.000000
855623.000000
386753.000000
291682.000000
799973.000000
247631.000000
3155545.000000
1560130.000000
279285.000000
2552378.000000
2738717.000000
317416.000000
813769.000000
187763.000000
573742.000000
3028663.000000
3267822.000000
414334.000000
2517904.000000
2221454.000000
3567544.000000
3586516.000000
583442.000000
368164.000000
3556686.000000
500098.000000
982710.000000
594161.000000
675211.000000
659319.000000
475417.000000
3525521.000000
811813.000000
108213.000000
3187414.000000
3124464.000000
197190.000000
3235550.000000
843030.000000
3673999.000000
393729.000000
2779470.000000
791568.000000
1361461.000000
3582277.000000
2920120.000000
264737.000000
518831.000000
445899.000000
3777134.000000
595255.000000
2902082.000000
3375786.000000
539313.000000
468490.000000
491807.000000
722606.000000
389031.000000
3656331.000000
618969.000000
507912.000000
614182.000000
543766.000000
961569.000000
123928.000000
941578.000000
1362988.000000
494145.000000
931158.000000
2621677.000000
418740.000000
450807.000000
568096.000000
263734.000000
432718.000000
869915.000000
147344.000000
102317.000000
2195498.000000
447362.000000
518791.000000
3336362.000000
564095.000000
250081.000000
415698.000000
305679.000000
547422.000000
2181596.000000
222845.000000
392098.000000
1265816.000000
2926171.000000
616919.000000
1066988.000000
429554.000000
438632.000000
2131460.000000
3145682.000000
2281426.000000
2328206.000000
965263.000000
577136.000000
2890374.000000
844062.000000
813436.000000
1365489.000000
201910.000000
337952.000000
2922867.000000
270340.000000
2933518.000000
150914.000000
3621406.000000
519034.000000
406630.000000
2904409.000000
181703.000000
903917.000000
227533.000000
607432.000000
3098197.000000
459648.000000
162350.000000
1598150.000000
3653267.000000
3380200.000000
188194.000000
442116.000000
633598.000000
923532.000000
2937341.000000
2884158.000000
1724759.000000
3224129.000000
200780.000000
362661.000000
401925.000000
96404.000000
525414.000000
424610.000000
422284.000000
825701.000000
3558695.000000
2916119.000000
1845093.000000
3300083.000000
2708605.000000
380780.000000
417196.000000
428460.000000
215064.000000
77480.000000
3055011.000000
2923258.000000
2554662.000000
1147179.000000
3767595.000000
3542198.000000
1681226.000000
3075609.000000
253371.000000
681580.000000
497466.000000
451025.000000
553819.000000
615480.000000
445745.000000
199793.000000
198647.000000
298929.000000
1806694.000000
3006175.000000
3204323.000000
183472.000000
339241.000000
391559.000000
2316102.000000
109921.000000
298698.000000
2600225.000000
1869074.000000
1256745.000000
1149559.000000
2838141.000000
1194175.000000
831970.000000
3258445.000000
1377512.000000
3376198.000000
471320.000000
3476442.000000
328834.000000
2621686.000000
341127.000000
1482339.000000
534726.000000
3076419.000000
609290.000000
294514.000000
379674.000000
1018218.000000
399051.000000
659253.000000
275541.000000
452553.000000
469927.000000
458123.000000
1153057.000000
2713568.000000
3158121.000000
433763.000000
428156.000000
271142.000000
676184.000000
358961.000000
496654.000000
413688.000000
477652.000000
330775.000000
344704.000000
1538242.000000
2774581.000000
518353.000000
2043048.000000
1589344.000000
431131.000000
392341.000000
1148202.000000
366364.000000
551707.000000
341958.000000
3985738.000000
354241.000000
129166.000000
499048.000000
877345.000000
3182807.000000
279513.000000
2579793.000000
389341.000000
478579.000000
2757750.000000
3014053.000000
426128.000000
1311419.000000
4094850.000000
1612678.000000
3263456.000000
252033.000000
709461.000000
241147.000000
279578.000000
599402.000000
318112.000000
497905.000000
342942.000000
286777.000000
297502.000000
462163.000000
3153671.000000
442325.000000
1588540.000000
2156429.000000
3877508.000000
676692.000000
891906.000000
1870416.000000
913430.000000
421558.000000
462671.000000
101004.000000
183680.000000
784564.000000
3126890.000000
2868336.000000
1390408.000000
2103142.000000
289527.000000
3867379.000000
3422921.000000
1382553.000000
1169577.000000
1685049.000000
505806.000000
3265146.000000
2462270.000000
698527.000000
591829.000000
2752519.000000
1513050.000000
776007.000000
698940.000000
384950.000000
842271.000000
163183.000000
3666703.000000
3365188.000000
278160.000000
230901.000000
3615020.000000
907251.000000
452579.000000
691939.000000
2862246.000000
259916.000000
750290.000000
853955.000000
1847993.000000
2100439.000000
1191689.000000
83788.000000
437649.000000
1166045.000000
2921542.000000
1195806.000000
617248.000000
394729.000000
2303647.000000
183323.000000
2326360.000000
1069470.000000
3749805.000000
780112.000000
283523.000000
704962.000000
2771804.000000
1366651.000000
493517.000000
1074180.000000
2464495.000000
85821.000000
391355.000000
2900829.000000
1344816.000000
532894.000000
3511528.000000
815129.000000
3943510.000000
195774.000000
629215.000000
239975.000000
695924.000000
616027.000000
169852.000000
365562.000000
2637472.000000
1601339.000000
463583.000000
3302621.000000
375237.000000
739726.000000
1087153.000000
1449212.000000
218233.000000
3350360.000000
1700237.000000
649365.000000
451883.000000
537517.000000
636568.000000
1184378.000000
525440.000000
467249.000000
2685778.000000
839122.000000
3415581.000000
551421.000000
292581.000000
363681.000000
4025538.000000
3430777.000000
354109.000000
2348929.000000
3882578.000000
160567.000000
1622393.000000
677405.000000
810269.000000
3655507.000000
814209.000000
1725530.000000
138141.000000
3368721.000000
325313.000000
1074278.000000
180477.000000
424741.000000
3201718.000000
3387372.000000
2464184.000000
410364.000000
1873586.000000
1743454.000000
2700780.000000
1134399.000000
247404.000000
3279130.000000
3217705.000000
131106.000000
590006.000000
3569455.000000
617067.000000
2869524.000000
3135600.000000
354950.000000
497491.000000
3141637.000000
376736.000000
272788.000000
468819.000000
252772.000000
149576.000000
992702.000000
3375467.000000
1776902.000000
1336432.000000
169683.000000
895129.000000
3298350.000000
2252953.000000
1848609.000000
2242565.000000
747840.000000
310960.000000
2413983.000000
247548.000000
1169009.000000
345137.000000
756179.000000
368601.000000
509593.000000
658654.000000
3258383.000000
1558986.000000
708343.000000
299441.000000
573147.000000
2466138.000000
661901.000000
422686.000000
735859.000000
1880091.000000
312231.000000
788273.000000
493623.000000
2851138.000000
1818274.000000
3029817.000000
2623874.000000
1668660.000000
2659645.000000
1144119.000000
3173527.000000
724911.000000
293970.000000
2814315.000000
433094.000000
1657538.000000
1176229.000000
3019537.000000
3107655.000000
395528.000000
3340785.000000
1454148.000000
2700484.000000
2792224.000000
507760.000000
969392.000000
202058.000000
951069.000000
3575504.000000
3457052.000000
79003.000000
1545861.000000
362996.000000
1521900.000000
1004311.000000
3186293.000000
1045874.000000
3663629.000000
3125233.000000
3068716.000000
774097.000000
257853.000000
353867.000000
1141409.000000
265318.000000
385414.000000
506339.000000
2286953.000000
379988.000000
530531.000000
324217.000000
2217392.000000
485451.000000
219043.000000
1333631.000000
326323.000000
759387.000000
3233297.000000
3197827.000000
339079.000000
1504863.000000
3130878.000000
579622.000000
2655572.000000
732306.000000
179922.000000
3219311.000000
426396.000000
3333278.000000
3954879.000000
3493106.000000
2025864.000000
189073.000000
796823.000000
1537930.000000
2717110.000000
255230.000000
3035787.000000
