0.000000
0.000000
0.000000
0.000000
0.000000
0.000000
0.000000
0.000000
0.000000
0.000000
0.000000
0.000000
0.000000
0.000000
0.000000
0.000000
0.000000
0.000000
0.000000
0.000000
0.000000
0.000000
0.000000
0.000000
0.000000
0.000000
0.000000
0.000000
0.000000
0.000000
0.000000
0.000000
0.000000
0.000000
0.000000
0.000000
0.000000
0.000000
0.000000
0.000000
0.000000
0.000000
0.000000
0.000000
0.000000
0.000000
0.000000
0.000000
0.000000
0.000000
0.000000
0.000000
0.000000
0.000000
0.000000
0.000000
0.000000
0.000000
0.000000
0.000000
0.000000
0.000000
0.000000
0.000000
0.000000
0.000000
0.000000
0.000000
0.000000
0.000000
0.000000
0.000000
0.000000
0.000000
0.000000
0.000000
0.000000
0.000000
0.000000
0.000000
0.000000
0.000000
0.000000
0.000000
0.000000
0.000000
0.000000
0.000000
0.000000
0.000000
0.000000
0.000000
0.000000
0.000000
0.000000
0.000000
0.000000
0.000000
0.000000
0.000000
0.000000
0.000000
0.000000
0.000000
0.000000
0.000000
0.000000
0.000000
0.000000
0.000000
0.000000
0.000000
0.000000
0.000000
0.000000
0.000000
0.000000
0.000000
0.000000
0.000000
0.000000
0.000000
0.000000
0.000000
0.000000
0.000000
0.000000
0.000000
0.000000
0.000000
0.000000
0.000000
0.000000
0.000000
0.000000
0.000000
0.000000
0.000000
0.000000
0.000000
0.000000
0.000000
0.000000
0.000000
0.000000
0.000000
0.000000
0.000000
0.000000
0.000000
0.000000
0.000000
0.000000
0.000000
0.000000
0.000000
0.000000
0.000000
0.000000
0.000000
0.000000
0.000000
0.000000
0.000000
0.000000
0.000000
0.000000
0.000000
0.000000
0.000000
0.000000
0.000000
0.000000
0.000000
0.000000
0.000000
0.000000
0.000000
0.000000
0.000000
0.000000
0.000000
0.000000
0.000000
0.000000
0.000000
0.000000
0.000000
0.000000
0.000000
0.000000
0.000000
0.000000
0.000000
0.000000
0.000000
0.000000
0.000000
0.000000
0.000000
0.000000
0.000000
0.000000
0.000000
0.000000
0.000000
0.000000
0.000000
0.000000
0.000000
0.000000
0.000000
0.000000
0.000000
0.000000
0.000000
0.000000
0.000000
0.000000
0.000000
0.000000
0.000000
0.000000
0.000000
0.000000
0.000000
0.000000
0.000000
0.000000
0.000000
0.000000
0.000000
0.000000
0.000000
0.000000
0.000000
0.000000
0.000000
0.000000
0.000000
0.000000
0.000000
0.000000
0.000000
0.000000
0.000000
0.000000
0.000000
0.000000
0.000000
0.000000
0.000000
0.000000
0.000000
0.000000
0.000000
0.000000
0.000000
0.000000
0.000000
0.000000
0.000000
0.000000
0.000000
0.000000
0.000000
0.000000
0.000000
0.000000
0.000000
0.000000
0.000000
0.000000
0.000000
0.000000
0.000000
0.000000
0.000000
0.000000
0.000000
0.000000
0.000000
0.000000
0.000000
0.000000
0.000000
0.000000
0.000000
0.000000
0.000000
0.000000
0.000000
0.000000
0.000000
0.000000
0.000000
0.000000
0.000000
0.000000
0.000000
0.000000
0.000000
0.000000
0.000000
0.000000
0.000000
0.000000
0.000000
0.000000
0.000000
0.000000
0.000000
0.000000
0.000000
0.000000
0.000000
0.000000
0.000000
0.000000
0.000000
0.000000
0.000000
0.000000
0.000000
0.000000
0.000000
0.000000
0.000000
0.000000
0.000000
0.000000
0.000000
0.000000
0.000000
0.000000
0.000000
0.000000
0.000000
0.000000
0.000000
0.000000
0.000000
0.000000
0.000000
0.000000
0.000000
0.000000
0.000000
0.000000
0.000000
0.000000
0.000000
0.000000
0.000000
0.000000
0.000000
0.000000
0.000000
0.000000
0.000000
0.000000
0.000000
0.000000
0.000000
0.000000
0.000000
0.000000
0.000000
0.000000
0.000000
0.000000
0.000000
0.000000
0.000000
0.000000
0.000000
0.000000
0.000000
0.000000
0.000000
0.000000
0.000000
0.000000
0.000000
0.000000
0.000000
0.000000
0.000000
0.000000
0.000000
0.000000
0.000000
0.000000
0.000000
0.000000
0.000000
0.000000
0.000000
0.000000
0.000000
0.000000
0.000000
0.000000
0.000000
0.000000
0.000000
0.000000
0.000000
0.000000
0.000000
0.000000
0.000000
0.000000
0.000000
0.000000
0.000000
0.000000
0.000000
0.000000
0.000000
0.000000
0.000000
0.000000
0.000000
0.000000
0.000000
0.000000
0.000000
0.000000
0.000000
0.000000
0.000000
0.000000
0.000000
0.000000
0.000000
0.000000
0.000000
0.000000
0.000000
0.000000
0.000000
0.000000
0.000000
0.000000
0.000000
0.000000
0.000000
0.000000
0.000000
0.000000
0.000000
0.000000
0.000000
0.000000
0.000000
0.000000
0.000000
0.000000
0.000000
0.000000
0.000000
0.000000
0.000000
0.000000
0.000000
0.000000
0.000000
0.000000
0.000000
0.000000
0.000000
0.000000
0.000000
0.000000
0.000000
0.000000
0.000000
0.000000
0.000000
0.000000
0.000000
0.000000
0.000000
0.000000
0.000000
0.000000
0.000000
0.000000
0.000000
0.000000
0.000000
0.000000
0.000000
0.000000
0.000000
0.000000
0.000000
0.000000
0.000000
0.000000
0.000000
0.000000
0.000000
0.000000
0.000000
0.000000
0.000000
0.000000
0.000000
0.000000
0.000000
0.000000
0.000000
0.000000
0.000000
0.000000
0.000000
0.000000
0.000000
0.000000
0.000000
0.000000
0.000000
0.000000
0.000000
0.000000
0.000000
0.000000
0.000000
0.000000
0.000000
0.000000
0.000000
0.000000
0.000000
0.000000
0.000000
0.000000
0.000000
0.000000
0.000000
0.000000
0.000000
0.000000
0.000000
0.000000
0.000000
0.000000
0.000000
0.000000
0.000000
0.000000
0.000000
0.000000
0.000000
0.000000
0.000000
0.000000
0.000000
0.000000
0.000000
0.000000
0.000000
0.000000
0.000000
0.000000
0.000000
0.000000
0.000000
0.000000
0.000000
0.000000
0.000000
0.000000
0.000000
0.000000
0.000000
0.000000
0.000000
0.000000
0.000000
0.000000
0.000000
0.000000
0.000000
0.000000
0.000000
0.000000
0.000000
0.000000
0.000000
0.000000
0.000000
0.000000
0.000000
0.000000
0.000000
0.000000
0.000000
0.000000
0.000000
0.000000
0.000000
0.000000
0.000000
0.000000
0.000000
0.000000
0.000000
0.000000
0.000000
0.000000
0.000000
0.000000
15857105.000000
210893.000000
10282690.000000
5076772.000000
1166898.000000
2423558.000000
1142845.000000
133938.000000
3880670.000000
1870947.000000
344393.000000
1532277.000000
9285884.000000
969724.000000
7203115.000000
2343849.000000
877747.000000
592317.000000
750181.000000
4126769.000000
780820.000000
8281179.000000
5571353.000000
960250.000000
444854.000000
451023.000000
832757.000000
841772.000000
776309.000000
725208.000000
1119300.000000
744557.000000
2385335.000000
7118463.000000
181545.000000
4325645.000000
504303.000000
598269.000000
1107295.000000
2253290.000000
722076.000000
349663.000000
1924448.000000
369388.000000
3573411.000000
1385727.000000
482696.000000
7275057.000000
293125.000000
1172143.000000
419127.000000
5427133.000000
287434.000000
2657794.000000
3222675.000000
2718030.000000
49528.000000
2720032.000000
333026.000000
284061.000000
1134823.000000
1592209.000000
2821910.000000
2828117.000000
420172.000000
328683.000000
609051.000000
294446.000000
473855.000000
596956.000000
6812664.000000
9997215.000000
5321099.000000
1305835.000000
121602.000000
2396318.000000
157143.000000
239387.000000
846750.000000
4729918.000000
823946.000000
1627130.000000
749178.000000
7989713.000000
750775.000000
1878701.000000
4896039.000000
1177671.000000
469213.000000
147691.000000
1730574.000000
652273.000000
94657.000000
143471.000000
567633.000000
5311545.000000
988216.000000
8913826.000000
331001.000000
245787.000000
495824.000000
71851.000000
492430.000000
5649054.000000
5068538.000000
191644.000000
5143259.000000
373174.000000
5317315.000000
414805.000000
954593.000000
401584.000000
7672266.000000
5520289.000000
834474.000000
407044.000000
1722463.000000
714216.000000
554568.000000
8131370.000000
955397.000000
669332.000000
531837.000000
312178.000000
1117671.000000
296161.000000
491119.000000
7797445.000000
308595.000000
5702465.000000
5039679.000000
473111.000000
380623.000000
6642180.000000
425728.000000
470806.000000
780603.000000
1640745.000000
625576.000000
4180806.000000
5670550.000000
173405.000000
4427460.000000
413712.000000
3262057.000000
4796555.000000
1403870.000000
903982.000000
5419244.000000
703580.000000
641732.000000
6516197.000000
290077.000000
2101678.000000
3660186.000000
318598.000000
418244.000000
560238.000000
6156834.000000
786806.000000
391219.000000
502554.000000
481079.000000
1316172.000000
2882828.000000
282530.000000
1361391.000000
924508.000000
1181386.000000
8838262.000000
3586678.000000
8054681.000000
589334.000000
900979.000000
1624205.000000
7451531.000000
541495.000000
316805.000000
1207727.000000
7424343.000000
5289015.000000
6360830.000000
1267907.000000
806594.000000
748757.000000
238020.000000
514984.000000
1622763.000000
7137800.000000
7132324.000000
7071610.000000
431975.000000
4970655.000000
305015.000000
293441.000000
965377.000000
3219801.000000
1452363.000000
902709.000000
217830.000000
167599.000000
439234.000000
8786505.000000
244024.000000
406862.000000
363290.000000
540197.000000
662223.000000
9090882.000000
8531409.000000
932574.000000
227429.000000
386133.000000
321877.000000
281412.000000
6507093.000000
848859.000000
983462.000000
337511.000000
2101401.000000
9341182.000000
2927912.000000
485652.000000
3991051.000000
9017676.000000
6164010.000000
4665598.000000
4533850.000000
5972630.000000
850713.000000
828377.000000
417299.000000
685584.000000
8435787.000000
75946.000000
821833.000000
1527501.000000
5394526.000000
383287.000000
1023298.000000
544660.000000
161839.000000
189347.000000
4170881.000000
446662.000000
814914.000000
385603.000000
1422960.000000
1409482.000000
1126172.000000
4118001.000000
483006.000000
8089271.000000
330145.000000
915900.000000
463156.000000
244206.000000
2563413.000000
3121106.000000
3850629.000000
1946548.000000
1403042.000000
2237867.000000
6024705.000000
304496.000000
293834.000000
7046408.000000
530462.000000
713134.000000
890664.000000
303328.000000
1008910.000000
4138307.000000
500158.000000
652105.000000
8686758.000000
354640.000000
502424.000000
461722.000000
919789.000000
628457.000000
3999569.000000
188579.000000
293319.000000
432767.000000
234129.000000
567699.000000
6107969.000000
538177.000000
131090.000000
5330398.000000
1385464.000000
804230.000000
503019.000000
1147898.000000
4630128.000000
277871.000000
701052.000000
514758.000000
419887.000000
5423230.000000
1465746.000000
2264666.000000
2530952.000000
7549357.000000
6134967.000000
555896.000000
7554214.000000
3525392.000000
4432096.000000
468417.000000
5886551.000000
374669.000000
7851940.000000
165881.000000
63000.000000
377011.000000
10422059.000000
2136035.000000
1400487.000000
289078.000000
428003.000000
7508774.000000
5963756.000000
147750.000000
3944564.000000
6947079.000000
386547.000000
309037.000000
3112631.000000
1364366.000000
331571.000000
116896.000000
3864067.000000
2447919.000000
7095971.000000
692882.000000
3479605.000000
1542709.000000
3275327.000000
3845995.000000
1591295.000000
9927272.000000
8885162.000000
8816326.000000
597605.000000
488664.000000
9961293.000000
1821019.000000
579125.000000
2320051.000000
725490.000000
1012129.000000
1293358.000000
385753.000000
1023001.000000
1269512.000000
643149.000000
928102.000000
1018052.000000
677747.000000
710687.000000
400121.000000
850938.000000
67794.000000
467556.000000
353714.000000
439189.000000
273616.000000
372993.000000
512164.000000
9396292.000000
3706057.000000
506195.000000
203081.000000
2405566.000000
161380.000000
37636.000000
105609.000000
8013400.000000
263546.000000
4970196.000000
6650938.000000
482579.000000
431327.000000
2328485.000000
401053.000000
8206322.000000
2017873.000000
1952670.000000
4868532.000000
837423.000000
273512.000000
606994.000000
800487.000000
348314.000000
7787823.000000
796069.000000
235988.000000
503484.000000
550374.000000
423464.000000
7850456.000000
742930.000000
158992.000000
1443772.000000
785131.000000
328789.000000
290746.000000
5819993.000000
398770.000000
1242899.000000
4923927.000000
217890.000000
576106.000000
6370417.000000
523730.000000
586452.000000
136120.000000
32778.000000
260528.000000
4340997.000000
784635.000000
5529847.000000
421109.000000
412802.000000
4666682.000000
989810.000000
253586.000000
414537.000000
355804.000000
393449.000000
348731.000000
7310910.000000
292405.000000
4326461.000000
5468674.000000
177575.000000
1595958.000000
7977760.000000
400909.000000
5721980.000000
347807.000000
720017.000000
497538.000000
1184943.000000
1493569.000000
2171429.000000
198612.000000
6400529.000000
422643.000000
4947218.000000
581141.000000
540205.000000
1015561.000000
577289.000000
2721714.000000
823106.000000
3660380.000000
635745.000000
214457.000000
355298.000000
313668.000000
282467.000000
447231.000000
423486.000000
1921170.000000
8672974.000000
774735.000000
6296344.000000
941520.000000
2332463.000000
4208207.000000
8508256.000000
6034470.000000
3328386.000000
503767.000000
569331.000000
333209.000000
7106293.000000
5912977.000000
598214.000000
1073478.000000
319778.000000
3563389.000000
9009824.000000
353325.000000
5127456.000000
574760.000000
525257.000000
1422065.000000
257665.000000
1664522.000000
185759.000000
458206.000000
5603103.000000
5847192.000000
5027906.000000
688377.000000
150339.000000
471355.000000
556299.000000
6259454.000000
5716820.000000
7292976.000000
943853.000000
415337.000000
675900.000000
1278616.000000
6654856.000000
1091228.000000
4557285.000000
4954054.000000
5906003.000000
768322.000000
6671292.000000
702557.000000
2411737.000000
156153.000000
490437.000000
413634.000000
61400.000000
8775845.000000
370141.000000
825412.000000
744511.000000
193496.000000
331806.000000
178491.000000
600976.000000
255362.000000
970214.000000
547089.000000
291221.000000
1969408.000000
448761.000000
1429394.000000
6368728.000000
97386.000000
4489223.000000
7085880.000000
326333.000000
1751108.000000
218162.000000
849209.000000
439440.000000
4728116.000000
7692952.000000
399846.000000
7018624.000000
7505892.000000
198625.000000
1248504.000000
4059581.000000
421541.000000
270822.000000
234537.000000
867360.000000
453122.000000
571034.000000
4946711.000000
4977005.000000
206033.000000
4538127.000000
1660462.000000
195673.000000
445616.000000
562181.000000
254907.000000
3831180.000000
1461409.000000
868685.000000
8653411.000000
480709.000000
406658.000000
3678132.000000
938369.000000
319110.000000
6978694.000000
461084.000000
8688857.000000
285976.000000
272508.000000
2519017.000000
163503.000000
6974295.000000
348326.000000
359883.000000
7815947.000000
1377546.000000
522592.000000
2269615.000000
713214.000000
688106.000000
70186.000000
407336.000000
314115.000000
449635.000000
507879.000000
468297.000000
7907925.000000
366964.000000
297491.000000
512209.000000
322448.000000
623711.000000
521198.000000
3302407.000000
177417.000000
133655.000000
801338.000000
310932.000000
2540799.000000
300376.000000
1019339.000000
4891177.000000
838155.000000
434124.000000
739601.000000
806836.000000
1460801.000000
1191954.000000
2704180.000000
351799.000000
3098297.000000
2344593.000000
2327553.000000
732749.000000
492949.000000
152933.000000
1280792.000000
6737204.000000
9778120.000000
232561.000000
889444.000000
789156.000000
1505801.000000
195965.000000
326780.000000
632618.000000
420912.000000
134652.000000
133403.000000
8647306.000000
423744.000000
414123.000000
250972.000000
642423.000000
352714.000000
625560.000000
1294116.000000
512985.000000
262741.000000
4645967.000000
184576.000000
175261.000000
6028442.000000
106800.000000
571127.000000
296039.000000
325492.000000
78289.000000
4450934.000000
779350.000000
1056747.000000
2293028.000000
2408025.000000
6351468.000000
416057.000000
8368667.000000
568494.000000
5803301.000000
616057.000000
5571544.000000
580596.000000
7323414.000000
3336662.000000
483839.000000
263472.000000
631054.000000
7683118.000000
819350.000000
482187.000000
6178542.000000
102860.000000
1045804.000000
8708616.000000
1388687.000000
588659.000000
3375747.000000
712528.000000
224365.000000
1927571.000000
244994.000000
4419370.000000
270525.000000
229558.000000
449358.000000
572437.000000
1659168.000000
593767.000000
403234.000000
475960.000000
634012.000000
7617225.000000
225071.000000
1566585.000000
298892.000000
502945.000000
327013.000000
7372989.000000
376281.000000
1040019.000000
274276.000000
118564.000000
1970698.000000
7708947.000000
151420.000000
168675.000000
466922.000000
9336113.000000
280655.000000
3850901.000000
494484.000000
409007.000000
7097900.000000
687661.000000
540132.000000
578789.000000
121172.000000
4620595.000000
9490587.000000
861473.000000
7879463.000000
6603697.000000
261830.000000
4992115.000000
427006.000000
548019.000000
811869.000000
905311.000000
416207.000000
400401.000000
721971.000000
286767.000000
8106384.000000
1972107.000000
330538.000000
3689387.000000
3709577.000000
370724.000000
945827.000000
172653.000000
713225.000000
5915680.000000
9889276.000000
562342.000000
5140299.000000
3361744.000000
6595596.000000
5880007.000000
545223.000000
436485.000000
7193614.000000
722797.000000
931015.000000
593183.000000
772451.000000
636588.000000
357840.000000
7245008.000000
807888.000000
129761.000000
6907455.000000
6763034.000000
141602.000000
6636282.000000
784680.000000
7167854.000000
476405.000000
4045303.000000
776161.000000
1766996.000000
10260756.000000
8273738.000000
242383.000000
488317.000000
452198.000000
6714056.000000
683855.000000
10583304.000000
9723665.000000
448601.000000
530549.000000
488637.000000
701398.000000
312539.000000
6673238.000000
575041.000000
631668.000000
753667.000000
578400.000000
1019158.000000
148084.000000
1008406.000000
1357180.000000
592682.000000
1225399.000000
5683483.000000
619233.000000
460360.000000
572051.000000
320282.000000
475460.000000
937324.000000
133989.000000
95795.000000
2738307.000000
488818.000000
630484.000000
6345771.000000
642084.000000
205783.000000
381784.000000
265046.000000
455744.000000
4632706.000000
230547.000000
387975.000000
1096363.000000
6374211.000000
609346.000000
1274792.000000
574922.000000
496885.000000
4091610.000000
9528607.000000
3433002.000000
2454697.000000
1073251.000000
574883.000000
4966662.000000
954365.000000
615885.000000
1425826.000000
202388.000000
421096.000000
10380283.000000
299599.000000
5104633.000000
165722.000000
8692086.000000
588234.000000
471618.000000
7651724.000000
207722.000000
941379.000000
262449.000000
575978.000000
5543558.000000
477825.000000
129947.000000
1719237.000000
10581754.000000
6375312.000000
190001.000000
568188.000000
744242.000000
852077.000000
4649251.000000
7652512.000000
2802777.000000
4845030.000000
196111.000000
437510.000000
516754.000000
98166.000000
472164.000000
504754.000000
480692.000000
849575.000000
7464769.000000
6059742.000000
2235567.000000
7203523.000000
7551896.000000
310116.000000
414661.000000
399902.000000
235256.000000
79157.000000
8293875.000000
6722321.000000
3514390.000000
1311504.000000
8424937.000000
10080529.000000
2126367.000000
6396618.000000
272104.000000
632338.000000
434967.000000
426857.000000
588866.000000
530793.000000
437301.000000
211997.000000
206053.000000
308596.000000
1873217.000000
4817862.000000
8695949.000000
197787.000000
419085.000000
423996.000000
2987555.000000
114273.000000
389544.000000
5016545.000000
2395340.000000
1344194.000000
1324359.000000
3402515.000000
1117315.000000
799903.000000
6057462.000000
1271591.000000
5627861.000000
501723.000000
8825686.000000
478545.000000
4264171.000000
347600.000000
1323591.000000
496824.000000
6523957.000000
849210.000000
340013.000000
460896.000000
1436430.000000
368205.000000
742773.000000
293244.000000
571057.000000
520449.000000
556972.000000
1250844.000000
5472182.000000
8208090.000000
423316.000000
550695.000000
231872.000000
859310.000000
403590.000000
574034.000000
560089.000000
509087.000000
399153.000000
403178.000000
1966636.000000
3756834.000000
490727.000000
4276244.000000
3115290.000000
508337.000000
542929.000000
1402177.000000
391294.000000
475700.000000
371881.000000
7927576.000000
393087.000000
96478.000000
463419.000000
789898.000000
4880259.000000
306976.000000
4890868.000000
353156.000000
582804.000000
6286389.000000
4774107.000000
416954.000000
1847528.000000
8933575.000000
1886515.000000
6740305.000000
268340.000000
646504.000000
307840.000000
369039.000000
713963.000000
306224.000000
484979.000000
385162.000000
296852.000000
399174.000000
489358.000000
5388340.000000
450153.000000
2234389.000000
2802966.000000
7254230.000000
691520.000000
1054640.000000
2059204.000000
810097.000000
622954.000000
420700.000000
130126.000000
155747.000000
773964.000000
6443521.000000
4340643.000000
2095753.000000
4286638.000000
320871.000000
7999025.000000
6576268.000000
1587341.000000
1218666.000000
2963993.000000
579999.000000
8549614.000000
4153748.000000
1039156.000000
823745.000000
4875719.000000
1657318.000000
1067119.000000
805478.000000
391068.000000
568713.000000
270632.000000
7195627.000000
8276728.000000
416200.000000
243956.000000
8171698.000000
890708.000000
449981.000000
944765.000000
7009172.000000
258488.000000
748119.000000
982945.000000
3742127.000000
6591002.000000
1382600.000000
105057.000000
355644.000000
1410581.000000
4942982.000000
1248355.000000
593502.000000
357491.000000
6542556.000000
175908.000000
8051535.000000
1333425.000000
8816779.000000
814800.000000
316952.000000
532496.000000
6208480.000000
1375393.000000
462634.000000
1158603.000000
3617331.000000
92657.000000
451213.000000
5463627.000000
1378745.000000
464368.000000
10008533.000000
675720.000000
10601422.000000
186763.000000
570189.000000
254693.000000
756531.000000
621186.000000
174252.000000
420001.000000
5726332.000000
2008677.000000
457848.000000
6618764.000000
446282.000000
741479.000000
1290731.000000
1808935.000000
247976.000000
8267139.000000
2186330.000000
622894.000000
452063.000000
538557.000000
548974.000000
1010182.000000
527388.000000
449933.000000
3890694.000000
858015.000000
9547972.000000
603139.000000
325618.000000
355406.000000
8459487.000000
9715123.000000
480471.000000
2737490.000000
9726804.000000
185248.000000
1802246.000000
634099.000000
780758.000000
6186482.000000
796546.000000
1890659.000000
148581.000000
10005208.000000
328884.000000
1100838.000000
186673.000000
371448.000000
5591068.000000
8229172.000000
5195326.000000
445202.000000
2055088.000000
2100402.000000
3901957.000000
1020319.000000
256319.000000
7489815.000000
8488561.000000
100008.000000
613555.000000
11557964.000000
638923.000000
4617849.000000
6025547.000000
382914.000000
407885.000000
6567097.000000
414777.000000
256886.000000
481070.000000
311719.000000
156378.000000
991573.000000
5712794.000000
1837098.000000
943319.000000
206034.000000
881978.000000
5160677.000000
2591733.000000
2386855.000000
2662791.000000
871036.000000
352879.000000
3513178.000000
232433.000000
1083529.000000
365201.000000
846742.000000
452522.000000
530251.000000
831688.000000
7997318.000000
1750226.000000
803688.000000
368202.000000
480110.000000
5330407.000000
709180.000000
437024.000000
914029.000000
2315579.000000
294649.000000
756872.000000
435351.000000
5600552.000000
1715509.000000
5346694.000000
9838750.000000
2472770.000000
5745201.000000
1580159.000000
8502761.000000
921490.000000
332007.000000
4503858.000000
495008.000000
1759843.000000
1088372.000000
7084761.000000
4864808.000000
334918.000000
6140038.000000
1285626.000000
5570154.000000
4938045.000000
387572.000000
1041125.000000
204693.000000
1003311.000000
9284242.000000
7643079.000000
82650.000000
1609349.000000
403233.000000
1792706.000000
871858.000000
6289363.000000
1147444.000000
8435635.000000
4460472.000000
4458519.000000
736960.000000
289450.000000
448498.000000
1132086.000000
217634.000000
462133.000000
510231.000000
4097508.000000
534911.000000
538842.000000
422232.000000
3472069.000000
679063.000000
240878.000000
1161551.000000
266604.000000
1073170.000000
8315696.000000
5249280.000000
333599.000000
1790727.000000
8040201.000000
509768.000000
3619761.000000
693166.000000
212497.000000
5069939.000000
290542.000000
7512485.000000
8406590.000000
8929531.000000
2943116.000000
206227.000000
850984.000000
2211654.000000
4100948.000000
214999.000000
5348429.000000
