0.000000
0.000000
0.000000
0.000000
0.000000
0.000000
0.000000
0.000000
0.000000
0.000000
0.000000
0.000000
0.000000
0.000000
0.000000
0.000000
0.000000
0.000000
0.000000
0.000000
0.000000
0.000000
0.000000
0.000000
0.000000
0.000000
0.000000
0.000000
0.000000
0.000000
0.000000
0.000000
0.000000
0.000000
0.000000
0.000000
0.000000
0.000000
0.000000
0.000000
0.000000
0.000000
0.000000
0.000000
0.000000
0.000000
0.000000
0.000000
0.000000
0.000000
0.000000
0.000000
0.000000
0.000000
0.000000
0.000000
0.000000
0.000000
0.000000
0.000000
0.000000
0.000000
0.000000
0.000000
0.000000
0.000000
0.000000
0.000000
0.000000
0.000000
0.000000
0.000000
0.000000
0.000000
0.000000
0.000000
0.000000
0.000000
0.000000
0.000000
0.000000
0.000000
0.000000
0.000000
0.000000
0.000000
0.000000
0.000000
0.000000
0.000000
0.000000
0.000000
0.000000
0.000000
0.000000
0.000000
0.000000
0.000000
0.000000
0.000000
0.000000
0.000000
0.000000
0.000000
0.000000
0.000000
0.000000
0.000000
0.000000
0.000000
0.000000
0.000000
0.000000
0.000000
0.000000
0.000000
0.000000
0.000000
0.000000
0.000000
0.000000
0.000000
0.000000
0.000000
0.000000
0.000000
0.000000
0.000000
0.000000
0.000000
0.000000
0.000000
0.000000
0.000000
0.000000
0.000000
0.000000
0.000000
0.000000
0.000000
0.000000
0.000000
0.000000
0.000000
0.000000
0.000000
0.000000
0.000000
0.000000
0.000000
0.000000
0.000000
0.000000
0.000000
0.000000
0.000000
0.000000
0.000000
0.000000
0.000000
0.000000
0.000000
0.000000
0.000000
0.000000
0.000000
0.000000
0.000000
0.000000
0.000000
0.000000
0.000000
0.000000
0.000000
0.000000
0.000000
0.000000
0.000000
0.000000
0.000000
0.000000
0.000000
0.000000
0.000000
0.000000
0.000000
0.000000
0.000000
0.000000
0.000000
0.000000
0.000000
0.000000
0.000000
0.000000
0.000000
0.000000
0.000000
0.000000
0.000000
0.000000
0.000000
0.000000
0.000000
0.000000
0.000000
0.000000
0.000000
0.000000
0.000000
0.000000
0.000000
0.000000
0.000000
0.000000
0.000000
0.000000
0.000000
0.000000
0.000000
0.000000
0.000000
0.000000
0.000000
0.000000
0.000000
0.000000
0.000000
0.000000
0.000000
0.000000
0.000000
0.000000
0.000000
0.000000
0.000000
0.000000
0.000000
0.000000
0.000000
0.000000
0.000000
0.000000
0.000000
0.000000
0.000000
0.000000
0.000000
0.000000
0.000000
0.000000
0.000000
0.000000
0.000000
0.000000
0.000000
0.000000
0.000000
0.000000
0.000000
0.000000
0.000000
0.000000
0.000000
0.000000
0.000000
0.000000
0.000000
0.000000
0.000000
0.000000
0.000000
0.000000
0.000000
0.000000
0.000000
0.000000
0.000000
0.000000
0.000000
0.000000
0.000000
0.000000
0.000000
0.000000
0.000000
0.000000
0.000000
0.000000
0.000000
0.000000
0.000000
0.000000
0.000000
0.000000
0.000000
0.000000
0.000000
0.000000
0.000000
0.000000
0.000000
0.000000
0.000000
0.000000
0.000000
0.000000
0.000000
0.000000
0.000000
0.000000
0.000000
0.000000
0.000000
0.000000
0.000000
0.000000
0.000000
0.000000
0.000000
0.000000
0.000000
0.000000
0.000000
0.000000
0.000000
0.000000
0.000000
0.000000
0.000000
0.000000
0.000000
0.000000
0.000000
0.000000
0.000000
0.000000
0.000000
0.000000
0.000000
0.000000
0.000000
0.000000
0.000000
0.000000
0.000000
0.000000
0.000000
0.000000
0.000000
0.000000
0.000000
0.000000
0.000000
0.000000
0.000000
0.000000
0.000000
0.000000
0.000000
0.000000
0.000000
0.000000
0.000000
0.000000
0.000000
0.000000
0.000000
0.000000
0.000000
0.000000
0.000000
0.000000
0.000000
0.000000
0.000000
0.000000
0.000000
0.000000
0.000000
0.000000
0.000000
0.000000
0.000000
0.000000
0.000000
0.000000
0.000000
0.000000
0.000000
0.000000
0.000000
0.000000
0.000000
0.000000
0.000000
0.000000
0.000000
0.000000
0.000000
0.000000
0.000000
0.000000
0.000000
0.000000
0.000000
0.000000
0.000000
0.000000
0.000000
0.000000
0.000000
0.000000
0.000000
0.000000
0.000000
0.000000
0.000000
0.000000
0.000000
0.000000
0.000000
0.000000
0.000000
0.000000
0.000000
0.000000
0.000000
0.000000
0.000000
0.000000
0.000000
0.000000
0.000000
0.000000
0.000000
0.000000
0.000000
0.000000
0.000000
0.000000
0.000000
0.000000
0.000000
0.000000
0.000000
0.000000
0.000000
0.000000
0.000000
0.000000
0.000000
0.000000
0.000000
0.000000
0.000000
0.000000
0.000000
0.000000
0.000000
0.000000
0.000000
0.000000
0.000000
0.000000
0.000000
0.000000
0.000000
0.000000
0.000000
0.000000
0.000000
0.000000
0.000000
0.000000
0.000000
0.000000
0.000000
0.000000
0.000000
0.000000
0.000000
0.000000
0.000000
0.000000
0.000000
0.000000
0.000000
0.000000
0.000000
0.000000
0.000000
0.000000
0.000000
0.000000
0.000000
0.000000
0.000000
0.000000
0.000000
0.000000
0.000000
0.000000
0.000000
0.000000
0.000000
0.000000
0.000000
0.000000
0.000000
0.000000
0.000000
0.000000
0.000000
0.000000
0.000000
0.000000
0.000000
0.000000
0.000000
0.000000
0.000000
0.000000
0.000000
0.000000
0.000000
0.000000
0.000000
0.000000
0.000000
0.000000
0.000000
0.000000
0.000000
0.000000
0.000000
0.000000
0.000000
0.000000
0.000000
0.000000
0.000000
0.000000
0.000000
0.000000
0.000000
0.000000
0.000000
0.000000
0.000000
0.000000
0.000000
0.000000
0.000000
0.000000
0.000000
0.000000
0.000000
0.000000
0.000000
0.000000
0.000000
0.000000
0.000000
0.000000
0.000000
0.000000
0.000000
0.000000
0.000000
0.000000
0.000000
0.000000
0.000000
0.000000
0.000000
0.000000
0.000000
0.000000
0.000000
0.000000
0.000000
0.000000
0.000000
0.000000
0.000000
0.000000
0.000000
0.000000
0.000000
0.000000
0.000000
0.000000
0.000000
0.000000
0.000000
0.000000
0.000000
0.000000
0.000000
0.000000
0.000000
0.000000
0.000000
0.000000
0.000000
0.000000
0.000000
0.000000
0.000000
0.000000
0.000000
0.000000
0.000000
0.000000
0.000000
0.000000
0.000000
0.000000
0.000000
0.000000
0.000000
0.000000
0.000000
0.000000
0.000000
0.000000
0.000000
0.000000
0.000000
0.000000
0.000000
0.000000
0.000000
0.000000
0.000000
0.000000
0.000000
0.000000
0.000000
0.000000
0.000000
0.000000
0.000000
1035230.000000
425490.000000
376020.000000
556040.000000
667723.000000
146407.000000
467296.000000
311800.000000
368459.000000
492253.000000
637753.000000
363494.000000
253730.000000
544804.000000
232590.000000
641365.000000
564217.000000
354896.000000
519424.000000
274804.000000
544555.000000
335947.000000
639883.000000
213538.000000
498066.000000
589574.000000
576854.000000
33588.000000
674987.000000
267535.000000
235205.000000
571498.000000
649653.000000
540479.000000
635723.000000
318928.000000
232279.000000
317293.000000
208298.000000
344128.000000
373643.000000
507415.000000
750374.000000
653415.000000
557099.000000
88314.000000
604681.000000
149354.000000
180753.000000
427275.000000
655314.000000
446826.000000
549888.000000
426276.000000
637919.000000
399097.000000
542519.000000
730100.000000
471123.000000
363985.000000
158707.000000
679006.000000
375887.000000
110237.000000
177345.000000
397029.000000
703628.000000
509466.000000
699677.000000
237647.000000
164501.000000
322691.000000
51690.000000
266199.000000
621246.000000
643105.000000
178934.000000
654702.000000
288634.000000
523623.000000
357371.000000
575888.000000
292113.000000
653413.000000
605967.000000
485908.000000
380547.000000
558800.000000
414411.000000
336834.000000
560210.000000
527238.000000
340322.000000
349597.000000
212887.000000
426117.000000
256533.000000
369616.000000
594956.000000
212967.000000
685057.000000
614347.000000
311863.000000
232987.000000
679426.000000
338029.000000
329280.000000
354553.000000
618338.000000
410798.000000
645613.000000
603719.000000
176794.000000
640927.000000
222783.000000
718300.000000
666504.000000
525391.000000
397768.000000
533736.000000
410917.000000
355268.000000
658610.000000
190257.000000
735857.000000
558459.000000
212732.000000
328181.000000
386231.000000
753390.000000
397176.000000
278798.000000
408032.000000
326040.000000
600123.000000
666305.000000
226785.000000
509404.000000
537530.000000
509186.000000
649913.000000
470511.000000
611935.000000
433080.000000
568156.000000
519154.000000
596674.000000
323479.000000
259404.000000
406510.000000
617931.000000
558253.000000
685361.000000
567384.000000
468698.000000
382453.000000
188601.000000
325159.000000
574721.000000
605587.000000
769868.000000
588586.000000
315717.000000
666571.000000
208876.000000
233491.000000
413845.000000
653835.000000
506186.000000
524454.000000
139720.000000
176373.000000
284542.000000
651573.000000
234516.000000
273670.000000
291497.000000
328871.000000
412035.000000
584883.000000
554595.000000
546064.000000
151799.000000
300956.000000
198273.000000
201054.000000
661922.000000
452029.000000
423358.000000
257490.000000
609928.000000
581133.000000
573436.000000
364968.000000
517511.000000
662249.000000
586677.000000
551401.000000
608960.000000
696476.000000
511365.000000
398772.000000
266870.000000
357968.000000
533635.000000
94933.000000
584500.000000
557015.000000
631755.000000
260863.000000
414855.000000
390165.000000
147936.000000
191278.000000
599164.000000
260593.000000
464113.000000
299490.000000
403989.000000
590652.000000
433527.000000
637570.000000
362284.000000
529897.000000
217366.000000
421515.000000
305358.000000
195027.000000
535481.000000
533016.000000
562087.000000
474529.000000
616453.000000
591148.000000
663372.000000
239724.000000
201882.000000
627309.000000
401705.000000
464653.000000
418980.000000
227206.000000
459947.000000
477131.000000
268399.000000
410838.000000
606899.000000
246050.000000
320888.000000
261057.000000
480790.000000
341564.000000
590041.000000
164108.000000
225313.000000
327463.000000
187241.000000
373796.000000
595769.000000
306000.000000
120056.000000
598268.000000
599093.000000
442657.000000
325504.000000
426276.000000
633611.000000
279118.000000
346191.000000
353530.000000
309149.000000
720115.000000
643218.000000
688059.000000
496612.000000
720649.000000
644410.000000
328737.000000
662667.000000
653055.000000
576025.000000
318839.000000
561302.000000
251490.000000
520094.000000
151638.000000
94159.000000
293194.000000
661597.000000
695492.000000
529316.000000
235216.000000
304601.000000
627859.000000
659573.000000
102035.000000
557872.000000
654277.000000
306967.000000
203487.000000
543740.000000
532846.000000
226953.000000
107973.000000
605727.000000
724401.000000
597148.000000
347918.000000
683886.000000
525671.000000
576967.000000
608321.000000
628600.000000
572120.000000
615642.000000
585386.000000
350066.000000
342701.000000
607401.000000
518127.000000
345320.000000
704982.000000
488145.000000
510008.000000
654575.000000
346580.000000
500615.000000
575934.000000
446217.000000
475945.000000
513373.000000
399883.000000
448681.000000
290227.000000
483912.000000
55973.000000
375836.000000
291491.000000
282810.000000
183077.000000
302166.000000
308778.000000
752671.000000
488683.000000
300602.000000
180371.000000
463810.000000
149084.000000
39025.000000
82640.000000
633102.000000
244959.000000
693739.000000
632662.000000
310153.000000
315021.000000
627067.000000
332395.000000
642475.000000
524096.000000
608090.000000
581155.000000
436726.000000
191901.000000
427202.000000
395345.000000
307718.000000
596906.000000
508510.000000
205392.000000
340933.000000
356722.000000
271975.000000
710729.000000
436093.000000
106299.000000
461856.000000
453066.000000
311122.000000
254201.000000
653239.000000
237780.000000
501324.000000
483661.000000
175853.000000
323375.000000
677440.000000
345011.000000
401474.000000
116541.000000
31578.000000
158640.000000
648694.000000
439890.000000
601973.000000
317259.000000
264159.000000
630776.000000
484391.000000
194003.000000
257428.000000
254859.000000
243040.000000
258762.000000
536629.000000
245423.000000
479353.000000
524384.000000
151651.000000
523432.000000
676042.000000
300697.000000
646003.000000
213445.000000
344152.000000
352986.000000
518553.000000
559561.000000
594156.000000
157908.000000
615943.000000
374742.000000
695679.000000
424998.000000
412808.000000
470175.000000
389334.000000
529758.000000
409562.000000
611612.000000
352736.000000
152545.000000
241547.000000
201102.000000
216892.000000
278362.000000
265879.000000
693253.000000
579748.000000
363104.000000
790922.000000
449241.000000
503819.000000
697557.000000
583334.000000
646720.000000
530880.000000
341272.000000
432550.000000
287589.000000
592541.000000
607266.000000
407471.000000
521496.000000
227034.000000
578519.000000
506612.000000
211096.000000
683777.000000
352607.000000
348110.000000
585189.000000
214970.000000
557796.000000
165291.000000
306710.000000
647309.000000
587740.000000
706681.000000
338319.000000
129290.000000
292346.000000
391174.000000
661372.000000
516923.000000
564384.000000
459372.000000
271027.000000
412053.000000
549235.000000
535110.000000
502887.000000
648414.000000
613509.000000
614196.000000
445614.000000
655667.000000
445395.000000
686799.000000
141565.000000
290586.000000
337913.000000
68554.000000
571275.000000
218513.000000
487328.000000
363937.000000
193500.000000
218128.000000
160104.000000
354211.000000
201084.000000
464784.000000
284555.000000
201506.000000
744742.000000
333454.000000
577008.000000
599846.000000
88642.000000
660737.000000
569969.000000
193906.000000
607931.000000
235697.000000
517186.000000
327751.000000
578571.000000
702781.000000
320399.000000
588333.000000
591096.000000
165414.000000
345451.000000
486521.000000
331424.000000
262257.000000
168848.000000
448619.000000
300638.000000
362275.000000
617798.000000
636641.000000
187130.000000
500492.000000
634907.000000
154919.000000
297477.000000
349283.000000
214186.000000
559433.000000
674670.000000
505438.000000
590290.000000
305935.000000
276517.000000
610278.000000
480099.000000
228250.000000
719394.000000
274587.000000
675436.000000
217525.000000
199489.000000
536806.000000
140428.000000
614824.000000
316647.000000
283186.000000
568665.000000
611328.000000
354129.000000
463780.000000
450343.000000
428701.000000
60852.000000
292272.000000
291495.000000
307113.000000
336967.000000
331057.000000
562358.000000
212492.000000
207565.000000
250876.000000
203848.000000
390524.000000
367757.000000
550145.000000
161710.000000
142394.000000
468686.000000
268021.000000
624429.000000
267964.000000
484911.000000
651744.000000
504869.000000
298044.000000
516308.000000
479473.000000
589221.000000
595490.000000
676457.000000
282439.000000
441396.000000
718252.000000
549378.000000
426912.000000
318914.000000
145290.000000
622053.000000
678364.000000
585219.000000
200573.000000
410148.000000
518055.000000
590428.000000
143591.000000
296064.000000
389017.000000
342905.000000
143253.000000
147971.000000
537644.000000
330631.000000
286118.000000
221030.000000
416172.000000
276311.000000
366360.000000
494951.000000
355789.000000
188539.000000
629053.000000
168075.000000
152245.000000
722480.000000
96036.000000
350066.000000
229848.000000
195830.000000
91643.000000
714285.000000
362427.000000
528188.000000
512927.000000
557597.000000
626895.000000
241673.000000
598309.000000
378944.000000
667598.000000
393118.000000
674325.000000
315456.000000
528228.000000
556355.000000
257033.000000
177186.000000
433555.000000
698402.000000
391346.000000
354809.000000
761508.000000
95056.000000
413017.000000
628550.000000
568098.000000
241012.000000
687362.000000
426651.000000
201828.000000
555127.000000
219482.000000
539537.000000
219533.000000
224035.000000
260811.000000
349553.000000
598383.000000
414305.000000
263087.000000
309293.000000
325246.000000
589682.000000
147166.000000
613792.000000
209821.000000
326052.000000
244779.000000
589723.000000
227543.000000
451896.000000
201027.000000
118069.000000
605494.000000
684692.000000
108176.000000
151739.000000
338773.000000
689469.000000
267319.000000
610552.000000
321492.000000
331635.000000
583270.000000
423798.000000
355091.000000
420066.000000
93544.000000
693201.000000
724543.000000
513612.000000
587058.000000
615731.000000
202995.000000
598259.000000
336929.000000
358108.000000
374077.000000
491229.000000
284715.000000
266242.000000
407704.000000
226449.000000
729689.000000
577611.000000
251482.000000
508180.000000
526918.000000
242180.000000
507937.000000
154340.000000
379731.000000
615275.000000
617817.000000
339275.000000
646376.000000
717489.000000
631543.000000
570920.000000
310930.000000
373044.000000
491480.000000
418524.000000
355973.000000
425973.000000
484103.000000
384409.000000
224654.000000
584706.000000
506722.000000
129800.000000
671130.000000
602419.000000
142298.000000
663852.000000
426877.000000
610457.000000
372249.000000
690958.000000
397971.000000
586647.000000
642432.000000
646182.000000
210023.000000
362267.000000
318837.000000
603540.000000
392651.000000
670254.000000
654193.000000
272166.000000
429318.000000
416498.000000
307813.000000
228863.000000
601559.000000
398054.000000
416080.000000
454094.000000
407305.000000
445308.000000
93543.000000
556682.000000
449451.000000
381648.000000
605773.000000
672700.000000
343080.000000
367570.000000
335009.000000
240066.000000
285194.000000
530858.000000
133968.000000
76181.000000
520928.000000
354162.000000
354388.000000
610453.000000
389707.000000
215441.000000
266941.000000
218005.000000
300322.000000
690972.000000
197127.000000
363011.000000
479593.000000
618696.000000
392044.000000
577869.000000
358422.000000
283988.000000
606443.000000
567076.000000
654798.000000
463999.000000
505614.000000
379666.000000
626831.000000
439074.000000
419025.000000
550192.000000
172012.000000
291677.000000
699388.000000
199817.000000
594104.000000
197466.000000
697560.000000
376591.000000
332943.000000
574471.000000
175965.000000
455796.000000
177664.000000
356131.000000
585845.000000
308145.000000
107659.000000
489539.000000
695548.000000
665382.000000
163188.000000
403527.000000
418395.000000
431635.000000
648275.000000
699685.000000
522067.000000
719245.000000
158085.000000
297929.000000
358034.000000
102474.000000
267946.000000
387459.000000
337212.000000
395821.000000
541655.000000
632510.000000
532755.000000
605269.000000
697313.000000
252228.000000
277834.000000
281476.000000
182898.000000
70712.000000
638579.000000
663814.000000
547943.000000
609679.000000
679491.000000
573293.000000
564950.000000
614222.000000
211095.000000
436689.000000
242648.000000
330181.000000
414789.000000
290636.000000
234667.000000
176332.000000
175090.000000
269617.000000
502201.000000
597176.000000
745355.000000
193792.000000
318557.000000
255738.000000
604709.000000
111266.000000
276342.000000
550032.000000
734050.000000
491742.000000
635365.000000
492670.000000
585026.000000
466308.000000
631350.000000
468346.000000
549341.000000
267384.000000
747097.000000
404617.000000
610789.000000
238578.000000
490228.000000
285651.000000
646836.000000
466941.000000
294815.000000
341580.000000
625381.000000
226577.000000
502346.000000
221348.000000
429017.000000
257476.000000
410072.000000
498543.000000
589675.000000
733898.000000
355404.000000
409689.000000
204309.000000
486317.000000
291300.000000
384150.000000
451980.000000
364404.000000
287503.000000
254225.000000
523681.000000
585699.000000
311971.000000
655268.000000
623313.000000
352388.000000
417993.000000
635915.000000
285707.000000
325828.000000
258668.000000
536537.000000
276617.000000
103136.000000
271760.000000
488570.000000
505539.000000
227344.000000
596152.000000
281863.000000
328345.000000
663149.000000
674859.000000
310333.000000
643711.000000
577998.000000
607389.000000
709097.000000
206844.000000
367627.000000
221361.000000
281753.000000
366303.000000
197868.000000
345787.000000
320710.000000
226024.000000
251465.000000
367222.000000
561033.000000
338506.000000
596505.000000
512021.000000
698520.000000
410096.000000
512320.000000
648694.000000
484261.000000
399573.000000
290152.000000
114939.000000
143134.000000
343809.000000
770059.000000
509367.000000
527258.000000
664444.000000
239437.000000
663442.000000
705974.000000
579393.000000
526063.000000
743649.000000
429838.000000
581221.000000
564489.000000
501696.000000
390660.000000
564950.000000
515663.000000
562809.000000
511741.000000
227931.000000
309566.000000
221952.000000
639541.000000
542664.000000
260101.000000
220206.000000
600800.000000
306744.000000
358440.000000
452035.000000
564971.000000
197888.000000
445684.000000
455110.000000
654921.000000
678864.000000
628555.000000
93147.000000
245244.000000
519487.000000
529334.000000
635020.000000
441365.000000
261609.000000
667166.000000
145419.000000
672568.000000
582066.000000
591826.000000
455647.000000
228543.000000
420156.000000
707669.000000
504117.000000
337338.000000
528758.000000
581759.000000
98894.000000
284969.000000
644461.000000
545440.000000
359046.000000
666502.000000
387104.000000
573473.000000
176453.000000
419218.000000
168786.000000
450442.000000
410907.000000
149462.000000
369893.000000
585684.000000
632738.000000
353727.000000
591574.000000
313873.000000
436050.000000
611425.000000
533186.000000
181941.000000
693691.000000
550843.000000
361142.000000
298360.000000
315624.000000
286223.000000
326762.000000
392826.000000
333591.000000
513585.000000
405345.000000
708870.000000
328375.000000
302722.000000
316785.000000
541772.000000
670671.000000
321930.000000
624075.000000
590510.000000
174581.000000
537775.000000
484844.000000
375206.000000
678749.000000
430589.000000
481751.000000
122447.000000
653788.000000
233271.000000
515479.000000
184478.000000
270096.000000
605175.000000
670432.000000
706513.000000
345568.000000
460229.000000
632756.000000
570054.000000
469683.000000
213383.000000
588745.000000
605140.000000
93953.000000
402427.000000
716216.000000
402589.000000
625213.000000
513303.000000
240337.000000
290423.000000
661878.000000
280640.000000
178191.000000
386426.000000
203116.000000
127313.000000
470173.000000
570377.000000
460244.000000
492534.000000
176986.000000
428534.000000
602322.000000
503657.000000
525397.000000
656063.000000
536385.000000
289154.000000
515184.000000
178165.000000
481688.000000
298199.000000
535169.000000
359269.000000
368765.000000
444875.000000
581222.000000
552416.000000
424010.000000
288435.000000
301770.000000
621181.000000
473544.000000
315553.000000
422877.000000
577202.000000
239332.000000
380956.000000
354203.000000
603809.000000
584666.000000
705687.000000
612349.000000
724248.000000
552343.000000
726696.000000
699023.000000
487837.000000
220635.000000
604363.000000
364715.000000
581034.000000
402885.000000
553923.000000
524447.000000
224998.000000
632139.000000
477592.000000
645106.000000
611602.000000
375683.000000
472353.000000
176588.000000
421013.000000
630823.000000
585399.000000
80991.000000
568860.000000
254842.000000
595448.000000
462779.000000
588866.000000
584247.000000
562497.000000
576660.000000
552216.000000
437007.000000
231598.000000
303348.000000
542879.000000
180822.000000
295256.000000
349495.000000
616062.000000
379922.000000
348966.000000
312188.000000
703661.000000
448336.000000
238496.000000
435386.000000
202494.000000
463063.000000
585559.000000
519200.000000
273807.000000
662654.000000
668702.000000
352877.000000
537525.000000
369220.000000
165602.000000
583345.000000
213917.000000
545990.000000
578313.000000
683928.000000
597708.000000
183064.000000
494888.000000
693617.000000
516407.000000
187287.000000
594653.000000
