0.000000
0.000000
0.000000
0.000000
0.000000
0.000000
0.000000
0.000000
0.000000
0.000000
0.000000
0.000000
0.000000
0.000000
0.000000
0.000000
0.000000
0.000000
0.000000
0.000000
0.000000
0.000000
0.000000
0.000000
0.000000
0.000000
0.000000
0.000000
0.000000
0.000000
0.000000
0.000000
0.000000
0.000000
0.000000
0.000000
0.000000
0.000000
0.000000
0.000000
0.000000
0.000000
0.000000
0.000000
0.000000
0.000000
0.000000
0.000000
0.000000
0.000000
0.000000
0.000000
0.000000
0.000000
0.000000
0.000000
0.000000
0.000000
0.000000
0.000000
0.000000
0.000000
0.000000
0.000000
0.000000
0.000000
0.000000
0.000000
0.000000
0.000000
0.000000
0.000000
646430.000000
370208.000000
173943.000000
415042.000000
325018.000000
425393.000000
388475.000000
259593.000000
367148.000000
333063.000000
317617.000000
405642.000000
368669.000000
364308.000000
288818.000000
309334.000000
397232.000000
253461.000000
186531.000000
233384.000000
220628.000000
362302.000000
341843.000000
288196.000000
367713.000000
248187.000000
424981.000000
457832.000000
240336.000000
381767.000000
430077.000000
225153.000000
384201.000000
417081.000000
176774.000000
303422.000000
333359.000000
109954.000000
245877.000000
382488.000000
334865.000000
369220.000000
407257.000000
374456.000000
366684.000000
390533.000000
454901.000000
336467.000000
366636.000000
284556.000000
215917.000000
237135.000000
452576.000000
285193.000000
337656.000000
463800.000000
322447.000000
192782.000000
427524.000000
427094.000000
354231.000000
235308.000000
365717.000000
409902.000000
387105.000000
455730.000000
379828.000000
315650.000000
344649.000000
417652.000000
295503.000000
216370.000000
326770.000000
265405.000000
380109.000000
326930.000000
375940.000000
234821.000000
403821.000000
319115.000000
400844.000000
223947.000000
269178.000000
208695.000000
385558.000000
205170.000000
113343.000000
338980.000000
352082.000000
387222.000000
396949.000000
413042.000000
382280.000000
338796.000000
84735.000000
306270.000000
32829.000000
307252.000000
270578.000000
346966.000000
443860.000000
357061.000000
316459.000000
208795.000000
266989.000000
412531.000000
310994.000000
370586.000000
208610.000000
306788.000000
379462.000000
374153.000000
462352.000000
283134.000000
212711.000000
291242.000000
35106.000000
259341.000000
369541.000000
445270.000000
386382.000000
186728.000000
413276.000000
276176.000000
196060.000000
371271.000000
375170.000000
256883.000000
306392.000000
368535.000000
359833.000000
378265.000000
243525.000000
146638.000000
231574.000000
410999.000000
328263.000000
262181.000000
307779.000000
270013.000000
283213.000000
425795.000000
395034.000000
272409.000000
397135.000000
348546.000000
239538.000000
374881.000000
259046.000000
343462.000000
344725.000000
289142.000000
388502.000000
372126.000000
142844.000000
280097.000000
440507.000000
241942.000000
387126.000000
294091.000000
433771.000000
225071.000000
402535.000000
192343.000000
385718.000000
254303.000000
356211.000000
396584.000000
393975.000000
372700.000000
306954.000000
373122.000000
174121.000000
338647.000000
206046.000000
131396.000000
163489.000000
405303.000000
190124.000000
247409.000000
242804.000000
399652.000000
339847.000000
290500.000000
208213.000000
349847.000000
394540.000000
277064.000000
296528.000000
240897.000000
490979.000000
308281.000000
360520.000000
435637.000000
175398.000000
425938.000000
346730.000000
276559.000000
325878.000000
450582.000000
287868.000000
424602.000000
356291.000000
282120.000000
463886.000000
233745.000000
312730.000000
282828.000000
481418.000000
407434.000000
381428.000000
415841.000000
228810.000000
479641.000000
319594.000000
364639.000000
469593.000000
465999.000000
405439.000000
412807.000000
381732.000000
313926.000000
352161.000000
265005.000000
165805.000000
416789.000000
212167.000000
88650.000000
305249.000000
89124.000000
379550.000000
283403.000000
285505.000000
414000.000000
231492.000000
383751.000000
278918.000000
351582.000000
165406.000000
366735.000000
360964.000000
311757.000000
318343.000000
394257.000000
275456.000000
314682.000000
119787.000000
325100.000000
249018.000000
379778.000000
370330.000000
304953.000000
370562.000000
87492.000000
505579.000000
413420.000000
435000.000000
394502.000000
436268.000000
353740.000000
317521.000000
200004.000000
344936.000000
256100.000000
433701.000000
224030.000000
365557.000000
446137.000000
134019.000000
332146.000000
316643.000000
258558.000000
257939.000000
228101.000000
442901.000000
393232.000000
376179.000000
164401.000000
171151.000000
356376.000000
346960.000000
418426.000000
198297.000000
366756.000000
299426.000000
412681.000000
455774.000000
247778.000000
254680.000000
388286.000000
396999.000000
84373.000000
359581.000000
289327.000000
392173.000000
381118.000000
389281.000000
131584.000000
305790.000000
401618.000000
459262.000000
288458.000000
382675.000000
395926.000000
300692.000000
331675.000000
282850.000000
371426.000000
389507.000000
385476.000000
235236.000000
388529.000000
287674.000000
439181.000000
218865.000000
250293.000000
369301.000000
305724.000000
451821.000000
139100.000000
332822.000000
175763.000000
390701.000000
281150.000000
401752.000000
235470.000000
176577.000000
447990.000000
376260.000000
316992.000000
263962.000000
391262.000000
251839.000000
278573.000000
336955.000000
418061.000000
238969.000000
397952.000000
398857.000000
217118.000000
274468.000000
431229.000000
102557.000000
420260.000000
405393.000000
321139.000000
328474.000000
290002.000000
244636.000000
258118.000000
251236.000000
410684.000000
223811.000000
264701.000000
378747.000000
332285.000000
208351.000000
430601.000000
410372.000000
457058.000000
361818.000000
419998.000000
394249.000000
410622.000000
376842.000000
290969.000000
294959.000000
239765.000000
326942.000000
226418.000000
225527.000000
93757.000000
304946.000000
374093.000000
390626.000000
376080.000000
364037.000000
291174.000000
367607.000000
309866.000000
382185.000000
373227.000000
93204.000000
157264.000000
298524.000000
303296.000000
326955.000000
266234.000000
270295.000000
373776.000000
417720.000000
99191.000000
382822.000000
331713.000000
463153.000000
225620.000000
355996.000000
271875.000000
438689.000000
330034.000000
351132.000000
223579.000000
347222.000000
437886.000000
375311.000000
253258.000000
364656.000000
366672.000000
449804.000000
399944.000000
222496.000000
300138.000000
112233.000000
417275.000000
270538.000000
157372.000000
334759.000000
391046.000000
290306.000000
435640.000000
413026.000000
285892.000000
384550.000000
5239.000000
274367.000000
421967.000000
412708.000000
379036.000000
288603.000000
405850.000000
136414.000000
111009.000000
387945.000000
212321.000000
407103.000000
240022.000000
444191.000000
395046.000000
335169.000000
279980.000000
414255.000000
80180.000000
344621.000000
302419.000000
228154.000000
432337.000000
322525.000000
404307.000000
172247.000000
373877.000000
327674.000000
459815.000000
450422.000000
167556.000000
440749.000000
375407.000000
431928.000000
407470.000000
347604.000000
231989.000000
396722.000000
422897.000000
456947.000000
199710.000000
161020.000000
391254.000000
379910.000000
442531.000000
197163.000000
338509.000000
288034.000000
278526.000000
268378.000000
231704.000000
367050.000000
217288.000000
400454.000000
366382.000000
422492.000000
273234.000000
407112.000000
426496.000000
341917.000000
324683.000000
284412.000000
252671.000000
339620.000000
109167.000000
379509.000000
421196.000000
345509.000000
387297.000000
315358.000000
194281.000000
355861.000000
381591.000000
430760.000000
157755.000000
389926.000000
370199.000000
382209.000000
443979.000000
227271.000000
354865.000000
346284.000000
402927.000000
292678.000000
191816.000000
377542.000000
249883.000000
301441.000000
226479.000000
402815.000000
264900.000000
286608.000000
292425.000000
373302.000000
417068.000000
195455.000000
409400.000000
262287.000000
359532.000000
266478.000000
248749.000000
407594.000000
259838.000000
379064.000000
384392.000000
258638.000000
446327.000000
272720.000000
137016.000000
376096.000000
344296.000000
443905.000000
406164.000000
252314.000000
329746.000000
215658.000000
399335.000000
404939.000000
271533.000000
285479.000000
352554.000000
178130.000000
416658.000000
398181.000000
324976.000000
415283.000000
389371.000000
90708.000000
359807.000000
414204.000000
196387.000000
259387.000000
462721.000000
334776.000000
379360.000000
436285.000000
294032.000000
328316.000000
300014.000000
411183.000000
253918.000000
389351.000000
381905.000000
329571.000000
263795.000000
307709.000000
325631.000000
378453.000000
333680.000000
225760.000000
402945.000000
342313.000000
396015.000000
414739.000000
142600.000000
330117.000000
313082.000000
315703.000000
366596.000000
439662.000000
344945.000000
240557.000000
382396.000000
228382.000000
416969.000000
420643.000000
261507.000000
359619.000000
215274.000000
377963.000000
270032.000000
422369.000000
257860.000000
425989.000000
347681.000000
361866.000000
37053.000000
384330.000000
233795.000000
215015.000000
401413.000000
372594.000000
431438.000000
438777.000000
271486.000000
256083.000000
279697.000000
256123.000000
292249.000000
297520.000000
384277.000000
438488.000000
441083.000000
393164.000000
83658.000000
354896.000000
173716.000000
173467.000000
362077.000000
438864.000000
390505.000000
379925.000000
346066.000000
394022.000000
320523.000000
340481.000000
364308.000000
400003.000000
303380.000000
176058.000000
402098.000000
290212.000000
120994.000000
170213.000000
251467.000000
357343.000000
366130.000000
353022.000000
261904.000000
204561.000000
308101.000000
61867.000000
319870.000000
402080.000000
409530.000000
190663.000000
441795.000000
201970.000000
374451.000000
225526.000000
352429.000000
246791.000000
414497.000000
370277.000000
359964.000000
235621.000000
375867.000000
313804.000000
264108.000000
396913.000000
365125.000000
347187.000000
265430.000000
235332.000000
389222.000000
232403.000000
262581.000000
403710.000000
261180.000000
409383.000000
453680.000000
300633.000000
244822.000000
401900.000000
298711.000000
274143.000000
312598.000000
445398.000000
303536.000000
422031.000000
347502.000000
135966.000000
331252.000000
274281.000000
446084.000000
394194.000000
396853.000000
310210.000000
384924.000000
283010.000000
356268.000000
442649.000000
215325.000000
352778.000000
346403.000000
251042.000000
211659.000000
309603.000000
371789.000000
300641.000000
265276.000000
275476.000000
260508.000000
409194.000000
396827.000000
227322.000000
367578.000000
359013.000000
416651.000000
438229.000000
381622.000000
420112.000000
236488.000000
294761.000000
388825.000000
385634.000000
287541.000000
279950.000000
385342.000000
382332.000000
407743.000000
522001.000000
376456.000000
349181.000000
318401.000000
159739.000000
333714.000000
444487.000000
403012.000000
386203.000000
469302.000000
247812.000000
403686.000000
256900.000000
151958.000000
372971.000000
400791.000000
348634.000000
408293.000000
161286.000000
145541.000000
252561.000000
410080.000000
215368.000000
247628.000000
249604.000000
317797.000000
298432.000000
391292.000000
401781.000000
396029.000000
157379.000000
255107.000000
261698.000000
236986.000000
419967.000000
332375.000000
343085.000000
248346.000000
399828.000000
387832.000000
369407.000000
242089.000000
469629.000000
364789.000000
472108.000000
369013.000000
345141.000000
449843.000000
349270.000000
339484.000000
297073.000000
300068.000000
391681.000000
103115.000000
361828.000000
314496.000000
378640.000000
202272.000000
380494.000000
351132.000000
114420.000000
170966.000000
400596.000000
281273.000000
342612.000000
254437.000000
419527.000000
333826.000000
337731.000000
411179.000000
325337.000000
374081.000000
250472.000000
344905.000000
279567.000000
209740.000000
392823.000000
369017.000000
353111.000000
360389.000000
342471.000000
360202.000000
419438.000000
219198.000000
250731.000000
340263.000000
280563.000000
276618.000000
336107.000000
243249.000000
363063.000000
385647.000000
269078.000000
319670.000000
430699.000000
257102.000000
293461.000000
286628.000000
414706.000000
344084.000000
397158.000000
169155.000000
203080.000000
307571.000000
223614.000000
351211.000000
429431.000000
315966.000000
144828.000000
409334.000000
322141.000000
319548.000000
301821.000000
352683.000000
483893.000000
198035.000000
322304.000000
274083.000000
314645.000000
387994.000000
415170.000000
345433.000000
355763.000000
382971.000000
378441.000000
320934.000000
425369.000000
382918.000000
356709.000000
277519.000000
414673.000000
234075.000000
408447.000000
166070.000000
63859.000000
222070.000000
442554.000000
395813.000000
362912.000000
261422.000000
330596.000000
378602.000000
354644.000000
102681.000000
401206.000000
371767.000000
276090.000000
209078.000000
383105.000000
359263.000000
293825.000000
86452.000000
355295.000000
418692.000000
341125.000000
354366.000000
382177.000000
353743.000000
277909.000000
320594.000000
392674.000000
459160.000000
407156.000000
358874.000000
292720.000000
319803.000000
392056.000000
401682.000000
330236.000000
380735.000000
362434.000000
428619.000000
292060.000000
234845.000000
363384.000000
421508.000000
292830.000000
362186.000000
435572.000000
333516.000000
355921.000000
337644.000000
335751.000000
66742.000000
255345.000000
298244.000000
264280.000000
271986.000000
268331.000000
298093.000000
464785.000000
405083.000000
322414.000000
207823.000000
377902.000000
174830.000000
32176.000000
82388.000000
367770.000000
193937.000000
408294.000000
363484.000000
262865.000000
295270.000000
454030.000000
244655.000000
408295.000000
426637.000000
389794.000000
375603.000000
355011.000000
204554.000000
282214.000000
343696.000000
207072.000000
410245.000000
326982.000000
242750.000000
276166.000000
328379.000000
327574.000000
422073.000000
328007.000000
101643.000000
343173.000000
287240.000000
234383.000000
196929.000000
386324.000000
273303.000000
403623.000000
378452.000000
140626.000000
304834.000000
414158.000000
280850.000000
288267.000000
113894.000000
25730.000000
216666.000000
360927.000000
292789.000000
404619.000000
289107.000000
266901.000000
385067.000000
356915.000000
194465.000000
300155.000000
241504.000000
269122.000000
219055.000000
394030.000000
233932.000000
427056.000000
405693.000000
165799.000000
381946.000000
431165.000000
272015.000000
412421.000000
201359.000000
372922.000000
293104.000000
391500.000000
277191.000000
300787.000000
178223.000000
465010.000000
270654.000000
398971.000000
302365.000000
247430.000000
363711.000000
256866.000000
423588.000000
362360.000000
320353.000000
334697.000000
189053.000000
210746.000000
211708.000000
194976.000000
321623.000000
279475.000000
296392.000000
412186.000000
338109.000000
414942.000000
369542.000000
353321.000000
462716.000000
354164.000000
412227.000000
364287.000000
282632.000000
296496.000000
223824.000000
451835.000000
420005.000000
285160.000000
427599.000000
239826.000000
373405.000000
388586.000000
251939.000000
397678.000000
317646.000000
299009.000000
368934.000000
206185.000000
394479.000000
175949.000000
320794.000000
440249.000000
385287.000000
362285.000000
302940.000000
130134.000000
247148.000000
328805.000000
375415.000000
371964.000000
418700.000000
361444.000000
285606.000000
337704.000000
417793.000000
414537.000000
396601.000000
435287.000000
404534.000000
403394.000000
362100.000000
386597.000000
321216.000000
371198.000000
207270.000000
267194.000000
286030.000000
71554.000000
438121.000000
290239.000000
255565.000000
359407.000000
172655.000000
244018.000000
172290.000000
320294.000000
201608.000000
277497.000000
283758.000000
229930.000000
332255.000000
295952.000000
466467.000000
398791.000000
94109.000000
414117.000000
347548.000000
236923.000000
403512.000000
172528.000000
355199.000000
290042.000000
385292.000000
408622.000000
236463.000000
361903.000000
473214.000000
206796.000000
291483.000000
373684.000000
321722.000000
201486.000000
188250.000000
362029.000000
304916.000000
289556.000000
450348.000000
311704.000000
169739.000000
372937.000000
297924.000000
149697.000000
285925.000000
330549.000000
220696.000000
369990.000000
319326.000000
326682.000000
445932.000000
305903.000000
280007.000000
354510.000000
346747.000000
221991.000000
395931.000000
281106.000000
357403.000000
245438.000000
217197.000000
414566.000000
115657.000000
413198.000000
224454.000000
262753.000000
425937.000000
351732.000000
343318.000000
479648.000000
335187.000000
365533.000000
66715.000000
277732.000000
273444.000000
305462.000000
259916.000000
277787.000000
391362.000000
247561.000000
235720.000000
291580.000000
231402.000000
258267.000000
313149.000000
326209.000000
165642.000000
111950.000000
340401.000000
231368.000000
382083.000000
224180.000000
376058.000000
367359.000000
345153.000000
297029.000000
345363.000000
348383.000000
279215.000000
417901.000000
406640.000000
249897.000000
424731.000000
392678.000000
401989.000000
322061.000000
319910.000000
153202.000000
386992.000000
368828.000000
359453.000000
190662.000000
321841.000000
324825.000000
268939.000000
149549.000000
230007.000000
311322.000000
233338.000000
139287.000000
124781.000000
459382.000000
283104.000000
242816.000000
233341.000000
339706.000000
240564.000000
356063.000000
437711.000000
316331.000000
186770.000000
384620.000000
163381.000000
169452.000000
387645.000000
132505.000000
309474.000000
246366.000000
223287.000000
118284.000000
379161.000000
373736.000000
340966.000000
396388.000000
428761.000000
401649.000000
277559.000000
386844.000000
296878.000000
400956.000000
332215.000000
392946.000000
306720.000000
437432.000000
402495.000000
336144.000000
218064.000000
308920.000000
344625.000000
291937.000000
254836.000000
455136.000000
69783.000000
348681.000000
389864.000000
380706.000000
251158.000000
334140.000000
348693.000000
205920.000000
431144.000000
201644.000000
408092.000000
228739.000000
175041.000000
309625.000000
277525.000000
413931.000000
291073.000000
270782.000000
272828.000000
338663.000000
385146.000000
189944.000000
324803.000000
196624.000000
225365.000000
265382.000000
400669.000000
257453.000000
343588.000000
211202.000000
123841.000000
364685.000000
376862.000000
103770.000000
144821.000000
310668.000000
425271.000000
228984.000000
471868.000000
263037.000000
236282.000000
355971.000000
326068.000000
301015.000000
291972.000000
102696.000000
424546.000000
432127.000000
361025.000000
434856.000000
393946.000000
244363.000000
404047.000000
276685.000000
246235.000000
325408.000000
369049.000000
292797.000000
244417.000000
356951.000000
201475.000000
386809.000000
328246.000000
210523.000000
393425.000000
346042.000000
230750.000000
379519.000000
124969.000000
312605.000000
408919.000000
445058.000000
310765.000000
441014.000000
387560.000000
445889.000000
426251.000000
330776.000000
236216.000000
352370.000000
339364.000000
385564.000000
278864.000000
350717.000000
348553.000000
277047.000000
371916.000000
343564.000000
96888.000000
443408.000000
400041.000000
156149.000000
423045.000000
395353.000000
447625.000000
263209.000000
366810.000000
351096.000000
316025.000000
419299.000000
382764.000000
215356.000000
297107.000000
240765.000000
462076.000000
310286.000000
384427.000000
417290.000000
301581.000000
278129.000000
297311.000000
357597.000000
239593.000000
393657.000000
292229.000000
327944.000000
412460.000000
281690.000000
414492.000000
112563.000000
354392.000000
395428.000000
301369.000000
351982.000000
334293.000000
288568.000000
292503.000000
340029.000000
235625.000000
300869.000000
388164.000000
163306.000000
78574.000000
401335.000000
250337.000000
314552.000000
412203.000000
299311.000000
174621.000000
248635.000000
247190.000000
271323.000000
362829.000000
202358.000000
271144.000000
381566.000000
384151.000000
345772.000000
342594.000000
291044.000000
256007.000000
342883.000000
416346.000000
378365.000000
372871.000000
333660.000000
301652.000000
385713.000000
387774.000000
334250.000000
356550.000000
146485.000000
247350.000000
343871.000000
237990.000000
333537.000000
133681.000000
415827.000000
300932.000000
290634.000000
443654.000000
150311.000000
375758.000000
203839.000000
292607.000000
410901.000000
306443.000000
110724.000000
394187.000000
388550.000000
410914.000000
203818.000000
251769.000000
381480.000000
367304.000000
365708.000000
388889.000000
338166.000000
352311.000000
169353.000000
277100.000000
293779.000000
77271.000000
277906.000000
241188.000000
287817.000000
351711.000000
357764.000000
332974.000000
363198.000000
392567.000000
403625.000000
251601.000000
301880.000000
309658.000000
152084.000000
77655.000000
399422.000000
342846.000000
359432.000000
386135.000000
428099.000000
415690.000000
401417.000000
355440.000000
195156.000000
286617.000000
290914.000000
301854.000000
301362.000000
267933.000000
302073.000000
190100.000000
176372.000000
247290.000000
391037.000000
410764.000000
389526.000000
177430.000000
269280.000000
293297.000000
410979.000000
97057.000000
230669.000000
419628.000000
395770.000000
397224.000000
350171.000000
411727.000000
378656.000000
330078.000000
465038.000000
409004.000000
381808.000000
292482.000000
374632.000000
204201.000000
408477.000000
211386.000000
365956.000000
301252.000000
384575.000000
314008.000000
227390.000000
262263.000000
301095.000000
262503.000000
327910.000000
235463.000000
248925.000000
252204.000000
313823.000000
336210.000000
343083.000000
422894.000000
327303.000000
277276.000000
210128.000000
344285.000000
240296.000000
243851.000000
246542.000000
253727.000000
248587.000000
296626.000000
390635.000000
399926.000000
310246.000000
417814.000000
320189.000000
314807.000000
237624.000000
350869.000000
257799.000000
351015.000000
272643.000000
380542.000000
243683.000000
117418.000000
300581.000000
319093.000000
423381.000000
235741.000000
361196.000000
260009.000000
338599.000000
399874.000000
411643.000000
286108.000000
375368.000000
393264.000000
352227.000000
439198.000000
206235.000000
334705.000000
186466.000000
240766.000000
342263.000000
219176.000000
274744.000000
252768.000000
212347.000000
252214.000000
283736.000000
419982.000000
278318.000000
379863.000000
397170.000000
363011.000000
348265.000000
345142.000000
387774.000000
376581.000000
261360.000000
285731.000000
91538.000000
149696.000000
302821.000000
437069.000000
411770.000000
308508.000000
304518.000000
253682.000000
437805.000000
449071.000000
385849.000000
406194.000000
428215.000000
295987.000000
373997.000000
319004.000000
392718.000000
285355.000000
434683.000000
409888.000000
309140.000000
319969.000000
246267.000000
309996.000000
161260.000000
411340.000000
423359.000000
284078.000000
183400.000000
395500.000000
355861.000000
280227.000000
276536.000000
420008.000000
240499.000000
385186.000000
324961.000000
435570.000000
473632.000000
412052.000000
78606.000000
278350.000000
391460.000000
416866.000000
376087.000000
268108.000000
238850.000000
409755.000000
145113.000000
369333.000000
395078.000000
467865.000000
308256.000000
234514.000000
349150.000000
409230.000000
424259.000000
310942.000000
397443.000000
339506.000000
84753.000000
272138.000000
395836.000000
386774.000000
325425.000000
390777.000000
345491.000000
398917.000000
180338.000000
305238.000000
159803.000000
359359.000000
338363.000000
156668.000000
236452.000000
364684.000000
376215.000000
298299.000000
397510.000000
295851.000000
330707.000000
287883.000000
338065.000000
171384.000000
416568.000000
378316.000000
350956.000000
295987.000000
346536.000000
283488.000000
362631.000000
312927.000000
273526.000000
454698.000000
356114.000000
416898.000000
322015.000000
258860.000000
216389.000000
432357.000000
436823.000000
272721.000000
427981.000000
434566.000000
141950.000000
475019.000000
323484.000000
339343.000000
397585.000000
311135.000000
356419.000000
123420.000000
449404.000000
257279.000000
325591.000000
130808.000000
346992.000000
361384.000000
444223.000000
390380.000000
297127.000000
386116.000000
433000.000000
368549.000000
370924.000000
182769.000000
406608.000000
359754.000000
121077.000000
328980.000000
381858.000000
351978.000000
395403.000000
346263.000000
252552.000000
325988.000000
395025.000000
261458.000000
224283.000000
285101.000000
235961.000000
106146.000000
373761.000000
354138.000000
376777.000000
380873.000000
168333.000000
409546.000000
419386.000000
382541.000000
445135.000000
481549.000000
341187.000000
239494.000000
366459.000000
205348.000000
429057.000000
244175.000000
295349.000000
235991.000000
271277.000000
331987.000000
376907.000000
370280.000000
332601.000000
202637.000000
305830.000000
396574.000000
282645.000000
258737.000000
390942.000000
449154.000000
207268.000000
303532.000000
296685.000000
371670.000000
361011.000000
413768.000000
343117.000000
321137.000000
350882.000000
316959.000000
360662.000000
277515.000000
261945.000000
445975.000000
282949.000000
364951.000000
404392.000000
425458.000000
388222.000000
283311.000000
418501.000000
339376.000000
431073.000000
406427.000000
320840.000000
370202.000000
165665.000000
370990.000000
415352.000000
433297.000000
80753.000000
355186.000000
286801.000000
421987.000000
368835.000000
393385.000000
295163.000000
467845.000000
390021.000000
373722.000000
332485.000000
194989.000000
310101.000000
386638.000000
218679.000000
250500.000000
322704.000000
401097.000000
276216.000000
295169.000000
240996.000000
418318.000000
273534.000000
175457.000000
354444.000000
248214.000000
305753.000000
479753.000000
388153.000000
256638.000000
367538.000000
471779.000000
328187.000000
430931.000000
350646.000000
166296.000000
371930.000000
218701.000000
401146.000000
398728.000000
431084.000000
381804.000000
184272.000000
388214.000000
397279.000000
391635.000000
193590.000000
334592.000000
