0.000000
0.000000
0.000000
0.000000
0.000000
0.000000
0.000000
0.000000
0.000000
0.000000
0.000000
0.000000
0.000000
0.000000
0.000000
0.000000
0.000000
0.000000
0.000000
0.000000
0.000000
0.000000
0.000000
0.000000
0.000000
0.000000
0.000000
0.000000
0.000000
0.000000
0.000000
0.000000
0.000000
0.000000
0.000000
0.000000
0.000000
0.000000
0.000000
0.000000
0.000000
0.000000
0.000000
0.000000
0.000000
0.000000
0.000000
0.000000
0.000000
0.000000
0.000000
0.000000
0.000000
0.000000
0.000000
0.000000
0.000000
0.000000
0.000000
0.000000
0.000000
0.000000
0.000000
0.000000
0.000000
0.000000
0.000000
0.000000
0.000000
0.000000
0.000000
0.000000
0.000000
0.000000
0.000000
0.000000
0.000000
69340055.000000
1099119.000000
373544.000000
883506.000000
991886.000000
446169.000000
1622414.000000
22482574.000000
6427471.000000
488806.000000
671105.000000
4628971.000000
378227.000000
263226.000000
501427.000000
264223.000000
10987843.000000
556823.000000
380008.000000
909551.000000
402183.000000
5595579.000000
16735702.000000
498860.000000
4420149.000000
5475033.000000
329468.000000
8012852.000000
1657214.000000
234363.000000
589002.000000
900746.000000
180569.000000
410962.000000
27031038.000000
843030.000000
10359022.000000
2454784.000000
955221.000000
817293.000000
1168439.000000
13876661.000000
1125783.000000
12561829.000000
588327.000000
297230.000000
317629.000000
6630733.000000
433819.000000
1640962.000000
34524543.000000
491446.000000
227176.000000
6669644.000000
5929556.000000
4856186.000000
339729.000000
6906251.000000
4540584.000000
2933189.000000
3112391.000000
3842976.000000
437668.000000
726836.000000
14632550.000000
4005793.000000
373780.000000
537310.000000
404834.000000
744501.000000
696700.000000
1944608.000000
444422.000000
5610783.000000
639169.000000
2156131.000000
289763.000000
443578.000000
336090.000000
4523148.000000
302094.000000
161510.000000
927696.000000
1106021.000000
3011636.000000
4836490.000000
10923278.000000
3544667.000000
747097.000000
122008.000000
502012.000000
30221.000000
704949.000000
609745.000000
861768.000000
935563.000000
625983.000000
635823.000000
319085.000000
460872.000000
2013409.000000
782757.000000
4673289.000000
243234.000000
628083.000000
6737154.000000
2581135.000000
24349421.000000
567220.000000
317556.000000
466997.000000
38430.000000
490584.000000
5182127.000000
1346386.000000
8616838.000000
280856.000000
1877793.000000
495953.000000
223547.000000
922607.000000
20918594.000000
389687.000000
546627.000000
979958.000000
934931.000000
8970163.000000
368251.000000
188938.000000
430254.000000
7300182.000000
498479.000000
323977.000000
546606.000000
436217.000000
531820.000000
16317299.000000
7435272.000000
596142.000000
2800624.000000
755296.000000
365948.000000
5424759.000000
379551.000000
711521.000000
1152332.000000
524663.000000
6907049.000000
4466674.000000
168906.000000
553529.000000
2874284.000000
414139.000000
8539143.000000
580784.000000
16043838.000000
349375.000000
3683668.000000
261207.000000
6640174.000000
533928.000000
800699.000000
1489461.000000
989751.000000
962825.000000
648791.000000
953738.000000
222009.000000
750279.000000
274238.000000
162619.000000
176714.000000
895175.000000
205873.000000
421050.000000
286770.000000
6711694.000000
4941473.000000
447860.000000
348585.000000
3459898.000000
8534030.000000
421263.000000
558819.000000
303423.000000
17846664.000000
528460.000000
2980350.000000
5677134.000000
221904.000000
4861100.000000
2477416.000000
492072.000000
1323585.000000
17875310.000000
437057.000000
8138946.000000
689618.000000
767358.000000
7829807.000000
283962.000000
522667.000000
483376.000000
26711748.000000
9145040.000000
2603703.000000
4438385.000000
338763.000000
6974637.000000
673998.000000
850468.000000
15005878.000000
2348581.000000
2310185.000000
1252359.000000
736614.000000
565728.000000
8164722.000000
1589281.000000
209669.000000
8251208.000000
308668.000000
99045.000000
482114.000000
124142.000000
1659633.000000
397071.000000
482942.000000
4216657.000000
341755.000000
5083349.000000
515254.000000
8161409.000000
254405.000000
6035201.000000
1142456.000000
765887.000000
678040.000000
5411555.000000
390019.000000
534793.000000
135554.000000
1029109.000000
509198.000000
2170739.000000
3583962.000000
704075.000000
1191119.000000
98054.000000
14939902.000000
2226412.000000
7136303.000000
26403188.000000
3711198.000000
5895642.000000
758436.000000
281908.000000
4745164.000000
456866.000000
21355015.000000
317000.000000
1502915.000000
7478158.000000
159456.000000
942169.000000
695152.000000
337035.000000
531830.000000
279506.000000
3955433.000000
6006947.000000
6118638.000000
237453.000000
194337.000000
1098962.000000
12089940.000000
5111788.000000
296220.000000
7889800.000000
451553.000000
2052169.000000
1838930.000000
642370.000000
393284.000000
1581315.000000
3649161.000000
123299.000000
1022224.000000
586897.000000
1238388.000000
5371657.000000
4466103.000000
178929.000000
2810458.000000
1209591.000000
24853939.000000
492928.000000
3604648.000000
2494067.000000
516690.000000
783175.000000
461582.000000
4906976.000000
11111512.000000
1194621.000000
302409.000000
5911564.000000
418931.000000
26797666.000000
344453.000000
436732.000000
2473876.000000
681826.000000
12963970.000000
195265.000000
1358574.000000
215885.000000
7416403.000000
537154.000000
4079914.000000
314563.000000
298775.000000
1335539.000000
1003511.000000
3255759.000000
332042.000000
1085832.000000
388631.000000
439420.000000
5547631.000000
4704502.000000
300518.000000
8432744.000000
6874342.000000
312738.000000
439245.000000
15999975.000000
147127.000000
1151157.000000
3945562.000000
706881.000000
729577.000000
472016.000000
333937.000000
433083.000000
338611.000000
1228796.000000
370473.000000
400056.000000
1076042.000000
732206.000000
256014.000000
7479119.000000
16015889.000000
13955740.000000
888356.000000
40118729.000000
9466953.000000
17349741.000000
1151536.000000
367918.000000
713427.000000
368253.000000
573115.000000
391270.000000
301512.000000
126266.000000
496699.000000
774296.000000
10051394.000000
1563586.000000
7188849.000000
466118.000000
1455006.000000
615225.000000
3147825.000000
1905753.000000
133762.000000
182464.000000
606197.000000
4606125.000000
5243834.000000
362581.000000
567064.000000
1142337.000000
36520045.000000
112644.000000
31130800.000000
546220.000000
14372267.000000
431542.000000
718600.000000
507229.000000
16474353.000000
776181.000000
985441.000000
352776.000000
901415.000000
6778296.000000
4439210.000000
557794.000000
7045465.000000
3489907.000000
21433194.000000
24956395.000000
268362.000000
1093277.000000
127032.000000
2363768.000000
426858.000000
173471.000000
988553.000000
1841763.000000
454273.000000
7798239.000000
1123729.000000
456170.000000
6743939.000000
5064.000000
432194.000000
5831236.000000
6614988.000000
12082942.000000
484310.000000
4568875.000000
168918.000000
117180.000000
13137871.000000
292264.000000
4929173.000000
1267402.000000
22597615.000000
15610572.000000
667474.000000
496902.000000
7168912.000000
108683.000000
2363596.000000
504211.000000
300906.000000
5581545.000000
652520.000000
2475571.000000
216180.000000
827115.000000
3865078.000000
1064101.000000
4148620.000000
211262.000000
2377853.000000
2787259.000000
909559.000000
8571069.000000
1500506.000000
262695.000000
2000537.000000
6404969.000000
14053230.000000
255118.000000
223181.000000
1224178.000000
2584587.000000
10964341.000000
251847.000000
731175.000000
449914.000000
437032.000000
510827.000000
335032.000000
872345.000000
218218.000000
8447034.000000
1989404.000000
8237898.000000
482968.000000
5875228.000000
9404100.000000
690951.000000
558493.000000
489472.000000
316601.000000
504204.000000
123290.000000
9577835.000000
3387722.000000
2555323.000000
1232548.000000
931637.000000
290374.000000
1120231.000000
5737417.000000
5947447.000000
249235.000000
11300923.000000
810940.000000
14923859.000000
15110594.000000
267200.000000
886428.000000
1151952.000000
10515995.000000
640229.000000
202110.000000
1759310.000000
434228.000000
552573.000000
256810.000000
10691895.000000
463075.000000
544877.000000
454705.000000
3497726.000000
23074379.000000
285129.000000
20222486.000000
380009.000000
744882.000000
344525.000000
381499.000000
1195353.000000
445256.000000
1743332.000000
1028445.000000
369479.000000
3981872.000000
465767.000000
186062.000000
2986077.000000
3740994.000000
42003748.000000
3625733.000000
367352.000000
753861.000000
274121.000000
3322546.000000
6683631.000000
519870.000000
509514.000000
9420151.000000
241760.000000
37617579.000000
5044022.000000
1198828.000000
2629436.000000
964813.000000
112307.000000
3773466.000000
1782531.000000
297755.000000
1248779.000000
25703699.000000
1220895.000000
10335391.000000
2364318.000000
725974.000000
555633.000000
760127.000000
4871734.000000
617695.000000
23341094.000000
6505335.000000
823216.000000
484115.000000
400448.000000
828360.000000
943789.000000
936928.000000
566949.000000
1100307.000000
665310.000000
2459515.000000
12660107.000000
176122.000000
6080769.000000
561326.000000
576225.000000
1128247.000000
2435957.000000
788137.000000
322992.000000
1913968.000000
333791.000000
3594063.000000
1506902.000000
449026.000000
14179882.000000
290056.000000
961399.000000
490243.000000
5642849.000000
393019.000000
3138741.000000
2751886.000000
3046820.000000
46948.000000
2894448.000000
323946.000000
275922.000000
1241916.000000
1514318.000000
3308272.000000
2977751.000000
463075.000000
404999.000000
885972.000000
341476.000000
506033.000000
510647.000000
22404626.000000
42150802.000000
6571855.000000
1094210.000000
105536.000000
2571261.000000
156344.000000
210188.000000
810403.000000
5381194.000000
1057937.000000
1535633.000000
826679.000000
12993377.000000
850838.000000
2078317.000000
6433173.000000
1492896.000000
519227.000000
200015.000000
1587011.000000
678371.000000
142484.000000
210385.000000
493760.000000
5039006.000000
910849.000000
18327894.000000
346510.000000
248612.000000
447495.000000
50732.000000
496850.000000
6491381.000000
5044349.000000
241121.000000
5629730.000000
291718.000000
8317021.000000
403125.000000
922701.000000
415786.000000
11817394.000000
4892216.000000
839319.000000
373420.000000
1686345.000000
785838.000000
508951.000000
12465690.000000
786206.000000
668218.000000
450537.000000
335433.000000
1142803.000000
436675.000000
513505.000000
12276919.000000
444780.000000
7373072.000000
5958067.000000
462331.000000
394811.000000
8588016.000000
536154.000000
471848.000000
778944.000000
1590765.000000
598112.000000
4834435.000000
5482661.000000
162502.000000
4400756.000000
398754.000000
3128863.000000
5282322.000000
1370308.000000
979494.000000
7078293.000000
717934.000000
717461.000000
9050080.000000
292287.000000
1724160.000000
3841775.000000
397627.000000
378453.000000
611838.000000
7730775.000000
868165.000000
398961.000000
583990.000000
484867.000000
1278043.000000
2625080.000000
318018.000000
1394647.000000
1155455.000000
1575795.000000
15781051.000000
4215702.000000
16660603.000000
508079.000000
986229.000000
1556053.000000
11245800.000000
448322.000000
405886.000000
1219868.000000
10862372.000000
6640845.000000
8498608.000000
1097875.000000
654409.000000
739851.000000
173337.000000
497497.000000
1653612.000000
11065716.000000
12232069.000000
8345965.000000
448711.000000
6593077.000000
289317.000000
240848.000000
882568.000000
3470494.000000
1435569.000000
915673.000000
158909.000000
224041.000000
436505.000000
14713526.000000
357701.000000
334298.000000
446044.000000
593814.000000
637733.000000
25863776.000000
14436938.000000
895551.000000
231009.000000
412149.000000
321817.000000
278342.000000
9301327.000000
892814.000000
960990.000000
383674.000000
2037487.000000
28340050.000000
2745821.000000
509585.000000
5696440.000000
24377550.000000
9514949.000000
5155318.000000
4108026.000000
7620828.000000
685360.000000
822118.000000
482731.000000
588505.000000
12833992.000000
94838.000000
1117728.000000
1385642.000000
7056320.000000
355415.000000
1122940.000000
678049.000000
149596.000000
202186.000000
5700210.000000
481370.000000
781195.000000
370984.000000
1496362.000000
1194318.000000
978317.000000
4525639.000000
494239.000000
19973616.000000
314162.000000
749857.000000
357747.000000
292840.000000
3037523.000000
3300243.000000
4048233.000000
1913431.000000
1527282.000000
1780310.000000
8332467.000000
291990.000000
391696.000000
9164266.000000
525332.000000
647590.000000
846593.000000
369738.000000
1082488.000000
6038147.000000
474410.000000
737757.000000
35645097.000000
307291.000000
491959.000000
458709.000000
795118.000000
803017.000000
5119393.000000
230459.000000
336423.000000
510505.000000
311377.000000
639137.000000
8180273.000000
448937.000000
184335.000000
6278804.000000
1359796.000000
592752.000000
519784.000000
1262624.000000
4931921.000000
329399.000000
680610.000000
445285.000000
443062.000000
5120530.000000
1582046.000000
1863532.000000
2994287.000000
12091897.000000
7046606.000000
685387.000000
12166544.000000
3653209.000000
4206771.000000
544512.000000
7726258.000000
389794.000000
13182511.000000
184420.000000
84311.000000
315651.000000
22751833.000000
1748270.000000
1530032.000000
350603.000000
623249.000000
10655550.000000
7242427.000000
119405.000000
4267633.000000
9532417.000000
451354.000000
335343.000000
3405981.000000
1133046.000000
391041.000000
135111.000000
4156206.000000
2439800.000000
9535694.000000
687774.000000
3486483.000000
1861981.000000
2688128.000000
3620249.000000
1522172.000000
31569663.000000
19875524.000000
30967597.000000
600702.000000
488504.000000
15665398.000000
1726317.000000
631987.000000
1921293.000000
828033.000000
998565.000000
905538.000000
376560.000000
1242618.000000
1300850.000000
571921.000000
876451.000000
1167631.000000
624366.000000
704438.000000
437325.000000
898620.000000
59903.000000
493020.000000
529679.000000
463955.000000
365161.000000
377138.000000
521487.000000
19018170.000000
4259050.000000
554635.000000
272498.000000
2954367.000000
214629.000000
31656.000000
113090.000000
34108622.000000
231210.000000
5039786.000000
8623635.000000
504675.000000
596477.000000
2444696.000000
482456.000000
17590650.000000
1818721.000000
1944037.000000
5889007.000000
759254.000000
285605.000000
594834.000000
690192.000000
330091.000000
13587954.000000
851980.000000
356372.000000
550611.000000
673233.000000
586222.000000
11567056.000000
843286.000000
117652.000000
1702465.000000
645164.000000
399697.000000
278463.000000
7152474.000000
485189.000000
1370339.000000
5424937.000000
183340.000000
528881.000000
8202935.000000
412331.000000
544501.000000
178443.000000
30595.000000
280527.000000
3618657.000000
782010.000000
6912702.000000
433398.000000
383275.000000
5121109.000000
984680.000000
261989.000000
585568.000000
322878.000000
377365.000000
302082.000000
12260010.000000
293168.000000
5513899.000000
6434989.000000
181369.000000
1362673.000000
12038602.000000
413641.000000
6648409.000000
291523.000000
647982.000000
510008.000000
1318691.000000
977354.000000
1828233.000000
212924.000000
8180959.000000
468744.000000
4494966.000000
692415.000000
511005.000000
896968.000000
483501.000000
3488663.000000
1020544.000000
3153575.000000
632937.000000
222105.000000
348468.000000
302612.000000
268695.000000
432978.000000
448079.000000
1798243.000000
21422583.000000
766887.000000
6551438.000000
993121.000000
2420458.000000
4237452.000000
19433002.000000
6947209.000000
3448571.000000
562501.000000
602924.000000
364454.000000
13481676.000000
6899044.000000
502614.000000
1032539.000000
350524.000000
3423134.000000
33137025.000000
416322.000000
5882967.000000
532625.000000
490635.000000
1354923.000000
263149.000000
1821453.000000
223490.000000
562903.000000
5482908.000000
8765545.000000
5310009.000000
638802.000000
126325.000000
487916.000000
681839.000000
8017433.000000
8063294.000000
11381249.000000
1102992.000000
401518.000000
724288.000000
1360814.000000
30726716.000000
1133012.000000
4835383.000000
5003517.000000
7406604.000000
796406.000000
10020773.000000
626968.000000
2373080.000000
205240.000000
446522.000000
411269.000000
64639.000000
21637416.000000
341130.000000
804151.000000
682005.000000
207100.000000
292468.000000
204444.000000
635990.000000
294295.000000
994313.000000
495199.000000
282014.000000
1681340.000000
446318.000000
1371473.000000
6828821.000000
93834.000000
4682402.000000
11486342.000000
276640.000000
1736791.000000
222945.000000
877086.000000
471518.000000
6330703.000000
20962030.000000
372141.000000
10890633.000000
13303730.000000
215158.000000
1610686.000000
4635184.000000
478840.000000
299329.000000
239001.000000
859785.000000
447313.000000
522959.000000
6805637.000000
6122810.000000
226939.000000
4651117.000000
1557166.000000
191612.000000
454035.000000
624563.000000
254581.000000
3655700.000000
1295795.000000
738346.000000
42189896.000000
608499.000000
415263.000000
4127602.000000
924112.000000
281638.000000
11926916.000000
469875.000000
16582925.000000
386090.000000
304166.000000
2843855.000000
137748.000000
8528152.000000
327129.000000
362586.000000
29058122.000000
1408866.000000
575348.000000
3053966.000000
686304.000000
700905.000000
77683.000000
428403.000000
372469.000000
496078.000000
456705.000000
459816.000000
14970316.000000
414177.000000
292432.000000
482485.000000
329484.000000
604317.000000
609832.000000
2908229.000000
244530.000000
142810.000000
902095.000000
297576.000000
2630654.000000
364802.000000
1151977.000000
6016719.000000
772117.000000
482251.000000
815409.000000
801394.000000
1261580.000000
1342643.000000
2624897.000000
373780.000000
3746879.000000
2348697.000000
2204455.000000
1016745.000000
549424.000000
193517.000000
1240336.000000
7186613.000000
38790517.000000
221397.000000
1007891.000000
604917.000000
1367066.000000
208388.000000
374445.000000
661630.000000
417612.000000
163087.000000
156758.000000
26064093.000000
476494.000000
385709.000000
279063.000000
679035.000000
396931.000000
743927.000000
1420098.000000
539915.000000
247385.000000
4615157.000000
189335.000000
196392.000000
7652047.000000
120724.000000
547698.000000
341206.000000
398339.000000
95071.000000
4736059.000000
928310.000000
1038657.000000
2517175.000000
2456795.000000
8470362.000000
421028.000000
16069326.000000
639391.000000
7108006.000000
627650.000000
6347645.000000
550888.000000
18209296.000000
4089019.000000
552021.000000
303942.000000
547119.000000
9751580.000000
947402.000000
579071.000000
7126311.000000
100630.000000
1171869.000000
19590347.000000
1373504.000000
609202.000000
2734504.000000
692689.000000
228374.000000
1800364.000000
270863.000000
4975297.000000
318636.000000
210456.000000
546775.000000
581524.000000
1676307.000000
599415.000000
451117.000000
431022.000000
712959.000000
39750424.000000
234065.000000
1762856.000000
286614.000000
508352.000000
341436.000000
12453629.000000
358927.000000
994232.000000
286800.000000
130484.000000
1998541.000000
12685134.000000
138735.000000
230419.000000
485248.000000
24916216.000000
317805.000000
3968867.000000
407118.000000
383890.000000
18014547.000000
726397.000000
452194.000000
693165.000000
123101.000000
4806725.000000
24918108.000000
800407.000000
33265589.000000
8817408.000000
304959.000000
5503205.000000
530757.000000
422300.000000
811258.000000
1026525.000000
453889.000000
373637.000000
825298.000000
250730.000000
11434004.000000
2048999.000000
418909.000000
4216435.000000
4426100.000000
366416.000000
959185.000000
170309.000000
701395.000000
7243993.000000
26351440.000000
451366.000000
5409457.000000
3492607.000000
10224102.000000
7076878.000000
543388.000000
474454.000000
14959735.000000
581482.000000
1168662.000000
668252.000000
791911.000000
673964.000000
463231.000000
11805188.000000
835429.000000
115377.000000
8763240.000000
8618462.000000
222278.000000
11027568.000000
933127.000000
16368403.000000
423723.000000
4980312.000000
909591.000000
1706880.000000
26304839.000000
18986333.000000
264710.000000
541374.000000
398347.000000
11440823.000000
678890.000000
18813651.000000
17777448.000000
490336.000000
533139.000000
627928.000000
836755.000000
361833.000000
15200673.000000
587191.000000
632703.000000
746459.000000
515476.000000
1164549.000000
117824.000000
865610.000000
1550643.000000
528339.000000
1107542.000000
6538679.000000
530016.000000
495945.000000
633498.000000
352434.000000
471727.000000
995011.000000
155598.000000
78711.000000
2757809.000000
529155.000000
606460.000000
7291983.000000
561465.000000
193872.000000
428940.000000
324750.000000
447888.000000
4248475.000000
226221.000000
342581.000000
1180423.000000
7339184.000000
739753.000000
1088755.000000
457377.000000
464060.000000
3366200.000000
16993480.000000
4155584.000000
3158179.000000
1114606.000000
600411.000000
6497496.000000
817033.000000
866623.000000
1498065.000000
221282.000000
333091.000000
23861526.000000
278640.000000
5576366.000000
203118.000000
21281199.000000
520034.000000
496785.000000
12284068.000000
204259.000000
1008043.000000
232912.000000
497689.000000
6429069.000000
498319.000000
160056.000000
1785485.000000
35333032.000000
9243471.000000
211328.000000
424838.000000
756138.000000
1017662.000000
4658773.000000
9992172.000000
2526787.000000
7316244.000000
202971.000000
400943.000000
440089.000000
90407.000000
444597.000000
486384.000000
436265.000000
1139101.000000
18902071.000000
7960008.000000
2551267.000000
13184916.000000
10644542.000000
378552.000000
501179.000000
550904.000000
272800.000000
91502.000000
14874715.000000
8807381.000000
4393849.000000
1176335.000000
38798257.000000
38064127.000000
2112250.000000
10414813.000000
264587.000000
684805.000000
408735.000000
584068.000000
594611.000000
658515.000000
462914.000000
252292.000000
198189.000000
313802.000000
1995697.000000
5799265.000000
14231073.000000
235957.000000
350390.000000
503297.000000
3422570.000000
123763.000000
343260.000000
5064070.000000
2584011.000000
1381403.000000
1283525.000000
4240161.000000
1324002.000000
912128.000000
7320573.000000
1661130.000000
6914522.000000
498711.000000
16035035.000000
416679.000000
5255356.000000
312113.000000
1275964.000000
476314.000000
8214260.000000
758436.000000
301267.000000
403801.000000
1012610.000000
400599.000000
736801.000000
334527.000000
576238.000000
433138.000000
532677.000000
1057449.000000
5923818.000000
12900427.000000
464273.000000
414839.000000
308192.000000
869993.000000
319150.000000
574577.000000
532211.000000
465740.000000
371915.000000
431642.000000
2023681.000000
4096861.000000
436100.000000
3990567.000000
2425184.000000
524540.000000
498901.000000
1293425.000000
401899.000000
602494.000000
354370.000000
14885369.000000
389462.000000
117829.000000
498185.000000
850220.000000
6329579.000000
297397.000000
5371648.000000
436090.000000
513273.000000
7977252.000000
6966211.000000
512918.000000
1671135.000000
27951087.000000
1845668.000000
8382716.000000
253753.000000
782872.000000
340390.000000
342297.000000
672317.000000
316608.000000
476598.000000
392722.000000
284603.000000
329125.000000
502653.000000
7506417.000000
516488.000000
1756151.000000
2780964.000000
31975831.000000
708890.000000
837785.000000
2248343.000000
971313.000000
561095.000000
436000.000000
139720.000000
156526.000000
699264.000000
8812701.000000
5146223.000000
1629638.000000
3497675.000000
331316.000000
39502471.000000
8247015.000000
1512783.000000
1168364.000000
2398536.000000
600487.000000
16684657.000000
4398493.000000
920654.000000
684259.000000
6439374.000000
1696630.000000
894915.000000
635746.000000
393243.000000
833219.000000
204638.000000
11547099.000000
18423721.000000
363234.000000
218297.000000
17027344.000000
981736.000000
495031.000000
895051.000000
11998567.000000
250605.000000
794277.000000
835581.000000
2784127.000000
8448751.000000
1285917.000000
100078.000000
425588.000000
1370185.000000
6111759.000000
1349756.000000
609929.000000
326289.000000
7363064.000000
200204.000000
12294182.000000
1315724.000000
31224069.000000
788681.000000
314088.000000
795314.000000
8467872.000000
1609452.000000
467098.000000
1188884.000000
3993694.000000
107882.000000
450753.000000
6562985.000000
1252157.000000
641010.000000
26676944.000000
936921.000000
28479849.000000
219178.000000
536006.000000
248120.000000
723947.000000
706217.000000
165516.000000
337676.000000
6179407.000000
2229945.000000
459476.000000
10139719.000000
512671.000000
766465.000000
1195076.000000
1729215.000000
247268.000000
11515807.000000
2092606.000000
712441.000000
518872.000000
563965.000000
692731.000000
1225402.000000
552376.000000
504762.000000
4300931.000000
836280.000000
16400931.000000
686973.000000
382278.000000
378341.000000
25187632.000000
23694166.000000
456479.000000
2644802.000000
32823283.000000
182239.000000
1864974.000000
776328.000000
886743.000000
9905230.000000
786694.000000
1948105.000000
144581.000000
36842524.000000
376494.000000
1123551.000000
157976.000000
606171.000000
6274928.000000
14704595.000000
4887842.000000
409079.000000
2031118.000000
2353689.000000
3966287.000000
1075299.000000
266786.000000
14593732.000000
19587355.000000
116619.000000
628765.000000
29575131.000000
731185.000000
5330448.000000
8445547.000000
363704.000000
615679.000000
8074622.000000
454873.000000
265445.000000
530894.000000
322052.000000
155856.000000
1022658.000000
9682382.000000
2112526.000000
1353789.000000
185822.000000
967331.000000
6004604.000000
2864113.000000
2265211.000000
2854016.000000
890194.000000
381207.000000
4037319.000000
261931.000000
1226850.000000
394028.000000
776723.000000
412428.000000
497494.000000
778157.000000
13595102.000000
1782711.000000
681387.000000
355696.000000
480068.000000
5321298.000000
731017.000000
400658.000000
747008.000000
1973734.000000
279914.000000
870588.000000
468393.000000
6809840.000000
1853221.000000
6987236.000000
15787610.000000
2544975.000000
6675723.000000
1497557.000000
13584194.000000
769784.000000
318733.000000
4457264.000000
437260.000000
2372071.000000
1397789.000000
10661012.000000
6728459.000000
410582.000000
10136464.000000
1421021.000000
6312988.000000
4952496.000000
719339.000000
1057806.000000
194391.000000
1267825.000000
21880587.000000
13035524.000000
85693.000000
1706245.000000
434734.000000
1962584.000000
1152394.000000
8006750.000000
1193216.000000
15737884.000000
4814731.000000
5417333.000000
800234.000000
255816.000000
395573.000000
998368.000000
222707.000000
414264.000000
515373.000000
4622826.000000
417851.000000
526035.000000
429676.000000
3610586.000000
597927.000000
219953.000000
1372894.000000
332888.000000
948823.000000
30292318.000000
9646356.000000
367802.000000
1698730.000000
15513339.000000
558906.000000
4368271.000000
802066.000000
224916.000000
5572766.000000
317819.000000
18966329.000000
17415815.000000
15781619.000000
3006640.000000
193980.000000
1003730.000000
2027293.000000
5040155.000000
258919.000000
6384069.000000
