0.000000
0.000000
0.000000
0.000000
0.000000
0.000000
0.000000
0.000000
0.000000
0.000000
0.000000
0.000000
0.000000
0.000000
0.000000
0.000000
0.000000
0.000000
0.000000
0.000000
0.000000
0.000000
0.000000
0.000000
0.000000
0.000000
0.000000
0.000000
0.000000
0.000000
0.000000
0.000000
0.000000
0.000000
0.000000
0.000000
0.000000
0.000000
0.000000
0.000000
0.000000
0.000000
0.000000
0.000000
0.000000
0.000000
0.000000
0.000000
0.000000
0.000000
0.000000
0.000000
0.000000
0.000000
0.000000
0.000000
0.000000
0.000000
0.000000
0.000000
0.000000
0.000000
0.000000
0.000000
0.000000
0.000000
0.000000
0.000000
0.000000
0.000000
0.000000
0.000000
0.000000
0.000000
0.000000
0.000000
0.000000
0.000000
0.000000
0.000000
1538600.000000
652770.000000
379935.000000
709836.000000
787844.000000
773745.000000
435423.000000
525234.000000
989374.000000
342329.000000
267312.000000
407503.000000
310389.000000
895584.000000
477185.000000
321378.000000
537799.000000
312323.000000
1019538.000000
957834.000000
384592.000000
1005600.000000
1015832.000000
337051.000000
961805.000000
711241.000000
226002.000000
379594.000000
532986.000000
160014.000000
318350.000000
1028376.000000
551123.000000
925307.000000
886199.000000
610102.000000
624302.000000
635478.000000
1059040.000000
557554.000000
802979.000000
493199.000000
274665.000000
311265.000000
1047471.000000
414286.000000
788522.000000
888586.000000
480109.000000
169423.000000
858843.000000
1080836.000000
849829.000000
282071.000000
963765.000000
913863.000000
865094.000000
928315.000000
884631.000000
409862.000000
525632.000000
988311.000000
760706.000000
364402.000000
422708.000000
282942.000000
547922.000000
519055.000000
811122.000000
363214.000000
1022700.000000
482780.000000
893541.000000
307824.000000
345316.000000
248078.000000
832840.000000
286076.000000
123868.000000
626551.000000
694845.000000
880326.000000
876628.000000
920807.000000
847445.000000
480294.000000
104653.000000
420908.000000
23733.000000
519160.000000
425062.000000
580755.000000
608581.000000
532132.000000
518203.000000
297751.000000
320710.000000
757429.000000
516045.000000
896903.000000
237906.000000
491641.000000
1041345.000000
761928.000000
1012045.000000
443765.000000
257605.000000
423146.000000
36864.000000
375515.000000
847305.000000
719092.000000
968702.000000
226162.000000
841948.000000
385141.000000
225515.000000
518417.000000
924412.000000
287542.000000
439654.000000
643792.000000
620678.000000
882789.000000
288792.000000
162094.000000
314298.000000
873026.000000
443050.000000
252392.000000
398229.000000
380138.000000
452228.000000
1059835.000000
886266.000000
446500.000000
731358.000000
494664.000000
267927.000000
910149.000000
385314.000000
514398.000000
635176.000000
443688.000000
796768.000000
995374.000000
172706.000000
415548.000000
935046.000000
346473.000000
929698.000000
417500.000000
913679.000000
303767.000000
754932.000000
184892.000000
725359.000000
397726.000000
538919.000000
709348.000000
642482.000000
664838.000000
408541.000000
640363.000000
213847.000000
485402.000000
255339.000000
140881.000000
123466.000000
695600.000000
215268.000000
302268.000000
253480.000000
993423.000000
790875.000000
414521.000000
273567.000000
948356.000000
863723.000000
408850.000000
478471.000000
214189.000000
987941.000000
407947.000000
819875.000000
858549.000000
151525.000000
963895.000000
902048.000000
399330.000000
616623.000000
955841.000000
398007.000000
874298.000000
513160.000000
550647.000000
934090.000000
262724.000000
443703.000000
356983.000000
961678.000000
862884.000000
804720.000000
978505.000000
394720.000000
999051.000000
487669.000000
516218.000000
917534.000000
833516.000000
879072.000000
778392.000000
556531.000000
434128.000000
808892.000000
569499.000000
172605.000000
834118.000000
264523.000000
85879.000000
408635.000000
111634.000000
742945.000000
364560.000000
385819.000000
883685.000000
300523.000000
819785.000000
425123.000000
768863.000000
225422.000000
772153.000000
627279.000000
556264.000000
464851.000000
838061.000000
352906.000000
389170.000000
122324.000000
548921.000000
394478.000000
859700.000000
806838.000000
493331.000000
669418.000000
94504.000000
1078109.000000
843545.000000
875310.000000
989050.000000
946708.000000
726113.000000
539962.000000
255330.000000
878783.000000
324677.000000
906137.000000
313538.000000
628309.000000
813690.000000
122935.000000
609412.000000
478310.000000
396281.000000
409269.000000
227935.000000
850917.000000
948063.000000
853886.000000
218170.000000
166977.000000
617661.000000
910313.000000
995068.000000
232149.000000
764413.000000
405240.000000
718897.000000
763933.000000
428680.000000
358305.000000
808850.000000
775177.000000
79408.000000
668693.000000
459807.000000
723418.000000
812437.000000
715517.000000
145994.000000
826800.000000
707443.000000
967074.000000
373625.000000
1053669.000000
845060.000000
450380.000000
468322.000000
376712.000000
1068505.000000
954162.000000
652280.000000
266763.000000
911353.000000
369384.000000
876913.000000
282538.000000
262926.000000
800093.000000
490700.000000
812486.000000
171151.000000
737479.000000
223394.000000
918548.000000
418912.000000
852736.000000
254582.000000
279121.000000
696349.000000
587227.000000
788777.000000
313822.000000
657006.000000
303080.000000
402388.000000
808218.000000
784172.000000
283059.000000
886003.000000
889290.000000
243653.000000
367001.000000
991668.000000
117740.000000
693280.000000
835271.000000
499287.000000
527123.000000
331221.000000
300861.000000
349720.000000
267314.000000
633398.000000
298974.000000
329935.000000
638159.000000
504919.000000
249190.000000
980154.000000
949193.000000
1063829.000000
561549.000000
957909.000000
863695.000000
951670.000000
693290.000000
336552.000000
469139.000000
285811.000000
509180.000000
313555.000000
252056.000000
129227.000000
397737.000000
595162.000000
852074.000000
873039.000000
882661.000000
424090.000000
646532.000000
498020.000000
880976.000000
784651.000000
137428.000000
186779.000000
421645.000000
771374.000000
797436.000000
276606.000000
396950.000000
570896.000000
1034845.000000
121693.000000
945872.000000
420551.000000
950645.000000
395147.000000
483381.000000
416416.000000
873324.000000
538604.000000
605400.000000
301226.000000
632744.000000
971845.000000
796368.000000
386734.000000
892980.000000
824011.000000
1022036.000000
982767.000000
243249.000000
604543.000000
111888.000000
934243.000000
383985.000000
210105.000000
552729.000000
829085.000000
361542.000000
896955.000000
672625.000000
352542.000000
809060.000000
5484.000000
387311.000000
808449.000000
955899.000000
922039.000000
347067.000000
1012437.000000
133167.000000
101076.000000
968293.000000
266688.000000
895952.000000
716396.000000
965164.000000
1070630.000000
506104.000000
348734.000000
928547.000000
92093.000000
874586.000000
417894.000000
244988.000000
966089.000000
512928.000000
810814.000000
222406.000000
595134.000000
837423.000000
614935.000000
1024201.000000
188441.000000
776204.000000
936665.000000
638519.000000
946577.000000
713267.000000
287620.000000
877478.000000
861884.000000
970483.000000
233857.000000
166017.000000
713968.000000
749683.000000
1083740.000000
235191.000000
489010.000000
387193.000000
353435.000000
340687.000000
250190.000000
596756.000000
216174.000000
842050.000000
870172.000000
956797.000000
325535.000000
1019540.000000
945759.000000
417340.000000
493088.000000
390334.000000
276665.000000
427998.000000
107021.000000
1024026.000000
930721.000000
781745.000000
660164.000000
575354.000000
242001.000000
655741.000000
972940.000000
899660.000000
225398.000000
850668.000000
573781.000000
1011001.000000
964179.000000
286468.000000
550508.000000
654776.000000
911917.000000
441807.000000
194776.000000
678085.000000
355392.000000
454061.000000
239136.000000
1067533.000000
435450.000000
441743.000000
368011.000000
868595.000000
896247.000000
258855.000000
1037869.000000
317853.000000
514374.000000
342108.000000
320571.000000
620293.000000
462341.000000
763113.000000
736535.000000
349986.000000
883329.000000
352372.000000
147954.000000
711093.000000
842940.000000
898873.000000
789610.000000
354749.000000
492946.000000
253122.000000
912248.000000
954047.000000
463622.000000
427128.000000
901497.000000
203696.000000
849754.000000
844105.000000
714265.000000
926982.000000
651658.000000
107744.000000
737552.000000
660306.000000
284707.000000
598531.000000
911082.000000
619923.000000
793806.000000
822915.000000
505772.000000
448468.000000
523594.000000
930326.000000
444814.000000
1012641.000000
765213.000000
526430.000000
378208.000000
369803.000000
573972.000000
618777.000000
596086.000000
451273.000000
709909.000000
535841.000000
1002935.000000
1048473.000000
147439.000000
845106.000000
436550.000000
503557.000000
662450.000000
1101881.000000
535086.000000
287192.000000
930527.000000
312047.000000
1011605.000000
802609.000000
396557.000000
872069.000000
240529.000000
615078.000000
396374.000000
941194.000000
296952.000000
1019675.000000
807681.000000
941741.000000
41218.000000
794334.000000
324592.000000
241880.000000
650728.000000
767097.000000
955640.000000
1010685.000000
365435.000000
283944.000000
487086.000000
253041.000000
372349.000000
452253.000000
803033.000000
1008368.000000
851864.000000
673547.000000
92368.000000
882015.000000
165955.000000
219419.000000
515891.000000
962437.000000
649284.000000
688960.000000
549966.000000
863612.000000
598840.000000
837603.000000
793142.000000
824321.000000
435152.000000
204968.000000
693800.000000
549637.000000
103315.000000
202843.000000
413406.000000
841266.000000
626457.000000
953587.000000
289549.000000
216908.000000
434890.000000
56100.000000
416051.000000
960849.000000
820281.000000
208652.000000
771423.000000
273310.000000
752629.000000
305233.000000
561817.000000
359341.000000
908584.000000
803871.000000
635647.000000
317610.000000
846869.000000
450647.000000
411028.000000
964686.000000
546510.000000
566710.000000
404731.000000
295500.000000
679544.000000
326018.000000
386058.000000
1001867.000000
386150.000000
793240.000000
1063386.000000
455745.000000
299835.000000
828783.000000
387036.000000
380366.000000
555503.000000
866229.000000
439404.000000
1030304.000000
869844.000000
119947.000000
829020.000000
354084.000000
831482.000000
899990.000000
803315.000000
593209.000000
998307.000000
486706.000000
497532.000000
854454.000000
296708.000000
732047.000000
712406.000000
296248.000000
308712.000000
452030.000000
825610.000000
599582.000000
363851.000000
406403.000000
413375.000000
721904.000000
817535.000000
313664.000000
739750.000000
639710.000000
799865.000000
972661.000000
860740.000000
856431.000000
393786.000000
526037.000000
748407.000000
898609.000000
370363.000000
352632.000000
650411.000000
909075.000000
825546.000000
891624.000000
597170.000000
515013.000000
552151.000000
199402.000000
438700.000000
833441.000000
876743.000000
865253.000000
938400.000000
383404.000000
885663.000000
288888.000000
203583.000000
603106.000000
844670.000000
750998.000000
656471.000000
201484.000000
212839.000000
375384.000000
958982.000000
267764.000000
331112.000000
402455.000000
440600.000000
497419.000000
853583.000000
829604.000000
607275.000000
194775.000000
376326.000000
278549.000000
250266.000000
893242.000000
490710.000000
590540.000000
317532.000000
881719.000000
966619.000000
946621.000000
374382.000000
853760.000000
990250.000000
810626.000000
866794.000000
960173.000000
905394.000000
553468.000000
615579.000000
427694.000000
389982.000000
867503.000000
95038.000000
617813.000000
689794.000000
968605.000000
268519.000000
612120.000000
445999.000000
147310.000000
186798.000000
819947.000000
419775.000000
568385.000000
347349.000000
765306.000000
642379.000000
616057.000000
983844.000000
383040.000000
876164.000000
244869.000000
567980.000000
318431.000000
271793.000000
871939.000000
903994.000000
1004019.000000
816839.000000
790611.000000
772785.000000
828480.000000
248998.000000
306261.000000
821237.000000
451326.000000
416529.000000
537449.000000
290951.000000
614085.000000
820778.000000
413915.000000
482252.000000
935334.000000
284030.000000
398992.000000
422103.000000
572790.000000
490349.000000
875059.000000
189201.000000
296806.000000
438429.000000
223454.000000
470116.000000
859550.000000
416556.000000
152286.000000
841742.000000
693146.000000
503066.000000
472090.000000
699620.000000
983015.000000
247332.000000
548960.000000
414098.000000
413461.000000
929138.000000
773592.000000
749237.000000
941281.000000
933664.000000
847498.000000
450573.000000
909708.000000
852508.000000
921268.000000
408790.000000
946464.000000
327146.000000
1001781.000000
163245.000000
79128.000000
317141.000000
929726.000000
791266.000000
699773.000000
306729.000000
437198.000000
896446.000000
732745.000000
128200.000000
869886.000000
843449.000000
352401.000000
278511.000000
912893.000000
678573.000000
362806.000000
93286.000000
856236.000000
978128.000000
896970.000000
546244.000000
709329.000000
753167.000000
670205.000000
920919.000000
623339.000000
937127.000000
937153.000000
858673.000000
513095.000000
430278.000000
865915.000000
793637.000000
500728.000000
796086.000000
485711.000000
606153.000000
670854.000000
313035.000000
597346.000000
686275.000000
461373.000000
610233.000000
706865.000000
431791.000000
520008.000000
391401.000000
528190.000000
54253.000000
381949.000000
393172.000000
348188.000000
245672.000000
331328.000000
419259.000000
1001831.000000
842134.000000
420066.000000
211144.000000
904750.000000
166102.000000
28554.000000
89516.000000
985262.000000
285548.000000
950688.000000
892879.000000
391106.000000
413621.000000
845269.000000
353486.000000
833426.000000
788517.000000
910627.000000
915535.000000
561513.000000
246768.000000
503097.000000
507732.000000
299559.000000
974788.000000
573652.000000
252896.000000
372474.000000
463772.000000
433746.000000
927114.000000
531750.000000
118763.000000
760406.000000
503265.000000
335664.000000
271063.000000
762681.000000
340378.000000
698126.000000
729500.000000
161290.000000
448470.000000
1008979.000000
380002.000000
411557.000000
119092.000000
33008.000000
254088.000000
882716.000000
533790.000000
914785.000000
375096.000000
327295.000000
982489.000000
591054.000000
226127.000000
399191.000000
284410.000000
324649.000000
255356.000000
872433.000000
269256.000000
837682.000000
990829.000000
172343.000000
773210.000000
948912.000000
372461.000000
938295.000000
316358.000000
568973.000000
385976.000000
668136.000000
658125.000000
768763.000000
175166.000000
873792.000000
372461.000000
934464.000000
453829.000000
380505.000000
605538.000000
424182.000000
885080.000000
549809.000000
717352.000000
477048.000000
219211.000000
271743.000000
250235.000000
220065.000000
430678.000000
412874.000000
715366.000000
985722.000000
472492.000000
789334.000000
637166.000000
902933.000000
880810.000000
884089.000000
907749.000000
906391.000000
383416.000000
420592.000000
295403.000000
1015256.000000
1000249.000000
435063.000000
664700.000000
286096.000000
814125.000000
838627.000000
352753.000000
970674.000000
445267.000000
391931.000000
772024.000000
279983.000000
818145.000000
184346.000000
367651.000000
772966.000000
845668.000000
889101.000000
480481.000000
143871.000000
447498.000000
495575.000000
898616.000000
947882.000000
928330.000000
666153.000000
340049.000000
445913.000000
647498.000000
935595.000000
752236.000000
928442.000000
872819.000000
834639.000000
552703.000000
942075.000000
441672.000000
846190.000000
203104.000000
389818.000000
347881.000000
73654.000000
897027.000000
357197.000000
460897.000000
484034.000000
177935.000000
269708.000000
186052.000000
497354.000000
282455.000000
622741.000000
387049.000000
267957.000000
587376.000000
427797.000000
780098.000000
873210.000000
79155.000000
870179.000000
909473.000000
285816.000000
734317.000000
262705.000000
557357.000000
355399.000000
894530.000000
836306.000000
312196.000000
843489.000000
904401.000000
185745.000000
673526.000000
845578.000000
423195.000000
258195.000000
208530.000000
610708.000000
389248.000000
364171.000000
988092.000000
865153.000000
167903.000000
824271.000000
754729.000000
171333.000000
363388.000000
442438.000000
247271.000000
931119.000000
622567.000000
586524.000000
999324.000000
411245.000000
327231.000000
910542.000000
590228.000000
264318.000000
960523.000000
430683.000000
1102748.000000
241284.000000
283893.000000
780912.000000
128163.000000
975702.000000
299810.000000
380056.000000
944153.000000
668926.000000
496300.000000
874163.000000
517698.000000
517911.000000
59760.000000
319807.000000
321999.000000
383483.000000
406670.000000
375048.000000
967822.000000
383461.000000
252983.000000
435628.000000
292734.000000
460364.000000
433274.000000
755341.000000
144990.000000
155185.000000
598222.000000
268333.000000
796460.000000
257962.000000
629473.000000
994473.000000
562857.000000
403788.000000
533726.000000
534703.000000
707296.000000
691684.000000
846751.000000
303854.000000
889699.000000
856908.000000
849420.000000
499700.000000
447507.000000
183803.000000
664568.000000
755074.000000
944074.000000
218958.000000
628425.000000
499101.000000
628153.000000
159213.000000
306316.000000
499334.000000
349994.000000
140037.000000
137921.000000
833671.000000
388234.000000
349467.000000
233402.000000
462027.000000
366980.000000
546975.000000
745368.000000
428861.000000
222074.000000
949629.000000
172530.000000
172413.000000
950494.000000
102142.000000
481246.000000
317484.000000
328634.000000
77111.000000
932783.000000
551522.000000
639386.000000
833057.000000
1030633.000000
866460.000000
384396.000000
869844.000000
492934.000000
962618.000000
461283.000000
903641.000000
469192.000000
969762.000000
965606.000000
400010.000000
262776.000000
440109.000000
855311.000000
542302.000000
403616.000000
930818.000000
93448.000000
696843.000000
962366.000000
730514.000000
390201.000000
807014.000000
531497.000000
234660.000000
786721.000000
221893.000000
868172.000000
293554.000000
236544.000000
432054.000000
459016.000000
771490.000000
443915.000000
372597.000000
403913.000000
504033.000000
1072382.000000
236991.000000
668063.000000
250075.000000
367190.000000
344132.000000
918078.000000
311579.000000
605116.000000
247848.000000
112178.000000
890658.000000
808845.000000
120806.000000
196669.000000
427487.000000
840242.000000
280545.000000
966841.000000
367624.000000
309374.000000
1031045.000000
534234.000000
414436.000000
486671.000000
121093.000000
984686.000000
831417.000000
573473.000000
974526.000000
813003.000000
232021.000000
989535.000000
394586.000000
329065.000000
419171.000000
646801.000000
428845.000000
322411.000000
585389.000000
240429.000000
907313.000000
801678.000000
287093.000000
866851.000000
768759.000000
257865.000000
567663.000000
148382.000000
535638.000000
949940.000000
984621.000000
480822.000000
846125.000000
847959.000000
926161.000000
906413.000000
472323.000000
315405.000000
905607.000000
487147.000000
610975.000000
453084.000000
590478.000000
472344.000000
359820.000000
902347.000000
505142.000000
118610.000000
1042839.000000
989789.000000
145846.000000
938705.000000
576412.000000
1028673.000000
374307.000000
851527.000000
597150.000000
748063.000000
993330.000000
957320.000000
261289.000000
418215.000000
339420.000000
836637.000000
450076.000000
1021575.000000
886746.000000
479189.000000
350481.000000
478428.000000
630388.000000
327629.000000
879379.000000
484358.000000
439301.000000
557955.000000
389226.000000
601009.000000
108020.000000
594195.000000
689987.000000
436999.000000
684150.000000
813076.000000
384118.000000
378272.000000
390388.000000
276248.000000
399862.000000
610199.000000
134629.000000
93311.000000
886359.000000
372956.000000
464778.000000
839760.000000
409962.000000
192488.000000
330302.000000
258258.000000
347725.000000
819440.000000
229570.000000
356698.000000
692009.000000
911198.000000
455314.000000
571627.000000
381728.000000
444083.000000
990745.000000
910291.000000
991269.000000
827433.000000
646601.000000
450330.000000
889230.000000
626890.000000
521894.000000
849039.000000
221603.000000
313392.000000
871601.000000
304326.000000
940727.000000
159034.000000
886306.000000
472862.000000
363114.000000
905862.000000
178711.000000
654185.000000
229829.000000
468529.000000
941760.000000
416545.000000
151067.000000
786870.000000
982656.000000
973513.000000
178589.000000
362219.000000
575991.000000
545653.000000
788457.000000
877638.000000
794101.000000
876059.000000
140519.000000
353127.000000
376656.000000
90127.000000
382894.000000
428120.000000
400684.000000
607834.000000
921354.000000
802794.000000
899205.000000
815674.000000
945745.000000
316255.000000
414724.000000
381401.000000
189743.000000
86440.000000
947351.000000
860978.000000
966672.000000
669378.000000
974386.000000
845350.000000
919647.000000
860620.000000
193229.000000
526529.000000
322081.000000
450489.000000
376379.000000
439416.000000
353205.000000
242662.000000
212951.000000
260650.000000
748278.000000
1000984.000000
1052672.000000
224844.000000
391000.000000
399790.000000
865888.000000
118913.000000
300719.000000
923174.000000
810737.000000
698681.000000
654510.000000
752961.000000
725399.000000
567980.000000
1059074.000000
777916.000000
945478.000000
397168.000000
841978.000000
360268.000000
966384.000000
272310.000000
704486.000000
420796.000000
838927.000000
555050.000000
307952.000000
353458.000000
661139.000000
391309.000000
522276.000000
289145.000000
352699.000000
385329.000000
460101.000000
644707.000000
895558.000000
1035508.000000
367573.000000
376055.000000
204800.000000
567338.000000
314692.000000
365604.000000
355959.000000
361044.000000
316127.000000
362183.000000
782525.000000
789885.000000
382209.000000
863463.000000
762507.000000
372421.000000
337737.000000
729038.000000
328012.000000
458535.000000
346527.000000
743303.000000
269339.000000
90527.000000
396914.000000
625469.000000
1062051.000000
282081.000000
985959.000000
321341.000000
516348.000000
915649.000000
966888.000000
367344.000000
702657.000000
886649.000000
782487.000000
902488.000000
270068.000000
543288.000000
262266.000000
281759.000000
515276.000000
242509.000000
371586.000000
317655.000000
257134.000000
273065.000000
451391.000000
760023.000000
402335.000000
885457.000000
923527.000000
884307.000000
558596.000000
598988.000000
950671.000000
567025.000000
410498.000000
322622.000000
114707.000000
170895.000000
535076.000000
859332.000000
782267.000000
764912.000000
820478.000000
301124.000000
971743.000000
1041540.000000
663062.000000
743965.000000
814469.000000
445148.000000
980589.000000
886752.000000
553667.000000
476048.000000
802772.000000
805104.000000
559656.000000
487989.000000
313804.000000
494704.000000
210813.000000
956182.000000
792091.000000
297358.000000
243683.000000
882825.000000
579809.000000
403073.000000
565959.000000
876759.000000
272841.000000
569509.000000
632715.000000
772549.000000
906930.000000
680372.000000
98903.000000
308644.000000
657631.000000
787560.000000
717246.000000
461603.000000
354805.000000
881254.000000
173284.000000
844769.000000
678668.000000
957743.000000
559578.000000
288577.000000
496471.000000
826136.000000
708177.000000
407084.000000
683623.000000
812013.000000
95362.000000
407439.000000
878871.000000
673423.000000
413613.000000
990059.000000
554206.000000
1002485.000000
210429.000000
436945.000000
240830.000000
534746.000000
452624.000000
153087.000000
336832.000000
856923.000000
884701.000000
413317.000000
842674.000000
417538.000000
456326.000000
626346.000000
711104.000000
199095.000000
887799.000000
744559.000000
530258.000000
356893.000000
462556.000000
482858.000000
636841.000000
405055.000000
427298.000000
776673.000000
574835.000000
881169.000000
437194.000000
367649.000000
288032.000000
1028680.000000
977000.000000
384136.000000
924351.000000
924404.000000
168720.000000
883331.000000
543391.000000
605011.000000
928896.000000
521610.000000
809002.000000
144201.000000
915089.000000
316282.000000
636234.000000
175909.000000
497670.000000
997567.000000
923539.000000
862833.000000
336208.000000
772257.000000
949795.000000
1021879.000000
613981.000000
220675.000000
904167.000000
982004.000000
121328.000000
571993.000000
984433.000000
514342.000000
988797.000000
895665.000000
300298.000000
436925.000000
957362.000000
438407.000000
214189.000000
392940.000000
297525.000000
123489.000000
630680.000000
767967.000000
867262.000000
715277.000000
174053.000000
654995.000000
1077306.000000
914161.000000
894068.000000
901458.000000
593194.000000
361024.000000
902092.000000
218551.000000
685909.000000
330311.000000
563756.000000
343010.000000
480206.000000
551816.000000
908206.000000
803636.000000
558109.000000
300603.000000
380397.000000
853494.000000
475749.000000
359117.000000
604175.000000
1070043.000000
260729.000000
590525.000000
378936.000000
858189.000000
666242.000000
871666.000000
990146.000000
723971.000000
903166.000000
672691.000000
787740.000000
533620.000000
283587.000000
974542.000000
363763.000000
908538.000000
759355.000000
932597.000000
823806.000000
309429.000000
908143.000000
655648.000000
837885.000000
799388.000000
574502.000000
689371.000000
163849.000000
649461.000000
1041191.000000
1028745.000000
70044.000000
737719.000000
379800.000000
750944.000000
666087.000000
937403.000000
679744.000000
972373.000000
837068.000000
1089186.000000
614477.000000
227537.000000
369116.000000
638301.000000
174403.000000
325668.000000
435217.000000
766136.000000
335589.000000
441881.000000
349292.000000
922587.000000
402622.000000
212444.000000
710111.000000
256505.000000
569090.000000
904493.000000
871473.000000
307862.000000
666873.000000
979473.000000
418360.000000
929972.000000
637295.000000
205716.000000
1007294.000000
267740.000000
759781.000000
983848.000000
889031.000000
774655.000000
170868.000000
647497.000000
718657.000000
910736.000000
205077.000000
971225.000000
