0.000000
0.000000
0.000000
0.000000
0.000000
0.000000
0.000000
0.000000
0.000000
0.000000
0.000000
0.000000
0.000000
0.000000
0.000000
0.000000
0.000000
0.000000
0.000000
0.000000
0.000000
0.000000
0.000000
0.000000
0.000000
0.000000
0.000000
0.000000
0.000000
0.000000
0.000000
0.000000
0.000000
0.000000
0.000000
0.000000
0.000000
0.000000
0.000000
0.000000
0.000000
0.000000
0.000000
0.000000
0.000000
0.000000
0.000000
0.000000
0.000000
0.000000
0.000000
0.000000
0.000000
0.000000
0.000000
0.000000
0.000000
0.000000
0.000000
0.000000
0.000000
0.000000
0.000000
0.000000
0.000000
0.000000
0.000000
0.000000
0.000000
0.000000
0.000000
0.000000
0.000000
0.000000
0.000000
0.000000
0.000000
0.000000
0.000000
0.000000
0.000000
0.000000
677300.000000
363843.000000
423625.000000
328393.000000
315672.000000
315051.000000
398896.000000
260454.000000
203995.000000
275629.000000
214959.000000
322241.000000
384527.000000
266555.000000
397247.000000
255517.000000
442304.000000
486877.000000
253652.000000
390516.000000
454483.000000
266329.000000
413973.000000
428332.000000
168357.000000
339607.000000
333447.000000
142932.000000
239943.000000
415169.000000
411071.000000
465901.000000
450472.000000
319371.000000
403650.000000
468143.000000
444666.000000
283867.000000
378260.000000
362901.000000
238203.000000
255862.000000
407300.000000
245748.000000
404123.000000
471248.000000
318290.000000
220936.000000
394549.000000
430834.000000
401377.000000
228514.000000
488906.000000
379716.000000
388120.000000
350180.000000
361141.000000
296560.000000
329874.000000
373633.000000
320318.000000
211684.000000
324950.000000
276406.000000
358925.000000
336540.000000
392995.000000
254518.000000
431295.000000
319463.000000
464164.000000
230982.000000
262836.000000
215059.000000
452415.000000
211994.000000
136116.000000
411886.000000
381428.000000
427663.000000
441502.000000
385047.000000
370679.000000
353891.000000
88350.000000
272813.000000
26159.000000
322580.000000
279331.000000
412214.000000
439472.000000
365932.000000
288028.000000
209868.000000
287605.000000
349017.000000
297477.000000
433804.000000
225057.000000
313630.000000
434965.000000
343178.000000
349888.000000
301909.000000
222887.000000
300258.000000
27351.000000
244730.000000
353156.000000
399331.000000
432075.000000
193438.000000
502493.000000
260813.000000
193867.000000
385246.000000
377274.000000
264140.000000
334632.000000
383597.000000
383210.000000
464892.000000
236053.000000
143082.000000
231092.000000
452121.000000
328247.000000
250957.000000
310472.000000
245489.000000
284011.000000
467912.000000
456428.000000
280934.000000
429374.000000
374740.000000
231392.000000
325598.000000
259452.000000
326540.000000
335380.000000
320533.000000
435324.000000
362242.000000
144969.000000
271735.000000
412763.000000
225215.000000
449040.000000
288205.000000
470729.000000
222228.000000
352607.000000
236591.000000
309177.000000
255333.000000
359346.000000
388606.000000
419693.000000
367143.000000
305985.000000
327120.000000
199105.000000
373659.000000
199905.000000
109393.000000
146773.000000
322970.000000
198505.000000
235940.000000
243916.000000
397636.000000
333180.000000
266576.000000
236128.000000
367116.000000
428121.000000
288085.000000
346042.000000
260545.000000
501617.000000
275646.000000
375935.000000
438889.000000
184260.000000
390762.000000
402810.000000
266086.000000
331711.000000
464139.000000
290287.000000
427708.000000
386001.000000
392498.000000
442090.000000
228655.000000
314424.000000
273976.000000
394563.000000
507514.000000
427664.000000
356154.000000
257707.000000
424083.000000
325562.000000
307602.000000
437496.000000
470003.000000
461700.000000
451755.000000
308722.000000
343769.000000
447090.000000
275391.000000
193682.000000
446290.000000
201317.000000
88616.000000
283307.000000
105019.000000
413202.000000
305596.000000
328219.000000
432775.000000
268298.000000
369760.000000
291672.000000
452381.000000
185029.000000
322208.000000
392253.000000
314326.000000
347292.000000
433219.000000
245200.000000
323869.000000
116523.000000
300620.000000
245312.000000
381778.000000
401339.000000
243704.000000
373380.000000
78344.000000
396882.000000
395950.000000
451310.000000
405709.000000
383966.000000
406435.000000
361686.000000
209742.000000
342439.000000
270854.000000
404162.000000
237555.000000
427696.000000
438737.000000
119769.000000
369486.000000
350259.000000
259102.000000
273882.000000
237791.000000
404088.000000
449952.000000
501054.000000
185380.000000
173164.000000
414289.000000
445010.000000
399778.000000
187326.000000
422986.000000
312635.000000
406648.000000
469143.000000
287461.000000
243409.000000
431540.000000
391950.000000
96865.000000
344291.000000
307500.000000
467176.000000
424982.000000
430284.000000
138836.000000
384068.000000
343261.000000
456445.000000
279842.000000
383025.000000
429376.000000
326120.000000
368597.000000
284259.000000
382902.000000
383440.000000
392127.000000
222915.000000
443548.000000
304725.000000
419105.000000
226511.000000
271895.000000
389697.000000
348746.000000
404731.000000
147303.000000
320413.000000
190876.000000
409785.000000
283713.000000
462489.000000
240433.000000
235556.000000
382941.000000
334881.000000
368083.000000
232247.000000
368082.000000
241592.000000
301176.000000
385743.000000
462912.000000
234219.000000
446529.000000
514074.000000
223042.000000
259953.000000
440491.000000
113622.000000
365259.000000
376829.000000
342019.000000
320683.000000
308140.000000
245691.000000
285587.000000
269548.000000
341387.000000
226612.000000
271039.000000
428004.000000
355685.000000
213138.000000
379843.000000
352473.000000
399551.000000
318544.000000
364441.000000
412873.000000
397226.000000
281352.000000
275382.000000
307598.000000
241144.000000
349949.000000
267031.000000
215997.000000
102030.000000
281803.000000
376131.000000
386033.000000
429636.000000
350031.000000
275824.000000
393569.000000
278810.000000
400046.000000
458405.000000
107345.000000
172977.000000
290281.000000
418390.000000
401679.000000
273967.000000
307832.000000
422388.000000
428736.000000
89061.000000
357155.000000
379849.000000
507785.000000
245337.000000
320353.000000
296795.000000
429847.000000
386776.000000
391140.000000
218643.000000
308887.000000
405143.000000
444540.000000
253177.000000
436793.000000
427270.000000
457753.000000
406596.000000
221254.000000
326948.000000
89263.000000
429325.000000
300666.000000
144127.000000
363777.000000
380463.000000
295348.000000
406687.000000
375079.000000
261217.000000
345952.000000
5166.000000
313672.000000
410230.000000
480190.000000
415094.000000
316386.000000
393764.000000
134795.000000
114338.000000
360740.000000
221607.000000
463588.000000
304637.000000
385579.000000
407998.000000
339723.000000
319622.000000
416337.000000
99955.000000
401498.000000
265469.000000
222342.000000
470676.000000
347140.000000
409126.000000
176294.000000
359639.000000
367913.000000
363721.000000
305483.000000
181049.000000
427576.000000
397598.000000
374145.000000
348093.000000
354260.000000
225564.000000
397242.000000
345535.000000
388698.000000
247307.000000
159445.000000
378328.000000
383607.000000
457075.000000
206198.000000
339083.000000
271070.000000
298416.000000
304579.000000
259851.000000
395543.000000
193656.000000
437128.000000
395952.000000
443691.000000
265514.000000
437998.000000
481439.000000
354187.000000
304096.000000
306518.000000
247019.000000
310248.000000
126110.000000
442166.000000
399915.000000
375635.000000
410159.000000
365134.000000
192282.000000
427414.000000
384625.000000
397912.000000
160784.000000
348031.000000
403336.000000
430976.000000
434256.000000
223921.000000
360007.000000
373461.000000
436125.000000
240787.000000
171777.000000
400857.000000
282033.000000
300509.000000
190131.000000
378977.000000
287552.000000
312497.000000
281338.000000
419164.000000
369445.000000
222984.000000
527083.000000
267104.000000
378123.000000
291647.000000
253314.000000
389320.000000
283270.000000
392665.000000
348264.000000
306422.000000
408443.000000
290726.000000
146391.000000
394929.000000
305216.000000
479564.000000
437743.000000
236536.000000
338138.000000
199467.000000
431430.000000
345133.000000
291548.000000
306039.000000
351866.000000
168671.000000
483765.000000
452541.000000
442033.000000
387734.000000
454673.000000
97463.000000
326922.000000
414802.000000
229816.000000
305250.000000
496856.000000
327501.000000
440503.000000
415979.000000
322784.000000
336291.000000
336991.000000
378746.000000
283885.000000
479518.000000
367042.000000
373013.000000
275183.000000
295151.000000
383581.000000
343981.000000
323706.000000
260130.000000
442803.000000
400898.000000
428579.000000
397407.000000
138238.000000
390032.000000
308884.000000
328519.000000
398130.000000
397940.000000
333804.000000
221287.000000
355074.000000
216047.000000
472245.000000
419394.000000
270935.000000
494288.000000
219519.000000
355554.000000
280973.000000
430000.000000
251680.000000
417608.000000
363062.000000
422029.000000
37759.000000
466772.000000
279754.000000
227387.000000
418140.000000
374782.000000
477137.000000
446321.000000
310015.000000
251431.000000
288750.000000
280482.000000
252793.000000
255089.000000
367249.000000
388003.000000
462550.000000
365121.000000
88967.000000
399357.000000
127084.000000
175333.000000
379045.000000
413628.000000
358522.000000
326345.000000
352665.000000
464937.000000
375416.000000
379668.000000
328393.000000
475612.000000
287005.000000
150696.000000
380594.000000
321608.000000
119643.000000
140060.000000
258045.000000
311107.000000
368808.000000
408499.000000
252605.000000
191429.000000
308259.000000
89079.000000
309741.000000
410261.000000
414557.000000
175096.000000
422486.000000
182026.000000
379774.000000
263925.000000
355128.000000
282598.000000
445079.000000
364872.000000
373311.000000
260523.000000
402255.000000
335965.000000
277873.000000
405536.000000
360863.000000
340675.000000
265495.000000
236626.000000
421114.000000
207541.000000
284825.000000
447599.000000
245034.000000
346443.000000
436416.000000
266228.000000
256141.000000
402270.000000
327090.000000
266477.000000
343607.000000
427597.000000
298831.000000
424236.000000
343581.000000
156219.000000
400776.000000
260956.000000
465019.000000
450309.000000
433392.000000
341240.000000
394995.000000
341650.000000
308670.000000
334603.000000
187466.000000
398646.000000
382357.000000
249580.000000
177818.000000
317035.000000
380183.000000
352631.000000
282834.000000
290962.000000
275258.000000
409115.000000
365575.000000
237488.000000
403248.000000
349332.000000
417064.000000
361823.000000
416818.000000
392704.000000
270809.000000
285598.000000
399776.000000
424288.000000
304277.000000
288233.000000
385163.000000
415064.000000
435995.000000
459335.000000
382937.000000
355417.000000
338946.000000
154411.000000
336274.000000
455304.000000
491809.000000
313343.000000
423996.000000
311136.000000
440305.000000
217919.000000
165972.000000
397443.000000
402910.000000
428513.000000
397522.000000
141933.000000
136227.000000
280983.000000
439576.000000
230757.000000
254539.000000
283540.000000
313542.000000
337043.000000
392536.000000
449991.000000
371789.000000
195116.000000
263429.000000
246646.000000
248805.000000
523907.000000
402237.000000
341365.000000
272330.000000
367881.000000
446917.000000
353583.000000
271997.000000
462194.000000
416983.000000
370773.000000
386655.000000
401462.000000
397405.000000
367814.000000
362176.000000
314058.000000
298210.000000
357826.000000
72881.000000
348606.000000
404930.000000
466399.000000
248635.000000
386418.000000
362464.000000
119652.000000
147527.000000
417758.000000
299817.000000
289655.000000
263586.000000
397622.000000
389209.000000
334556.000000
393821.000000
297146.000000
403810.000000
236160.000000
323566.000000
262044.000000
216506.000000
409827.000000
424136.000000
451476.000000
422228.000000
378403.000000
400056.000000
382108.000000
213110.000000
246953.000000
354417.000000
304399.000000
205182.000000
309340.000000
235041.000000
385873.000000
394556.000000
264935.000000
335306.000000
345567.000000
246147.000000
285737.000000
283252.000000
429689.000000
375388.000000
442178.000000
182149.000000
231701.000000
328545.000000
220910.000000
321889.000000
334252.000000
324092.000000
130248.000000
409716.000000
339766.000000
279778.000000
295523.000000
386514.000000
426443.000000
235574.000000
359667.000000
305707.000000
310429.000000
375837.000000
421637.000000
352020.000000
412294.000000
357598.000000
428215.000000
353158.000000
447423.000000
401680.000000
318154.000000
291901.000000
345668.000000
250648.000000
401067.000000
135871.000000
64732.000000
242321.000000
484071.000000
383569.000000
384057.000000
273398.000000
405382.000000
379054.000000
349090.000000
117048.000000
393880.000000
442632.000000
257257.000000
206032.000000
456153.000000
407478.000000
293423.000000
80856.000000
415974.000000
438804.000000
409187.000000
347398.000000
433666.000000
398838.000000
328434.000000
443258.000000
397806.000000
494932.000000
343446.000000
432697.000000
265013.000000
339359.000000
435902.000000
455544.000000
348624.000000
400191.000000
314366.000000
364764.000000
290638.000000
267528.000000
423592.000000
472782.000000
309301.000000
414942.000000
341420.000000
348803.000000
328640.000000
348302.000000
377248.000000
53697.000000
273417.000000
327766.000000
270010.000000
247602.000000
274226.000000
323819.000000
471297.000000
424261.000000
313875.000000
192488.000000
379839.000000
170429.000000
36802.000000
95092.000000
445522.000000
180678.000000
437767.000000
414069.000000
290395.000000
244688.000000
425922.000000
217522.000000
345454.000000
426870.000000
371482.000000
396960.000000
340900.000000
180664.000000
340264.000000
366582.000000
203634.000000
498652.000000
322682.000000
256290.000000
301385.000000
324099.000000
301643.000000
369693.000000
313165.000000
115455.000000
349559.000000
265935.000000
246334.000000
212062.000000
428754.000000
276911.000000
443383.000000
364016.000000
171377.000000
306263.000000
459692.000000
268762.000000
311869.000000
123931.000000
24454.000000
218115.000000
354613.000000
328304.000000
460197.000000
284062.000000
267978.000000
366224.000000
383434.000000
195801.000000
310070.000000
265431.000000
267810.000000
226998.000000
440529.000000
219429.000000
454052.000000
452011.000000
136493.000000
398451.000000
455114.000000
319420.000000
397367.000000
189442.000000
352551.000000
280098.000000
381319.000000
309862.000000
431836.000000
144893.000000
453966.000000
241823.000000
447183.000000
346866.000000
247005.000000
429474.000000
281499.000000
417754.000000
336394.000000
321859.000000
317504.000000
193328.000000
236534.000000
210506.000000
223082.000000
306968.000000
267148.000000
324709.000000
477258.000000
302991.000000
404054.000000
379427.000000
321292.000000
457357.000000
360949.000000
395468.000000
386030.000000
309571.000000
329579.000000
231680.000000
422546.000000
373989.000000
281703.000000
361998.000000
265757.000000
343425.000000
384658.000000
278868.000000
420554.000000
259068.000000
318992.000000
362684.000000
222160.000000
406837.000000
201923.000000
313500.000000
350563.000000
423826.000000
382586.000000
293348.000000
116736.000000
271588.000000
289875.000000
455541.000000
407010.000000
396553.000000
394128.000000
274335.000000
315215.000000
370565.000000
409238.000000
423429.000000
410466.000000
387138.000000
367940.000000
354004.000000
413037.000000
345358.000000
340956.000000
151675.000000
268946.000000
306620.000000
60279.000000
387860.000000
260517.000000
340309.000000
386253.000000
146874.000000
223112.000000
165706.000000
294735.000000
206082.000000
353868.000000
294262.000000
231496.000000
340510.000000
274099.000000
437855.000000
468845.000000
87174.000000
395425.000000
456800.000000
242697.000000
469224.000000
213616.000000
363314.000000
285893.000000
435824.000000
425542.000000
245640.000000
386433.000000
416325.000000
178716.000000
376095.000000
342744.000000
324769.000000
243048.000000
172019.000000
344371.000000
272195.000000
308122.000000
362508.000000
413522.000000
146485.000000
423788.000000
383576.000000
161961.000000
277241.000000
312848.000000
209165.000000
370501.000000
324846.000000
302636.000000
382014.000000
280494.000000
299139.000000
402144.000000
339905.000000
226051.000000
399746.000000
298644.000000
442426.000000
218392.000000
225364.000000
438094.000000
105931.000000
403677.000000
248839.000000
284306.000000
384530.000000
412451.000000
361083.000000
378464.000000
321311.000000
302776.000000
68377.000000
265163.000000
270581.000000
333934.000000
295468.000000
292415.000000
392527.000000
262245.000000
219029.000000
313253.000000
184768.000000
292619.000000
256021.000000
354482.000000
147720.000000
142509.000000
391648.000000
235136.000000
341632.000000
238451.000000
385722.000000
383478.000000
370231.000000
300887.000000
367383.000000
344656.000000
322885.000000
420974.000000
477838.000000
226145.000000
405427.000000
506471.000000
351375.000000
277588.000000
308610.000000
158256.000000
463360.000000
434975.000000
315540.000000
190415.000000
343338.000000
322959.000000
297862.000000
156251.000000
225993.000000
344366.000000
207838.000000
129440.000000
141048.000000
414313.000000
303014.000000
230578.000000
239189.000000
339734.000000
229526.000000
377030.000000
377807.000000
323864.000000
190397.000000
432886.000000
178995.000000
173557.000000
505940.000000
124528.000000
294004.000000
250739.000000
293538.000000
89651.000000
422128.000000
405985.000000
388897.000000
407911.000000
411906.000000
407061.000000
301345.000000
379432.000000
278048.000000
493624.000000
339036.000000
441932.000000
323096.000000
429689.000000
452357.000000
281850.000000
228276.000000
320572.000000
414028.000000
363362.000000
295251.000000
319723.000000
82889.000000
334142.000000
421451.000000
392262.000000
272284.000000
339536.000000
372191.000000
214859.000000
441346.000000
194162.000000
454634.000000
228179.000000
182700.000000
322781.000000
314545.000000
409091.000000
344885.000000
285607.000000
297909.000000
317452.000000
355464.000000
171026.000000
386195.000000
205711.000000
211103.000000
293301.000000
416428.000000
250385.000000
306248.000000
201542.000000
108095.000000
347379.000000
329852.000000
111662.000000
182321.000000
322485.000000
407573.000000
208395.000000
453392.000000
273988.000000
250615.000000
363417.000000
298279.000000
289317.000000
303270.000000
106319.000000
412333.000000
348044.000000
378405.000000
370677.000000
419729.000000
213849.000000
412663.000000
272622.000000
292461.000000
295187.000000
359583.000000
274527.000000
280350.000000
346651.000000
183238.000000
439311.000000
460800.000000
251364.000000
436361.000000
368910.000000
264105.000000
321205.000000
120586.000000
332528.000000
404207.000000
428130.000000
331745.000000
461309.000000
405241.000000
443354.000000
383557.000000
326422.000000
237794.000000
365287.000000
340576.000000
347036.000000
286735.000000
337034.000000
337715.000000
283154.000000
428826.000000
346229.000000
81317.000000
434725.000000
475588.000000
149915.000000
441183.000000
383313.000000
442814.000000
257754.000000
312297.000000
359799.000000
321198.000000
436076.000000
453435.000000
212103.000000
316058.000000
276608.000000
454957.000000
340052.000000
474986.000000
459203.000000
332773.000000
289414.000000
353809.000000
384888.000000
255763.000000
393478.000000
273992.000000
301243.000000
265669.000000
326553.000000
469169.000000
103835.000000
369095.000000
411238.000000
322601.000000
377512.000000
371248.000000
292467.000000
303799.000000
364866.000000
262153.000000
279457.000000
409768.000000
123628.000000
73517.000000
356883.000000
258320.000000
345163.000000
451791.000000
302319.000000
182843.000000
242271.000000
226542.000000
238400.000000
327423.000000
195880.000000
266199.000000
420570.000000
369861.000000
349073.000000
342479.000000
291025.000000
275283.000000
371762.000000
448117.000000
389329.000000
424743.000000
349319.000000
274721.000000
452525.000000
364012.000000
315901.000000
479186.000000
150470.000000
244817.000000
398679.000000
227142.000000
414106.000000
128225.000000
428337.000000
301830.000000
305910.000000
398765.000000
161848.000000
346170.000000
200518.000000
332531.000000
409770.000000
331973.000000
129108.000000
395818.000000
495505.000000
441109.000000
189587.000000
230817.000000
368936.000000
356993.000000
435979.000000
387964.000000
390875.000000
382495.000000
163852.000000
291910.000000
282765.000000
99249.000000
286100.000000
244341.000000
290380.000000
358406.000000
367118.000000
385197.000000
411098.000000
451809.000000
434101.000000
259321.000000
293318.000000
316357.000000
232092.000000
60033.000000
417401.000000
435734.000000
342533.000000
449408.000000
323449.000000
400932.000000
415274.000000
428784.000000
239272.000000
282115.000000
303539.000000
338441.000000
305819.000000
279952.000000
293740.000000
185953.000000
175473.000000
248671.000000
424595.000000
408670.000000
476714.000000
174543.000000
260593.000000
302221.000000
495097.000000
97279.000000
244386.000000
409655.000000
489933.000000
363887.000000
378856.000000
320010.000000
381383.000000
370520.000000
444863.000000
442619.000000
400528.000000
283104.000000
441529.000000
170370.000000
417273.000000
225022.000000
375357.000000
349355.000000
318616.000000
314141.000000
226825.000000
257423.000000
317458.000000
254362.000000
362534.000000
268266.000000
237703.000000
248003.000000
332094.000000
391891.000000
351561.000000
423533.000000
319842.000000
272747.000000
170817.000000
379781.000000
262047.000000
247712.000000
215923.000000
267473.000000
241665.000000
304257.000000
442200.000000
314084.000000
298250.000000
371435.000000
327061.000000
317227.000000
234709.000000
413116.000000
250908.000000
347642.000000
252902.000000
341471.000000
227813.000000
93711.000000
285155.000000
376200.000000
431163.000000
227327.000000
389291.000000
242664.000000
288641.000000
439626.000000
372374.000000
297316.000000
355670.000000
326841.000000
420399.000000
398122.000000
197809.000000
338759.000000
200438.000000
250147.000000
392837.000000
222660.000000
297823.000000
267799.000000
214019.000000
213912.000000
295886.000000
435602.000000
302073.000000
426524.000000
417252.000000
386561.000000
337132.000000
332795.000000
366237.000000
383699.000000
286116.000000
254724.000000
123312.000000
151122.000000
309468.000000
440209.000000
442072.000000
362487.000000
409272.000000
269532.000000
458935.000000
434189.000000
330547.000000
411183.000000
411698.000000
300036.000000
450985.000000
354478.000000
410785.000000
262138.000000
420547.000000
479930.000000
363753.000000
323463.000000
263668.000000
338324.000000
130302.000000
424383.000000
401415.000000
274588.000000
158288.000000
413187.000000
410628.000000
295650.000000
345563.000000
407199.000000
248936.000000
418155.000000
354115.000000
479915.000000
386670.000000
424745.000000
69171.000000
274394.000000
482703.000000
373059.000000
327230.000000
300201.000000
272221.000000
485911.000000
160522.000000
409918.000000
380977.000000
504848.000000
346718.000000
239580.000000
325483.000000
398762.000000
407363.000000
301916.000000
416918.000000
383197.000000
78914.000000
288871.000000
411283.000000
389863.000000
333551.000000
401717.000000
366095.000000
491642.000000
171439.000000
310587.000000
161309.000000
385116.000000
360034.000000
155751.000000
233321.000000
343453.000000
369444.000000
328705.000000
435196.000000
306170.000000
383367.000000
276018.000000
366105.000000
207588.000000
388265.000000
372776.000000
361549.000000
321820.000000
358277.000000
277516.000000
375721.000000
320384.000000
276476.000000
424288.000000
365696.000000
405873.000000
344974.000000
247742.000000
234767.000000
372803.000000
397991.000000
286920.000000
485780.000000
409280.000000
129321.000000
427931.000000
280918.000000
366805.000000
390149.000000
356496.000000
348714.000000
106186.000000
443534.000000
233236.000000
380031.000000
150426.000000
347289.000000
463928.000000
448336.000000
434569.000000
279301.000000
373392.000000
485486.000000
373360.000000
415791.000000
145249.000000
428799.000000
354270.000000
122340.000000
364897.000000
445418.000000
367319.000000
498413.000000
394836.000000
259336.000000
316132.000000
373288.000000
253226.000000
209132.000000
291883.000000
255014.000000
116596.000000
393593.000000
375402.000000
440992.000000
390063.000000
158523.000000
347817.000000
486394.000000
413529.000000
381293.000000
439735.000000
299236.000000
257441.000000
470316.000000
239004.000000
471357.000000
258971.000000
316186.000000
253154.000000
310592.000000
381448.000000
378636.000000
336864.000000
315735.000000
206229.000000
300620.000000
350699.000000
323166.000000
254012.000000
380701.000000
384918.000000
231895.000000
316267.000000
311146.000000
343653.000000
384019.000000
426593.000000
449663.000000
410034.000000
387002.000000
356450.000000
335228.000000
319663.000000
243009.000000
496630.000000
307609.000000
396508.000000
393947.000000
432832.000000
414682.000000
282504.000000
464879.000000
364760.000000
409578.000000
479476.000000
359941.000000
364784.000000
171381.000000
398877.000000
398403.000000
397763.000000
77741.000000
443523.000000
262304.000000
371055.000000
372181.000000
417502.000000
340837.000000
374944.000000
343818.000000
425742.000000
332866.000000
169845.000000
253775.000000
411389.000000
198551.000000
277267.000000
297447.000000
459353.000000
254956.000000
298866.000000
263799.000000
420306.000000
262012.000000
221435.000000
372633.000000
228189.000000
342207.000000
427791.000000
402129.000000
272411.000000
369556.000000
542594.000000
329998.000000
410507.000000
359429.000000
192886.000000
480582.000000
249931.000000
378577.000000
421500.000000
499505.000000
396922.000000
186026.000000
359380.000000
420788.000000
426251.000000
216598.000000
439505.000000
