0.000000
0.000000
0.000000
0.000000
0.000000
0.000000
0.000000
0.000000
0.000000
0.000000
0.000000
0.000000
0.000000
0.000000
0.000000
0.000000
0.000000
0.000000
0.000000
0.000000
0.000000
0.000000
0.000000
0.000000
0.000000
0.000000
0.000000
0.000000
0.000000
0.000000
0.000000
0.000000
0.000000
0.000000
0.000000
0.000000
0.000000
0.000000
0.000000
0.000000
0.000000
0.000000
0.000000
0.000000
0.000000
0.000000
0.000000
0.000000
0.000000
0.000000
0.000000
0.000000
0.000000
0.000000
0.000000
0.000000
0.000000
0.000000
0.000000
0.000000
0.000000
0.000000
0.000000
0.000000
0.000000
0.000000
0.000000
0.000000
0.000000
0.000000
0.000000
0.000000
0.000000
0.000000
0.000000
0.000000
0.000000
0.000000
0.000000
0.000000
0.000000
0.000000
0.000000
0.000000
0.000000
0.000000
0.000000
1107225.000000
683353.000000
283120.000000
269443.000000
381635.000000
280786.000000
665552.000000
462550.000000
308400.000000
512976.000000
309287.000000
690031.000000
696611.000000
402836.000000
707336.000000
600344.000000
305184.000000
643701.000000
726129.000000
215160.000000
421035.000000
534576.000000
185128.000000
331632.000000
684222.000000
502108.000000
677350.000000
703140.000000
521926.000000
541989.000000
598005.000000
795648.000000
565652.000000
655936.000000
489647.000000
308810.000000
244518.000000
676298.000000
396558.000000
627607.000000
758660.000000
461386.000000
223912.000000
723163.000000
615711.000000
626412.000000
272495.000000
737868.000000
636086.000000
674381.000000
649713.000000
694712.000000
415403.000000
491529.000000
694495.000000
535801.000000
340599.000000
443610.000000
327455.000000
552863.000000
466688.000000
729832.000000
337664.000000
623672.000000
453376.000000
708832.000000
295568.000000
396222.000000
263613.000000
642367.000000
311929.000000
145526.000000
569384.000000
611418.000000
649933.000000
640408.000000
663616.000000
648636.000000
452039.000000
113739.000000
364399.000000
32156.000000
495907.000000
446670.000000
480875.000000
577614.000000
459808.000000
449183.000000
288743.000000
340333.000000
616463.000000
437413.000000
706450.000000
260398.000000
454318.000000
754345.000000
646331.000000
676801.000000
416757.000000
274120.000000
396813.000000
37054.000000
362247.000000
665273.000000
559969.000000
641095.000000
228454.000000
661876.000000
377693.000000
213858.000000
573791.000000
759120.000000
311546.000000
431741.000000
573888.000000
542509.000000
730626.000000
274220.000000
173373.000000
312399.000000
710942.000000
392288.000000
257095.000000
353395.000000
378181.000000
386311.000000
655827.000000
657923.000000
459425.000000
631406.000000
499513.000000
385279.000000
635807.000000
368629.000000
453494.000000
573927.000000
376148.000000
725659.000000
729493.000000
180052.000000
444341.000000
734814.000000
356776.000000
744439.000000
376880.000000
691630.000000
257590.000000
692272.000000
218100.000000
693595.000000
343949.000000
456124.000000
671019.000000
619636.000000
552863.000000
449818.000000
541469.000000
216848.000000
501775.000000
267561.000000
159368.000000
155261.000000
584951.000000
214451.000000
339105.000000
259735.000000
666899.000000
676968.000000
342218.000000
302258.000000
693647.000000
707796.000000
442369.000000
456992.000000
301116.000000
758807.000000
426736.000000
659910.000000
641330.000000
213408.000000
660795.000000
690203.000000
427620.000000
656259.000000
617459.000000
332211.000000
688147.000000
509485.000000
509945.000000
718083.000000
294102.000000
368881.000000
378638.000000
759743.000000
581293.000000
665624.000000
710179.000000
320853.000000
769012.000000
448662.000000
510450.000000
711981.000000
620740.000000
618108.000000
625833.000000
435491.000000
399235.000000
734435.000000
464828.000000
175106.000000
684446.000000
241026.000000
86872.000000
363002.000000
144245.000000
538402.000000
376155.000000
414193.000000
707808.000000
343983.000000
643887.000000
372475.000000
680861.000000
274393.000000
628099.000000
554959.000000
502159.000000
461983.000000
665127.000000
316978.000000
403791.000000
112811.000000
517253.000000
407615.000000
574008.000000
625700.000000
489996.000000
588343.000000
70070.000000
736270.000000
661299.000000
666978.000000
800985.000000
747223.000000
635119.000000
527632.000000
250571.000000
664772.000000
364968.000000
672526.000000
335967.000000
493025.000000
639714.000000
141261.000000
596462.000000
460802.000000
319938.000000
376219.000000
268112.000000
632342.000000
703721.000000
637706.000000
260570.000000
166398.000000
564970.000000
616652.000000
619541.000000
241080.000000
555407.000000
397749.000000
655409.000000
746148.000000
391398.000000
361711.000000
668573.000000
584385.000000
97431.000000
621007.000000
415819.000000
629554.000000
688578.000000
645490.000000
178827.000000
599178.000000
584575.000000
676947.000000
383942.000000
713531.000000
793405.000000
337448.000000
467807.000000
399095.000000
645203.000000
699216.000000
537227.000000
323001.000000
628431.000000
400338.000000
724310.000000
284931.000000
383418.000000
612438.000000
486666.000000
699984.000000
183112.000000
528109.000000
218744.000000
636848.000000
433456.000000
712711.000000
277658.000000
239641.000000
585368.000000
502936.000000
687078.000000
326029.000000
580296.000000
297532.000000
381186.000000
653931.000000
664581.000000
250437.000000
700834.000000
717087.000000
311242.000000
323411.000000
667045.000000
127533.000000
596728.000000
670011.000000
481877.000000
434738.000000
326285.000000
339469.000000
358967.000000
278237.000000
566021.000000
337734.000000
328013.000000
560101.000000
470793.000000
235257.000000
695415.000000
727354.000000
607515.000000
498996.000000
578349.000000
673455.000000
709715.000000
627430.000000
352901.000000
454462.000000
311869.000000
427218.000000
329555.000000
272343.000000
116120.000000
401456.000000
550128.000000
697704.000000
737129.000000
659982.000000
424272.000000
588271.000000
409270.000000
619830.000000
689678.000000
132843.000000
206549.000000
395171.000000
587073.000000
599095.000000
345068.000000
396949.000000
544284.000000
700912.000000
116911.000000
684423.000000
409838.000000
738975.000000
339170.000000
492587.000000
380933.000000
678559.000000
541384.000000
564569.000000
316246.000000
548169.000000
608119.000000
620557.000000
389478.000000
656578.000000
677013.000000
719228.000000
696271.000000
251490.000000
625612.000000
120320.000000
631524.000000
347821.000000
171222.000000
551302.000000
603077.000000
362914.000000
695284.000000
599383.000000
341776.000000
590380.000000
6057.000000
352198.000000
661449.000000
617535.000000
714117.000000
438321.000000
644036.000000
201839.000000
81948.000000
724582.000000
285417.000000
677439.000000
513540.000000
677759.000000
734126.000000
476742.000000
390769.000000
625384.000000
102031.000000
644179.000000
379523.000000
256092.000000
653297.000000
428028.000000
718457.000000
181455.000000
523436.000000
567558.000000
526127.000000
628803.000000
202026.000000
678970.000000
682437.000000
547073.000000
728493.000000
660594.000000
256540.000000
678831.000000
631589.000000
702356.000000
253793.000000
193928.000000
650130.000000
699282.000000
704573.000000
246862.000000
451313.000000
398551.000000
368538.000000
375262.000000
289938.000000
545880.000000
241706.000000
691337.000000
542645.000000
620892.000000
344307.000000
599974.000000
775253.000000
428999.000000
481588.000000
361138.000000
302351.000000
365120.000000
111806.000000
649142.000000
742894.000000
590771.000000
632808.000000
505365.000000
257488.000000
605338.000000
668327.000000
717876.000000
203188.000000
698354.000000
481761.000000
755983.000000
752962.000000
235799.000000
550745.000000
598236.000000
668659.000000
415562.000000
220866.000000
633443.000000
332484.000000
432605.000000
270061.000000
700741.000000
377419.000000
422460.000000
372309.000000
701391.000000
785123.000000
280245.000000
744058.000000
302381.000000
483509.000000
342342.000000
323896.000000
519533.000000
406018.000000
559075.000000
593655.000000
325026.000000
686042.000000
379264.000000
182120.000000
647755.000000
751784.000000
727551.000000
648536.000000
293191.000000
442206.000000
191833.000000
650786.000000
674454.000000
390262.000000
410700.000000
767194.000000
229692.000000
765457.000000
612849.000000
627339.000000
626976.000000
637626.000000
99859.000000
573884.000000
584805.000000
268216.000000
559623.000000
740160.000000
516613.000000
712908.000000
691598.000000
477174.000000
413099.000000
494673.000000
653805.000000
388059.000000
671453.000000
700529.000000
480989.000000
381131.000000
400472.000000
525845.000000
568191.000000
536010.000000
385012.000000
547887.000000
492292.000000
723249.000000
705579.000000
138467.000000
580187.000000
413250.000000
441793.000000
591404.000000
699226.000000
481231.000000
286822.000000
694562.000000
349344.000000
724682.000000
588453.000000
374613.000000
662715.000000
236054.000000
615835.000000
370176.000000
788751.000000
318681.000000
606354.000000
609878.000000
649341.000000
43262.000000
637369.000000
288332.000000
299482.000000
555582.000000
585563.000000
682276.000000
684398.000000
369755.000000
302691.000000
543507.000000
267748.000000
389862.000000
413990.000000
689991.000000
707163.000000
633891.000000
561437.000000
104756.000000
650557.000000
201823.000000
209629.000000
521701.000000
589795.000000
487314.000000
668819.000000
528193.000000
716270.000000
539514.000000
607924.000000
760265.000000
625390.000000
364282.000000
223372.000000
633423.000000
458158.000000
114187.000000
193232.000000
364058.000000
610499.000000
541393.000000
715854.000000
352932.000000
244174.000000
383513.000000
71084.000000
388666.000000
666741.000000
642811.000000
244009.000000
657948.000000
274169.000000
679567.000000
293304.000000
538125.000000
356063.000000
711241.000000
527131.000000
560159.000000
327195.000000
634364.000000
448974.000000
411787.000000
618637.000000
519240.000000
468024.000000
428098.000000
297934.000000
611543.000000
303647.000000
378980.000000
666008.000000
319668.000000
633432.000000
730706.000000
386555.000000
331135.000000
699824.000000
413497.000000
393732.000000
489894.000000
669449.000000
406225.000000
730103.000000
708990.000000
157888.000000
614371.000000
347465.000000
654398.000000
738910.000000
608589.000000
554285.000000
740387.000000
523156.000000
466057.000000
774172.000000
304182.000000
644052.000000
686367.000000
335502.000000
293500.000000
418671.000000
682288.000000
510741.000000
349280.000000
434076.000000
384978.000000
596972.000000
661446.000000
270370.000000
611946.000000
557853.000000
666063.000000
627907.000000
570811.000000
611122.000000
381419.000000
478904.000000
612893.000000
683991.000000
411553.000000
310118.000000
579877.000000
691430.000000
662878.000000
677575.000000
556907.000000
478398.000000
491990.000000
177288.000000
405626.000000
593415.000000
711884.000000
658212.000000
692144.000000
365286.000000
627023.000000
310190.000000
215949.000000
538382.000000
646177.000000
611885.000000
607886.000000
173843.000000
186305.000000
352269.000000
743832.000000
263550.000000
320579.000000
331776.000000
419255.000000
465234.000000
639487.000000
656293.000000
553352.000000
178006.000000
333441.000000
284235.000000
281487.000000
690963.000000
491885.000000
519876.000000
322492.000000
648755.000000
708293.000000
632952.000000
349139.000000
737459.000000
687756.000000
743640.000000
714318.000000
777458.000000
717714.000000
531344.000000
509919.000000
376716.000000
426951.000000
630841.000000
96763.000000
569994.000000
586738.000000
786950.000000
323977.000000
554116.000000
448328.000000
159397.000000
176676.000000
653264.000000
388751.000000
481538.000000
342208.000000
593772.000000
547270.000000
467956.000000
729438.000000
394056.000000
643138.000000
284902.000000
495563.000000
356069.000000
320087.000000
756498.000000
773113.000000
757306.000000
690213.000000
637808.000000
657736.000000
761963.000000
266285.000000
269918.000000
718568.000000
375387.000000
425986.000000
519499.000000
303143.000000
560266.000000
648457.000000
430019.000000
484008.000000
723512.000000
290192.000000
368827.000000
374625.000000
540037.000000
461293.000000
628854.000000
205807.000000
275321.000000
431516.000000
217597.000000
452326.000000
663567.000000
429369.000000
130840.000000
673137.000000
633142.000000
474254.000000
395355.000000
557004.000000
762320.000000
249483.000000
481013.000000
393469.000000
390640.000000
650001.000000
562855.000000
591431.000000
625945.000000
683348.000000
601413.000000
446171.000000
681836.000000
619705.000000
664283.000000
396876.000000
665482.000000
349390.000000
696387.000000
158339.000000
82045.000000
307559.000000
765459.000000
610111.000000
668364.000000
312057.000000
425243.000000
654143.000000
589348.000000
138389.000000
702318.000000
640712.000000
360003.000000
302005.000000
646190.000000
671120.000000
311823.000000
131291.000000
653317.000000
642497.000000
653681.000000
499785.000000
589254.000000
675023.000000
462316.000000
705333.000000
598700.000000
648211.000000
673898.000000
615683.000000
486452.000000
430992.000000
633232.000000
671526.000000
446904.000000
670297.000000
494696.000000
604372.000000
513540.000000
306758.000000
579391.000000
589533.000000
429709.000000
565637.000000
602318.000000
423649.000000
474064.000000
395965.000000
511857.000000
62520.000000
379337.000000
420010.000000
413923.000000
289685.000000
349818.000000
394938.000000
687805.000000
682508.000000
400016.000000
249051.000000
624500.000000
194398.000000
30953.000000
87436.000000
690873.000000
256439.000000
750577.000000
611761.000000
422884.000000
428680.000000
546437.000000
315075.000000
727576.000000
675722.000000
620955.000000
695467.000000
517458.000000
247003.000000
420329.000000
494798.000000
279024.000000
709471.000000
534201.000000
239451.000000
386183.000000
433631.000000
389546.000000
747037.000000
504233.000000
133458.000000
610662.000000
464482.000000
318214.000000
267434.000000
668017.000000
356286.000000
630189.000000
633037.000000
143293.000000
418229.000000
692900.000000
350460.000000
419407.000000
137160.000000
29425.000000
281412.000000
633418.000000
475252.000000
794886.000000
327523.000000
320454.000000
685383.000000
577203.000000
295184.000000
346758.000000
284780.000000
316861.000000
267653.000000
691557.000000
278543.000000
763578.000000
624991.000000
229415.000000
631797.000000
622704.000000
385472.000000
709534.000000
244739.000000
516697.000000
386922.000000
640346.000000
539123.000000
578874.000000
213654.000000
769211.000000
324247.000000
768719.000000
462228.000000
347594.000000
574530.000000
366949.000000
661794.000000
534869.000000
598042.000000
462208.000000
227991.000000
281852.000000
269029.000000
261938.000000
398351.000000
351156.000000
517416.000000
611603.000000
518364.000000
569105.000000
532782.000000
654231.000000
627742.000000
757927.000000
608762.000000
701547.000000
417415.000000
408887.000000
307303.000000
666953.000000
711797.000000
419733.000000
508637.000000
338437.000000
538399.000000
752374.000000
339401.000000
700883.000000
416675.000000
420178.000000
596183.000000
274231.000000
602109.000000
202882.000000
392098.000000
663503.000000
681051.000000
623943.000000
486709.000000
134008.000000
390067.000000
458566.000000
619860.000000
644853.000000
658254.000000
555968.000000
381824.000000
415395.000000
613529.000000
563374.000000
583205.000000
673220.000000
721684.000000
662170.000000
511893.000000
650817.000000
458052.000000
707308.000000
142947.000000
361668.000000
339072.000000
77826.000000
718420.000000
369415.000000
474794.000000
473116.000000
204356.000000
288653.000000
201592.000000
420587.000000
254125.000000
525375.000000
384028.000000
278636.000000
528510.000000
385911.000000
703741.000000
603333.000000
87000.000000
652684.000000
712893.000000
287387.000000
624085.000000
229729.000000
513267.000000
420342.000000
573590.000000
705053.000000
327112.000000
695805.000000
666276.000000
191936.000000
610283.000000
621236.000000
379726.000000
292206.000000
218785.000000
530443.000000
382776.000000
378853.000000
754505.000000
742320.000000
182467.000000
589529.000000
706807.000000
195265.000000
388952.000000
476505.000000
270371.000000
689690.000000
525270.000000
520174.000000
644936.000000
431432.000000
358539.000000
686367.000000
556041.000000
289786.000000
697769.000000
334894.000000
704785.000000
303178.000000
309433.000000
641788.000000
137059.000000
742283.000000
297799.000000
390605.000000
690992.000000
619910.000000
463154.000000
639860.000000
538700.000000
491898.000000
65233.000000
346367.000000
338185.000000
364251.000000
374062.000000
355753.000000
694053.000000
343302.000000
315209.000000
334031.000000
284274.000000
400662.000000
392398.000000
545800.000000
223954.000000
142622.000000
510815.000000
294051.000000
695263.000000
253041.000000
512801.000000
656019.000000
492621.000000
397188.000000
477594.000000
555160.000000
570579.000000
598796.000000
712676.000000
333219.000000
693436.000000
722334.000000
715752.000000
521441.000000
446437.000000
169518.000000
614831.000000
661790.000000
632015.000000
257654.000000
577703.000000
444967.000000
442085.000000
167070.000000
325632.000000
453103.000000
348728.000000
120779.000000
130411.000000
577785.000000
389025.000000
335071.000000
280105.000000
498887.000000
333033.000000
476543.000000
674846.000000
427097.000000
276845.000000
682172.000000
186908.000000
205658.000000
729103.000000
112937.000000
415540.000000
311931.000000
317714.000000
104050.000000
774418.000000
530804.000000
600595.000000
585049.000000
708803.000000
636844.000000
366845.000000
623467.000000
450186.000000
714960.000000
482828.000000
675416.000000
393307.000000
654910.000000
634792.000000
392736.000000
298888.000000
396781.000000
674648.000000
507349.000000
388168.000000
708597.000000
87850.000000
540110.000000
656218.000000
644985.000000
440356.000000
613854.000000
500525.000000
192920.000000
636467.000000
239924.000000
626427.000000
291022.000000
194141.000000
395005.000000
390532.000000
621581.000000
450249.000000
342011.000000
359418.000000
487547.000000
656660.000000
240030.000000
556256.000000
287065.000000
372352.000000
324120.000000
794478.000000
326377.000000
552198.000000
289734.000000
130002.000000
658217.000000
759843.000000
145785.000000
177487.000000
404051.000000
660141.000000
277972.000000
647246.000000
347853.000000
328707.000000
631475.000000
496708.000000
392259.000000
440424.000000
125590.000000
674426.000000
706737.000000
523997.000000
769599.000000
688720.000000
256548.000000
744627.000000
410088.000000
345809.000000
482602.000000
529810.000000
363545.000000
290376.000000
525386.000000
231369.000000
746770.000000
603305.000000
329550.000000
726076.000000
602210.000000
306818.000000
536304.000000
176113.000000
479709.000000
708009.000000
666442.000000
415706.000000
713949.000000
597545.000000
774869.000000
667443.000000
438379.000000
310523.000000
653336.000000
441603.000000
600727.000000
431466.000000
547681.000000
449256.000000
364868.000000
720092.000000
500688.000000
125242.000000
667985.000000
639202.000000
192300.000000
665448.000000
487225.000000
747226.000000
356326.000000
731850.000000
501632.000000
563175.000000
722755.000000
701083.000000
278975.000000
392912.000000
357148.000000
673365.000000
438525.000000
702771.000000
705148.000000
436741.000000
386514.000000
422432.000000
503053.000000
327606.000000
796262.000000
461576.000000
445613.000000
514068.000000
439708.000000
604876.000000
116164.000000
565809.000000
553637.000000
418836.000000
500632.000000
661811.000000
393609.000000
400122.000000
431881.000000
281389.000000
408546.000000
607792.000000
126403.000000
101795.000000
695058.000000
352133.000000
476391.000000
645053.000000
440881.000000
184611.000000
376792.000000
267367.000000
404846.000000
641311.000000
225560.000000
359355.000000
636401.000000
607082.000000
443387.000000
503062.000000
352394.000000
387581.000000
727419.000000
729149.000000
731410.000000
562996.000000
615082.000000
407210.000000
617475.000000
506905.000000
434065.000000
621151.000000
214690.000000
319630.000000
702662.000000
278745.000000
738637.000000
155388.000000
661485.000000
418739.000000
361320.000000
628776.000000
194169.000000
537727.000000
234560.000000
411928.000000
632631.000000
396711.000000
129049.000000
663337.000000
684671.000000
745171.000000
238723.000000
281422.000000
487075.000000
528080.000000
674211.000000
657217.000000
541287.000000
620752.000000
182384.000000
314782.000000
385461.000000
90564.000000
418864.000000
381047.000000
405103.000000
504007.000000
609707.000000
665314.000000
545827.000000
665024.000000
653718.000000
283008.000000
401517.000000
373911.000000
238451.000000
78605.000000
576350.000000
649318.000000
651707.000000
565674.000000
728402.000000
659385.000000
692941.000000
647590.000000
205689.000000
490078.000000
333378.000000
374435.000000
413233.000000
460752.000000
383315.000000
239417.000000
223013.000000
251581.000000
646692.000000
685844.000000
683315.000000
219540.000000
358977.000000
358750.000000
720803.000000
127126.000000
334126.000000
674074.000000
698445.000000
620566.000000
576777.000000
565478.000000
672512.000000
535336.000000
686164.000000
616742.000000
638571.000000
410993.000000
682443.000000
321936.000000
720572.000000
316546.000000
604939.000000
410894.000000
596166.000000
499344.000000
314714.000000
342691.000000
562298.000000
381090.000000
509562.000000
327896.000000
362201.000000
391629.000000
447277.000000
554314.000000
635108.000000
772184.000000
378410.000000
393330.000000
259825.000000
492571.000000
336757.000000
370773.000000
324402.000000
358060.000000
324643.000000
331615.000000
633442.000000
687557.000000
396826.000000
630529.000000
573336.000000
418734.000000
344471.000000
611954.000000
370442.000000
434598.000000
292141.000000
597040.000000
283480.000000
124329.000000
368488.000000
508461.000000
630686.000000
285094.000000
567518.000000
331503.000000
396869.000000
743021.000000
677380.000000
379103.000000
569084.000000
668576.000000
650518.000000
683429.000000
257168.000000
489883.000000
244814.000000
309102.000000
481659.000000
274970.000000
371353.000000
343349.000000
241463.000000
311168.000000
413549.000000
681739.000000
404417.000000
684645.000000
626559.000000
613908.000000
482124.000000
543610.000000
638448.000000
504065.000000
331930.000000
348726.000000
114614.000000
182797.000000
518756.000000
724464.000000
679924.000000
630093.000000
645448.000000
283000.000000
799428.000000
638273.000000
656301.000000
565205.000000
654009.000000
410754.000000
659219.000000
682792.000000
480102.000000
446835.000000
699241.000000
633140.000000
516029.000000
447622.000000
350096.000000
493372.000000
193876.000000
669586.000000
653977.000000
288455.000000
221999.000000
692851.000000
530057.000000
372913.000000
492847.000000
627139.000000
271257.000000
544732.000000
517950.000000
618486.000000
682481.000000
600657.000000
90497.000000
363192.000000
632147.000000
638049.000000
535592.000000
424721.000000
305386.000000
698169.000000
172016.000000
695929.000000
659353.000000
675437.000000
496287.000000
280195.000000
486522.000000
638310.000000
630999.000000
370407.000000
530861.000000
667301.000000
79482.000000
393408.000000
646518.000000
613931.000000
430134.000000
642847.000000
493866.000000
736500.000000
194949.000000
453214.000000
242241.000000
508558.000000
453434.000000
170047.000000
336427.000000
566909.000000
615115.000000
362669.000000
739564.000000
376971.000000
479094.000000
558578.000000
658081.000000
223411.000000
742639.000000
643535.000000
469948.000000
381956.000000
423174.000000
494047.000000
565617.000000
409325.000000
389831.000000
752885.000000
532007.000000
602409.000000
441772.000000
393854.000000
321826.000000
682274.000000
676075.000000
356000.000000
659967.000000
685657.000000
184708.000000
632387.000000
501027.000000
543014.000000
689451.000000
519514.000000
617449.000000
132872.000000
658820.000000
303856.000000
588266.000000
146546.000000
424900.000000
667168.000000
591128.000000
628731.000000
393730.000000
674568.000000
725261.000000
672869.000000
508912.000000
225121.000000
713071.000000
824739.000000
112966.000000
450123.000000
672589.000000
455666.000000
675193.000000
615896.000000
342950.000000
434327.000000
785762.000000
378962.000000
272786.000000
391290.000000
276707.000000
159960.000000
547139.000000
625690.000000
632110.000000
639530.000000
168750.000000
554986.000000
748588.000000
774116.000000
605660.000000
729398.000000
498499.000000
325825.000000
747939.000000
201280.000000
582755.000000
321390.000000
510791.000000
322799.000000
436880.000000
497465.000000
695118.000000
695167.000000
434656.000000
264057.000000
425087.000000
606198.000000
462487.000000
340379.000000
538971.000000
739810.000000
247529.000000
412895.000000
393635.000000
699124.000000
548100.000000
700984.000000
648847.000000
603173.000000
549319.000000
571407.000000
695792.000000
458529.000000
298016.000000
725358.000000
383312.000000
742903.000000
603817.000000
656919.000000
688837.000000
340256.000000
623239.000000
640280.000000
619453.000000
656900.000000
431628.000000
593999.000000
162506.000000
547280.000000
726600.000000
606717.000000
75317.000000
561281.000000
379568.000000
643110.000000
573230.000000
786677.000000
530410.000000
691578.000000
694253.000000
711852.000000
571164.000000
231977.000000
352413.000000
570704.000000
210476.000000
350719.000000
423102.000000
563572.000000
327045.000000
407766.000000
361191.000000
643606.000000
422139.000000
205149.000000
577862.000000
333263.000000
548856.000000
622989.000000
627547.000000
347337.000000
632822.000000
759146.000000
459314.000000
717637.000000
489880.000000
229017.000000
754352.000000
300893.000000
608477.000000
679597.000000
700022.000000
551070.000000
159700.000000
553948.000000
531682.000000
650390.000000
184551.000000
667063.000000
