0.000000
0.000000
0.000000
0.000000
0.000000
0.000000
0.000000
0.000000
0.000000
0.000000
0.000000
0.000000
0.000000
0.000000
0.000000
0.000000
0.000000
0.000000
0.000000
0.000000
0.000000
0.000000
0.000000
0.000000
0.000000
0.000000
0.000000
0.000000
0.000000
0.000000
0.000000
0.000000
0.000000
0.000000
0.000000
0.000000
0.000000
0.000000
0.000000
0.000000
0.000000
0.000000
0.000000
0.000000
0.000000
0.000000
0.000000
0.000000
0.000000
0.000000
0.000000
0.000000
0.000000
0.000000
0.000000
0.000000
0.000000
0.000000
0.000000
0.000000
0.000000
0.000000
0.000000
0.000000
0.000000
0.000000
0.000000
0.000000
0.000000
0.000000
0.000000
0.000000
0.000000
0.000000
0.000000
0.000000
0.000000
0.000000
0.000000
0.000000
0.000000
0.000000
0.000000
0.000000
0.000000
0.000000
0.000000
0.000000
0.000000
0.000000
0.000000
0.000000
0.000000
0.000000
0.000000
0.000000
0.000000
0.000000
0.000000
0.000000
0.000000
0.000000
0.000000
0.000000
0.000000
0.000000
0.000000
1294200.000000
20194.000000
270418.000000
781313.000000
8866.000000
791889.000000
511090.000000
744178.000000
804735.000000
865087.000000
71705.000000
6447.000000
50973.000000
324139.000000
719755.000000
560866.000000
657026.000000
680206.000000
865240.000000
45972.000000
880826.000000
394822.000000
663374.000000
707908.000000
740192.000000
787523.000000
145255.000000
48771.000000
749122.000000
549945.000000
191447.000000
717392.000000
784006.000000
82706.000000
798045.000000
756395.000000
17957.000000
357703.000000
503865.000000
799159.000000
714304.000000
708015.000000
801859.000000
5540.000000
687978.000000
751364.000000
730147.000000
865657.000000
519299.000000
7139.000000
897384.000000
689774.000000
585863.000000
39081.000000
396228.000000
891057.000000
781478.000000
924078.000000
7597.000000
12231.000000
633710.000000
796291.000000
8185.000000
709562.000000
589360.000000
834566.000000
8237.000000
154980.000000
723659.000000
13763.000000
212762.000000
783153.000000
844673.000000
933181.000000
722953.000000
22574.000000
699954.000000
162838.000000
753450.000000
456163.000000
7321.000000
8860.000000
410949.000000
835902.000000
630380.000000
814267.000000
214699.000000
5907.000000
884364.000000
10295.000000
637781.000000
680722.000000
861820.000000
631217.000000
674847.000000
605521.000000
517259.000000
724348.000000
749649.000000
688013.000000
751403.000000
801738.000000
98334.000000
7570.000000
289993.000000
7544.000000
34304.000000
828472.000000
656718.000000
640916.000000
15823.000000
832452.000000
19090.000000
950197.000000
590816.000000
836310.000000
742125.000000
894510.000000
8466.000000
735220.000000
269588.000000
764667.000000
907140.000000
545414.000000
250592.000000
676074.000000
7336.000000
16055.000000
5952.000000
394572.000000
676316.000000
9420.000000
462411.000000
621943.000000
729510.000000
5384.000000
697149.000000
