0.000000
0.000000
0.000000
0.000000
0.000000
0.000000
0.000000
0.000000
0.000000
0.000000
0.000000
0.000000
0.000000
0.000000
0.000000
0.000000
0.000000
0.000000
0.000000
0.000000
0.000000
0.000000
0.000000
0.000000
0.000000
0.000000
0.000000
0.000000
0.000000
0.000000
0.000000
0.000000
0.000000
0.000000
0.000000
0.000000
0.000000
0.000000
0.000000
0.000000
0.000000
0.000000
0.000000
0.000000
0.000000
0.000000
0.000000
0.000000
0.000000
0.000000
0.000000
0.000000
0.000000
0.000000
0.000000
0.000000
0.000000
0.000000
0.000000
0.000000
0.000000
0.000000
0.000000
0.000000
0.000000
0.000000
0.000000
0.000000
0.000000
0.000000
0.000000
0.000000
0.000000
0.000000
0.000000
0.000000
0.000000
0.000000
0.000000
0.000000
0.000000
0.000000
0.000000
0.000000
0.000000
0.000000
0.000000
0.000000
0.000000
0.000000
0.000000
0.000000
0.000000
0.000000
0.000000
0.000000
0.000000
0.000000
0.000000
0.000000
0.000000
0.000000
0.000000
0.000000
0.000000
0.000000
0.000000
0.000000
0.000000
0.000000
0.000000
0.000000
0.000000
0.000000
0.000000
0.000000
0.000000
0.000000
0.000000
0.000000
0.000000
0.000000
0.000000
0.000000
0.000000
0.000000
0.000000
0.000000
0.000000
0.000000
0.000000
0.000000
0.000000
0.000000
0.000000
0.000000
0.000000
0.000000
0.000000
21852230.000000
88360.000000
6582695.000000
1494730.000000
25207.000000
400825.000000
777289.000000
11067131.000000
10390905.000000
1240448.000000
7396084.000000
5432.000000
2040211.000000
5994507.000000
7680667.000000
10637370.000000
1005000.000000
5936.000000
10245630.000000
1232058.000000
4256296.000000
40040.000000
556469.000000
7110447.000000
9493489.000000
9609928.000000
9354.000000
15441.000000
1860729.000000
3047229.000000
11546.000000
1566754.000000
790118.000000
2610357.000000
6294.000000
160201.000000
5498466.000000
10419.000000
297700.000000
2611945.000000
9970539.000000
7966334.000000
5007867.000000
26715.000000
1671388.000000
187959.000000
2636357.000000
635932.000000
8297.000000
9539.000000
524919.000000
11897522.000000
1294129.000000
6484952.000000
233296.000000
6083.000000
9054083.000000
8934.000000
1197089.000000
1395772.000000
6006641.000000
1280804.000000
1052381.000000
844563.000000
689885.000000
3553643.000000
2635901.000000
5345474.000000
5936323.000000
6898866.000000
102263.000000
9421.000000
368360.000000
7494.000000
35357.000000
4324425.000000
1279148.000000
8050603.000000
20130.000000
11497443.000000
30699.000000
9406368.000000
742432.000000
2564161.000000
1417864.000000
8568676.000000
10767.000000
5718185.000000
333195.000000
2933108.000000
6227911.000000
914779.000000
286764.000000
1976508.000000
6036.000000
22264.000000
7024.000000
651608.000000
5022120.000000
10089.000000
605938.000000
2269299.000000
3505107.000000
7512.000000
8116324.000000
