0.000000
0.000000
0.000000
0.000000
0.000000
0.000000
0.000000
0.000000
0.000000
0.000000
0.000000
0.000000
0.000000
0.000000
0.000000
0.000000
0.000000
0.000000
0.000000
0.000000
0.000000
0.000000
0.000000
0.000000
0.000000
0.000000
0.000000
0.000000
0.000000
0.000000
0.000000
0.000000
0.000000
0.000000
0.000000
0.000000
0.000000
0.000000
0.000000
0.000000
0.000000
0.000000
0.000000
0.000000
0.000000
0.000000
0.000000
0.000000
0.000000
0.000000
0.000000
0.000000
0.000000
0.000000
0.000000
0.000000
0.000000
0.000000
0.000000
0.000000
0.000000
0.000000
0.000000
0.000000
0.000000
0.000000
0.000000
0.000000
0.000000
0.000000
0.000000
0.000000
0.000000
0.000000
0.000000
0.000000
0.000000
0.000000
0.000000
0.000000
0.000000
0.000000
0.000000
0.000000
0.000000
0.000000
0.000000
0.000000
0.000000
0.000000
0.000000
0.000000
0.000000
0.000000
0.000000
0.000000
0.000000
0.000000
0.000000
0.000000
0.000000
0.000000
0.000000
0.000000
0.000000
0.000000
0.000000
0.000000
0.000000
0.000000
0.000000
0.000000
0.000000
0.000000
0.000000
0.000000
0.000000
0.000000
0.000000
0.000000
0.000000
0.000000
0.000000
0.000000
0.000000
0.000000
0.000000
0.000000
0.000000
0.000000
0.000000
0.000000
0.000000
0.000000
0.000000
0.000000
0.000000
0.000000
0.000000
0.000000
0.000000
0.000000
0.000000
0.000000
0.000000
0.000000
0.000000
0.000000
0.000000
0.000000
0.000000
3314880.000000
1849850.000000
1989291.000000
2129541.000000
526437.000000
7408.000000
2387963.000000
913532.000000
1632400.000000
38993.000000
367724.000000
2096909.000000
1875069.000000
1990320.000000
9335.000000
15174.000000
1282321.000000
1589863.000000
7754.000000
1413957.000000
665737.000000
1543367.000000
6606.000000
124653.000000
1914348.000000
13334.000000
174389.000000
1669669.000000
2163630.000000
2090472.000000
1992640.000000
28940.000000
1170311.000000
156436.000000
1510395.000000
457724.000000
6863.000000
9855.000000
474319.000000
2016216.000000
1090161.000000
1717728.000000
197459.000000
5207.000000
1900180.000000
9289.000000
906959.000000
959614.000000
2160386.000000
1060033.000000
891964.000000
725049.000000
755281.000000
1796822.000000
1464177.000000
1763906.000000
2000765.000000
1955888.000000
83309.000000
6933.000000
302184.000000
8958.000000
38538.000000
1726123.000000
1002447.000000
1995505.000000
16250.000000
2226331.000000
17961.000000
2152639.000000
755153.000000
1764771.000000
1012258.000000
2036414.000000
10656.000000
1757804.000000
303416.000000
1644905.000000
1953779.000000
691309.000000
224856.000000
1425161.000000
5403.000000
17809.000000
7292.000000
486671.000000
1717099.000000
8892.000000
506594.000000
1436193.000000
1693926.000000
5791.000000
1984497.000000
