0.000000
0.000000
0.000000
0.000000
0.000000
0.000000
0.000000
0.000000
0.000000
0.000000
0.000000
0.000000
0.000000
0.000000
0.000000
0.000000
0.000000
0.000000
0.000000
0.000000
0.000000
0.000000
0.000000
0.000000
0.000000
0.000000
0.000000
0.000000
0.000000
0.000000
0.000000
0.000000
0.000000
0.000000
0.000000
0.000000
0.000000
0.000000
0.000000
0.000000
0.000000
0.000000
0.000000
0.000000
0.000000
0.000000
0.000000
0.000000
0.000000
0.000000
0.000000
0.000000
0.000000
0.000000
0.000000
0.000000
0.000000
0.000000
0.000000
0.000000
0.000000
0.000000
0.000000
0.000000
0.000000
0.000000
0.000000
0.000000
0.000000
0.000000
0.000000
0.000000
0.000000
0.000000
0.000000
0.000000
0.000000
0.000000
0.000000
0.000000
0.000000
0.000000
0.000000
0.000000
0.000000
0.000000
0.000000
0.000000
0.000000
0.000000
0.000000
0.000000
0.000000
0.000000
0.000000
0.000000
0.000000
0.000000
0.000000
0.000000
0.000000
0.000000
0.000000
0.000000
0.000000
0.000000
0.000000
0.000000
0.000000
0.000000
0.000000
0.000000
0.000000
0.000000
0.000000
0.000000
0.000000
0.000000
0.000000
0.000000
0.000000
0.000000
0.000000
0.000000
0.000000
0.000000
0.000000
0.000000
0.000000
0.000000
0.000000
0.000000
0.000000
0.000000
0.000000
0.000000
0.000000
0.000000
0.000000
0.000000
0.000000
0.000000
0.000000
0.000000
0.000000
0.000000
0.000000
0.000000
0.000000
0.000000
0.000000
0.000000
0.000000
0.000000
0.000000
0.000000
0.000000
0.000000
0.000000
0.000000
0.000000
0.000000
0.000000
0.000000
20887475.000000
11267.000000
14241.000000
1841485.000000
3089942.000000
9927.000000
1800706.000000
847640.000000
2712707.000000
8208.000000
171733.000000
5402009.000000
14569.000000
256734.000000
3156700.000000
10424957.000000
8407717.000000
4897530.000000
27878.000000
2029133.000000
184891.000000
3177246.000000
672041.000000
9143.000000
12035.000000
499585.000000
10894199.000000
1203550.000000
6697749.000000
215832.000000
5920.000000
9175443.000000
9756.000000
1316436.000000
1534366.000000
6662200.000000
1298935.000000
1079972.000000
789514.000000
797914.000000
3778204.000000
2483630.000000
5866045.000000
6439903.000000
7080670.000000
98693.000000
9833.000000
318341.000000
10932.000000
39383.000000
4385850.000000
1301320.000000
8713272.000000
16035.000000
11249442.000000
18831.000000
10137260.000000
916673.000000
3128212.000000
1301613.000000
8274748.000000
10749.000000
5871656.000000
338392.000000
3011900.000000
5982850.000000
1100285.000000
294836.000000
2156336.000000
6038.000000
21965.000000
8234.000000
534043.000000
4937166.000000
6910.000000
565684.000000
2190586.000000
3561157.000000
7176.000000
7546203.000000
