0.000000
0.000000
0.000000
0.000000
0.000000
0.000000
0.000000
0.000000
0.000000
0.000000
0.000000
0.000000
0.000000
0.000000
0.000000
0.000000
0.000000
0.000000
0.000000
0.000000
0.000000
0.000000
0.000000
0.000000
0.000000
0.000000
0.000000
0.000000
0.000000
0.000000
0.000000
0.000000
0.000000
0.000000
0.000000
0.000000
0.000000
0.000000
0.000000
0.000000
0.000000
0.000000
0.000000
0.000000
0.000000
0.000000
0.000000
0.000000
0.000000
0.000000
0.000000
0.000000
0.000000
0.000000
0.000000
0.000000
0.000000
0.000000
0.000000
0.000000
0.000000
0.000000
0.000000
0.000000
0.000000
0.000000
0.000000
0.000000
0.000000
0.000000
0.000000
0.000000
0.000000
0.000000
0.000000
0.000000
0.000000
0.000000
0.000000
0.000000
0.000000
0.000000
0.000000
0.000000
0.000000
0.000000
0.000000
0.000000
0.000000
0.000000
0.000000
0.000000
0.000000
0.000000
0.000000
0.000000
0.000000
0.000000
0.000000
0.000000
0.000000
0.000000
0.000000
0.000000
0.000000
0.000000
0.000000
0.000000
0.000000
0.000000
0.000000
0.000000
0.000000
0.000000
0.000000
0.000000
0.000000
0.000000
0.000000
0.000000
0.000000
0.000000
0.000000
0.000000
0.000000
0.000000
0.000000
0.000000
0.000000
0.000000
0.000000
0.000000
0.000000
0.000000
0.000000
0.000000
0.000000
0.000000
0.000000
0.000000
0.000000
0.000000
0.000000
0.000000
0.000000
0.000000
0.000000
0.000000
0.000000
0.000000
0.000000
0.000000
0.000000
0.000000
0.000000
0.000000
0.000000
0.000000
0.000000
0.000000
0.000000
0.000000
0.000000
0.000000
0.000000
0.000000
20025.000000
9907.000000
13204.000000
6492.000000
12069.000000
14640.000000
16647.000000
5609.000000
14109.000000
15094.000000
8990.000000
10666.000000
12391.000000
16015.000000
16493.000000
15698.000000
11752.000000
12896.000000
11591.000000
17605.000000
13229.000000
3927.000000
6364.000000
11850.000000
16152.000000
10039.000000
14793.000000
13474.000000
4473.000000
17321.000000
5532.000000
10120.000000
15685.000000
17717.000000
14400.000000
14125.000000
15525.000000
10136.000000
11684.000000
13240.000000
14113.000000
11813.000000
15245.000000
13336.000000
8354.000000
14849.000000
7146.000000
8950.000000
13206.000000
13316.000000
15177.000000
9949.000000
16416.000000
8916.000000
13929.000000
16354.000000
10261.000000
16509.000000
11954.000000
6850.000000
11755.000000
16198.000000
19166.000000
15147.000000
11438.000000
12758.000000
12996.000000
6634.000000
11810.000000
5594.000000
13839.000000
15295.000000
4768.000000
11549.000000
15850.000000
15404.000000
3970.000000
10903.000000
