0.000000
0.000000
0.000000
0.000000
0.000000
0.000000
0.000000
0.000000
0.000000
0.000000
0.000000
0.000000
0.000000
0.000000
0.000000
0.000000
0.000000
0.000000
0.000000
38917425.000000
3996051.000000
29721.000000
581245.000000
9350092.000000
1779746.000000
14441430.000000
6750.000000
3755896.000000
2585660.000000
528916.000000
9951728.000000
102853.000000
5631383.000000
451846.000000
64501.000000
3462732.000000
563986.000000
9960068.000000
1502125.000000
2952430.000000
10312570.000000
5361482.000000
35641.000000
10515697.000000
1246875.000000
9713544.000000
4049087.000000
5630.000000
11752564.000000
5188458.000000
737750.000000
4092591.000000
1069446.000000
71443.000000
42195.000000
23655.000000
3775487.000000
67208.000000
196283.000000
7123860.000000
10890303.000000
11598149.000000
36321.000000
27502.000000
290986.000000
8441128.000000
14070793.000000
1052043.000000
100690.000000
7685754.000000
8139914.000000
1976756.000000
539781.000000
6143806.000000
13058868.000000
8948867.000000
76736.000000
5038125.000000
9996056.000000
3146559.000000
365712.000000
8176621.000000
8297125.000000
13515.000000
15507288.000000
8869906.000000
21916.000000
17715.000000
43442.000000
8942918.000000
426307.000000
13258404.000000
687726.000000
5411474.000000
32424.000000
2204110.000000
5680454.000000
4839012.000000
478497.000000
695002.000000
16673804.000000
19388.000000
1663638.000000
2411947.000000
864362.000000
14140.000000
7928929.000000
725703.000000
22153.000000
246075.000000
16175904.000000
9570.000000
7226406.000000
657327.000000
1301424.000000
8919197.000000
5938912.000000
54800.000000
7022.000000
31804.000000
316314.000000
6119708.000000
763878.000000
914966.000000
1176781.000000
5699650.000000
48205.000000
11124235.000000
559870.000000
16272253.000000
5653287.000000
2139916.000000
14123431.000000
159520.000000
47481.000000
1836869.000000
860525.000000
190388.000000
11466073.000000
10533575.000000
83154.000000
7180761.000000
1113239.000000
16157.000000
317168.000000
607616.000000
15163715.000000
14100490.000000
1413234.000000
6493285.000000
6398.000000
2151658.000000
5339236.000000
8460310.000000
13453977.000000
636814.000000
5720.000000
12079080.000000
1073959.000000
3535790.000000
38814.000000
408490.000000
6561245.000000
13789005.000000
11141188.000000
8471.000000
14030.000000
1759164.000000
2952107.000000
11691.000000
1698726.000000
732534.000000
2330447.000000
7879.000000
148122.000000
4564696.000000
11280.000000
196913.000000
2550069.000000
13010941.000000
9593813.000000
4452826.000000
25760.000000
1680586.000000
145382.000000
2769254.000000
559781.000000
6720.000000
9404.000000
456973.000000
14852780.000000
1215074.000000
6119250.000000
219759.000000
5018.000000
11241487.000000
9614.000000
1122910.000000
1188273.000000
5649395.000000
1162919.000000
1025755.000000
750745.000000
836999.000000
3918261.000000
2252994.000000
4719458.000000
6800290.000000
6075271.000000
76777.000000
10329.000000
273399.000000
7934.000000
31461.000000
3789116.000000
1073500.000000
10271864.000000
14215.000000
16170610.000000
20399.000000
12934190.000000
860603.000000
2863544.000000
1327215.000000
9565967.000000
8558.000000
6254818.000000
318104.000000
2783491.000000
5916871.000000
839658.000000
245846.000000
1708987.000000
5608.000000
19526.000000
8018.000000
506380.000000
3650587.000000
7252.000000
590126.000000
2079895.000000
2961703.000000
7556.000000
8277927.000000
