0.000000
0.000000
0.000000
0.000000
0.000000
0.000000
0.000000
0.000000
0.000000
0.000000
0.000000
0.000000
0.000000
0.000000
0.000000
0.000000
0.000000
0.000000
0.000000
0.000000
0.000000
0.000000
0.000000
0.000000
0.000000
0.000000
10080.000000
6378.000000
7536.000000
6442.000000
7936.000000
7405.000000
6615.000000
7135.000000
5456.000000
9158.000000
6642.000000
8851.000000
8984.000000
8934.000000
5874.000000
5587.000000
7710.000000
8821.000000
8486.000000
7030.000000
7139.000000
3629.000000
9110.000000
8078.000000
6555.000000
6282.000000
6454.000000
7048.000000
5660.000000
5005.000000
7194.000000
8192.000000
6099.000000
6405.000000
6670.000000
6119.000000
7173.000000
6589.000000
8192.000000
7383.000000
8934.000000
7663.000000
5452.000000
8851.000000
9396.000000
8182.000000
6730.000000
7176.000000
6947.000000
6930.000000
7161.000000
9003.000000
8179.000000
7192.000000
6938.000000
6448.000000
8056.000000
3829.000000
8685.000000
6636.000000
5567.000000
6343.000000
5526.000000
8583.000000
7100.000000
7671.000000
6717.000000
8805.000000
6410.000000
9127.000000
6534.000000
7839.000000
7896.000000
8940.000000
8746.000000
6244.000000
8624.000000
6468.000000
7852.000000
5921.000000
6403.000000
7175.000000
6069.000000
7190.000000
6965.000000
4314.000000
7312.000000
8995.000000
7688.000000
8337.000000
7634.000000
8441.000000
4517.000000
5336.000000
7513.000000
8269.000000
7318.000000
7310.000000
6365.000000
7365.000000
6059.000000
7887.000000
6387.000000
7949.000000
7510.000000
7645.000000
6973.000000
6497.000000
7145.000000
6737.000000
7544.000000
6989.000000
7587.000000
6972.000000
4841.000000
8485.000000
5809.000000
5199.000000
5851.000000
8841.000000
7734.000000
9413.000000
7707.000000
8820.000000
3732.000000
6987.000000
7176.000000
6452.000000
8813.000000
8058.000000
4456.000000
8563.000000
5727.000000
5119.000000
7337.000000
6036.000000
8364.000000
8565.000000
8057.000000
4963.000000
7276.000000
6470.000000
7349.000000
3381.000000
7307.000000
7779.000000
7089.000000
3897.000000
8476.000000
9576.000000
5034.000000
7190.000000
8648.000000
6411.000000
7709.000000
7230.000000
6744.000000
6270.000000
6333.000000
6051.000000
5493.000000
3995.000000
4998.000000
9647.000000
6400.000000
5738.000000
6191.000000
8070.000000
4413.000000
7023.000000
5032.000000
5817.000000
8103.000000
11475.000000
8309.000000
6117.000000
7784.000000
6083.000000
6665.000000
9487.000000
8370.000000
8669.000000
10256.000000
7761.000000
5634.000000
6251.000000
6398.000000
5947.000000
7529.000000
8641.000000
8109.000000
4621.000000
9784.000000
5975.000000
9152.000000
6755.000000
6735.000000
9252.000000
7198.000000
6337.000000
8060.000000
7963.000000
8402.000000
5999.000000
5626.000000
6315.000000
7889.000000
3889.000000
7337.000000
4841.000000
6533.000000
7780.000000
4577.000000
11399.000000
8671.000000
7917.000000
3197.000000
7896.000000
