0.000000
0.000000
0.000000
0.000000
0.000000
0.000000
0.000000
0.000000
0.000000
0.000000
0.000000
0.000000
0.000000
0.000000
0.000000
0.000000
0.000000
0.000000
0.000000
0.000000
0.000000
0.000000
0.000000
0.000000
0.000000
0.000000
0.000000
0.000000
0.000000
0.000000
0.000000
0.000000
0.000000
0.000000
0.000000
0.000000
0.000000
0.000000
0.000000
0.000000
0.000000
0.000000
0.000000
19230755.000000
1422532.000000
7611687.000000
4993596.000000
6115.000000
9018730.000000
6034559.000000
676073.000000
4042384.000000
1544455.000000
80039.000000
57069.000000
26537.000000
3882923.000000
53796.000000
242067.000000
7242155.000000
7900836.000000
9498235.000000
30382.000000
42670.000000
273568.000000
6774664.000000
10153116.000000
1374183.000000
114408.000000
6898779.000000
6669279.000000
1874804.000000
612675.000000
6134607.000000
9573102.000000
8131235.000000
118010.000000
4873438.000000
8536592.000000
3589808.000000
524871.000000
7629313.000000
6903732.000000
10716.000000
9876037.000000
7377538.000000
21937.000000
19139.000000
32345.000000
8178072.000000
428583.000000
9581677.000000
832369.000000
5307172.000000
27979.000000
2511161.000000
6114676.000000
4800094.000000
582294.000000
750617.000000
10512888.000000
20757.000000
1956554.000000
2198348.000000
1121449.000000
16267.000000
7317152.000000
815657.000000
29122.000000
255159.000000
10519844.000000
10224.000000
7237674.000000
872076.000000
1529901.000000
8068184.000000
6566161.000000
90284.000000
8083.000000
49594.000000
329778.000000
5712809.000000
826446.000000
1275178.000000
1437468.000000
6554824.000000
41724.000000
9302043.000000
625913.000000
9822535.000000
5117853.000000
2438014.000000
11013876.000000
150617.000000
52260.000000
1918086.000000
836541.000000
209938.000000
9994431.000000
9085651.000000
84737.000000
6797429.000000
1416351.000000
20181.000000
433042.000000
761637.000000
10384822.000000
9753072.000000
1398298.000000
6908206.000000
6188.000000
2176911.000000
5242573.000000
7205964.000000
9648692.000000
797664.000000
7645.000000
9862300.000000
1229638.000000
4158452.000000
48207.000000
594058.000000
6230980.000000
9631394.000000
8955353.000000
11267.000000
16610.000000
1790323.000000
3082889.000000
9677.000000
1897447.000000
818901.000000
2642481.000000
6904.000000
139609.000000
5144121.000000
13458.000000
224897.000000
2985890.000000
9534218.000000
6988269.000000
4834647.000000
23264.000000
1603126.000000
165750.000000
2983677.000000
610795.000000
8501.000000
11406.000000
507962.000000
10040866.000000
1142274.000000
5977979.000000
237736.000000
5297.000000
8523166.000000
8057.000000
1321801.000000
1488683.000000
5604923.000000
1316565.000000
966122.000000
770896.000000
737757.000000
4117759.000000
2625385.000000
5316868.000000
6077084.000000
6481772.000000
120466.000000
11769.000000
279997.000000
7845.000000
38589.000000
4131318.000000
1109202.000000
8031744.000000
17521.000000
10225807.000000
22765.000000
9263321.000000
892621.000000
2967635.000000
1339685.000000
8362966.000000
5994.000000
5691101.000000
308215.000000
3402088.000000
6213874.000000
893295.000000
282337.000000
2120459.000000
7898.000000
22980.000000
8202.000000
609835.000000
4467157.000000
8111.000000
609795.000000
2230755.000000
3475342.000000
7137.000000
6921428.000000
