0.000000
0.000000
0.000000
0.000000
0.000000
0.000000
0.000000
0.000000
0.000000
0.000000
0.000000
0.000000
0.000000
0.000000
0.000000
0.000000
0.000000
0.000000
0.000000
0.000000
0.000000
0.000000
0.000000
0.000000
0.000000
0.000000
0.000000
0.000000
0.000000
0.000000
0.000000
0.000000
0.000000
0.000000
0.000000
0.000000
0.000000
0.000000
0.000000
0.000000
0.000000
0.000000
0.000000
0.000000
0.000000
0.000000
8991780.000000
5357.000000
5306040.000000
4103497.000000
677169.000000
3086036.000000
1487744.000000
85305.000000
36009.000000
21469.000000
3107401.000000
55615.000000
228671.000000
4871303.000000
4333597.000000
5294393.000000
34776.000000
32861.000000
244379.000000
4772900.000000
4494661.000000
1239662.000000
135359.000000
4432140.000000
4536614.000000
1828976.000000
588508.000000
3734400.000000
4798741.000000
5500469.000000
99793.000000
3471455.000000
5784148.000000
2729748.000000
507973.000000
4881941.000000
4407824.000000
9441.000000
4814631.000000
4420375.000000
22062.000000
19712.000000
38071.000000
5421460.000000
345998.000000
5605677.000000
843867.000000
4045596.000000
27463.000000
2401330.000000
4437683.000000
3673292.000000
576523.000000
663272.000000
5427232.000000
18787.000000
2109845.000000
1217272.000000
1106351.000000
12376.000000
4473953.000000
827826.000000
21787.000000
328852.000000
4718451.000000
9070.000000
4978560.000000
776343.000000
1457235.000000
4360023.000000
4632162.000000
69333.000000
6855.000000
44317.000000
407556.000000
3961579.000000
746298.000000
1123826.000000
1221502.000000
4661144.000000
51880.000000
5203501.000000
605968.000000
4408308.000000
3032107.000000
2296996.000000
5486457.000000
107413.000000
57343.000000
1946803.000000
821713.000000
216119.000000
5159491.000000
5350918.000000
79744.000000
3861584.000000
1375052.000000
21705.000000
414707.000000
892865.000000
5011833.000000
4724455.000000
1111650.000000
5122183.000000
6130.000000
1618731.000000
4054969.000000
4587689.000000
5972429.000000
802982.000000
6697.000000
4950618.000000
1218217.000000
3244823.000000
42023.000000
507336.000000
4561144.000000
4374923.000000
5872186.000000
9905.000000
13266.000000
1547312.000000
2803704.000000
7959.000000
1452503.000000
807384.000000
2237164.000000
7176.000000
129362.000000
3641291.000000
12111.000000
288095.000000
2579510.000000
5062250.000000
4717587.000000
3663787.000000
24814.000000
1575095.000000
144173.000000
2440589.000000
509059.000000
8042.000000
11354.000000
550443.000000
4945728.000000
985760.000000
4603645.000000
212258.000000
4394.000000
5020071.000000
7307.000000
1101334.000000
1352203.000000
4135600.000000
1121769.000000
907596.000000
819474.000000
568115.000000
2573585.000000
2415965.000000
3979852.000000
4030811.000000
4580586.000000
118483.000000
7614.000000
264844.000000
8623.000000
43019.000000
3374553.000000
1125216.000000
4013804.000000
19308.000000
4716496.000000
21894.000000
4866635.000000
752532.000000
2283753.000000
1226969.000000
4590214.000000
7863.000000
3754109.000000
320337.000000
2664268.000000
4229166.000000
909454.000000
306398.000000
2033373.000000
6128.000000
20678.000000
6550.000000
523187.000000
3628409.000000
6773.000000
599008.000000
1842454.000000
6592209.000000
6709.000000
4402293.000000
