0.000000
0.000000
0.000000
0.000000
0.000000
0.000000
0.000000
0.000000
0.000000
0.000000
0.000000
0.000000
0.000000
0.000000
0.000000
0.000000
0.000000
0.000000
0.000000
0.000000
0.000000
0.000000
0.000000
0.000000
0.000000
0.000000
0.000000
0.000000
0.000000
0.000000
0.000000
0.000000
0.000000
0.000000
0.000000
0.000000
0.000000
0.000000
0.000000
0.000000
0.000000
0.000000
0.000000
0.000000
0.000000
0.000000
0.000000
0.000000
0.000000
0.000000
0.000000
0.000000
0.000000
0.000000
0.000000
0.000000
0.000000
0.000000
0.000000
0.000000
0.000000
0.000000
0.000000
0.000000
0.000000
0.000000
0.000000
0.000000
0.000000
13800375.000000
5964583.000000
1947551.000000
683664.000000
5023841.000000
7581717.000000
6354439.000000
115011.000000
4408314.000000
6768493.000000
3395888.000000
420577.000000
5987031.000000
5986230.000000
8553.000000
8106223.000000
6087759.000000
20819.000000
20494.000000
43493.000000
7158131.000000
463366.000000
7379609.000000
747426.000000
4783958.000000
30980.000000
2196839.000000
5193064.000000
4696721.000000
553199.000000
692339.000000
8672030.000000
16545.000000
1881253.000000
1625423.000000
1022053.000000
12836.000000
6226482.000000
728443.000000
23451.000000
271189.000000
7862156.000000
11205.000000
5727838.000000
818028.000000
1473072.000000
6683844.000000
5522270.000000
53588.000000
8162.000000
46197.000000
379418.000000
5037639.000000
818011.000000
1127752.000000
1322768.000000
5553976.000000
58937.000000
7485390.000000
618523.000000
7582505.000000
4368270.000000
2224810.000000
7518393.000000
134418.000000
49036.000000
1904045.000000
863096.000000
216504.000000
7592849.000000
6849961.000000
83277.000000
5685531.000000
1456028.000000
20033.000000
366181.000000
817435.000000
8250703.000000
7416129.000000
1281400.000000
5518722.000000
7122.000000
2059898.000000
4876762.000000
5811106.000000
7769760.000000
854006.000000
7353.000000
8094403.000000
1271747.000000
3437418.000000
34832.000000
482589.000000
5523441.000000
6547863.000000
7335914.000000
9527.000000
14932.000000
1825772.000000
2950140.000000
8719.000000
2054389.000000
857872.000000
2569300.000000
6403.000000
136154.000000
4556585.000000
12251.000000
246737.000000
2807296.000000
7897016.000000
6444810.000000
4280999.000000
28322.000000
1681642.000000
161817.000000
2760117.000000
538319.000000
7420.000000
14630.000000
483228.000000
7733709.000000
1221850.000000
5422378.000000
209228.000000
6069.000000
7082257.000000
6869.000000
1384376.000000
1244936.000000
5052776.000000
1376238.000000
1016975.000000
772590.000000
752686.000000
3437104.000000
2612466.000000
4622576.000000
5277916.000000
5815572.000000
104102.000000
8480.000000
307741.000000
9190.000000
27877.000000
3737162.000000
1199764.000000
6498220.000000
16099.000000
7899294.000000
24795.000000
7852650.000000
830934.000000
2783860.000000
1367583.000000
6625051.000000
6569.000000
4620625.000000
316040.000000
3060232.000000
5040416.000000
946347.000000
248355.000000
2125072.000000
6137.000000
18261.000000
6798.000000
631786.000000
4068722.000000
8825.000000
670480.000000
2104500.000000
3303960.000000
6260.000000
5842099.000000
