0.000000
0.000000
0.000000
0.000000
0.000000
0.000000
0.000000
0.000000
0.000000
0.000000
0.000000
0.000000
0.000000
0.000000
0.000000
0.000000
0.000000
0.000000
0.000000
0.000000
0.000000
0.000000
0.000000
0.000000
0.000000
0.000000
0.000000
0.000000
0.000000
0.000000
0.000000
0.000000
0.000000
0.000000
0.000000
0.000000
0.000000
0.000000
0.000000
0.000000
0.000000
0.000000
0.000000
0.000000
0.000000
0.000000
0.000000
0.000000
0.000000
0.000000
0.000000
0.000000
0.000000
0.000000
0.000000
0.000000
0.000000
0.000000
0.000000
0.000000
0.000000
0.000000
0.000000
0.000000
0.000000
0.000000
0.000000
0.000000
0.000000
0.000000
0.000000
0.000000
0.000000
0.000000
0.000000
0.000000
0.000000
0.000000
0.000000
0.000000
0.000000
0.000000
0.000000
0.000000
0.000000
14634950.000000
25661.000000
16525.000000
44566.000000
7265084.000000
427221.000000
8222675.000000
707600.000000
4884140.000000
26970.000000
2357465.000000
5242877.000000
4442266.000000
510215.000000
740696.000000
9002879.000000
19397.000000
1905778.000000
2072759.000000
1133159.000000
15031.000000
6201831.000000
790138.000000
22504.000000
302497.000000
9079604.000000
10143.000000
5906268.000000
716429.000000
1419034.000000
6593824.000000
5422833.000000
64055.000000
8122.000000
50142.000000
294494.000000
4975482.000000
717040.000000
1209366.000000
1288032.000000
5614927.000000
45602.000000
7579963.000000
647474.000000
8191674.000000
4906193.000000
2191748.000000
8337319.000000
149417.000000
56713.000000
1831673.000000
828560.000000
169715.000000
8008759.000000
7396620.000000
65524.000000
5838182.000000
1328135.000000
22971.000000
382441.000000
837026.000000
8636929.000000
8556390.000000
1235765.000000
5657466.000000
4983.000000
2066970.000000
4585062.000000
6301722.000000
8211602.000000
719018.000000
5994.000000
7838602.000000
1084598.000000
3690973.000000
32348.000000
498087.000000
5544398.000000
7713879.000000
7767709.000000
8416.000000
14047.000000
1733983.000000
2692586.000000
9128.000000
1867924.000000
696443.000000
2427790.000000
7586.000000
126422.000000
4531098.000000
12272.000000
210269.000000
2655870.000000
7836213.000000
6587832.000000
4468565.000000
29064.000000
1780922.000000
150494.000000
2668479.000000
613322.000000
7330.000000
12200.000000
510720.000000
8706544.000000
1356917.000000
5548136.000000
216300.000000
5075.000000
7083573.000000
10329.000000
1150335.000000
1317883.000000
4930693.000000
1084848.000000
913977.000000
786146.000000
660797.000000
3402222.000000
2624081.000000
4646261.000000
5320047.000000
5553795.000000
107839.000000
9008.000000
323738.000000
8834.000000
39011.000000
3608633.000000
1111387.000000
7336337.000000
19046.000000
8482384.000000
19075.000000
7991114.000000
750935.000000
2743260.000000
1436396.000000
6967711.000000
10289.000000
4662146.000000
330932.000000
2774601.000000
4995013.000000
921269.000000
195421.000000
1966209.000000
6328.000000
21738.000000
8037.000000
469295.000000
3777765.000000
8083.000000
591351.000000
2123597.000000
3219179.000000
9186.000000
6447901.000000
