0.000000
0.000000
0.000000
0.000000
0.000000
0.000000
0.000000
0.000000
0.000000
0.000000
0.000000
0.000000
0.000000
0.000000
0.000000
0.000000
0.000000
0.000000
0.000000
0.000000
0.000000
0.000000
0.000000
0.000000
0.000000
0.000000
0.000000
0.000000
0.000000
0.000000
0.000000
0.000000
0.000000
0.000000
0.000000
0.000000
0.000000
0.000000
0.000000
0.000000
0.000000
0.000000
0.000000
0.000000
0.000000
0.000000
0.000000
0.000000
0.000000
0.000000
0.000000
0.000000
0.000000
0.000000
0.000000
0.000000
0.000000
0.000000
0.000000
0.000000
0.000000
0.000000
0.000000
0.000000
0.000000
0.000000
0.000000
0.000000
0.000000
0.000000
0.000000
0.000000
0.000000
0.000000
0.000000
0.000000
0.000000
0.000000
0.000000
0.000000
0.000000
0.000000
0.000000
0.000000
0.000000
0.000000
0.000000
0.000000
0.000000
0.000000
0.000000
0.000000
1209300.000000
909463.000000
33601.000000
710767.000000
772581.000000
696925.000000
491463.000000
466783.000000
729460.000000
22819.000000
738806.000000
584448.000000
619979.000000
18199.000000
736162.000000
538342.000000
23237.000000
282172.000000
783977.000000
7630.000000
719843.000000
525323.000000
651106.000000
846301.000000
774555.000000
58700.000000
7085.000000
51441.000000
322331.000000
621825.000000
527242.000000
637244.000000
643020.000000
764192.000000
47476.000000
759744.000000
470935.000000
710330.000000
596759.000000
709336.000000
726250.000000
177222.000000
53998.000000
667766.000000
522705.000000
201819.000000
817810.000000
773970.000000
77919.000000
707695.000000
677688.000000
18488.000000
326598.000000
513094.000000
729319.000000
745026.000000
615945.000000
674528.000000
5237.000000
616885.000000
697365.000000
732098.000000
886102.000000
511925.000000
7565.000000
731178.000000
664312.000000
695734.000000
31462.000000
369849.000000
762128.000000
773175.000000
808964.000000
9732.000000
16261.000000
571003.000000
679991.000000
7440.000000
696533.000000
540124.000000
784968.000000
7313.000000
151469.000000
658062.000000
9557.000000
194337.000000
809883.000000
759206.000000
759193.000000
714647.000000
23085.000000
687915.000000
151723.000000
768352.000000
402826.000000
8079.000000
10191.000000
414927.000000
744616.000000
524148.000000
852459.000000
191748.000000
4992.000000
710175.000000
10173.000000
550010.000000
670097.000000
775510.000000
711498.000000
614023.000000
548029.000000
458111.000000
622665.000000
624934.000000
672737.000000
775302.000000
830820.000000
101563.000000
9253.000000
282347.000000
8508.000000
30018.000000
893199.000000
526246.000000
722441.000000
16645.000000
660941.000000
20472.000000
756324.000000
551424.000000
604382.000000
697978.000000
717800.000000
9100.000000
673248.000000
327750.000000
947943.000000
783232.000000
474934.000000
280924.000000
751001.000000
7119.000000
17920.000000
7987.000000
416889.000000
708875.000000
8264.000000
478482.000000
586091.000000
730812.000000
6416.000000
647789.000000
