0.000000
0.000000
0.000000
0.000000
0.000000
0.000000
0.000000
0.000000
0.000000
0.000000
0.000000
0.000000
0.000000
0.000000
0.000000
0.000000
0.000000
0.000000
0.000000
0.000000
0.000000
0.000000
0.000000
0.000000
0.000000
0.000000
0.000000
0.000000
0.000000
0.000000
0.000000
0.000000
0.000000
0.000000
0.000000
0.000000
0.000000
0.000000
0.000000
0.000000
0.000000
0.000000
0.000000
0.000000
0.000000
0.000000
0.000000
0.000000
0.000000
0.000000
0.000000
0.000000
0.000000
0.000000
0.000000
0.000000
0.000000
0.000000
0.000000
0.000000
0.000000
0.000000
0.000000
0.000000
0.000000
0.000000
0.000000
0.000000
0.000000
0.000000
0.000000
0.000000
0.000000
0.000000
0.000000
0.000000
0.000000
0.000000
0.000000
0.000000
0.000000
0.000000
0.000000
0.000000
0.000000
0.000000
0.000000
0.000000
0.000000
0.000000
0.000000
0.000000
0.000000
0.000000
43890.000000
29552.000000
27763.000000
25127.000000
35321.000000
24934.000000
26713.000000
12202.000000
30886.000000
27288.000000
34227.000000
14210.000000
33177.000000
34340.000000
13647.000000
24789.000000
31204.000000
8721.000000
36716.000000
25511.000000
29084.000000
29692.000000
31897.000000
20306.000000
5520.000000
20743.000000
23774.000000
30607.000000
34946.000000
29245.000000
23431.000000
36143.000000
24975.000000
27431.000000
28625.000000
29541.000000
28146.000000
31959.000000
31930.000000
20999.000000
19222.000000
33935.000000
28907.000000
26804.000000
26791.000000
30589.000000
23218.000000
30405.000000
25511.000000
14560.000000
29162.000000
30982.000000
30215.000000
25778.000000
30455.000000
27510.000000
3427.000000
33115.000000
32001.000000
30802.000000
39721.000000
23361.000000
6054.000000
32978.000000
31727.000000
27071.000000
19273.000000
22311.000000
28898.000000
29442.000000
28378.000000
7877.000000
12434.000000
24982.000000
31192.000000
7586.000000
29329.000000
32857.000000
32120.000000
4924.000000
29842.000000
29629.000000
7052.000000
24789.000000
32520.000000
28738.000000
33323.000000
35219.000000
16947.000000
25588.000000
23958.000000
27855.000000
30859.000000
6048.000000
9063.000000
34941.000000
28788.000000
27628.000000
32235.000000
27764.000000
4907.000000
27656.000000
7199.000000
28092.000000
34227.000000
36451.000000
25534.000000
25387.000000
31780.000000
26656.000000
27891.000000
32786.000000
30449.000000
24373.000000
25413.000000
19262.000000
7649.000000
24615.000000
8785.000000
23532.000000
37792.000000
31231.000000
28830.000000
13425.000000
36123.000000
15983.000000
28862.000000
27205.000000
27909.000000
28483.000000
33119.000000
6707.000000
33176.000000
29218.000000
22533.000000
29601.000000
22341.000000
26248.000000
33917.000000
4539.000000
10793.000000
4553.000000
23285.000000
29383.000000
5705.000000
25248.000000
26751.000000
31177.000000
6641.000000
30445.000000
