0.000000
0.000000
0.000000
0.000000
0.000000
0.000000
0.000000
0.000000
0.000000
0.000000
0.000000
0.000000
0.000000
0.000000
0.000000
0.000000
0.000000
0.000000
0.000000
0.000000
0.000000
0.000000
0.000000
0.000000
0.000000
0.000000
0.000000
0.000000
0.000000
0.000000
0.000000
0.000000
0.000000
0.000000
0.000000
0.000000
0.000000
2300613.000000
13721.000000
92427.000000
12670.000000
141787.000000
65877.000000
113481.000000
242156.000000
326563.000000
490074.000000
68362.000000
140973.000000
187642.000000
28752.000000
94273.000000
26004.000000
84156.000000
8113.000000
26825.000000
7409.000000
12771.000000
4867.000000
17427.000000
137222.000000
76524.000000
236238.000000
446301.000000
93396.000000
10483.000000
349445.000000
413019.000000
188335.000000
147399.000000
200902.000000
299003.000000
488373.000000
24220.000000
216982.000000
353976.000000
60253.000000
8048.000000
271614.000000
127406.000000
54962.000000
20398.000000
78478.000000
227723.000000
366612.000000
516717.000000
388307.000000
391170.000000
261137.000000
8656.000000
36932.000000
128687.000000
119070.000000
56188.000000
8942.000000
120443.000000
93198.000000
148408.000000
219822.000000
376023.000000
59125.000000
67874.000000
153138.000000
211719.000000
241297.000000
181528.000000
29798.000000
205141.000000
169811.000000
83554.000000
44539.000000
140804.000000
339211.000000
356409.000000
345135.000000
76184.000000
114659.000000
15838.000000
141247.000000
6272.000000
106074.000000
144719.000000
190338.000000
26680.000000
57956.000000
416042.000000
53906.000000
38665.000000
406146.000000
103711.000000
290816.000000
23545.000000
356810.000000
9664.000000
33136.000000
375957.000000
440838.000000
46265.000000
431629.000000
97366.000000
19262.000000
401308.000000
173352.000000
6793.000000
82205.000000
376309.000000
16636.000000
6739.000000
24568.000000
91578.000000
461164.000000
99040.000000
42516.000000
36842.000000
482172.000000
3354.000000
196951.000000
13103.000000
24627.000000
163919.000000
239440.000000
48693.000000
133320.000000
465302.000000
32273.000000
7502.000000
101841.000000
161172.000000
50297.000000
94490.000000
350076.000000
106704.000000
