0.000000
0.000000
0.000000
3900414.000000
386077.000000
81150.000000
275444.000000
209960.000000
17278.000000
274570.000000
133202.000000
10050.000000
26628.000000
91587.000000
158762.000000
38840.000000
12664.000000
282011.000000
9429.000000
29307.000000
8789.000000
43068.000000
8470.000000
72343.000000
39237.000000
126575.000000
12241.000000
172712.000000
35262.000000
44126.000000
355259.000000
102835.000000
551866.000000
23964.000000
61837.000000
310200.000000
164210.000000
470954.000000
8506.000000
78589.000000
10506.000000
129127.000000
81369.000000
104422.000000
301950.000000
317926.000000
712884.000000
58284.000000
157061.000000
174766.000000
34313.000000
102880.000000
29753.000000
81456.000000
8353.000000
25106.000000
7634.000000
12763.000000
6826.000000
23689.000000
97003.000000
92114.000000
162835.000000
451122.000000
74731.000000
11101.000000
348862.000000
514510.000000
229669.000000
151777.000000
198697.000000
238488.000000
842559.000000
15998.000000
179136.000000
304765.000000
46560.000000
10284.000000
317209.000000
130710.000000
60715.000000
26533.000000
66766.000000
240791.000000
421197.000000
562584.000000
513001.000000
441419.000000
274203.000000
7876.000000
33663.000000
129773.000000
78778.000000
50934.000000
10207.000000
117076.000000
101461.000000
136148.000000
123858.000000
369557.000000
62578.000000
60316.000000
165141.000000
220049.000000
239837.000000
139561.000000
31693.000000
207555.000000
155788.000000
91085.000000
46636.000000
170650.000000
369023.000000
379018.000000
359656.000000
93152.000000
108497.000000
12774.000000
154687.000000
7073.000000
109898.000000
151740.000000
203628.000000
27102.000000
40663.000000
414892.000000
54305.000000
27129.000000
579814.000000
111502.000000
221505.000000
31242.000000
355786.000000
10703.000000
36904.000000
554506.000000
645414.000000
66405.000000
522821.000000
93793.000000
17873.000000
492970.000000
115858.000000
6273.000000
75659.000000
548840.000000
15368.000000
4605.000000
28638.000000
61429.000000
462477.000000
106075.000000
36289.000000
33567.000000
698004.000000
5124.000000
178641.000000
10631.000000
18662.000000
166800.000000
234429.000000
55746.000000
153174.000000
733332.000000
27409.000000
10786.000000
89713.000000
81419.000000
52545.000000
95233.000000
381594.000000
117126.000000
