0.000000
0.000000
0.000000
0.000000
0.000000
0.000000
0.000000
0.000000
0.000000
0.000000
0.000000
0.000000
0.000000
0.000000
0.000000
0.000000
0.000000
0.000000
0.000000
0.000000
0.000000
0.000000
0.000000
0.000000
0.000000
0.000000
0.000000
0.000000
0.000000
0.000000
0.000000
0.000000
0.000000
0.000000
0.000000
0.000000
0.000000
0.000000
0.000000
0.000000
0.000000
0.000000
0.000000
0.000000
0.000000
0.000000
0.000000
0.000000
0.000000
0.000000
0.000000
0.000000
0.000000
0.000000
0.000000
0.000000
0.000000
0.000000
0.000000
0.000000
0.000000
0.000000
0.000000
0.000000
0.000000
0.000000
1728674.000000
329779.000000
207131.000000
203673.000000
189801.000000
219105.000000
400440.000000
18555.000000
271802.000000
276152.000000
50702.000000
9121.000000
235474.000000
138988.000000
53282.000000
21661.000000
67097.000000
174174.000000
361055.000000
335354.000000
260313.000000
462785.000000
191788.000000
9504.000000
38006.000000
111395.000000
86889.000000
56102.000000
10468.000000
98218.000000
105714.000000
112670.000000
110860.000000
182821.000000
46723.000000
63265.000000
140589.000000
166888.000000
174449.000000
131669.000000
32491.000000
187297.000000
138806.000000
74556.000000
51515.000000
153208.000000
261427.000000
265277.000000
268868.000000
74847.000000
115801.000000
9915.000000
136108.000000
4646.000000
102722.000000
119180.000000
154315.000000
22897.000000
48057.000000
285966.000000
57478.000000
28308.000000
302866.000000
152535.000000
259837.000000
26822.000000
276353.000000
11541.000000
35076.000000
267759.000000
309321.000000
52910.000000
348622.000000
94377.000000
16620.000000
327861.000000
112077.000000
5173.000000
63381.000000
309247.000000
13100.000000
6171.000000
22054.000000
68688.000000
623404.000000
78516.000000
43819.000000
24652.000000
351984.000000
3689.000000
180573.000000
15233.000000
25784.000000
135440.000000
148683.000000
47963.000000
136630.000000
332775.000000
29265.000000
9558.000000
99944.000000
119100.000000
47672.000000
75426.000000
377096.000000
113327.000000
